1.000000000000000000e+00 0.000000000000000000e+00 0.000000000000000000e+00 0.000000000000000000e+00 0.000000000000000000e+00 1.000000000000000000e+00 0.000000000000000000e+00 0.000000000000000000e+00 0.000000000000000000e+00 0.000000000000000000e+00 1.000000000000000000e+00 0.000000000000000000e+00
9.999985221735259167e-01 -1.689810088672116448e-03 -3.165321919235855423e-04 1.258135428407365294e-02 1.689996673567810935e-03 9.999983978283806252e-01 5.901287275079655304e-04 -4.782752189127240094e-02 3.155344793073328827e-04 -5.906627937515368737e-04 9.999997757777030483e-01 -1.456562226321370980e-02
9.999941117375678035e-01 -3.419442133484831229e-03 -2.896647866365199440e-04 1.314752260276805078e-02 3.419551408266026295e-03 9.999940820279017428e-01 3.775941477391442998e-04 -9.631609193858098328e-02 2.883719110702582383e-04 -3.785824479947775341e-04 9.999998867584790618e-01 -2.258536539494036821e-02
9.999938648136077468e-01 -3.486708295503562847e-03 -3.364526801265756064e-04 1.357590043308339912e-02 3.486883146657895113e-03 9.999937853380020947e-01 5.205106102169069137e-04 -1.064860516972249427e-01 3.346357205243493966e-04 -5.216805879672752966e-04 9.999998079341309021e-01 -1.882473623685146369e-02
9.999982479305520311e-01 -1.856925905407073255e-03 2.365629049348996955e-04 -2.248226403827773001e-02 1.856937444201559127e-03 9.999982747108207004e-01 -4.856655483572171433e-05 -6.396938811543045889e-02 -2.364723123016687872e-04 4.900575225982750529e-05 9.999999708396404285e-01 -8.662295770132770467e-05
9.999997334282449968e-01 -5.368741271005373532e-04 4.948834312821118013e-04 -5.970665953905956308e-02 5.369399395004388750e-04 9.999998470215312185e-01 -1.328623932531932230e-04 -1.717733505660420934e-02 -4.948120251941998810e-04 1.331280805154842436e-04 9.999998687189782798e-01 1.147692366208225359e-02
9.999981470970447095e-01 1.644198731553553122e-03 1.001205777270141499e-03 -9.464124792548433973e-02 -1.644260846208624042e-03 9.999986463282812821e-01 6.121988706417734612e-05 2.407736812520471295e-02 -1.001103764305539363e-03 -6.286601708823085898e-05 9.999994969194319072e-01 1.993935869932599719e-02
9.999991644648452693e-01 6.985459799895922571e-04 1.087705440402126451e-03 -5.408648625730436144e-02 -6.996270464017544837e-04 9.999992614085005949e-01 9.938332099293924020e-04 1.750677114026877312e-04 -1.087010398838558116e-03 -9.945933676914313348e-04 9.999989145956238445e-01 2.287381400638851051e-02
9.999988992374710950e-01 -1.377190823409492424e-03 5.521496917805455420e-04 -4.751068921772624853e-02 1.376558416951890931e-03 9.999983980575390952e-01 1.144101953641879239e-03 -8.638345790706018421e-03 -5.537244539801099196e-04 -1.143340627951681607e-03 9.999991930803932005e-01 1.670848760025007290e-02
9.999971307781019281e-01 -2.334135437099229410e-03 5.387460673302374090e-04 -7.555362811181359772e-02 2.333764668652329143e-03 9.999970402241717959e-01 6.878120146332516354e-04 -9.087193256520917709e-03 -5.403499191600678007e-04 -6.865527346106467229e-04 9.999996183335808642e-01 1.597751423794629977e-02
9.999993610424638968e-01 -6.845164356398346752e-04 8.996398797334927968e-04 -7.540986793550175094e-02 6.840478978506254635e-04 9.999996303132056008e-01 5.210104850184325625e-04 -5.795233045723999568e-03 -8.999961873886454201e-04 -5.203947553463025193e-04 9.999994595979346812e-01 2.654397078434514445e-02
9.999998416009444613e-01 2.028186037157227672e-04 5.250359034162582284e-04 -3.730690221668128692e-02 -2.029962010586860229e-04 9.999999221977420305e-01 3.382263329928219663e-04 8.042148000001388478e-03 -5.249672639746819471e-04 -3.383328597119032288e-04 9.999998049701048775e-01 1.162162799033037916e-02
9.999999813020293837e-01 -1.874589409790832471e-04 4.748774936125019745e-05 -1.057070808278935507e-02 1.874380134635387455e-04 9.999998854949608829e-01 4.403147241724171546e-04 7.786974541292108684e-03 -4.757028485555445492e-05 -4.403058149300212443e-04 9.999999019339238515e-01 -3.885580996052097596e-03
9.999997061472071236e-01 -7.625093386304453809e-04 7.927804228638482488e-05 -9.768771790441183739e-03 7.624824013754356910e-04 9.999996517619479386e-01 3.392588546633841149e-04 4.290969318688160443e-03 -7.953670272364769659e-05 -3.391983068591633240e-04 9.999999393092089406e-01 -5.923904686644269890e-03
9.999995849433277462e-01 -9.110151196901667857e-04 -1.283058522537630339e-05 -9.199470648919339660e-03 9.110182738472234190e-04 9.999995542685140570e-01 2.480090277008253474e-04 -8.422008363679135343e-03 1.260463953232537694e-05 -2.480206136606281182e-04 9.999999691634486876e-01 -4.495942675592598525e-03
9.999999664985899095e-01 -1.211003132614314325e-04 2.287739784309700470e-04 -1.304830462394918067e-02 1.211079447651469655e-04 9.999999921104979483e-01 -3.334470949053224052e-05 -1.742325253536388882e-02 -2.287699385712923595e-04 3.337241471978096919e-05 9.999999732752982151e-01 4.354408437945369789e-03
9.999999374169197264e-01 -3.471346530561852744e-04 6.829120940137391323e-05 1.462133512483164768e-02 3.471415676763818970e-04 9.999999346189425431e-01 -1.012661966202368046e-04 -3.377921413163308129e-02 -6.825605193039233738e-05 1.012898970001764056e-04 9.999999925407340173e-01 7.791070285901209591e-04
9.999996998577238561e-01 -7.207222781427333755e-04 -2.843305468953981731e-04 3.837206867937460048e-02 7.207530041952603253e-04 9.999997344280140421e-01 1.079768883850700006e-04 -3.650175587217281692e-02 2.842526500361864739e-04 -1.081817880725002829e-04 9.999999537485647627e-01 -1.143282445742670878e-02
9.999997652078760346e-01 -5.304374991141700552e-04 -4.338435804948902207e-04 3.072965382697499109e-02 5.303031821021157027e-04 9.999998114463735099e-01 -3.096542468080510746e-04 -5.942827508819828464e-02 4.340077509163766940e-04 3.094241054724017922e-04 9.999998579469874249e-01 -2.953956779240218822e-02
9.999893211920044545e-01 4.616034495705930926e-03 -2.229966112289655440e-04 1.429737492489379508e-02 -4.616159581981821997e-03 9.999891865902695853e-01 -5.637137967147843980e-04 -7.217033254556767807e-02 2.203920775438990092e-04 5.647371648670588586e-04 9.999998162496165355e-01 -2.230480562034928629e-02
9.999817917852694693e-01 6.033004531787448943e-03 -1.376744038444621134e-04 -9.388571007327180598e-03 -6.033068446973415683e-03 9.999816910564599537e-01 -4.686544321079897323e-04 -6.592977063162926143e-02 1.348444888588254485e-04 4.694764978492454196e-04 9.999998807043837257e-01 -1.536511855860663543e-02
9.999849460228831255e-01 5.487040664094642445e-03 1.060009751209151411e-05 -1.358931001953581075e-02 -5.487038879452801887e-03 9.999849330263957947e-01 -1.616308452238451063e-04 -7.825198728506274626e-02 -1.148681282101732235e-05 1.615702488896249062e-04 9.999999868815537818e-01 -7.635743267197069549e-03
9.999905754751555742e-01 4.335441379806715366e-03 -2.300193674809461258e-04 2.570384665809688149e-02 -4.335414639058897922e-03 9.999905952449333890e-01 1.166258598393462507e-04 -8.838726289058004837e-02 2.305228287838374161e-04 -1.156275313629887344e-04 9.999999667447491136e-01 -1.294441857553342914e-02
9.999876830902282299e-01 4.948094399052992143e-03 -3.873366176894426239e-04 3.769537218891412522e-02 -4.948114956478840559e-03 9.999877566452877176e-01 -5.213350440891188661e-05 -7.396585706927423509e-02 3.870739138886705082e-04 5.404944839642304998e-05 9.999999236262182567e-01 -2.058253138845774627e-02
9.999814845175998279e-01 6.065143576888604865e-03 -4.946264943469350951e-04 6.902031632617471046e-02 -6.065314717028600158e-03 9.999815462145439371e-01 -3.452357938362967706e-04 -6.885819057055682368e-02 4.925234619582291844e-04 3.482294669846267791e-04 9.999998180784223090e-01 -2.570613458470350637e-02
9.999315867239433331e-01 1.168895767529403058e-02 -4.360506877290692778e-04 1.051653115230929275e-01 -1.168904189038752310e-02 9.999316625580284557e-01 -1.910853783617943058e-04 -7.347830730202795091e-02 4.337873002404613845e-04 1.961693203402514209e-04 9.999998866730814839e-01 -3.313616235217275996e-02
9.999093251307293873e-01 1.345512927515156269e-02 -5.486463326272614195e-04 8.319875056672962343e-02 -1.345510204778890655e-02 9.999094745972393339e-01 5.328748830353166285e-05 -3.108007929635533267e-02 5.493136562408992450e-04 -4.590056407385104131e-05 9.999998480738111484e-01 -5.158274140449666673e-02
9.999334197076513719e-01 1.151775983430380554e-02 -7.052376630125589685e-04 7.585582205600487071e-02 -1.151788054787597493e-02 9.999336530106088805e-01 -1.673455826017568814e-04 -1.984202051092228553e-02 7.032634263870742811e-04 1.754572838443858862e-04 9.999997373176128246e-01 -6.190782151259031918e-02
9.999566306068955468e-01 9.272715273193026311e-03 -8.681340720456746625e-04 9.596732050594652952e-02 -9.272772630107764882e-03 9.999570049934071170e-01 -6.206742646579517368e-05 -1.539313917466422765e-02 8.675212130421664858e-04 7.011474450170692026e-05 9.999996212453620137e-01 -6.255915800997446929e-02
9.999978166874491370e-01 -1.924523328276648302e-03 -8.141439023247785088e-04 1.335906257727261237e-01 1.925189673456122142e-03 9.999978118727619325e-01 8.184707748948630811e-04 -9.949712939426022529e-03 8.125669547745322484e-04 -8.200363693508106854e-04 9.999993336374264352e-01 -4.751649771870343486e-02
9.997131052838892362e-01 -2.394284438523389819e-02 -6.688246317011268920e-04 1.744869520331760182e-01 2.394341661512171954e-02 9.997129444645530549e-01 8.610869922161248566e-04 3.873130243770799008e-02 6.480157700315741440e-04 -8.768538977072216304e-04 9.999994056012252441e-01 -2.656173474902773224e-02
9.986110314666492016e-01 -5.267954704681479527e-02 -9.344281981310394126e-04 1.983804070703146516e-01 5.268112376808499475e-02 9.986098491563454305e-01 1.751675333124724267e-03 6.569102671491930390e-02 8.408517388609841039e-04 -1.798469038764497277e-03 9.999980292367929291e-01 -3.282659116649568748e-02
9.979661893829151476e-01 -6.372730819223999810e-02 -1.521525259302475676e-03 2.209297914114186356e-01 6.373210584003420609e-02 9.979614337632402021e-01 3.345953737357717454e-03 2.709042185824930837e-02 1.305194904262912134e-03 -3.436118709986555383e-03 9.999932447544197522e-01 -7.284291950187860021e-02
9.977333110322323950e-01 -6.727486439041831245e-02 -1.527310678764935139e-03 2.223885438194881936e-01 6.727756219890683453e-02 9.977326931546363076e-01 1.789590726538625460e-03 -2.557563757326353215e-03 1.403453323365738302e-03 -1.888288020169623469e-03 9.999972323397310348e-01 -6.044741598263464466e-02
9.969723851942542403e-01 -7.774772686963972446e-02 -1.163669490679211443e-03 2.608597024794636066e-01 7.774665003295670729e-02 9.969727016324079205e-01 -9.437205256977312202e-04 -6.468508103055042868e-02 1.233518841602881640e-03 8.503918988157769436e-04 9.999988776318130546e-01 -9.222098230317991863e-03
9.966777425888440067e-01 -8.141762510322161916e-02 -2.155864225167517835e-03 3.261366857119012974e-01 8.141022761508293071e-02 9.966751430395621725e-01 -3.321759583200871360e-03 -2.019780843322471764e-01 2.419146061420792554e-03 3.135214445529401883e-03 9.999921590506167801e-01 -3.500988325983586669e-02
9.959502275906415569e-01 -8.988781279478946784e-02 -1.823533141533044627e-03 3.807771189655021482e-01 8.975620400418735101e-02 9.952544360148336544e-01 -3.758232876704183795e-02 -1.726456058722771747e-01 5.193072780934915658e-03 3.726645547626179084e-02 9.992918709222684548e-01 -6.175411509998102177e-02
9.957577682126104168e-01 -9.160864685338238056e-02 -8.621071043299460487e-03 3.892556063533960664e-01 9.088125543888367353e-02 9.938318988136025656e-01 -6.355119440578307910e-02 -7.315626273340163077e-02 1.438973433019929797e-02 6.249810174910542387e-02 9.979413423762264479e-01 -1.143446664058339612e-02
9.987521178848675074e-01 -4.818967753385264285e-02 -1.311342821976592063e-02 4.742929301390624297e-01 4.727922871552819872e-02 9.969180662257620673e-01 -6.260226645059947803e-02 -7.843301276854455772e-02 1.608979653558208905e-02 6.190415342988204311e-02 9.979524007865170354e-01 3.695838720930821886e-03
9.992002419118289902e-01 -3.848107837849151780e-02 -1.086660803428504338e-02 7.080370530359945125e-01 3.786666395076289382e-02 9.979291668871300702e-01 -5.199513089894521739e-02 -8.791151549819670175e-02 1.284493380996530598e-02 5.154206517774433810e-02 9.985882150279117297e-01 -3.984634071405276229e-02
9.982995413176828370e-01 -5.794236571558614851e-02 -6.380286841935580919e-03 7.672234933033451609e-01 5.759160178186858298e-02 9.972921375175555214e-01 -4.573401195897731919e-02 -3.037453371914931866e-02 9.012946749137124708e-03 4.528879222220963396e-02 9.989332770960984709e-01 -6.216804237968528990e-02
9.981529668200641581e-01 -6.073239950449068475e-02 1.493478734656478570e-03 7.253164772797290327e-01 6.074791871169089169e-02 9.975668767532128722e-01 -3.420550799269043984e-02 8.793507309968178615e-03 5.875376598375215993e-04 3.423305500926193679e-02 9.994137045009093834e-01 -7.745051746751163702e-03
9.976981535092730446e-01 -6.775884640020832239e-02 2.670808622878618685e-03 7.571936995677749360e-01 6.777830945851356925e-02 9.976680582184616064e-01 -8.034076023432821026e-03 -1.122173682530233640e-02 -2.120200729421053976e-03 8.196605707077980404e-03 9.999641595596062693e-01 -8.773836602833921805e-03
9.955513622716921640e-01 -9.420614313066108525e-02 -1.639413133796109546e-03 8.662982017644111910e-01 9.421645186268895467e-02 9.955182901813681706e-01 8.160521599189467581e-03 1.053461902549822880e-02 8.632944940634875147e-04 -8.278678083524003070e-03 9.999653585058864147e-01 6.671224061228635260e-02
9.852660456758595142e-01 -1.686447796863727588e-01 -2.845623873230273410e-02 1.003457768074311751e+00 1.691315810055466495e-01 9.854692062307592870e-01 1.565093854953732502e-02 7.476993870250123186e-02 2.540329791226368650e-02 -2.023318698208414687e-02 9.994725061749967221e-01 8.125092623190499630e-02
9.728852372114222824e-01 -2.265659084190986550e-01 -4.649950922647779622e-02 1.056905493146261810e+00 2.276291693352986700e-01 9.735636708526350658e-01 1.894043462183252549e-02 9.447947988792482210e-02 4.097897611942766943e-02 -2.901151388967116926e-02 9.987387323910256187e-01 5.071114411043672887e-03
9.630212129320754322e-01 -2.666756867310769996e-01 -3.839559283749398311e-02 1.150738813896250656e+00 2.676825378385493392e-01 9.632095777622352584e-01 2.394510896634425082e-02 8.816669698592324855e-02 3.059742438748296045e-02 -3.333747761311556951e-02 9.989756804883926922e-01 -4.545302941964778770e-02
9.569717226414730105e-01 -2.888725397854174370e-01 -2.752776457567859825e-02 1.322828417120846645e+00 2.896003892403244406e-01 9.567482433527207952e-01 2.764802693386034238e-02 1.167414305171995126e-01 1.835038464076789444e-02 -3.443043129856671047e-02 9.992386145381545459e-01 -8.291346803878320293e-02
9.527152566410287404e-01 -3.034623336363642121e-01 -1.562855807138485362e-02 1.402857899177882395e+00 3.036906743356097005e-01 9.526494793963705687e-01 1.519683280841335575e-02 1.505311722546563424e-01 1.027687136249794478e-02 -1.922450180879043888e-02 9.997623739895408201e-01 -4.863036601763116862e-02
9.498853165986261837e-01 -3.124124320962970436e-01 -1.078691716869213321e-02 1.384455545632309104e+00 3.123415605868254397e-01 9.499380953463517629e-01 -7.769462010465204641e-03 2.116659223088428465e-01 1.267418007265548596e-02 4.010895339221619976e-03 9.999116350348483673e-01 8.333712012238454758e-02
9.552480218855247118e-01 -2.947422295485764843e-01 -2.506461259478028059e-02 1.392816020343027317e+00 2.943615209964347001e-01 9.555282729904225336e-01 -1.780490024139751160e-02 2.411700466212070570e-01 2.919780197990388265e-02 9.630038248878159887e-03 9.995272636215919437e-01 1.910615197236180118e-01
9.599261823260828441e-01 -2.766415512178976299e-01 -4.484614392149388618e-02 1.663185040741572029e+00 2.766751794657497654e-01 9.609473024516772544e-01 -5.579155710315429444e-03 2.734920440526050212e-01 4.463820731690708310e-02 -7.052237276220309041e-03 9.989783262898813687e-01 1.168995002657650939e-01
9.549366600171885766e-01 -2.929202457318797470e-01 -4.789264030716593179e-02 1.915030190925845144e+00 2.940403345591014461e-01 9.556206656413054334e-01 1.815007029297745558e-02 3.159145797383999255e-01 4.045067375938367349e-02 -3.141453548349085884e-02 9.986875737450469082e-01 -4.746643574336022880e-02
9.450422422012512147e-01 -3.248760010816422183e-01 -3.675247442598124359e-02 2.006925937962984907e+00 3.259874911263613284e-01 9.449042903907800550e-01 2.979996023884846912e-02 3.366487175008526234e-01 2.504627885279806648e-02 -4.014306817244087111e-02 9.988799817762545885e-01 -1.368067761493770296e-01
9.228823329217010762e-01 -3.844862270931237447e-01 -2.141356478247661427e-02 1.979848512665636662e+00 3.849296550768306346e-01 9.226540224780743760e-01 2.321024445070047834e-02 3.840833262242315804e-01 1.083329236338794084e-02 -2.966304065202951187e-02 9.995012475209049674e-01 -2.617557193922104286e-02
8.980921626941367197e-01 -4.394902126836230383e-01 -1.669791192550795084e-02 1.968626531113553790e+00 4.397439536570005303e-01 8.979597726809223079e-01 1.713189624461118610e-02 4.568301782029768332e-01 7.464752472657248256e-03 -2.272882755731366750e-02 9.997137979783973227e-01 9.870928606452888943e-02
8.581411291952039111e-01 -5.132230781095957761e-01 -1.399551639961979337e-02 2.107190540865719441e+00 5.133938136238037631e-01 8.575477681696024312e-01 3.222758818374076711e-02 5.034641955165305438e-01 -4.538118154832850373e-03 -3.484103045326860520e-02 9.993825634263223678e-01 9.204818194141105303e-02
8.331593163062913643e-01 -5.529615682221546979e-01 -8.891440902834717164e-03 2.246872950513480571e+00 5.526470812044854686e-01 8.318696661662012826e-01 5.073521606040171106e-02 5.009939435895398585e-01 -2.065810466127194697e-02 -4.718434678819004302e-02 9.986725590152037979e-01 -1.536098883648916169e-02
8.111377521671200297e-01 -5.848497016441536189e-01 2.524578383852289776e-03 2.358033114567843036e+00 5.838745214057619037e-01 8.100200326671322948e-01 5.438832532014990784e-02 5.535857092067791863e-01 -3.385395490137360630e-02 -4.264238694869737500e-02 9.985166681497376073e-01 -1.511901244595718896e-02
8.081656993674763978e-01 -5.889397124964080854e-01 4.268185858886596254e-03 2.410187330180589171e+00 5.880690727856167088e-01 8.073259798547052224e-01 4.898497611212160319e-02 6.261852165388872571e-01 -3.229501507884392775e-02 -3.707798937763975844e-02 9.987903957812013234e-01 3.995393805444995977e-02
8.046927652298488942e-01 -5.936193858460333539e-01 -9.250855880276081730e-03 2.546488768026493155e+00 5.936566765926808431e-01 8.043792496492440103e-01 2.336178654667825025e-02 7.142870770962288507e-01 -6.426812870515491785e-03 -2.429089297447855830e-02 9.996842744561054150e-01 7.692271955090734803e-02
8.068375607319852039e-01 -5.899496460700272005e-01 -3.118598553693191500e-02 2.557454891171186517e+00 5.902421470143549564e-01 8.072262145960609203e-01 2.153062910295201055e-04 7.424959553218607455e-01 2.504712518323553433e-02 -1.858100026274182165e-02 9.995135756703313890e-01 7.335499915961674056e-02
8.321401156534266041e-01 -5.512256221614565410e-01 -6.077122175024073092e-02 2.674124220159597165e+00 5.510151525982854848e-01 8.342133751805000941e-01 -2.168746820277329262e-02 7.932507949349392185e-01 6.265085416329145562e-02 -1.543885172780736122e-02 9.979160848137165196e-01 9.196361204545847046e-02
8.323740638499920186e-01 -5.490049908147327518e-01 -7.580856079866335473e-02 2.913274568486664773e+00 5.496752314903308179e-01 8.352677775914320035e-01 -1.359704392584706531e-02 9.013458215199547929e-01 7.078529307632167034e-02 -3.035226149704992396e-02 9.970296798521666171e-01 1.323902738794777156e-01
8.334250953738128187e-01 -5.476957757425807705e-01 -7.370174784144314928e-02 2.993635804437978720e+00 5.494263160197166984e-01 8.355330510092725538e-01 3.904348362880734336e-03 9.553363216336809849e-01 5.944185113329981257e-02 -4.374766170744468635e-02 9.972726850911828311e-01 6.439323029423038580e-02
8.164323435510587590e-01 -5.722259619275902320e-01 -7.743175640375181412e-02 3.085246670547501235e+00 5.742040787204263363e-01 8.187020196392766902e-01 4.083995518574676242e-03 9.946706619195236909e-01 6.105656708784375220e-02 -4.779593638180272552e-02 9.969892898526213632e-01 2.537935315073090725e-03
7.930901981353180030e-01 -6.029448347529504648e-01 -8.640291584442827411e-02 3.063759156074859380e+00 6.045589858992039822e-01 7.965090599966122564e-01 -9.041565784716817239e-03 1.033331632387320065e+00 7.427227066818598011e-02 -4.506488198198724260e-02 9.962192460606958955e-01 3.796452542497390920e-02
7.688192542765661663e-01 -6.320188764134544446e-01 -9.730927042527449944e-02 3.147219758940019041e+00 6.340168574103344223e-01 7.732139807413256349e-01 -1.275791933179748830e-02 1.086588347348671046e+00 8.330413419001679587e-02 -5.188718380513179795e-02 9.951724179174300522e-01 1.524566798672650214e-01
7.447928235655090212e-01 -6.571864309302293261e-01 -1.157136334513067938e-01 3.220485331750686520e+00 6.619157074216599490e-01 7.495710025786413988e-01 3.302780909125356545e-03 1.168455987562246667e+00 8.456504144030084491e-02 -7.905255906317815162e-02 9.932771248104744766e-01 1.388966408851159406e-01
7.416863267155544559e-01 -6.611022394130591229e-01 -1.133367628187179066e-01 3.387193303797812138e+00 6.676303048081974056e-01 7.438947931923056700e-01 2.983810924121138575e-02 1.219196949360166871e+00 6.458458689889920445e-02 -9.779757514588649503e-02 9.931084862343505515e-01 7.500495154760038197e-02
7.233218485342338688e-01 -6.837747807671770151e-01 -9.621617649760375035e-02 3.538873578708770840e+00 6.894284181474266138e-01 7.229421635377817346e-01 4.520049148016476448e-02 1.330679540426066954e+00 3.865177465209241464e-02 -9.902866941502520837e-02 9.943336275869048002e-01 9.314890631627464890e-03
7.170340789206881560e-01 -6.929716892195298961e-01 -7.518222932709207884e-02 3.611002184426288508e+00 6.966216851466466853e-01 7.161529055614473949e-01 4.293301339695225483e-02 1.377394211435115867e+00 2.409060916221334933e-02 -8.315800500329374734e-02 9.962451449086543454e-01 -9.716305180899886818e-04
7.148862088743733745e-01 -6.963374193088334163e-01 -6.365459002726849003e-02 3.641199163434519548e+00 6.987016620707917625e-01 7.149430976915985836e-01 2.592979912483636337e-02 1.448839832749024614e+00 2.745352037059907435e-02 -6.301242364371564819e-02 9.976350729028155007e-01 7.659957871679770602e-02
7.137723756258083085e-01 -6.976554865804891481e-01 -6.169131087625735754e-02 3.730942712878350331e+00 6.994279320459244609e-01 7.146196111878870827e-01 1.092607796213832319e-02 1.531759310795404394e+00 3.646318235497014726e-02 -5.094735861469118499e-02 9.980354718058542796e-01 1.336214247067116778e-01
7.228704976694235729e-01 -6.881608251191048131e-01 -6.239328786458295945e-02 3.787778513829433980e+00 6.900050178276128099e-01 7.237018006615150156e-01 1.219750351492131582e-02 1.627165533255342744e+00 3.676029069356950146e-02 -5.186889714148065766e-02 9.979771032130200226e-01 1.468229535808923125e-01
7.306574729826236236e-01 -6.806433209756364011e-01 -5.351940569460273550e-02 3.990181790307639531e+00 6.825037954611843372e-01 7.302327421517940120e-01 3.080116021434048737e-02 1.709451873600901006e+00 1.811701840051273965e-02 -5.903229540453623636e-02 9.980916599909784859e-01 1.143377463509089725e-01
7.188433880094313722e-01 -6.943984084234549048e-01 -3.278770949753676001e-02 4.104744098726146539e+00 6.950809507732118586e-01 7.171857487066664039e-01 5.007068727575397088e-02 1.808083659457867753e+00 -1.125412756858451199e-02 -5.878309477248742226e-02 9.982073393747608048e-01 4.319406693511668172e-02
7.106885997674762256e-01 -7.033184422514588974e-01 -1.627522502226323026e-02 4.141303002825959645e+00 7.029276078510278136e-01 7.089750200195408247e-01 5.698420052192925550e-02 1.875983309096034946e+00 -2.853931115804644175e-02 -5.193832666993567632e-02 9.982424144171351266e-01 5.047089337188379043e-02
6.924212371376867736e-01 -7.212851535385393920e-01 -1.733659844379098480e-02 4.186457385084739968e+00 7.208538748539090601e-01 6.905961149036259350e-01 5.870857848834962200e-02 1.943609352366429732e+00 -3.037303851807232613e-02 -5.314822071249100666e-02 9.981246140469014483e-01 9.036136709621947483e-02
6.632286539927128022e-01 -7.476633348121993761e-01 -3.357514408778605741e-02 4.342546515339829938e+00 7.480470930000270302e-01 6.608236287012969612e-01 6.113655538431359698e-02 2.021758754295027494e+00 -2.352231232730693511e-02 -6.566330426921465624e-02 9.975645499391130322e-01 1.005459008661012538e-01
6.472947471641813388e-01 -7.613352772293301429e-01 -3.712284929524728438e-02 4.401427872511717077e+00 7.616388523734226590e-01 6.440833782138138952e-01 7.115378039132531918e-02 2.083250773889365526e+00 -3.026167293713935558e-02 -7.433167262224225913e-02 9.967743142739109441e-01 6.011738546946102796e-02
6.404223678300371425e-01 -7.677698659092159206e-01 -1.971354318009211487e-02 4.516608927290534758e+00 7.666172663665141718e-01 6.374874084188220102e-01 7.686202583973025804e-02 2.195295925369482593e+00 -4.644521171985090818e-02 -6.433690316761400685e-02 9.968468313633239708e-01 7.201631986954104558e-02
6.352492509094302964e-01 -7.722971052809065595e-01 -3.945933823584022587e-03 4.580430380359817200e+00 7.705571634935305392e-01 6.334577645691029657e-01 7.051892154535084611e-02 2.295305799362759913e+00 -5.196197655798065473e-02 -4.783765966105909401e-02 9.975026372448047018e-01 9.748447797452812480e-02
6.418522558847350457e-01 -7.668042524094216272e-01 6.076191447349027497e-03 4.646839326071620313e+00 7.655786278905400977e-01 6.412383075737000393e-01 5.198843541841750848e-02 2.378877899671861584e+00 -4.376124007514701347e-02 -2.871709224216743503e-02 9.986292016961251239e-01 9.021828045615189196e-02
6.498243432917981677e-01 -7.598993030731353571e-01 1.677414839407030678e-02 4.725836925934768118e+00 7.588655143529294822e-01 6.498735679631713058e-01 4.227856180951783394e-02 2.484134600889583488e+00 -4.302852532038525801e-02 -1.474431591429309178e-02 9.989650400073930570e-01 1.197166735417534156e-01
6.740677384128732630e-01 -7.381318697407572849e-01 2.817848299621453223e-02 4.778433084555364196e+00 7.364609260219703302e-01 6.745108686250442798e-01 5.157899329717678671e-02 2.552861523655773901e+00 -5.707879180410380116e-02 -1.401538368015421351e-02 9.982712960645927502e-01 1.354293028702047708e-01
6.910913479021184580e-01 -7.222040709959601790e-01 2.853118805264329150e-02 4.899885296305948934e+00 7.198177375136153300e-01 6.912971872793745032e-01 6.301288455867938565e-02 2.670589592762508069e+00 -6.523169180400792411e-02 -2.301040409222914265e-02 9.976048053652805114e-01 1.206729044466401807e-01
6.824750774400651920e-01 -7.305423402786963560e-01 2.314428079034539995e-02 5.045841566654426735e+00 7.283485136163245777e-01 6.823914416846543762e-01 6.205129352745039628e-02 2.798482720108122823e+00 -6.112455632614217926e-02 -2.549135884303601121e-02 9.978045796839518644e-01 8.109286646879282356e-02
6.603310333275663746e-01 -7.507922080250557517e-01 1.655254643279584909e-02 5.100469085305778805e+00 7.490108629816196739e-01 6.600372355494736887e-01 5.773711824933878273e-02 2.849902888026834447e+00 -5.427387548423167479e-02 -2.572757386677002739e-02 9.981945894377769468e-01 5.013560598452576622e-02
6.403938614756303771e-01 -7.678752446229681894e-01 1.622685673653444932e-02 5.100126959154480666e+00 7.660738392674568686e-01 6.401196757418238237e-01 5.811775561909815480e-02 2.904503177326078767e+00 -5.501431608545234025e-02 -2.478728350181134618e-02 9.981778476815896806e-01 9.650774863403333015e-02
6.128520340751315576e-01 -7.901548251096535136e-01 8.230230003266596900e-03 5.205376422610298093e+00 7.880251735630339205e-01 6.119057533930765125e-01 6.773237627162966012e-02 3.018016816611508446e+00 -5.855518901791792463e-02 -3.502429614402255420e-02 9.976695788279262844e-01 1.403996564243477629e-01
5.939716945015278693e-01 -8.044554810054206362e-01 7.000372227329479391e-03 5.259727736710500423e+00 8.011091699968403423e-01 5.922525893089621851e-01 8.637689623854025167e-02 3.116584336677451272e+00 -7.363235618909262648e-02 -4.569736903988355636e-02 9.962379367324230017e-01 1.167551387344697295e-01
5.952818770099125301e-01 -8.035096160610143423e-01 3.432754147438668579e-03 5.340400029411370930e+00 7.997069542056843838e-01 5.928693923602459392e-01 9.473474018257641016e-02 3.209847423589258231e+00 -7.815544957725598096e-02 -5.364867659014536244e-02 9.954966324410661205e-01 8.666926413015577091e-02
6.017215091977046182e-01 -7.986554744923537452e-01 -8.981003965582261273e-03 5.453202458200800073e+00 7.960847459258930670e-01 5.987986025744691521e-01 8.768871568776176462e-02 3.321537026452708652e+00 -6.465526021092807274e-02 -5.991382660334843707e-02 9.961074393401552207e-01 9.720354820325455281e-02
6.131184362517803077e-01 -7.898396444894500990e-01 -1.546347700068876480e-02 5.498052589659982559e+00 7.886911332316078882e-01 6.108698893652159123e-01 6.931287491347623564e-02 3.433386489806474984e+00 -4.529988399558947804e-02 -5.469290867843993459e-02 9.974751156045337241e-01 1.138223498344019258e-01
6.368288043020626787e-01 -7.707666102623804694e-01 -1.918088933926194450e-02 5.606902308477373253e+00 7.704129522217522119e-01 6.351677044890408075e-01 5.500791055009064678e-02 3.481518477336830841e+00 -3.021517930063227081e-02 -4.980782748486857481e-02 9.983016694672348645e-01 1.190058642098213437e-01
6.521766086755866887e-01 -7.578802228888390502e-01 -1.682970143449636843e-02 5.683412371066989266e+00 7.575026177095225410e-01 6.506738231695831098e-01 5.304111617508577847e-02 3.577445295380136336e+00 -2.924816677386045047e-02 -4.734071815933595107e-02 9.984505000972890842e-01 1.277075230296342845e-01
6.804548014393523303e-01 -7.327309421390622024e-01 -9.307503969052752929e-03 5.746187719400081662e+00 7.315556182456184331e-01 6.785167938053486836e-01 6.664336379101026830e-02 3.639375293025599145e+00 -4.251635698649097739e-02 -5.215675369606634360e-02 9.977334475863205432e-01 1.482053830560022822e-01
6.864625593207136500e-01 -7.271627404384150006e-01 -1.871782292380004542e-03 5.870382673257728001e+00 7.250908012418181281e-01 6.843077630738113593e-01 7.724128009953459828e-02 3.770347652484550505e+00 -5.488610575868904662e-02 -5.438045894446669193e-02 9.970106725003675674e-01 9.554107915441201193e-02
6.844072523584933121e-01 -7.290988424335543838e-01 1.261301371096017893e-03 5.930470176250210557e+00 7.270349249900095456e-01 6.825979132229501589e-01 7.402909366218859977e-02 3.848688306613399224e+00 -5.483548817936226283e-02 -4.974903844020345939e-02 9.972552844735425026e-01 5.995565125796651490e-02
6.755558452512229195e-01 -7.373081452134738756e-01 -9.994742482374550929e-04 5.975880553599147049e+00 7.361932973101507072e-01 6.744585907659037538e-01 5.590204233907131171e-02 3.910474276165957441e+00 -4.054292715769269861e-02 -3.850075770602749692e-02 9.984357579301473828e-01 8.259537283172001254e-02
6.655424762454706933e-01 -7.463091481216020950e-01 -8.710209128138166751e-03 6.057331466397815944e+00 7.462068420405257863e-01 6.651242186808472567e-01 2.802003954491360388e-02 4.002323801619391830e+00 -1.511824080219838565e-02 -2.514814415023835376e-02 9.995694121174605318e-01 1.338841187250736642e-01
6.272876208739961434e-01 -7.786733680884083686e-01 -1.334265820951327855e-02 6.114544407060250819e+00 7.787875191663182761e-01 6.271846342977041022e-01 1.137692803996868257e-02 4.087479092440933215e+00 -4.906006656890185558e-04 -1.752770180911756778e-02 9.998462576717870309e-01 1.611096115078183288e-01
6.305754018326359400e-01 -7.761277504361246971e-01 -6.144970060789145885e-04 6.142862665402695654e+00 7.760005425577912730e-01 6.304573069511683059e-01 1.862101130159177220e-02 4.128317234836406335e+00 -1.406486948476800766e-02 -1.221880169414866352e-02 9.998264251016450999e-01 1.828590390319536907e-01
6.348823089712540835e-01 -7.725440198250881352e-01 1.000955482641024789e-02 6.264360758299877929e+00 7.719270568056233461e-01 6.348129645591800152e-01 3.378045291278845841e-02 4.265301610821200740e+00 -3.245108205802883783e-02 -1.371996574628047555e-02 9.993791521805845957e-01 1.536398662273651960e-01
6.466372996384729399e-01 -7.627888730005462081e-01 3.652114842179516804e-03 6.353781797211432547e+00 7.622450021351622196e-01 6.463436452103430430e-01 3.496353838175902257e-02 4.379890308910283636e+00 -2.903031925815440645e-02 -1.982492175931177547e-02 9.993819155062827475e-01 8.411130615277878642e-02
6.640112930343744502e-01 -7.477200153828302831e-01 -1.944561317694219922e-03 6.424474051353950443e+00 7.476240985428830310e-01 6.638794242045484850e-01 1.795320015425219684e-02 4.485459986784694486e+00 -1.213301284758720733e-02 -1.337492855073243309e-02 9.998369373480373579e-01 8.213976918370333169e-02
6.755786936938421583e-01 -7.372725705406707464e-01 -4.752405209303443845e-03 6.514003384426977128e+00 7.372470236871279115e-01 6.755950796807077552e-01 -6.173684126163042282e-03 4.591696232738952332e+00 7.762389541456731629e-03 6.671128613174701245e-04 9.999696496739473028e-01 1.226450761315777682e-01
6.977127658932626986e-01 -7.163714243833509965e-01 -2.979704103116588305e-03 6.565825131149044758e+00 7.163152662020595418e-01 6.977008789081255991e-01 -1.029188887919438647e-02 4.676324963903134346e+00 9.451757267614244867e-03 5.046374718341500171e-03 9.999425975458572369e-01 1.844065462933393573e-01
7.029084571649246715e-01 -7.112782645354137623e-01 1.712088057149844817e-03 6.702557388260677484e+00 7.112802326228896410e-01 7.029051022058702136e-01 -2.201811273305388002e-03 4.771880054524732628e+00 3.626650705148039278e-04 2.765446156647841363e-03 9.999961103832361031e-01 1.654369554423714694e-01
6.982818465758688919e-01 -7.157545447125970295e-01 9.894163221696688007e-03 6.765099635824635804e+00 7.157992044412677668e-01 6.983045295041669931e-01 -1.510958375354863690e-03 4.836834554714026346e+00 -5.827663669332532395e-03 8.137308967144610272e-03 9.999499100149619180e-01 1.102593140889963075e-01
6.923776493312852054e-01 -7.214910472556514964e-01 7.991209947633019783e-03 6.836510556591810506e+00 7.215328623921986040e-01 6.923040487030404089e-01 -1.026803961322875214e-02 4.920822230138177211e+00 1.875951653028575493e-03 1.287528171814050770e-02 9.999153503802579168e-01 1.301098660468108514e-01
6.859603431524368133e-01 -7.276347600020511841e-01 -2.462449785998636204e-03 6.880640895976188887e+00 7.276135945087662815e-01 6.859607725631833297e-01 -6.022922094242608507e-03 5.016100074907767770e+00 6.071631430156940526e-03 2.339773766459243148e-03 9.999788301511678412e-01 1.914535752617436137e-01
6.764507572921449885e-01 -7.364321232192527766e-01 -9.060951918354778756e-03 6.998886173588400261e+00 7.364049905515874794e-01 6.761388908248853191e-01 2.332145374564064191e-02 5.135617463488929779e+00 -1.104820571856771766e-02 -2.244834525921678495e-02 9.996869554743240682e-01 1.574521349937910430e-01
6.695228915760302879e-01 -7.426959188770932974e-01 -1.191090840286661637e-02 7.091331815633110658e+00 7.420266144673678399e-01 6.680200438674033236e-01 5.608675791565177066e-02 5.228211003292371650e+00 -3.369868065321848793e-02 -4.638957937622201905e-02 9.983548496639507164e-01 1.304535487619156997e-01
6.730802999569969192e-01 -7.393706200202829759e-01 -1.714631332449124967e-02 7.175995019949025888e+00 7.384071595774488461e-01 6.705426472863108556e-01 7.160603923573991003e-02 5.302306418426305790e+00 -4.144606729912079374e-02 -6.085757488668686044e-02 9.972856055736230019e-01 1.285721811942328041e-01
6.656911239031403360e-01 -7.457644276799684224e-01 -2.628204641467550909e-02 7.291844457998100992e+00 7.456227071111132254e-01 6.633214529460951248e-01 6.365083425829251573e-02 5.403771622807927777e+00 -3.003508276780876909e-02 -6.196828599090553613e-02 9.976260949546579271e-01 1.080897312680375033e-01
6.695739677576449944e-01 -7.423810680758683445e-01 -2.326051297407903673e-02 7.316625758387849565e+00 7.425218063340407459e-01 6.682757538465009528e-01 4.548498586703248608e-02 5.471574249507409782e+00 -1.822275554677436210e-02 -4.772700057015890479e-02 9.986941797151210887e-01 1.309714970410481572e-01
6.880211364873282109e-01 -7.254823233094879198e-01 -1.738718816120210509e-02 7.392069429681138892e+00 7.256511390844665454e-01 6.875361704972438037e-01 2.691539714366193714e-02 5.591428673968336760e+00 -7.572324088513500417e-03 -3.113539502644233070e-02 9.994864916968342339e-01 1.749884293959138026e-01
7.167551752472847149e-01 -6.970104268596315489e-01 -2.094000012388980148e-02 7.466500452013428379e+00 6.973178432894098222e-01 7.162895730050544696e-01 2.602062709549316996e-02 5.697463689786802732e+00 -3.137544651518168332e-03 -3.325225485874526432e-02 9.994420660350297192e-01 2.417038942448448968e-01
7.230654923150896529e-01 -6.902227830068889958e-01 -2.772730858489731720e-02 7.631037911205828195e+00 6.907126574964850274e-01 7.218545735123302887e-01 4.291852133374633727e-02 5.810233918627884186e+00 -9.608256724323110953e-03 -5.018450475552049816e-02 9.986937452919001368e-01 2.242742610811279680e-01
7.152584322862081123e-01 -6.983404815694561618e-01 -2.694340076560714642e-02 7.675629067039462683e+00 6.985479101740287300e-01 7.132552827254243777e-01 5.742576822100023404e-02 5.875084179371513393e+00 -2.088521570329171517e-02 -5.989552124837997649e-02 9.979861393323115060e-01 1.604076550485877550e-01
7.136852237965878309e-01 -7.000124925364583639e-01 -2.521728826240681592e-02 7.781275249605124067e+00 7.002627421703671029e-01 7.121466551438894177e-01 4.979190190591538390e-02 5.949373063975444964e+00 -1.689654587341837128e-02 -5.319447208371456959e-02 9.984412125294520601e-01 1.452565215164019485e-01
7.015975570379300308e-01 -7.120740901235572684e-01 -2.667129792710918809e-02 7.816731790332809737e+00 7.125046615407558681e-01 7.005183537106700609e-01 4.013905077584109526e-02 6.043593864534155813e+00 -9.898244344404973777e-03 -4.716488406855913473e-02 9.988380741990654510e-01 1.954819780563292198e-01
6.947426323340546439e-01 -7.183023412596669655e-01 -3.707318921309061405e-02 7.896207594132613750e+00 7.192408876228462145e-01 6.934423421664236420e-01 4.278158087594339382e-02 6.154205105225524441e+00 -5.021990546475382788e-03 -5.638674162979818300e-02 9.983963716777648489e-01 2.695233234505023390e-01
6.859060088418758028e-01 -7.265091672987862292e-01 -4.144124594450263044e-02 7.982431271355930669e+00 7.275417736830247506e-01 6.835032635552575897e-01 5.921364923284441056e-02 6.232189484201851037e+00 -1.469403214801256671e-02 -7.076523539236101445e-02 9.973847637091198814e-01 2.244968617370912689e-01
6.878447483238622207e-01 -7.251133774672188226e-01 -3.286627483249791870e-02 8.112878158023008268e+00 7.254180945148317461e-01 6.851471092280772002e-01 6.589405790266537888e-02 6.300142437281698982e+00 -2.526242968824071039e-02 -6.916667213688827698e-02 9.972852055012922934e-01 1.478726100257965193e-01
6.877031427755184723e-01 -7.256365236548383280e-01 -2.271613864185869844e-02 8.229661929739521042e+00 7.256596998982340896e-01 6.861051844444305825e-01 5.174626384656814265e-02 6.378945870353343039e+00 -2.196331851701203638e-02 -5.207025462387395581e-02 9.984018736075794820e-01 1.307740624070008462e-01
6.971784239424732021e-01 -7.166901275547931105e-01 -1.724836962102615362e-02 8.285396935287527853e+00 7.168859343334600398e-01 6.968276449147658980e-01 2.248978517868150881e-02 6.451038882226569626e+00 -4.099066226750093696e-03 -2.804450655717616661e-02 9.995982709609061434e-01 1.746264145282976910e-01
7.071151054351069165e-01 -7.069530345185751630e-01 -1.433996689243230774e-02 8.347446360133172760e+00 7.069523446374753606e-01 7.072358473771658272e-01 -5.986534580086304465e-03 6.551605721894898871e+00 1.437393742417226311e-02 -5.904504185840147613e-03 9.998792560870763957e-01 2.448204841442618573e-01
7.349391690809330413e-01 -6.779453534268985448e-01 -1.595354247512260557e-02 8.411246572680541433e+00 6.780784780444121251e-01 7.349750687770847390e-01 4.607156291390574268e-03 6.608307104077009164e+00 8.602055777631636979e-03 -1.420373341756859913e-02 9.998621197912246350e-01 2.536657441303735716e-01
