1.000000000000000000e+00 0.000000000000000000e+00 0.000000000000000000e+00 0.000000000000000000e+00 0.000000000000000000e+00 1.000000000000000000e+00 0.000000000000000000e+00 0.000000000000000000e+00 0.000000000000000000e+00 0.000000000000000000e+00 1.000000000000000000e+00 0.000000000000000000e+00
9.999985869211177603e-01 -1.657619456682657552e-03 -2.800955273911630837e-04 1.276326907141571258e-02 1.657780389611017901e-03 9.999984603886982182e-01 5.753124480458871991e-04 -4.905845392962727286e-02 2.791414470453709392e-04 -5.757759719565429691e-04 9.999997952810203428e-01 -1.389142266222617890e-02
9.999938537152848195e-01 -3.500404326115643099e-03 -1.992516181246551190e-04 1.467613637834376539e-02 3.500469352857286335e-03 9.999938198908508991e-01 3.269471122891003936e-04 -9.670137686020370549e-02 1.981059396416391704e-04 -3.276425769618139961e-04 9.999999267021865146e-01 -2.140003327862231158e-02
9.999945072194145190e-01 -3.302170196014557121e-03 -2.849613954150240994e-04 1.341154193498728803e-02 3.302281037982700111e-03 9.999944716455313465e-01 3.893819728367719731e-04 -1.049144155182954868e-01 2.836740145018534212e-04 -3.903208566596674009e-04 9.999998835893344484e-01 -1.877904804737085681e-02
9.999979811770308702e-01 -1.997447103655756138e-03 2.187394128312960249e-04 -2.121991859536895286e-02 1.997463412672690827e-03 9.999980023028073317e-01 -7.436605126705974267e-05 -6.664973574421789726e-02 -2.185904336024713712e-04 7.480282510920733771e-05 9.999999733113794642e-01 -1.193619816387509608e-03
9.999994796685521825e-01 -8.636062377312214797e-04 5.429980581317562930e-04 -5.859603986706338197e-02 8.636471491242881608e-04 9.999996242357060972e-01 -7.511357006230385050e-05 -2.199343960600175577e-02 -5.429329855448304090e-04 7.558248970323669716e-05 9.999998497555189214e-01 1.063915202959683781e-02
9.999982976737452622e-01 1.558037474628803888e-03 9.885185072642298319e-04 -9.527043213137915967e-02 -1.558108810429459758e-03 9.999987835988655149e-01 7.139834930066118644e-05 2.103020444368335073e-02 -9.884060635253590684e-04 -7.293844715281759289e-05 9.999995088665976084e-01 1.885774515189500566e-02
9.999993362540732234e-01 5.992892821708908479e-04 9.840445971809374040e-04 -4.937920798156110458e-02 -6.004357529931106472e-04 9.999991409181885338e-01 1.165178008437155058e-03 -8.122905060592072735e-03 -9.833454731138445946e-04 -1.165768090613684927e-03 9.999988370075434396e-01 2.285352865552137819e-02
9.999987171928096386e-01 -1.501866331377230048e-03 5.567856478928875225e-04 -4.434610893257715653e-02 1.501168983035786227e-03 9.999980910396170097e-01 1.250763289458704840e-03 -1.449144326058521975e-02 -5.586630642841045567e-04 -1.249925855625747375e-03 9.999990627900288143e-01 1.810848619494038331e-02
9.999969030564415107e-01 -2.416405646147732483e-03 5.957023410387604200e-04 -7.649852019600902886e-02 2.415988063078520695e-03 9.999968359925417438e-01 7.007186200863440564e-04 -1.030135188627155293e-02 -5.973936766620478907e-04 -6.992772402552297666e-04 9.999995770659787508e-01 1.694265195553682282e-02
9.999993786939483931e-01 -6.845399048926159840e-04 8.797822661405793696e-04 -7.524784408041218509e-02 6.841122361959338632e-04 9.999996477433076292e-01 4.863164699473327681e-04 -4.676532207098470922e-03 -8.801148592614738055e-04 -4.857142979825120836e-04 9.999994947395999256e-01 2.530050134899484993e-02
9.999998448590261546e-01 1.654154570188104379e-04 5.319019178482713335e-04 -3.583899542232790725e-02 -1.656071939609125865e-04 9.999999213248769170e-01 3.604504087855836775e-04 6.181889216841434873e-03 -5.318422519317205291e-04 -3.605384396490334703e-04 9.999997935779050273e-01 1.130435918378570187e-02
9.999999666039079971e-01 -2.508463037435870757e-04 6.219577727704857532e-05 -7.190623689713822667e-03 2.508143159992936547e-04 9.999998365596808325e-01 5.137828243392193435e-04 1.161829038967689826e-03 -6.232464763416330645e-05 -5.137672075895450977e-04 9.999998660794383598e-01 -3.874262355046787388e-03
9.999996264263293355e-01 -8.623396810684076695e-04 5.930831513592735169e-05 -8.308374686413277227e-03 8.623138136201357511e-04 9.999995336803145785e-01 4.348034500839479126e-04 -3.122665632399873950e-03 -5.968323574776532807e-05 -4.347521452734228495e-04 9.999999037142371927e-01 -7.394819868154997936e-03
9.999995571006959905e-01 -9.398610403815069007e-04 4.959472388149843084e-05 -1.030060178002943118e-02 9.398481343327234026e-04 9.999995246426406359e-01 2.596150557577921419e-04 -9.347956187626883795e-03 -4.983870238268466751e-05 -2.595683292657518224e-04 9.999999650701925091e-01 -3.318607803882427966e-03
9.999999438330943180e-01 -3.443732352352140433e-05 3.333884805400905214e-04 -1.689299518023888724e-02 3.447045109893006080e-05 9.999999944695847631e-01 -9.936105083508348383e-05 -1.504056291621087144e-02 -3.333850569676605224e-04 9.937253730559613026e-05 9.999999394897495231e-01 6.590732976547481956e-03
9.999999551352521943e-01 -2.670566294731810441e-04 1.356843772297008021e-04 1.307501775381355799e-02 2.670826465406020639e-04 9.999999459465129803e-01 -1.917650410366505769e-04 -3.000784099406575423e-02 -1.356331577699770353e-04 1.918012713757250758e-04 9.999999724079590147e-01 2.217993165961804763e-03
9.999997527950511556e-01 -6.477036563316217709e-04 -2.736600265715557253e-04 3.897629758407784861e-02 6.477289088526075149e-04 9.999997859733320560e-01 9.219843089809864271e-05 -3.554966718003847725e-02 2.736002507402113997e-04 -9.237566561659802170e-05 9.999999583048186924e-01 -1.138968967883871586e-02
9.999997633550562481e-01 -5.527170612982188749e-04 -4.096262706097294603e-04 2.914253690179589157e-02 5.525763814729834538e-04 9.999997883444415869e-01 -3.434682150498390867e-04 -6.212659981932272535e-02 4.098160246525240757e-04 3.432417839674528474e-04 9.999998571179415929e-01 -2.949021665447908516e-02
9.999900452668882833e-01 4.455206011019199192e-03 -2.459807435098600430e-04 1.563561587539986572e-02 -4.455340564419461163e-03 9.999899241109065917e-01 -5.491967938180519326e-04 -7.666416217293416102e-02 2.435314801781186854e-04 5.502872546951692503e-04 9.999998189381613667e-01 -2.315080996521063847e-02
9.999822173014326632e-01 5.961639255242500227e-03 -1.547200720411538136e-04 -5.402714174142096010e-03 -5.961708069195296653e-03 9.999821284257131015e-01 -4.481808543802106855e-04 -6.680881481573844316e-02 1.520454143749714682e-04 4.490952804171277732e-04 9.999998875978042268e-01 -1.647724546333256129e-02
9.999855427237803740e-01 5.377061567021698511e-03 -3.939962932455028994e-05 -1.018201454632336467e-02 -5.377067675892666619e-03 9.999855312021576070e-01 -1.566191162747333440e-04 -7.904130676087378626e-02 3.855690862849675142e-05 1.568287064621912608e-04 9.999999869590607826e-01 -9.521681157632320980e-03
9.999906914475190645e-01 4.309432025225436516e-03 -2.140418948399347551e-04 2.506996833343796277e-02 -4.309416396757847004e-03 9.999907117265157686e-01 7.342353738764126781e-05 -8.716802651972117844e-02 2.143563205037020208e-04 -7.250045826957383260e-05 9.999999743975254152e-01 -1.300125663441170643e-02
9.999874348005054481e-01 5.003103751450567634e-03 -3.149507217528960405e-04 3.746736261461988682e-02 -5.003127149989146545e-03 9.999874815762984648e-01 -7.354871358055629221e-05 -7.438573480755956979e-02 3.145788072214867931e-04 7.512352793320818244e-05 9.999999476983134628e-01 -1.902931847607761129e-02
9.999821292041062293e-01 5.964586382692202600e-03 -4.061794007983001494e-04 6.875354681261990064e-02 -5.964736173890588557e-03 9.999821428785409250e-01 -3.685734895889939355e-04 -7.262581591695835281e-02 4.039737591863820166e-04 3.709896558524204495e-04 9.999998495859272474e-01 -2.408282294989022923e-02
9.999325744442222330e-01 1.160279192870209038e-02 -4.709403456051092967e-04 1.076105209054912387e-01 -1.160286818255864237e-02 9.999326717366484596e-01 -1.595103329277132529e-04 -7.787417209963289066e-02 4.690578728060592435e-04 1.649638366067679787e-04 9.999998763858146678e-01 -3.331877624978691471e-02
9.999101617156825883e-01 1.339095278234953869e-02 -5.923523431157273278e-04 7.756765024617723325e-02 -1.339084628414377413e-02 9.999103217806848409e-01 1.833909535376726670e-04 -3.428001899127516849e-02 5.947550016119224894e-04 -1.754423788363324130e-04 9.999998077432113996e-01 -5.496479060204287337e-02
9.999348187502620222e-01 1.139317814680650826e-02 -7.441388282738379536e-04 7.463013988638479701e-02 -1.139329577555218270e-02 9.999350824365097479e-01 -1.540261705706291598e-04 -2.125594524645702671e-02 7.423356729936264305e-04 1.624943247209356938e-04 9.999997112666297872e-01 -6.490270327075900458e-02
9.999567361261595400e-01 9.265171818826665323e-03 -8.261156611825394786e-04 9.629684348572316310e-02 -9.265276078002745996e-03 9.999570689090557796e-01 -1.224663560645610578e-04 -1.657776741671321968e-02 8.249455233049950370e-04 1.301152473688005839e-04 9.999996512673922089e-01 -6.220687491338484226e-02
9.999981224560723359e-01 -1.785043984475598311e-03 -7.541235334816638906e-04 1.308033747951525827e-01 1.785531946595468166e-03 9.999981967082866019e-01 6.468816295639365482e-04 -2.706169108084131511e-03 7.529674614154242092e-04 -6.482269266759720788e-04 9.999995064208049289e-01 -4.673199804624126458e-02
9.997164019283564240e-01 -2.380527765877091251e-02 -6.515143971835777583e-04 1.690635298744412873e-01 2.380580680969255486e-02 9.997162679049192979e-01 8.168527401646960995e-04 4.773115036134924216e-02 6.318841353527411510e-04 -8.321309081758541167e-04 9.999994541401465709e-01 -2.810638853641549487e-02
9.986161437576412947e-01 -5.258300838711753300e-02 -9.081054884456233375e-04 1.929976969288955679e-01 5.258448017133172947e-02 9.986150643549864814e-01 1.680978404712512057e-03 7.406060135327827143e-02 8.184569192316811827e-04 -1.726404427304527008e-03 9.999981748263467862e-01 -3.069013411824059179e-02
9.978499525966202377e-01 -6.552337913080767684e-02 -1.469316236605211577e-03 2.156164478909597670e-01 6.552725472864324996e-02 9.978469459815302312e-01 2.766095273220278532e-03 2.599717400091593189e-02 1.284908810078438327e-03 -2.856428296573551573e-03 9.999950949013381996e-01 -6.059445170512622880e-02
9.974574774950217826e-01 -7.125231085183587887e-02 -1.299533586116737244e-03 2.567991992893937092e-01 7.125425491007043866e-02 9.974570322349485263e-01 1.516575833782674671e-03 -3.559213737851343873e-02 1.188169381358575348e-03 -1.605317203004136056e-03 9.999980056031106956e-01 -4.183511631907566031e-02
9.969222964676129894e-01 -7.839013178728228282e-02 -9.602312811545328985e-04 2.752284031283934729e-01 7.838914462907330127e-02 9.969223086988516780e-01 -1.025876636639410245e-03 -7.000663438113671755e-02 1.037694590437090308e-03 9.474475837152489038e-04 9.999990127660192130e-01 -3.510780393145722378e-03
9.968692709944492192e-01 -7.903788196494287988e-02 -2.160963093397502525e-03 3.094621236897615035e-01 7.903092905275513336e-02 9.968672406505844075e-01 -3.133172632995805985e-03 -1.823522179390034414e-01 2.401832644805431717e-03 2.952580597634367997e-03 9.999927567076477564e-01 -4.053458582792633658e-02
9.964445775310520892e-01 -8.400981444964111811e-02 -6.368279602843080270e-03 3.811755030698253388e-01 8.382531347373378683e-02 9.961629452602617230e-01 -2.515359440380296116e-02 -1.797552259457984580e-01 8.456992964014030043e-03 2.453033971508817093e-02 9.996633141730614236e-01 -8.815416366637840451e-02
9.959397800996475647e-01 -8.954596320016605659e-02 -9.245263090914123544e-03 3.847165364163394052e-01 8.886451808513215478e-02 9.943519235523576860e-01 -5.802886827453570401e-02 -7.559197884190049788e-02 1.438929604125693124e-02 5.697168245962815764e-02 9.982720949506483921e-01 -2.897468383894714894e-02
9.987474625814191098e-01 -4.896062140574139465e-02 -1.031327003139653233e-02 4.523744879174608213e-01 4.818831181625674032e-02 9.967125333522196540e-01 -6.513073362783144971e-02 -5.422575436424763307e-02 1.346820669116920687e-02 6.455217587474476604e-02 9.978234432996450076e-01 2.800616401870527003e-02
9.991719210672982410e-01 -3.982153568455021331e-02 -8.349697384266980757e-03 6.890996347800576460e-01 3.928718700878586212e-02 9.976254782277996780e-01 -5.656785419026128664e-02 -7.140475663373777038e-02 1.058248967027267638e-02 5.619297541933571810e-02 9.983638417059687020e-01 -6.812192613360884552e-04
9.982917540503745135e-01 -5.808973549270955022e-02 -6.257509521649086415e-03 7.668718286118255678e-01 5.773923207933780860e-02 9.972569582705854696e-01 -4.631134050951247333e-02 -2.155769800083324333e-02 8.930558432419379716e-03 4.587092555515621256e-02 9.989074548299249345e-01 -4.306230103978972434e-02
9.982066849599255942e-01 -5.986069870755608008e-02 3.329437775852150082e-04 7.388823865284694925e-01 5.984435938078170453e-02 9.977697751016411098e-01 -2.956566494980967380e-02 -7.646909977044568860e-03 1.437620123566417212e-03 2.953256920526478591e-02 9.995627847236593366e-01 -1.564292387231730475e-02
9.978178756719466858e-01 -6.601318805828038094e-02 1.321359869830923467e-03 7.534006708433353960e-01 6.601806330892370789e-02 9.978101345567300662e-01 -4.068254271684119960e-03 -1.882718318651840916e-02 -1.049907835208270914e-03 4.146610454605540938e-03 9.999908516157911542e-01 -2.857599177625603712e-02
9.955234144609039770e-01 -9.449673388081644698e-02 -1.870440044820273484e-03 8.650792134248459497e-01 9.450884510290133433e-02 9.954913412595559619e-01 8.066453654864401759e-03 2.311840011182635796e-02 1.099753344578057249e-03 -8.207116613551430559e-03 9.999657163020503337e-01 5.891493759478534653e-02
9.853614947181678074e-01 -1.698267074810696220e-01 -1.488671061441582469e-02 9.309224721295473737e-01 1.699584715345964503e-01 9.854181378143790360e-01 8.075371202944835874e-03 1.260873525723499311e-01 1.329822094875562563e-02 -1.048728242114174009e-02 9.998565768284055633e-01 1.530988031734674681e-01
9.733755087242270676e-01 -2.271970550986434356e-01 -3.035814833543185737e-02 9.634400889892821285e-01 2.275736472101967112e-01 9.737141339215465985e-01 9.540466281122815181e-03 1.402459530567632395e-01 2.739259227055786117e-02 -1.619517075909664497e-02 9.994935529220699832e-01 1.294776722265271185e-01
9.629758083529709189e-01 -2.666351575870360424e-01 -3.979051728086226147e-02 1.146426105131621798e+00 2.675402473069834475e-01 9.633516555603259812e-01 1.938565965081288228e-02 1.079937017953213341e-01 3.316336228219728122e-02 -2.931348610649179426e-02 9.990199752429499425e-01 2.429654415771749509e-02
9.574403487580375183e-01 -2.866289964952786762e-01 -3.393813398224848621e-02 1.355521858137864522e+00 2.876243551912993079e-01 9.572946874192768130e-01 2.931060797080884545e-02 1.244836402129863018e-01 2.408752521279064127e-02 -3.782459262092147806e-02 9.989940396830125913e-01 -1.075229864695441545e-01
9.534056096105687494e-01 -3.007412226457855664e-01 -2.392614813583204478e-02 1.441257867559883055e+00 3.012479346306995986e-01 9.533041944908405840e-01 2.146612789739493418e-02 1.496789058695841557e-01 1.635314782656453400e-02 -2.767362946358182044e-02 9.994832388732063366e-01 -1.513180105984958113e-01
9.498280106718460791e-01 -3.125778112547814569e-01 -1.103911474411049462e-02 1.379383865953423438e+00 3.125429975614671951e-01 9.498915176879179079e-01 -4.793672896291486032e-03 2.054515985801504685e-01 1.198435724000835104e-02 1.102966778346806424e-03 9.999275767003477089e-01 3.503445560710952145e-02
9.550132017708728993e-01 -2.957926095668410582e-01 -2.136624836007348927e-02 1.362451291382874352e+00 2.954526048657398762e-01 9.551935342774691140e-01 -1.769379418232529255e-02 2.298048733034805946e-01 2.564259583963736377e-02 1.058509329934526760e-02 9.996151324777197145e-01 2.081497590845268197e-01
9.600413245323929923e-01 -2.778978602419661104e-01 -3.306712057354220524e-02 1.603348581544375762e+00 2.778163990523405125e-01 9.606077639946912772e-01 -7.125459333278915536e-03 2.622463806815825138e-01 3.374468265785258991e-02 -2.345852948548268410e-03 9.994277329383374209e-01 1.965201610150633105e-01
9.554082558133364378e-01 -2.919304473622660323e-01 -4.440358799224946446e-02 1.902905997214802580e+00 2.928322000499978817e-01 9.560425032098737175e-01 1.523268427023196162e-02 3.489306681062758209e-01 3.800483308207310701e-02 -2.755623267186164613e-02 9.988975356378341219e-01 6.721108264199471272e-03
9.456965044699852108e-01 -3.227551781100914674e-01 -3.856444523617902354e-02 2.008985029702445857e+00 3.238668697674119690e-01 9.457140389172278283e-01 2.711470563960285268e-02 3.718228263412892143e-01 2.771952561479638921e-02 -3.813202850606309952e-02 9.988881700679528297e-01 -1.219702226933563477e-01
9.235604327392703539e-01 -3.824186711445732301e-01 -2.814404090514427415e-02 2.005331197851663916e+00 3.831370910790151130e-01 9.232890843511173395e-01 2.726235788749500205e-02 3.823642283768421413e-01 1.555945108164743899e-02 -3.596146101167353032e-02 9.992320435233968956e-01 -8.480164774100681924e-02
8.983146613083158316e-01 -4.389835574485363989e-01 -1.800570932658344253e-02 1.983190213496456522e+00 4.393206069168193451e-01 8.979895704947067347e-01 2.474137467825349504e-02 4.015750226311001203e-01 5.307882512204343921e-03 -3.013581876371990501e-02 9.995317197621478300e-01 5.448751266058515785e-02
8.577852829920846744e-01 -5.138572626559571033e-01 -1.245479417396559013e-02 2.096655439303752200e+00 5.139574624871737774e-01 8.571084410784408636e-01 3.482595276270767509e-02 4.755564355854390302e-01 -7.220459537630135975e-03 -3.627442415547956628e-02 9.993157814806358230e-01 9.239276601289010682e-02
8.335213140193455938e-01 -5.524660781070981352e-01 -4.842686901410120717e-03 2.209154950974328013e+00 5.519969142555397612e-01 8.323802631970989019e-01 4.942169657438345159e-02 5.124369459791292547e-01 -2.327285388227173790e-02 -4.386718569602959111e-02 9.987662610897929394e-01 1.300739658097160856e-02
8.116653053523158468e-01 -5.840942808397225905e-01 5.770890542987065774e-03 2.343154264343581428e+00 5.830317667902321643e-01 8.107132950427279328e-01 5.308401034608516839e-02 5.750709340701548600e-01 -3.568460453462096726e-02 -3.972183695764992112e-02 9.985733747040913544e-01 1.395181796263725293e-02
8.089235879386449390e-01 -5.878794346344118349e-01 6.356037318476134498e-03 2.400954443247964143e+00 5.869487272363203001e-01 8.081677342147292054e-01 4.853972568829224149e-02 6.455983781224861051e-01 -3.367225077319978971e-02 -3.553426104698485105e-02 9.988010291442993571e-01 6.580827847806233755e-02
8.050279836044720305e-01 -5.931667486395059141e-01 -9.118877242025522079e-03 2.536164837550399120e+00 5.932136843433329920e-01 8.047656510620664339e-01 2.120781880478840586e-02 7.210678498714578888e-01 -5.241213745538381673e-03 -2.248233037488434755e-02 9.997335017390325262e-01 6.489061641788762547e-02
8.073494773615257358e-01 -5.891857526365852360e-01 -3.235692034375008824e-02 2.564999501892708977e+00 5.894848893056151562e-01 8.077793222146837371e-01 -3.631566230366846393e-04 7.556964162723109890e-01 2.635121789249779065e-02 -1.878072129729707954e-02 9.994763117868954438e-01 5.210806531575594425e-02
8.330625192364087273e-01 -5.498191494043238592e-01 -6.087480588711486479e-02 2.676553226228647997e+00 5.496832843023526927e-01 8.351224421592495784e-01 -2.046444625563752229e-02 8.114945662077787114e-01 6.208966099172274350e-02 -1.641370007879799919e-02 9.979356013529411262e-01 9.783619593937147030e-02
8.332318517742092201e-01 -5.474721562813885667e-01 -7.745269062808102234e-02 2.925544532466189729e+00 5.482853694781962828e-01 8.362016784706195471e-01 -1.224363259316605008e-02 9.051927260839223166e-01 7.146911784176468441e-02 -3.226439244005101931e-02 9.969208464945420456e-01 1.741887759481666187e-01
8.340147194431438704e-01 -5.468247071074590071e-01 -7.349957448186790476e-02 2.992479138466519917e+00 5.485741859114885433e-01 8.360902546802357893e-01 4.410054453858190671e-03 9.482721538523102289e-01 5.904075121237493950e-02 -4.399801956429503363e-02 9.972854977240460661e-01 8.747202025020342497e-02
8.160502925040150624e-01 -5.731801441686544818e-01 -7.434004597060675512e-02 3.080532410954712308e+00 5.748762651403512836e-01 8.182384902930133208e-01 1.747221019465436398e-03 9.961368687518399323e-01 5.982641458747078173e-02 -4.416214820194837298e-02 9.972314198739413715e-01 -5.982865114871806916e-03
7.931609583527564622e-01 -6.041961702492407715e-01 -7.643743847806154512e-02 3.025340106813379393e+00 6.053285971545964150e-01 7.959128474707347634e-01 -1.000143479083379951e-02 1.036971034802025793e+00 6.688036791006236881e-02 -3.833701980041542834e-02 9.970242170083117861e-01 6.650582081279858560e-02
7.694816997062975394e-01 -6.324422081748832802e-01 -8.896497701896563526e-02 3.100875062436293739e+00 6.340058573483897675e-01 7.732183154006312398e-01 -1.303877206424646287e-02 1.097653103048007228e+00 7.703561945646150710e-02 -4.637122003880972398e-02 9.959494079957432744e-01 2.095584980013757981e-01
7.456778543599398290e-01 -6.575038028918617217e-01 -1.079503899941836043e-01 3.185998729563271237e+00 6.614136478285471687e-01 7.500211196296010518e-01 5.536927796228677257e-04 1.171276950930430827e+00 8.060101725965387875e-02 -7.181273767445106593e-02 9.941561279418889008e-01 2.008941376217353858e-01
7.419558188219157469e-01 -6.606749502542995645e-01 -1.140621454417699854e-01 3.398454942616877084e+00 6.672166915535001630e-01 7.442998704836927271e-01 2.897566755675955175e-02 1.232089550964895475e+00 6.575294235775430707e-02 -9.760283246113905797e-02 9.930509743547210055e-01 6.742634747393579098e-02
7.232781117755615607e-01 -6.834138491799035542e-01 -9.906706705806066215e-02 3.567364344880112892e+00 6.894085234710702892e-01 7.228762032000097815e-01 4.653904395856070519e-02 1.333016087620393808e+00 3.980779812821895469e-02 -1.019583522632947492e-01 9.939918679807883128e-01 -3.566888023950971764e-02
7.164020725289192981e-01 -6.933888104499857929e-01 -7.733064088071839315e-02 3.619109157656723141e+00 6.972594830187007764e-01 7.154335357533880835e-01 4.454289236118028072e-02 1.365797670925105844e+00 2.443939067904731671e-02 -8.583014308597664010e-02 9.960099912757289786e-01 -2.246388634401956519e-02
7.150472937375872418e-01 -6.961434002070524540e-01 -6.396666371412776386e-02 3.637494754758547000e+00 6.985788186019906698e-01 7.149917475841889303e-01 2.782867383032300301e-02 1.441600702483066154e+00 2.636288905260026488e-02 -6.458457427800466666e-02 9.975639482489978560e-01 5.349365384690626946e-02
7.141771622009868148e-01 -6.975635620361350098e-01 -5.793149324853105742e-02 3.705983652198717060e+00 6.991062168375125063e-01 7.149522350821616579e-01 9.684995103897479224e-03 1.544893484433335962e+00 3.466235089670718916e-02 -4.741706939996039039e-02 9.982735812190127733e-01 1.421782764827484724e-01
7.233547396173893862e-01 -6.879153753183230302e-01 -5.941680800673882629e-02 3.795435388901890583e+00 6.896346656829140942e-01 7.240410263852554706e-01 1.298537636732735936e-02 1.626932739810623030e+00 3.408736659635517446e-02 -5.036892406669510325e-02 9.981487979890018014e-01 1.645249657561957402e-01
7.300291406372543257e-01 -6.810190919175440616e-01 -5.718785066983954335e-02 4.015971933631666602e+00 6.830878513549940578e-01 7.297123118194425162e-01 3.018160549643669754e-02 1.711569529521709265e+00 2.117642915247679516e-02 -6.109777756128724480e-02 9.979071201396558788e-01 1.101311424546693729e-01
7.192971031360996248e-01 -6.935754685423299870e-01 -3.955688127624251704e-02 4.135730018109014416e+00 6.946683556140084148e-01 7.175294908453023757e-01 5.086556276903581725e-02 1.815842977416620041e+00 -6.895877648632937201e-03 -6.406636561854084366e-02 9.979218144062622642e-01 7.404655493967120250e-03
7.112442055664343066e-01 -7.026971829411696735e-01 -1.866411355291605276e-02 4.136044840747628903e+00 7.023818992708330544e-01 7.093613571522308092e-01 5.887386989015389732e-02 1.864024511636728443e+00 -2.813090160071620924e-02 -5.498303434414780061e-02 9.980909368937487258e-01 1.288356425347310374e-02
6.926457557803231690e-01 -7.210821434204873759e-01 -1.680474455684026133e-02 4.176832504043435534e+00 7.206737816402192243e-01 6.909243270858294039e-01 5.703397844600555794e-02 1.948589138587300651e+00 -2.951537660085944495e-02 -5.161508191516814975e-02 9.982307978934530368e-01 8.168464301333799860e-02
6.642709958031032258e-01 -7.468762216918116703e-01 -3.033073698605649737e-02 4.326189506572048593e+00 7.471363118482234889e-01 6.621569114353034191e-01 5.775427392231442802e-02 2.053446970783101122e+00 -2.305158676940843171e-02 -6.102568401766175765e-02 9.978699766189926823e-01 1.201268836290057956e-01
6.478008864825359758e-01 -7.610145934526401090e-01 -3.479655190609479143e-02 4.393222545654580813e+00 7.612821275226727691e-01 6.449770355357619112e-01 6.673938826550192271e-02 2.119652548176088835e+00 -2.834667153288955577e-02 -6.972382794721924959e-02 9.971635041603723604e-01 7.718921378686410817e-02
6.399106888925059078e-01 -7.682100493656658369e-01 -1.917368756186340478e-02 4.508704125671485485e+00 7.669719010385787072e-01 6.369351327766233917e-01 7.789569726303197106e-02 2.196035065062705183e+00 -4.762786220677377863e-02 -6.455196889659098325e-02 9.967771215538537843e-01 8.381494112795709328e-02
6.352561910314024063e-01 -7.722933520536261476e-01 -3.542616271679482898e-03 4.579554431596271513e+00 7.704776911357615887e-01 6.334343120345008460e-01 7.158980234282523447e-02 2.294380460757647455e+00 -5.304431372334350581e-02 -4.820737195857771606e-02 9.974278671014094044e-01 8.616209520213316542e-02
6.422156256350519676e-01 -7.664541256108569067e-01 1.035198165936527387e-02 4.634055792244066829e+00 7.651838987928866187e-01 6.418325988443158714e-01 5.044319665593230417e-02 2.385517256491276328e+00 -4.530663547755819226e-02 -2.447423941307594678e-02 9.986732801005817617e-01 1.079786023474153950e-01
6.490342729638038932e-01 -7.604057338208117800e-01 2.318690343231315232e-02 4.709137204724894943e+00 7.594622108948719807e-01 6.494057246841292708e-01 3.859216203005526313e-02 2.486386078476623407e+00 -4.440340911483808828e-02 -7.438058880767794631e-03 9.989859921635870776e-01 1.373628281784357863e-01
6.733503043406501298e-01 -7.387389950985799869e-01 2.939497856937417497e-02 4.778814154103457668e+00 7.371007014576128613e-01 6.738757840095970231e-01 5.073444230644614389e-02 2.561204573698735221e+00 -5.728807515573322573e-02 -1.249499284478147038e-02 9.982794957319116591e-01 1.238416969479942814e-01
6.904297822001539409e-01 -7.230324890310042552e-01 2.303770076805970735e-02 4.936183731740389824e+00 7.206657502329916198e-01 6.902378039539820431e-01 6.490493381788149663e-02 2.672286806098262524e+00 -6.282986783502995942e-02 -2.820981741193842249e-02 9.976254878006163285e-01 8.098892605515399523e-02
6.823852383494497520e-01 -7.308152376627707891e-01 1.610822406947978389e-02 5.086294755951079161e+00 7.287634634074080520e-01 6.818586677207831848e-01 6.302834010568564294e-02 2.778098617324046948e+00 -5.704560355718993336e-02 -3.127052372357182891e-02 9.978817332033137477e-01 3.392770420320828650e-02
6.618260041715857689e-01 -7.494736408110239667e-01 1.660126295617960976e-02 5.105302952274971773e+00 7.477027688793097537e-01 6.615365899506082670e-01 5.753181351855865544e-02 2.844309601656693332e+00 -5.410092062511945299e-02 -2.566323997450348574e-02 9.982056343767679030e-01 5.722665319369473619e-02
6.416071835677495949e-01 -7.667946659408467758e-01 1.913536722734459836e-02 5.095546164432534830e+00 7.651502400022075490e-01 6.415798238216467997e-01 5.404109445180359239e-02 2.948497476295881548e+00 -5.371528850173074021e-02 -2.003172358160733649e-02 9.983553464731512728e-01 1.135419925660214324e-01
6.129901205143688525e-01 -7.900307902641797719e-01 9.719186505832009410e-03 5.203774964360775357e+00 7.881331891301913695e-01 6.122905853454156944e-01 6.281970462237310149e-02 3.059751665431636791e+00 -5.558046728171292528e-02 -3.084784485055303005e-02 9.979775659426531886e-01 1.285690053826132051e-01
5.951314841987896953e-01 -8.036108749853648758e-01 5.298879183552138161e-03 5.277751861656581056e+00 8.002275365433660914e-01 5.932060785877758535e-01 8.799112503115874562e-02 3.112783026623367810e+00 -7.385395231862149079e-02 -4.812597980061993769e-02 9.961071648146845314e-01 8.948315752848598481e-02
5.955146238176003415e-01 -8.033388029920957019e-01 3.016691334673464453e-03 5.351751276169655291e+00 7.992581918155622356e-01 5.928595859170859850e-01 9.850814282047706816e-02 3.179168156523322963e+00 -8.092388791389060199e-02 -5.625192435329007257e-02 9.951316723788122820e-01 6.902920205106190255e-02
6.011930153243321140e-01 -7.990614494980043947e-01 -8.231540037294277773e-03 5.453758681919152806e+00 7.964615160575412300e-01 5.983363080057331196e-01 8.742262842875167528e-02 3.296770779927731709e+00 -6.493082291608771872e-02 -5.911397845025165299e-02 9.961373026783119089e-01 9.142622059173226290e-02
6.128843242567799665e-01 -7.899701482023318011e-01 -1.788770609933310052e-02 5.510462890181019979e+00 7.889601402027035526e-01 6.105334397914760070e-01 6.921572124682705274e-02 3.424629692324232533e+00 -4.375731083648243952e-02 -5.653391765634184496e-02 9.974413335644284340e-01 1.033479600930859166e-01
6.380021413767762439e-01 -7.697609952215055396e-01 -2.052505381833178225e-02 5.607043318063200665e+00 7.694769629422656410e-01 6.362994026830959271e-01 5.502975237344411019e-02 3.479997192162306519e+00 -2.929967746913242702e-02 -5.090265593004757172e-02 9.982737342630386701e-01 1.142860975539629065e-01
6.527130240715981468e-01 -7.574242455414966768e-01 -1.655960365479881846e-02 5.688632439299365906e+00 7.570208885517931696e-01 6.511954195587170702e-01 5.351541686280890386e-02 3.579219580982619942e+00 -2.975033619243894201e-02 -4.746617544779752063e-02 9.984297069322385365e-01 1.092374620270224334e-01
6.799028091469657697e-01 -7.332613936611488414e-01 -7.739423762433871729e-03 5.738656930533550415e+00 7.320478337518517842e-01 6.780848824127576613e-01 6.562668163557941470e-02 3.660604972928910517e+00 -4.287352578556900828e-02 -5.028539359880136034e-02 9.978142311960317423e-01 1.451903574994504731e-01
6.867162261290238323e-01 -7.269255917571375569e-01 -9.391297339526524790e-05 5.858459114249706445e+00 7.248314022258381950e-01 6.847280643150335244e-01 7.594021521376115302e-02 3.784345879599924967e+00 -5.513858103394070342e-02 -5.221744907521323059e-02 9.971123682382246889e-01 1.214138764665419756e-01
6.852802893053697719e-01 -7.282749779336364915e-01 2.545899705390111678e-03 5.927659107674834615e+00 7.262280431527928792e-01 6.836080435902454067e-01 7.261454452919524627e-02 3.866872666176423223e+00 -5.462375333143944245e-02 -4.791241232163584440e-02 9.973568299848893925e-01 8.550600817197215320e-02
6.752884986682832213e-01 -7.375524276579268346e-01 1.363826321309581646e-03 5.972655700067103446e+00 7.363984141075745615e-01 6.743330572794701272e-01 5.470195206729016463e-02 3.924115280514805626e+00 -4.126523071770431261e-02 -3.593527954561422794e-02 9.985017959011356359e-01 8.338264726974278784e-02
6.655113042094378262e-01 -7.463657618723298359e-01 -5.731795023344723322e-03 6.041265423962975945e+00 7.461668278948883071e-01 6.651078457256376364e-01 2.943838486536547172e-02 3.995880175249668653e+00 -1.815954070821162655e-02 -2.386845321628158767e-02 9.995501628344267697e-01 1.311408434031127168e-01
6.285394495936629244e-01 -7.776802165469243189e-01 -1.231426392538046907e-02 6.090859474541913343e+00 7.777775044955435035e-01 6.284490997918636968e-01 1.067157305558829108e-02 4.103691949106139880e+00 -5.601831662614513430e-04 -1.628526212023994821e-02 9.998672294022318274e-01 1.593117689260322711e-01
6.304723641758407382e-01 -7.762093833341092708e-01 1.895055304711502214e-03 6.103948181710596721e+00 7.760753642394118135e-01 6.304055064174093337e-01 1.720251432999961652e-02 4.159109035208960137e+00 -1.454740633894083257e-02 -9.375004143545827284e-03 9.998502299175203722e-01 1.966057908910228413e-01
6.346771167655633761e-01 -7.727101771433108057e-01 1.019507691510426403e-02 6.272114828268252396e+00 7.721127814495424291e-01 6.346231067918832736e-01 3.309629961293591299e-02 4.274586492463975596e+00 -3.204387892254546844e-02 -1.313371481993422761e-02 9.994001677799668748e-01 1.597142565660818470e-01
6.473300816765288346e-01 -7.621960594653915955e-01 4.575182191737435511e-03 6.371652351353127131e+00 7.616859964526443427e-01 6.470960728592136668e-01 3.318305739568692958e-02 4.382944434101220033e+00 -2.825257801689520787e-02 -1.799553904756103981e-02 9.994388187426916925e-01 9.063387726258478883e-02
6.643638287014490551e-01 -7.474059689415708529e-01 -2.240692674929661496e-03 6.440082986130886589e+00 7.473269707799332640e-01 6.642431334930656295e-01 1.683622143482157996e-02 4.484838904352437261e+00 -1.109512767121742516e-02 -1.285990660250743885e-02 9.998557500680456123e-01 7.194081344616795604e-02
6.770340881060209481e-01 -7.359379085106223517e-01 -4.498706420700581896e-03 6.487300313707578425e+00 7.359481290528016029e-01 6.770371233451824011e-01 1.041612289323488264e-03 4.555421623477128534e+00 2.279229284161935973e-03 -4.016021599934570599e-03 9.999893382853534129e-01 1.140428692184828341e-01
6.988988000344582563e-01 -7.152172892762730383e-01 -2.167124983541626922e-03 6.542594711481070746e+00 7.151949790182797750e-01 6.988962154641035207e-01 -6.342081440319999493e-03 4.660582388936359344e+00 6.050561745549983168e-03 2.882556201226411062e-03 9.999775405339411671e-01 1.718311290786943279e-01
7.029767987905439774e-01 -7.111847405148585821e-01 6.315474725808403571e-03 6.683327828426822492e+00 7.112113978010952131e-01 7.029652305665169409e-01 -4.269924165124831805e-03 4.785751572544135968e+00 -1.402854237372487371e-03 7.493295228197523888e-03 9.999709408410885070e-01 1.817223416891680654e-01
6.985267539882042964e-01 -7.154353449638898299e-01 1.458221996482745274e-02 6.743308070295880974e+00 7.155575024182802002e-01 6.985310657108956267e-01 -5.640121427197092481e-03 4.856615037651351052e+00 -6.150991433556641727e-03 1.437419261038521551e-02 9.998777664750746474e-01 1.503418624245836110e-01
6.927972649149654050e-01 -7.210728525664105160e-01 9.267740721612271679e-03 6.831156382610571676e+00 7.211304274130265757e-01 6.927080273364112362e-01 -1.124702284177300782e-02 4.924037736494515372e+00 1.690084450263469856e-03 1.447515649094584939e-02 9.998938010904525608e-01 1.425802845238448580e-01
6.872666080249507647e-01 -7.264045206081399808e-01 -1.040160534141200714e-03 6.881501726822762066e+00 7.263941247134899637e-01 6.872632935707435609e-01 -4.554216948794869747e-03 5.028141084400805205e+00 4.023067933970989052e-03 2.374394733848977403e-03 9.999890885274931307e-01 1.832582978896308279e-01
6.776353614235488543e-01 -7.353622699135173857e-01 -7.255958655861950539e-03 7.014139140100192016e+00 7.353049244255036587e-01 6.773595222789539072e-01 2.259968348521096751e-02 5.137415675458366415e+00 -1.170406185820127218e-02 -2.064968681764189559e-02 9.997182629973070389e-01 1.693500445477983396e-01
6.699477847159450716e-01 -7.423415415019961605e-01 -9.949950484190950295e-03 7.087885465172657717e+00 7.417031359680851255e-01 6.686674358478416069e-01 5.253873172984682011e-02 5.232987868191747438e+00 -3.234847522381737589e-02 -4.257811641104779915e-02 9.985693166493657680e-01 1.458176441561860048e-01
6.737429084161188353e-01 -7.388289078933872878e-01 -1.422456396709124646e-02 7.169180245094305626e+00 7.377044319467579436e-01 6.713439898918036608e-01 7.134015925315093098e-02 5.295600312263481158e+00 -4.315859642180761013e-02 -5.855845026312037072e-02 9.973506121007201797e-01 1.337751171691216601e-01
6.663820816965968508e-01 -7.451866619658069624e-01 -2.513483682000474881e-02 7.294594294462802608e+00 7.449376174515689453e-01 6.639705838403500149e-01 6.489229461411180622e-02 5.400804331502746969e+00 -3.166808013268121447e-02 -6.196694782674899704e-02 9.975756763663331528e-01 1.007997355699976061e-01
6.708272760483877661e-01 -7.413010851100888532e-01 -2.152828195897424357e-02 7.307445654901532528e+00 7.414068747699728013e-01 6.696722275185589268e-01 4.306917382715274439e-02 5.492048579721454438e+00 -1.751033275874947642e-02 -4.485319280649326806e-02 9.988401170065914769e-01 1.156862213765400410e-01
6.879483905580672243e-01 -7.255896633750311686e-01 -1.570516895400283705e-02 7.374936176777331376e+00 7.257135642569438883e-01 6.874999035026867489e-01 2.614775969904582428e-02 5.602970387553118492e+00 -8.175242017671526668e-03 -2.938576334052456565e-02 9.995347129193898894e-01 1.913356132942346244e-01
7.163959408120321726e-01 -6.974727562250725432e-01 -1.756730804204544374e-02 7.447711860121566829e+00 6.976803981083107287e-01 7.159979261584934473e-01 2.426997800093373334e-02 5.703355694567468603e+00 -4.349492323541158216e-03 -2.964328019193183603e-02 9.995510781625870367e-01 2.775587008743553019e-01
7.233355949201120128e-01 -6.900561947766882254e-01 -2.465897751094061827e-02 7.629408118437776665e+00 6.903906670170546489e-01 7.221375882355463016e-01 4.333624987346288565e-02 5.796136762249011198e+00 -1.209727313546829844e-02 -4.837098001556474486e-02 9.987561785916619916e-01 2.748470258418193035e-01
7.163858080819653917e-01 -6.971786750599420213e-01 -2.707894053343250576e-02 7.684723339071394932e+00 6.973905777975772935e-01 7.143602354609153160e-01 5.775669650687082629e-02 5.876695537589711194e+00 -2.092261881100442381e-02 -6.026067568397621560e-02 9.979633735704933617e-01 1.559128080650205583e-01
7.133467381474796198e-01 -7.003215229641912565e-01 -2.619533636865244847e-02 7.766436645814421169e+00 7.005972528086841233e-01 7.117068578967313819e-01 5.135014877959567098e-02 5.947249842804716025e+00 -1.731821385928263013e-02 -5.498284183158966970e-02 9.983371006693313454e-01 1.130250336212203638e-01
7.010868106556531476e-01 -7.126029026647476838e-01 -2.596896298392825653e-02 7.796727773665645955e+00 7.130142740155419601e-01 7.000822499297119084e-01 3.867154488046837396e-02 6.063520693726998090e+00 -9.377045098221925903e-03 -4.562835135229661304e-02 9.989144731047284731e-01 1.776490232107308109e-01
6.954679934813772224e-01 -7.177503629056892764e-01 -3.403948577370635026e-02 7.886495747735598805e+00 7.185228781066398396e-01 6.941919801412672619e-01 4.268920642149689332e-02 6.161473067443692386e+00 -7.010255368945561560e-03 -5.414712602066427266e-02 9.985083600367923307e-01 2.890480308763581085e-01
6.872205722916381321e-01 -7.254207557774685622e-01 -3.863433843616127794e-02 7.993709801740821241e+00 7.262749448173837497e-01 6.849202616953473655e-01 5.838612548956394893e-02 6.229857064116420595e+00 -1.589306608743539656e-02 -6.818329858860869286e-02 9.975462135880808212e-01 2.605868999320877233e-01
6.881044483725822225e-01 -7.249662947594422979e-01 -3.059639836042509289e-02 8.121737736068679325e+00 7.250200677885051403e-01 6.852295978148748024e-01 6.932748071592063910e-02 6.280932217478318869e+00 -2.929452907652988283e-02 -6.988755068844891560e-02 9.971246465838430328e-01 1.667640572849193314e-01
6.877618884783858189e-01 -7.256396856372592241e-01 -2.075165981082451039e-02 8.215505748996731583e+00 7.255384713439877453e-01 6.861577068082189701e-01 5.274019328288202801e-02 6.381668382574871679e+00 -2.403146596597917350e-02 -5.132882246794609471e-02 9.983926284922080008e-01 1.304240539176249047e-01
6.966829795372996292e-01 -7.172135572641408219e-01 -1.541231000037349488e-02 8.252649587605827008e+00 7.173657102695188970e-01 6.963776966241856936e-01 2.108414982640290092e-02 6.451973487041132493e+00 -4.389049161166545289e-03 -2.574523103238115368e-02 9.996589014891780201e-01 1.816793414872364121e-01
7.068992595230854104e-01 -7.071966198360253308e-01 -1.289875103310015106e-02 8.349918990024264076e+00 7.071656362698295339e-01 7.070070123104930104e-01 -7.605749330450327014e-03 6.548789859647698108e+00 1.449826764826360470e-02 -3.745054911594849351e-03 9.998878811141319600e-01 2.644951781154429304e-01
7.349545119607340249e-01 -6.779582790532004966e-01 -1.464367480457753196e-02 8.412927941242591245e+00 6.780618695888745995e-01 7.349979080105895068e-01 3.190020328628612178e-03 6.618995866997063438e+00 8.600369654810088166e-03 -1.227383734941540037e-02 9.998876869721522453e-01 2.725235153992289217e-01
