1.000000000000000000e+00 0.000000000000000000e+00 0.000000000000000000e+00 0.000000000000000000e+00 0.000000000000000000e+00 1.000000000000000000e+00 0.000000000000000000e+00 0.000000000000000000e+00 0.000000000000000000e+00 0.000000000000000000e+00 1.000000000000000000e+00 0.000000000000000000e+00
9.999985869211177603e-01 -1.657619456682656034e-03 -2.800955273911610237e-04 1.276326907141608208e-02 1.657780389611016383e-03 9.999984603886982182e-01 5.753124480458877412e-04 -4.905845392962737694e-02 2.791414470453688792e-04 -5.757759719565435112e-04 9.999997952810203428e-01 -1.389142266222588920e-02
9.999938537152848195e-01 -3.500404326115638762e-03 -1.992516181246407534e-04 1.467613637834411233e-02 3.500469352857281998e-03 9.999938198908508991e-01 3.269471122890986589e-04 -9.670137686020373324e-02 1.981059396416248047e-04 -3.276425769618122614e-04 9.999999267021865146e-01 -2.140003327862233240e-02
9.999945072194145190e-01 -3.302170196014551484e-03 -2.849613954150198168e-04 1.341154193498759160e-02 3.302281037982694473e-03 9.999944716455313465e-01 3.893819728367762015e-04 -1.049144155182954036e-01 2.836740145018491386e-04 -3.903208566596716293e-04 9.999998835893344484e-01 -1.877904804737090538e-02
9.999979811770308702e-01 -1.997447103655757006e-03 2.187394128312935583e-04 -2.121991859536921654e-02 1.997463412672691695e-03 9.999980023028073317e-01 -7.436605126705952582e-05 -6.664973574421761970e-02 -2.185904336024689046e-04 7.480282510920712087e-05 9.999999733113794642e-01 -1.193619816387608487e-03
9.999994796685521825e-01 -8.636062377312288523e-04 5.429980581317511972e-04 -5.859603986706361789e-02 8.636471491242955333e-04 9.999996242357060972e-01 -7.511357006230532773e-05 -2.199343960600175230e-02 -5.429329855448253132e-04 7.558248970323817439e-05 9.999998497555189214e-01 1.063915202959666781e-02
9.999982976737452622e-01 1.558037474628808225e-03 9.885185072642289645e-04 -9.527043213137811883e-02 -1.558108810429464095e-03 9.999987835988655149e-01 7.139834930066076631e-05 2.103020444368265685e-02 -9.884060635253582010e-04 -7.293844715281717276e-05 9.999995088665976084e-01 1.885774515189525893e-02
9.999993362540732234e-01 5.992892821708995215e-04 9.840445971809382714e-04 -4.937920798156147928e-02 -6.004357529931193208e-04 9.999991409181885338e-01 1.165178008437146818e-03 -8.122905060592808257e-03 -9.833454731138454620e-04 -1.165768090613677121e-03 9.999988370075434396e-01 2.285352865552144758e-02
9.999987171928096386e-01 -1.501866331377233734e-03 5.567856478928835109e-04 -4.434610893257871778e-02 1.501168983035789913e-03 9.999980910396170097e-01 1.250763289458702455e-03 -1.449144326058574017e-02 -5.586630642841005452e-04 -1.249925855625744989e-03 9.999990627900288143e-01 1.810848619494002942e-02
9.999969030564415107e-01 -2.416405646147746361e-03 5.957023410387491443e-04 -7.649852019601065256e-02 2.415988063078534573e-03 9.999968359925417438e-01 7.007186200863400449e-04 -1.030135188627184784e-02 -5.973936766620366150e-04 -6.992772402552257550e-04 9.999995770659787508e-01 1.694265195553679160e-02
9.999993786939483931e-01 -6.845399048926242239e-04 8.797822661405314479e-04 -7.524784408041507167e-02 6.841122361959421031e-04 9.999996477433076292e-01 4.863164699473285398e-04 -4.676532207098486535e-03 -8.801148592614258838e-04 -4.857142979825078552e-04 9.999994947395999256e-01 2.530050134899474237e-02
9.999998448590261546e-01 1.654154570188148831e-04 5.319019178482352296e-04 -3.583899542232996116e-02 -1.656071939609170317e-04 9.999999213248769170e-01 3.604504087855914295e-04 6.181889216841428801e-03 -5.318422519316844252e-04 -3.605384396490412223e-04 9.999997935779050273e-01 1.130435918378544166e-02
9.999999666039079971e-01 -2.508463037435752037e-04 6.219577727705322384e-05 -7.190623689713465314e-03 2.508143159992817827e-04 9.999998365596808325e-01 5.137828243392364739e-04 1.161829038967832073e-03 -6.232464763416795497e-05 -5.137672075895622281e-04 9.999998660794383598e-01 -3.874262355046807771e-03
9.999996264263293355e-01 -8.623396810683884792e-04 5.930831513595493786e-05 -8.308374686411063720e-03 8.623138136201165607e-04 9.999995336803145785e-01 4.348034500839609772e-04 -3.122665632398956715e-03 -5.968323574779291424e-05 -4.347521452734358057e-04 9.999999037142371927e-01 -7.394819868154493131e-03
9.999995571006959905e-01 -9.398610403814951914e-04 4.959472388148120558e-05 -1.030060178003077039e-02 9.398481343327116933e-04 9.999995246426406359e-01 2.596150557578106818e-04 -9.347956187625267033e-03 -4.983870238266745580e-05 -2.595683292657704707e-04 9.999999650701925091e-01 -3.318607803882453119e-03
9.999999438330943180e-01 -3.443732352353485521e-05 3.333884805400482375e-04 -1.689299518024146851e-02 3.447045109894349813e-05 9.999999944695847631e-01 -9.936105083506464582e-05 -1.504056291621055051e-02 -3.333850569676182385e-04 9.937253730557729225e-05 9.999999394897495231e-01 6.590732976547152358e-03
9.999999551352521943e-01 -2.670566294731962229e-04 1.356843772296791994e-04 1.307501775381475842e-02 2.670826465406172428e-04 9.999999459465129803e-01 -1.917650410366740228e-04 -3.000784099406807182e-02 -1.356331577699554326e-04 1.918012713757485217e-04 9.999999724079590147e-01 2.217993165962122218e-03
9.999997527950511556e-01 -6.477036563315994363e-04 -2.736600265715594116e-04 3.897629758408031886e-02 6.477289088525851803e-04 9.999997859733320560e-01 9.219843089810536476e-05 -3.554966718003846338e-02 2.736002507402150860e-04 -9.237566561660474375e-05 9.999999583048186924e-01 -1.138968967883846259e-02
9.999997633550562481e-01 -5.527170612981872162e-04 -4.096262706097484880e-04 2.914253690179591239e-02 5.525763814729517951e-04 9.999997883444415869e-01 -3.434682150498165895e-04 -6.212659981932190656e-02 4.098160246525431034e-04 3.432417839674303502e-04 9.999998571179415929e-01 -2.949021665447945292e-02
9.999900452668882833e-01 4.455206011019190518e-03 -2.459807435098889912e-04 1.563561587539770426e-02 -4.455340564419452490e-03 9.999899241109065917e-01 -5.491967938180693882e-04 -7.666416217293607616e-02 2.435314801781475252e-04 5.502872546951867059e-04 9.999998189381613667e-01 -2.315080996521100970e-02
9.999822173014326632e-01 5.961639255242475940e-03 -1.547200720411766360e-04 -5.402714174144493398e-03 -5.961708069195272366e-03 9.999821284257131015e-01 -4.481808543802300385e-04 -6.680881481574184322e-02 1.520454143749941822e-04 4.490952804171473431e-04 9.999998875978042268e-01 -1.647724546333291518e-02
9.999855427237803740e-01 5.377061567021704583e-03 -3.939962932454336460e-05 -1.018201454632168546e-02 -5.377067675892672691e-03 9.999855312021576070e-01 -1.566191162747128797e-04 -7.904130676087356422e-02 3.855690862848993450e-05 1.568287064621707964e-04 9.999999869590607826e-01 -9.521681157632293224e-03
9.999906914475190645e-01 4.309432025225455598e-03 -2.140418948399262983e-04 2.506996833344031853e-02 -4.309416396757866086e-03 9.999907117265157686e-01 7.342353738767657214e-05 -8.716802651971779226e-02 2.143563205036937266e-04 -7.250045826960916403e-05 9.999999743975254152e-01 -1.300125663441176541e-02
9.999874348005054481e-01 5.003103751450583246e-03 -3.149507217528874211e-04 3.746736261462135786e-02 -5.003127149989162158e-03 9.999874815762984648e-01 -7.354871358052939045e-05 -7.438573480755776568e-02 3.145788072214782821e-04 7.512352793318122647e-05 9.999999476983134628e-01 -1.902931847607716373e-02
9.999821292041062293e-01 5.964586382692193059e-03 -4.061794007983127804e-04 6.875354681261962309e-02 -5.964736173890579016e-03 9.999821428785409250e-01 -3.685734895890040185e-04 -7.262581591695936589e-02 4.039737591863946475e-04 3.709896558524306410e-04 9.999998495859272474e-01 -2.408282294989025699e-02
9.999325744442222330e-01 1.160279192870207476e-02 -4.709403456051174282e-04 1.076105209054913081e-01 -1.160286818255862676e-02 9.999326717366484596e-01 -1.595103329277337172e-04 -7.787417209963465314e-02 4.690578728060671582e-04 1.649638366067885515e-04 9.999998763858146678e-01 -3.331877624978707431e-02
9.999101617156825883e-01 1.339095278234954736e-02 -5.923523431156968617e-04 7.756765024617902349e-02 -1.339084628414378281e-02 9.999103217806848409e-01 1.833909535376678152e-04 -3.428001899127604279e-02 5.947550016118920233e-04 -1.754423788363279407e-04 9.999998077432113996e-01 -5.496479060204256806e-02
9.999348187502620222e-01 1.139317814680652734e-02 -7.441388282737937182e-04 7.463013988638561580e-02 -1.139329577555220178e-02 9.999350824365097479e-01 -1.540261705706151736e-04 -2.125594524645517749e-02 7.423356729935821951e-04 1.624943247209212197e-04 9.999997112666297872e-01 -6.490270327075894907e-02
9.999567361261595400e-01 9.265171818826665323e-03 -8.261156611825315639e-04 9.629684348572174757e-02 -9.265276078002745996e-03 9.999570689090557796e-01 -1.224663560645593773e-04 -1.657776741671288662e-02 8.249455233049871224e-04 1.301152473687988492e-04 9.999996512673922089e-01 -6.220687491338509900e-02
9.999981224560723359e-01 -1.785043984475619128e-03 -7.541235334816782021e-04 1.308033747951505565e-01 1.785531946595488983e-03 9.999981967082866019e-01 6.468816295639304766e-04 -2.706169108085824601e-03 7.529674614154385206e-04 -6.482269266759660073e-04 9.999995064208049289e-01 -4.673199804624222214e-02
9.997164019283564240e-01 -2.380527765877090904e-02 -6.515143971836058392e-04 1.690635298744400661e-01 2.380580680969255139e-02 9.997162679049192979e-01 8.168527401647078089e-04 4.773115036134894379e-02 6.318841353527690149e-04 -8.321309081758664766e-04 9.999994541401465709e-01 -2.810638853641621998e-02
9.986161437576412947e-01 -5.258300838711752606e-02 -9.081054884456359142e-04 1.929976969288947908e-01 5.258448017133172253e-02 9.986150643549864814e-01 1.680978404712502733e-03 7.406060135327602323e-02 8.184569192316941931e-04 -1.726404427304518117e-03 9.999981748263467862e-01 -3.069013411824086934e-02
9.978499525966202377e-01 -6.552337913080769072e-02 -1.469316236605209191e-03 2.156164478909581295e-01 6.552725472864326384e-02 9.978469459815302312e-01 2.766095273220284170e-03 2.599717400091568209e-02 1.284908810078435508e-03 -2.856428296573557211e-03 9.999950949013381996e-01 -6.059445170512593737e-02
9.974574774950217826e-01 -7.125231085183589275e-02 -1.299533586116789286e-03 2.567991992893935427e-01 7.125425491007045253e-02 9.974570322349485263e-01 1.516575833782681394e-03 -3.559213737851348036e-02 1.188169381358626523e-03 -1.605317203004146681e-03 9.999980056031106956e-01 -4.183511631907556316e-02
9.969222964676129894e-01 -7.839013178728229669e-02 -9.602312811545513299e-04 2.752284031283946386e-01 7.838914462907331515e-02 9.969223086988516780e-01 -1.025876636639427592e-03 -7.000663438113768899e-02 1.037694590437110258e-03 9.474475837152646247e-04 9.999990127660192130e-01 -3.510780393145649519e-03
9.968692709944492192e-01 -7.903788196494287988e-02 -2.160963093397502092e-03 3.094621236897604488e-01 7.903092905275513336e-02 9.968672406505844075e-01 -3.133172632995817695e-03 -1.823522179390040243e-01 2.401832644805432151e-03 2.952580597634379706e-03 9.999927567076477564e-01 -4.053458582792687781e-02
9.964445775310520892e-01 -8.400981444964111811e-02 -6.368279602843065525e-03 3.811755030698248392e-01 8.382531347373378683e-02 9.961629452602617230e-01 -2.515359440380293687e-02 -1.797552259457962653e-01 8.456992964014014430e-03 2.453033971508814665e-02 9.996633141730614236e-01 -8.815416366637880696e-02
9.959397800996475647e-01 -8.954596320016605659e-02 -9.245263090914147830e-03 3.847165364163378509e-01 8.886451808513215478e-02 9.943519235523576860e-01 -5.802886827453566931e-02 -7.559197884189833294e-02 1.438929604125695205e-02 5.697168245962812294e-02 9.982720949506483921e-01 -2.897468383894744037e-02
9.987474625814191098e-01 -4.896062140574139465e-02 -1.031327003139658610e-02 4.523744879174585454e-01 4.818831181625674032e-02 9.967125333522196540e-01 -6.513073362783144971e-02 -5.422575436424735551e-02 1.346820669116926064e-02 6.455217587474476604e-02 9.978234432996450076e-01 2.800616401870527350e-02
9.991719210672982410e-01 -3.982153568455020637e-02 -8.349697384267006778e-03 6.890996347800573130e-01 3.928718700878585518e-02 9.976254782277996780e-01 -5.656785419026133521e-02 -7.140475663374130921e-02 1.058248967027270587e-02 5.619297541933576667e-02 9.983638417059687020e-01 -6.812192613356304882e-04
9.982917540503745135e-01 -5.808973549270952247e-02 -6.257509521649067333e-03 7.668718286118281213e-01 5.773923207933778085e-02 9.972569582705855806e-01 -4.631134050951245945e-02 -2.155769800083316701e-02 8.930558432419357165e-03 4.587092555515619868e-02 9.989074548299249345e-01 -4.306230103978899576e-02
9.982066849599255942e-01 -5.986069870755605926e-02 3.329437775852074188e-04 7.388823865284681602e-01 5.984435938078168371e-02 9.977697751016411098e-01 -2.956566494980963564e-02 -7.646909977044291304e-03 1.437620123566421765e-03 2.953256920526474774e-02 9.995627847236593366e-01 -1.564292387231766557e-02
9.978178756719466858e-01 -6.601318805828038094e-02 1.321359869830903517e-03 7.534006708433351740e-01 6.601806330892370789e-02 9.978101345567300662e-01 -4.068254271684122562e-03 -1.882718318651871447e-02 -1.049907835208250964e-03 4.146610454605541805e-03 9.999908516157911542e-01 -2.857599177625700163e-02
9.955234144609039770e-01 -9.449673388081643310e-02 -1.870440044820293217e-03 8.650792134248466159e-01 9.450884510290132046e-02 9.954913412595559619e-01 8.066453654864405229e-03 2.311840011182664245e-02 1.099753344578076981e-03 -8.207116613551437498e-03 9.999657163020503337e-01 5.891493759478531878e-02
9.853614947181678074e-01 -1.698267074810696220e-01 -1.488671061441582122e-02 9.309224721295475957e-01 1.699584715345964503e-01 9.854181378143790360e-01 8.075371202944821997e-03 1.260873525723489041e-01 1.329822094875562563e-02 -1.048728242114172621e-02 9.998565768284055633e-01 1.530988031734681343e-01
9.733755087242270676e-01 -2.271970550986434356e-01 -3.035814833543186084e-02 9.634400889892811293e-01 2.275736472101967112e-01 9.737141339215465985e-01 9.540466281122842937e-03 1.402459530567636281e-01 2.739259227055785770e-02 -1.619517075909667272e-02 9.994935529220699832e-01 1.294776722265273405e-01
9.629758083529709189e-01 -2.666351575870360424e-01 -3.979051728086224760e-02 1.146426105131622242e+00 2.675402473069834475e-01 9.633516555603259812e-01 1.938565965081292392e-02 1.079937017953232214e-01 3.316336228219725346e-02 -2.931348610649182895e-02 9.990199752429499425e-01 2.429654415771743958e-02
9.574403487580375183e-01 -2.866289964952786762e-01 -3.393813398224847927e-02 1.355521858137866298e+00 2.876243551912993079e-01 9.572946874192768130e-01 2.931060797080888014e-02 1.244836402129887165e-01 2.408752521279063086e-02 -3.782459262092151275e-02 9.989940396830125913e-01 -1.075229864695442933e-01
9.534056096105687494e-01 -3.007412226457855664e-01 -2.392614813583204825e-02 1.441257867559883499e+00 3.012479346306995986e-01 9.533041944908405840e-01 2.146612789739496194e-02 1.496789058695859043e-01 1.635314782656453053e-02 -2.767362946358184819e-02 9.994832388732063366e-01 -1.513180105984960333e-01
9.498280106718460791e-01 -3.125778112547814569e-01 -1.103911474411051023e-02 1.379383865953422106e+00 3.125429975614671951e-01 9.498915176879179079e-01 -4.793672896291487767e-03 2.054515985801503297e-01 1.198435724000836665e-02 1.102966778346803171e-03 9.999275767003477089e-01 3.503445560710968798e-02
9.550132017708728993e-01 -2.957926095668410582e-01 -2.136624836007352743e-02 1.362451291382873686e+00 2.954526048657398762e-01 9.551935342774691140e-01 -1.769379418232532378e-02 2.298048733034797064e-01 2.564259583963740888e-02 1.058509329934528495e-02 9.996151324777197145e-01 2.081497590845273193e-01
9.600413245323929923e-01 -2.778978602419661104e-01 -3.306712057354219830e-02 1.603348581544376206e+00 2.778163990523405125e-01 9.606077639946912772e-01 -7.125459333278933750e-03 2.622463806815820142e-01 3.374468265785258297e-02 -2.345852948548248461e-03 9.994277329383374209e-01 1.965201610150632550e-01
9.554082558133364378e-01 -2.919304473622660323e-01 -4.440358799224945058e-02 1.902905997214803913e+00 2.928322000499978817e-01 9.560425032098737175e-01 1.523268427023198590e-02 3.489306681062760984e-01 3.800483308207307925e-02 -2.755623267186166347e-02 9.988975356378341219e-01 6.721108264199027182e-03
9.456965044699852108e-01 -3.227551781100914674e-01 -3.856444523617902354e-02 2.008985029702447189e+00 3.238668697674119690e-01 9.457140389172278283e-01 2.711470563960287003e-02 3.718228263412884926e-01 2.771952561479637880e-02 -3.813202850606311339e-02 9.988881700679528297e-01 -1.219702226933565836e-01
9.235604327392703539e-01 -3.824186711445732301e-01 -2.814404090514428802e-02 2.005331197851665692e+00 3.831370910790151130e-01 9.232890843511173395e-01 2.726235788749497083e-02 3.823642283768389771e-01 1.555945108164746155e-02 -3.596146101167350950e-02 9.992320435233968956e-01 -8.480164774100681924e-02
8.983146613083158316e-01 -4.389835574485363989e-01 -1.800570932658344947e-02 1.983190213496456078e+00 4.393206069168193451e-01 8.979895704947067347e-01 2.474137467825348463e-02 4.015750226311008975e-01 5.307882512204355197e-03 -3.013581876371989460e-02 9.995317197621478300e-01 5.448751266058544929e-02
8.577852829920846744e-01 -5.138572626559571033e-01 -1.245479417396562136e-02 2.096655439303747759e+00 5.139574624871737774e-01 8.571084410784408636e-01 3.482595276270766815e-02 4.755564355854393077e-01 -7.220459537630105618e-03 -3.627442415547957322e-02 9.993157814806358230e-01 9.239276601289035662e-02
8.335213140193455938e-01 -5.524660781070981352e-01 -4.842686901410106839e-03 2.209154950974327569e+00 5.519969142555397612e-01 8.323802631970989019e-01 4.942169657438347241e-02 5.124369459791282555e-01 -2.327285388227175872e-02 -4.386718569602959805e-02 9.987662610897929394e-01 1.300739658097170570e-02
8.116653053523158468e-01 -5.840942808397225905e-01 5.770890542987086591e-03 2.343154264343584092e+00 5.830317667902321643e-01 8.107132950427278217e-01 5.308401034608523084e-02 5.750709340701591898e-01 -3.568460453462102278e-02 -3.972183695764995581e-02 9.985733747040913544e-01 1.395181796263689211e-02
8.089235879386449390e-01 -5.878794346344117239e-01 6.356037318476125825e-03 2.400954443247965475e+00 5.869487272363201891e-01 8.081677342147292054e-01 4.853972568829224843e-02 6.455983781224883256e-01 -3.367225077319978277e-02 -3.553426104698487187e-02 9.988010291442993571e-01 6.580827847806144937e-02
8.050279836044720305e-01 -5.931667486395059141e-01 -9.118877242025549834e-03 2.536164837550397788e+00 5.932136843433329920e-01 8.047656510620664339e-01 2.120781880478840239e-02 7.210678498714563345e-01 -5.241213745538354785e-03 -2.248233037488435795e-02 9.997335017390325262e-01 6.489061641788747281e-02
8.073494773615257358e-01 -5.891857526365853470e-01 -3.235692034375010212e-02 2.564999501892706757e+00 5.894848893056152672e-01 8.077793222146837371e-01 -3.631566230367037212e-04 7.556964162723084355e-01 2.635121789249780799e-02 -1.878072129729707607e-02 9.994763117868954438e-01 5.210806531575613854e-02
8.330625192364087273e-01 -5.498191494043238592e-01 -6.087480588711485785e-02 2.676553226228645777e+00 5.496832843023526927e-01 8.351224421592495784e-01 -2.046444625563748412e-02 8.114945662077805988e-01 6.208966099172272268e-02 -1.641370007879803042e-02 9.979356013529411262e-01 9.783619593937110948e-02
8.332318517742092201e-01 -5.474721562813885667e-01 -7.745269062808105009e-02 2.925544532466190173e+00 5.482853694781962828e-01 8.362016784706195471e-01 -1.224363259316603274e-02 9.051927260839216505e-01 7.146911784176468441e-02 -3.226439244005104012e-02 9.969208464945420456e-01 1.741887759481671738e-01
8.340147194431438704e-01 -5.468247071074590071e-01 -7.349957448186791864e-02 2.992479138466519029e+00 5.485741859114885433e-01 8.360902546802357893e-01 4.410054453858155976e-03 9.482721538523057880e-01 5.904075121237498114e-02 -4.399801956429501282e-02 9.972854977240460661e-01 8.747202025020403560e-02
8.160502925040150624e-01 -5.731801441686544818e-01 -7.434004597060678288e-02 3.080532410954710976e+00 5.748762651403512836e-01 8.182384902930133208e-01 1.747221019465453745e-03 9.961368687518411535e-01 5.982641458747078866e-02 -4.416214820194840074e-02 9.972314198739413715e-01 -5.982865114871557116e-03
7.931609583527564622e-01 -6.041961702492407715e-01 -7.643743847806155900e-02 3.025340106813378505e+00 6.053285971545964150e-01 7.959128474707347634e-01 -1.000143479083377175e-02 1.036971034802027125e+00 6.688036791006235493e-02 -3.833701980041545609e-02 9.970242170083117861e-01 6.650582081279822477e-02
7.694816997062975394e-01 -6.324422081748832802e-01 -8.896497701896563526e-02 3.100875062436292851e+00 6.340058573483897675e-01 7.732183154006312398e-01 -1.303877206424646287e-02 1.097653103048005674e+00 7.703561945646150710e-02 -4.637122003880972398e-02 9.959494079957432744e-01 2.095584980013750209e-01
7.456778543599398290e-01 -6.575038028918617217e-01 -1.079503899941836320e-01 3.185998729563269904e+00 6.614136478285471687e-01 7.500211196296010518e-01 5.536927796228746645e-04 1.171276950930430605e+00 8.060101725965387875e-02 -7.181273767445106593e-02 9.941561279418889008e-01 2.008941376217352748e-01
7.419558188219157469e-01 -6.606749502542995645e-01 -1.140621454417699854e-01 3.398454942616878860e+00 6.672166915535001630e-01 7.442998704836927271e-01 2.897566755675955175e-02 1.232089550964896363e+00 6.575294235775430707e-02 -9.760283246113905797e-02 9.930509743547210055e-01 6.742634747393613792e-02
7.232781117755615607e-01 -6.834138491799034432e-01 -9.906706705806063440e-02 3.567364344880114668e+00 6.894085234710701782e-01 7.228762032000098925e-01 4.653904395856074683e-02 1.333016087620395362e+00 3.980779812821889918e-02 -1.019583522632947631e-01 9.939918679807883128e-01 -3.566888023950962050e-02
7.164020725289192981e-01 -6.933888104499857929e-01 -7.733064088071837927e-02 3.619109157656724474e+00 6.972594830187007764e-01 7.154335357533880835e-01 4.454289236118032236e-02 1.365797670925108509e+00 2.443939067904727855e-02 -8.583014308597665398e-02 9.960099912757289786e-01 -2.246388634401977336e-02
7.150472937375871307e-01 -6.961434002070524540e-01 -6.396666371412776386e-02 3.637494754758546112e+00 6.985788186019906698e-01 7.149917475841889303e-01 2.782867383032300995e-02 1.441600702483066820e+00 2.636288905260025101e-02 -6.458457427800468054e-02 9.975639482489978560e-01 5.349365384690575598e-02
7.141771622009868148e-01 -6.975635620361350098e-01 -5.793149324853107129e-02 3.705983652198716616e+00 6.991062168375125063e-01 7.149522350821616579e-01 9.684995103897479224e-03 1.544893484433334185e+00 3.466235089670718916e-02 -4.741706939996040426e-02 9.982735812190127733e-01 1.421782764827487777e-01
7.233547396173894972e-01 -6.879153753183228082e-01 -5.941680800673882629e-02 3.795435388901891471e+00 6.896346656829138722e-01 7.240410263852556927e-01 1.298537636732734896e-02 1.626932739810621475e+00 3.408736659635518834e-02 -5.036892406669508243e-02 9.981487979890018014e-01 1.645249657561960732e-01
7.300291406372543257e-01 -6.810190919175439506e-01 -5.718785066983953641e-02 4.015971933631667490e+00 6.830878513549939468e-01 7.297123118194426272e-01 3.018160549643671142e-02 1.711569529521711042e+00 2.117642915247678476e-02 -6.109777756128725867e-02 9.979071201396558788e-01 1.101311424546696505e-01
7.192971031360996248e-01 -6.935754685423298760e-01 -3.955688127624250316e-02 4.135730018109013528e+00 6.946683556140083038e-01 7.175294908453023757e-01 5.086556276903581031e-02 1.815842977416619819e+00 -6.895877648632951079e-03 -6.406636561854084366e-02 9.979218144062622642e-01 7.404655493966978003e-03
7.112442055664343066e-01 -7.026971829411696735e-01 -1.866411355291603541e-02 4.136044840747629792e+00 7.023818992708330544e-01 7.093613571522308092e-01 5.887386989015390426e-02 1.864024511636727333e+00 -2.813090160071621965e-02 -5.498303434414779367e-02 9.980909368937487258e-01 1.288356425347327028e-02
6.926457557803231690e-01 -7.210821434204873759e-01 -1.680474455684025092e-02 4.176832504043434646e+00 7.206737816402192243e-01 6.909243270858294039e-01 5.703397844600555794e-02 1.948589138587299541e+00 -2.951537660085944842e-02 -5.161508191516813587e-02 9.982307978934530368e-01 8.168464301333798472e-02
6.642709958031032258e-01 -7.468762216918116703e-01 -3.033073698605650431e-02 4.326189506572046817e+00 7.471363118482234889e-01 6.621569114353034191e-01 5.775427392231442109e-02 2.053446970783101566e+00 -2.305158676940842477e-02 -6.102568401766176459e-02 9.978699766189926823e-01 1.201268836290055597e-01
6.478008864825359758e-01 -7.610145934526401090e-01 -3.479655190609479837e-02 4.393222545654579037e+00 7.612821275226727691e-01 6.449770355357619112e-01 6.673938826550192271e-02 2.119652548176090168e+00 -2.834667153288956618e-02 -6.972382794721924959e-02 9.971635041603723604e-01 7.718921378686380286e-02
6.399106888925059078e-01 -7.682100493656659479e-01 -1.917368756186344295e-02 4.508704125671488150e+00 7.669719010385788183e-01 6.369351327766233917e-01 7.789569726303197106e-02 2.196035065062705627e+00 -4.762786220677375781e-02 -6.455196889659103876e-02 9.967771215538537843e-01 8.381494112795756513e-02
6.352561910314026283e-01 -7.722933520536258145e-01 -3.542616271679493306e-03 4.579554431596274178e+00 7.704776911357612557e-01 6.334343120345009570e-01 7.158980234282522059e-02 2.294380460757650120e+00 -5.304431372334347805e-02 -4.820737195857772300e-02 9.974278671014094044e-01 8.616209520213340134e-02
6.422156256350519676e-01 -7.664541256108569067e-01 1.035198165936527734e-02 4.634055792244072158e+00 7.651838987928866187e-01 6.418325988443158714e-01 5.044319665593228336e-02 2.385517256491274107e+00 -4.530663547755818532e-02 -2.447423941307593637e-02 9.986732801005817617e-01 1.079786023474161027e-01
6.490342729638038932e-01 -7.604057338208117800e-01 2.318690343231316273e-02 4.709137204724896719e+00 7.594622108948719807e-01 6.494057246841292708e-01 3.859216203005526313e-02 2.486386078476621631e+00 -4.440340911483808828e-02 -7.438058880767784223e-03 9.989859921635870776e-01 1.373628281784356753e-01
6.733503043406501298e-01 -7.387389950985799869e-01 2.939497856937421313e-02 4.778814154103456779e+00 7.371007014576128613e-01 6.738757840095970231e-01 5.073444230644617858e-02 2.561204573698736109e+00 -5.728807515573328124e-02 -1.249499284478146344e-02 9.982794957319116591e-01 1.238416969479930879e-01
6.904297822001539409e-01 -7.230324890310042552e-01 2.303770076805971082e-02 4.936183731740389824e+00 7.206657502329916198e-01 6.902378039539820431e-01 6.490493381788155214e-02 2.672286806098266521e+00 -6.282986783503000106e-02 -2.820981741193845718e-02 9.976254878006163285e-01 8.098892605515334298e-02
6.823852383494498630e-01 -7.308152376627706781e-01 1.610822406947971450e-02 5.086294755951076496e+00 7.287634634074079409e-01 6.818586677207832958e-01 6.302834010568565681e-02 2.778098617324049613e+00 -5.704560355718989173e-02 -3.127052372357189136e-02 9.978817332033137477e-01 3.392770420320878610e-02
6.618260041715857689e-01 -7.494736408110239667e-01 1.660126295617958200e-02 5.105302952274970885e+00 7.477027688793097537e-01 6.615365899506082670e-01 5.753181351855862768e-02 2.844309601656692887e+00 -5.410092062511941136e-02 -2.566323997450348574e-02 9.982056343767679030e-01 5.722665319369492354e-02
6.416071835677493729e-01 -7.667946659408471088e-01 1.913536722734460530e-02 5.095546164432535718e+00 7.651502400022078820e-01 6.415798238216465776e-01 5.404109445180362709e-02 2.948497476295880215e+00 -5.371528850173078184e-02 -2.003172358160735383e-02 9.983553464731512728e-01 1.135419925660214463e-01
6.129901205143685194e-01 -7.900307902641802160e-01 9.719186505832009410e-03 5.203774964360773581e+00 7.881331891301918136e-01 6.122905853454153613e-01 6.281970462237315700e-02 3.059751665431635903e+00 -5.558046728171296691e-02 -3.084784485055304740e-02 9.979775659426531886e-01 1.285690053826126777e-01
5.951314841987896953e-01 -8.036108749853649869e-01 5.298879183552145100e-03 5.277751861656578392e+00 8.002275365433662024e-01 5.932060785877758535e-01 8.799112503115877337e-02 3.112783026623369143e+00 -7.385395231862149079e-02 -4.812597980061994463e-02 9.961071648146845314e-01 8.948315752848542970e-02
5.955146238176005635e-01 -8.033388029920957019e-01 3.016691334673478331e-03 5.351751276169656180e+00 7.992581918155622356e-01 5.928595859170859850e-01 9.850814282047708204e-02 3.179168156523326516e+00 -8.092388791389062974e-02 -5.625192435329008644e-02 9.951316723788122820e-01 6.902920205106183316e-02
6.011930153243321140e-01 -7.990614494980043947e-01 -8.231540037294263895e-03 5.453758681919154583e+00 7.964615160575412300e-01 5.983363080057331196e-01 8.742262842875166140e-02 3.296770779927731709e+00 -6.493082291608770484e-02 -5.911397845025163911e-02 9.961373026783119089e-01 9.142622059173236004e-02
6.128843242567798555e-01 -7.899701482023319121e-01 -1.788770609933311440e-02 5.510462890181019091e+00 7.889601402027036636e-01 6.105334397914758959e-01 6.921572124682702498e-02 3.424629692324230312e+00 -4.375731083648242564e-02 -5.653391765634183802e-02 9.974413335644284340e-01 1.033479600930860831e-01
6.380021413767762439e-01 -7.697609952215055396e-01 -2.052505381833177184e-02 5.607043318063198001e+00 7.694769629422656410e-01 6.362994026830959271e-01 5.502975237344411713e-02 3.479997192162306963e+00 -2.929967746913243742e-02 -5.090265593004756478e-02 9.982737342630386701e-01 1.142860975539627816e-01
6.527130240715979248e-01 -7.574242455414967878e-01 -1.655960365479882193e-02 5.688632439299365906e+00 7.570208885517932806e-01 6.511954195587168481e-01 5.351541686280892468e-02 3.579219580982618165e+00 -2.975033619243895242e-02 -4.746617544779752756e-02 9.984297069322385365e-01 1.092374620270219754e-01
6.799028091469656587e-01 -7.332613936611489525e-01 -7.739423762433889076e-03 5.738656930533551304e+00 7.320478337518518952e-01 6.780848824127575503e-01 6.562668163557944245e-02 3.660604972928909184e+00 -4.287352578556902216e-02 -5.028539359880138115e-02 9.978142311960316313e-01 1.451903574994504731e-01
6.867162261290238323e-01 -7.269255917571376679e-01 -9.391297339526177845e-05 5.858459114249704669e+00 7.248314022258383060e-01 6.847280643150335244e-01 7.594021521376113915e-02 3.784345879599925411e+00 -5.513858103394069649e-02 -5.221744907521321671e-02 9.971123682382246889e-01 1.214138764665418646e-01
6.852802893053699940e-01 -7.282749779336363805e-01 2.545899705390118617e-03 5.927659107674833727e+00 7.262280431527927682e-01 6.836080435902456287e-01 7.261454452919520464e-02 3.866872666176424111e+00 -5.462375333143940775e-02 -4.791241232163583053e-02 9.973568299848893925e-01 8.550600817197193115e-02
6.752884986682833324e-01 -7.375524276579267235e-01 1.363826321309602463e-03 5.972655700067105222e+00 7.363984141075744505e-01 6.743330572794703492e-01 5.470195206729018544e-02 3.924115280514804294e+00 -4.126523071770433343e-02 -3.593527954561422100e-02 9.985017959011356359e-01 8.338264726974226049e-02
6.655113042094376041e-01 -7.463657618723301690e-01 -5.731795023344716383e-03 6.041265423962978609e+00 7.461668278948886401e-01 6.651078457256375254e-01 2.943838486536547519e-02 3.995880175249665545e+00 -1.815954070821163696e-02 -2.386845321628158420e-02 9.995501628344267697e-01 1.311408434031128833e-01
6.285394495936625914e-01 -7.776802165469248740e-01 -1.231426392538049336e-02 6.090859474541916008e+00 7.777775044955440586e-01 6.284490997918632527e-01 1.067157305558826680e-02 4.103691949106140768e+00 -5.601831662614218527e-04 -1.628526212023995168e-02 9.998672294022318274e-01 1.593117689260327152e-01
6.304723641758407382e-01 -7.762093833341092708e-01 1.895055304711485734e-03 6.103948181710595833e+00 7.760753642394118135e-01 6.304055064174093337e-01 1.720251432999956101e-02 4.159109035208959249e+00 -1.454740633894078053e-02 -9.375004143545806468e-03 9.998502299175203722e-01 1.966057908910230356e-01
6.346771167655633761e-01 -7.727101771433106947e-01 1.019507691510426403e-02 6.272114828268254172e+00 7.721127814495423181e-01 6.346231067918832736e-01 3.309629961293589218e-02 4.274586492463972931e+00 -3.204387892254545456e-02 -1.313371481993421200e-02 9.994001677799668748e-01 1.597142565660813474e-01
6.473300816765288346e-01 -7.621960594653915955e-01 4.575182191737440715e-03 6.371652351353128907e+00 7.616859964526443427e-01 6.470960728592136668e-01 3.318305739568695734e-02 4.382944434101220921e+00 -2.825257801689522869e-02 -1.799553904756105022e-02 9.994388187426916925e-01 9.063387726258478883e-02
6.643638287014490551e-01 -7.474059689415708529e-01 -2.240692674929682313e-03 6.440082986130885701e+00 7.473269707799332640e-01 6.642431334930656295e-01 1.683622143482161118e-02 4.484838904352439926e+00 -1.109512767121743557e-02 -1.285990660250747528e-02 9.998557500680456123e-01 7.194081344616812257e-02
6.770340881060210592e-01 -7.359379085106221297e-01 -4.498706420700586232e-03 6.487300313707577537e+00 7.359481290528013808e-01 6.770371233451826232e-01 1.041612289323505828e-03 4.555421623477130311e+00 2.279229284161925564e-03 -4.016021599934586211e-03 9.999893382853534129e-01 1.140428692184823206e-01
6.988988000344582563e-01 -7.152172892762730383e-01 -2.167124983541625187e-03 6.542594711481070746e+00 7.151949790182797750e-01 6.988962154641035207e-01 -6.342081440320030718e-03 4.660582388936356679e+00 6.050561745550003985e-03 2.882556201226435348e-03 9.999775405339411671e-01 1.718311290786946333e-01
7.029767987905438664e-01 -7.111847405148586931e-01 6.315474725808373213e-03 6.683327828426820716e+00 7.112113978010953241e-01 7.029652305665168299e-01 -4.269924165124864765e-03 4.785751572544133303e+00 -1.402854237372441401e-03 7.493295228197525623e-03 9.999709408410885070e-01 1.817223416891683707e-01
6.985267539882042964e-01 -7.154353449638899409e-01 1.458221996482745447e-02 6.743308070295880974e+00 7.155575024182803112e-01 6.985310657108954047e-01 -5.640121427197101155e-03 4.856615037651349276e+00 -6.150991433556633921e-03 1.437419261038522245e-02 9.998777664750746474e-01 1.503418624245829172e-01
6.927972649149654050e-01 -7.210728525664105160e-01 9.267740721612290761e-03 6.831156382610574340e+00 7.211304274130265757e-01 6.927080273364112362e-01 -1.124702284177298006e-02 4.924037736494515372e+00 1.690084450263437330e-03 1.447515649094584245e-02 9.998938010904525608e-01 1.425802845238443584e-01
6.872666080249507647e-01 -7.264045206081403139e-01 -1.040160534141183150e-03 6.881501726822765619e+00 7.263941247134902968e-01 6.872632935707434498e-01 -4.554216948794845461e-03 5.028141084400806982e+00 4.023067933970959562e-03 2.374394733848973066e-03 9.999890885274931307e-01 1.832582978896309944e-01
6.776353614235488543e-01 -7.353622699135174967e-01 -7.255958655861934059e-03 7.014139140100191128e+00 7.353049244255037697e-01 6.773595222789539072e-01 2.259968348521096057e-02 5.137415675458364639e+00 -1.170406185820127912e-02 -2.064968681764188171e-02 9.997182629973070389e-01 1.693500445477989502e-01
6.699477847159450716e-01 -7.423415415019961605e-01 -9.949950484190929478e-03 7.087885465172656829e+00 7.417031359680851255e-01 6.686674358478416069e-01 5.253873172984682011e-02 5.232987868191747438e+00 -3.234847522381738283e-02 -4.257811641104778527e-02 9.985693166493657680e-01 1.458176441561864212e-01
6.737429084161188353e-01 -7.388289078933873988e-01 -1.422456396709125166e-02 7.169180245094308290e+00 7.377044319467580547e-01 6.713439898918036608e-01 7.134015925315095874e-02 5.295600312263482046e+00 -4.315859642180764483e-02 -5.855845026312039153e-02 9.973506121007201797e-01 1.337751171691222152e-01
6.663820816965970728e-01 -7.451866619658067403e-01 -2.513483682000474881e-02 7.294594294462802608e+00 7.449376174515687232e-01 6.639705838403501259e-01 6.489229461411180622e-02 5.400804331502747857e+00 -3.166808013268119365e-02 -6.196694782674899704e-02 9.975756763663331528e-01 1.007997355699978281e-01
6.708272760483877661e-01 -7.413010851100888532e-01 -2.152828195897423316e-02 7.307445654901531640e+00 7.414068747699728013e-01 6.696722275185589268e-01 4.306917382715269582e-02 5.492048579721452661e+00 -1.751033275874945214e-02 -4.485319280649323337e-02 9.988401170065914769e-01 1.156862213765396941e-01
6.879483905580672243e-01 -7.255896633750311686e-01 -1.570516895400286134e-02 7.374936176777328711e+00 7.257135642569438883e-01 6.874999035026866379e-01 2.614775969904584163e-02 5.602970387553115827e+00 -8.175242017671526668e-03 -2.938576334052459688e-02 9.995347129193898894e-01 1.913356132942339860e-01
7.163959408120320616e-01 -6.974727562250725432e-01 -1.756730804204544028e-02 7.447711860121566829e+00 6.976803981083107287e-01 7.159979261584933363e-01 2.426997800093376109e-02 5.703355694567467715e+00 -4.349492323541185972e-03 -2.964328019193185684e-02 9.995510781625870367e-01 2.775587008743554684e-01
7.233355949201119017e-01 -6.900561947766882254e-01 -2.465897751094060786e-02 7.629408118437781106e+00 6.903906670170546489e-01 7.221375882355461906e-01 4.333624987346285790e-02 5.796136762249009422e+00 -1.209727313546828803e-02 -4.837098001556471710e-02 9.987561785916619916e-01 2.748470258418203582e-01
7.163858080819653917e-01 -6.971786750599420213e-01 -2.707894053343249188e-02 7.684723339071396708e+00 6.973905777975772935e-01 7.143602354609153160e-01 5.775669650687078466e-02 5.876695537589711194e+00 -2.092261881100440993e-02 -6.026067568397617397e-02 9.979633735704933617e-01 1.559128080650206138e-01
7.133467381474796198e-01 -7.003215229641912565e-01 -2.619533636865247275e-02 7.766436645814420281e+00 7.005972528086841233e-01 7.117068578967313819e-01 5.135014877959568486e-02 5.947249842804716913e+00 -1.731821385928262666e-02 -5.498284183158969746e-02 9.983371006693313454e-01 1.130250336212206691e-01
7.010868106556531476e-01 -7.126029026647475728e-01 -2.596896298392824959e-02 7.796727773665648620e+00 7.130142740155418490e-01 7.000822499297119084e-01 3.867154488046838784e-02 6.063520693726997202e+00 -9.377045098221931108e-03 -4.562835135229661304e-02 9.989144731047284731e-01 1.776490232107305889e-01
6.954679934813772224e-01 -7.177503629056892764e-01 -3.403948577370632250e-02 7.886495747735602357e+00 7.185228781066398396e-01 6.941919801412672619e-01 4.268920642149690026e-02 6.161473067443692386e+00 -7.010255368945587581e-03 -5.414712602066426572e-02 9.985083600367923307e-01 2.890480308763578865e-01
6.872205722916381321e-01 -7.254207557774685622e-01 -3.863433843616127794e-02 7.993709801740818577e+00 7.262749448173837497e-01 6.849202616953473655e-01 5.838612548956396975e-02 6.229857064116417042e+00 -1.589306608743540697e-02 -6.818329858860870674e-02 9.975462135880808212e-01 2.605868999320871682e-01
6.881044483725821115e-01 -7.249662947594424089e-01 -3.059639836042509289e-02 8.121737736068677549e+00 7.250200677885052514e-01 6.852295978148745803e-01 6.932748071592062522e-02 6.280932217478316204e+00 -2.929452907652988283e-02 -6.988755068844890173e-02 9.971246465838430328e-01 1.667640572849196923e-01
6.877618884783855968e-01 -7.256396856372593351e-01 -2.075165981082452080e-02 8.215505748996731583e+00 7.255384713439878563e-01 6.861577068082187481e-01 5.274019328288202108e-02 6.381668382574870790e+00 -2.403146596597917697e-02 -5.132882246794610165e-02 9.983926284922080008e-01 1.304240539176254876e-01
6.966829795372996292e-01 -7.172135572641408219e-01 -1.541231000037349488e-02 8.252649587605828785e+00 7.173657102695188970e-01 6.963776966241856936e-01 2.108414982640291827e-02 6.451973487041131605e+00 -4.389049161166555697e-03 -2.574523103238116409e-02 9.996589014891780201e-01 1.816793414872364676e-01
7.068992595230856324e-01 -7.071966198360252198e-01 -1.289875103310013892e-02 8.349918990024267629e+00 7.071656362698294229e-01 7.070070123104930104e-01 -7.605749330450310534e-03 6.548789859647698997e+00 1.449826764826358562e-02 -3.745054911594850218e-03 9.998878811141319600e-01 2.644951781154420978e-01
7.349545119607340249e-01 -6.779582790532004966e-01 -1.464367480457755624e-02 8.412927941242589469e+00 6.780618695888745995e-01 7.349979080105895068e-01 3.190020328628648608e-03 6.618995866997066102e+00 8.600369654810081227e-03 -1.227383734941544374e-02 9.998876869721522453e-01 2.725235153992285886e-01
