1.000000000000000000e+00 0.000000000000000000e+00 0.000000000000000000e+00 0.000000000000000000e+00 0.000000000000000000e+00 1.000000000000000000e+00 0.000000000000000000e+00 0.000000000000000000e+00 0.000000000000000000e+00 0.000000000000000000e+00 1.000000000000000000e+00 0.000000000000000000e+00
9.999982121931578760e-01 -1.794682828419015379e-03 -5.955871334075424611e-04 2.582202143345040460e-02 1.794836720887577237e-03 9.999983560090855983e-01 2.579540101495216486e-04 -5.306482051289596741e-02 5.951232086351691732e-04 -2.590225306351053285e-04 9.999997893678254091e-01 -1.931624671804794274e-02
9.999884056779536623e-01 -4.775670813594362109e-03 -6.176390083548399454e-04 4.261898419212950540e-02 4.775863858420325257e-03 9.999885469940289484e-01 3.114565402767988794e-04 -1.243146252530276941e-01 6.161445206224864211e-04 -3.144026889669199491e-04 9.999997607584107939e-01 -2.829702014563451745e-02
9.999864607791222326e-01 -5.183618993215676450e-03 -4.564565458607825680e-04 4.628166049941449811e-02 5.183872010582172250e-03 9.999864096970846328e-01 5.548802683514662652e-04 -1.434649675397823843e-01 4.535740545800693506e-04 -5.572389680170871089e-04 9.999997418776214175e-01 -1.858099324610968522e-02
9.999923439831126526e-01 -3.913043618381567904e-03 8.049890164299766760e-06 8.992393293721992475e-04 3.913042777978187337e-03 9.999923388277184300e-01 1.018925285147614484e-04 -1.050836983843715655e-01 -8.448538401169817768e-06 -1.018602488592715050e-04 9.999999947765559893e-01 -3.765584209362719641e-03
9.999986384538820383e-01 -1.498699768544013841e-03 6.906441818952520307e-04 -6.875767717750057295e-02 1.498875008391877461e-03 9.999988446092361594e-01 -2.532862056479879241e-04 -3.208350096893773651e-02 -6.902637839535631864e-04 2.543210500910719762e-04 9.999997294283193838e-01 1.664442201903609808e-02
9.999868029430080130e-01 5.000972395740353911e-03 1.176526633213974531e-03 -1.411305081184292542e-01 -5.000644026872885263e-03 9.999874569737864372e-01 -2.818765971571364254e-04 5.213005585513280637e-02 -1.177921533090961308e-03 2.759894863347806915e-04 9.999992681650649029e-01 2.316332199617129883e-02
9.999951907726160050e-01 2.903236478427533712e-03 1.090710589316042957e-03 -8.480217521885993759e-02 -2.904068753988491534e-03 9.999954926689933465e-01 7.622508573070386345e-04 2.416866059866892846e-02 -1.088492678627738137e-03 -7.654146900114193811e-04 9.999991146616284965e-01 2.319887190181607259e-02
9.999974701481267880e-01 -2.108346699070030687e-03 7.839461351988735727e-04 -6.082305587948465264e-02 2.107704167993508168e-03 9.999974429686029342e-01 8.195360858456990881e-04 1.960364743353380616e-04 -7.856719968253537533e-04 -8.178816860041559448e-04 9.999993568943237321e-01 1.809075908569971261e-02
9.999925117933614604e-01 -3.824208765011543644e-03 5.931142600412809890e-04 -1.000947165016137924e-01 3.823972434525041951e-03 9.999926089575021937e-01 3.990804280315867988e-04 3.088542791747077298e-03 -5.946360431794019520e-04 -3.968093870539547252e-04 9.999997444751106412e-01 1.017766307360011210e-02
9.999989546146176300e-01 -1.284330805464861452e-03 6.642770913000583437e-04 -1.004568337538635919e-01 1.283993291950161512e-03 9.999990465116730398e-01 5.082686013253339069e-04 3.627458166635728724e-03 -6.649292429417385337e-04 -5.074151426595422667e-04 9.999996501994262710e-01 1.504463987367799654e-02
9.999998887332660624e-01 4.251151966476481416e-04 2.044762210884993269e-04 -5.010305250124656717e-02 -4.251831907746476914e-04 9.999998542982899696e-01 3.325998392559832229e-04 1.390916956665115903e-02 -2.043347980498939898e-04 -3.326867421008054002e-04 9.999999237834080734e-01 1.618593802734335368e-03
9.999999892383857336e-01 -8.517029723224772513e-05 -1.194539610929783917e-04 -4.631928775367792107e-03 8.518631407624742532e-05 9.999999873822326135e-01 1.340851468623365970e-04 1.513067466904037713e-02 1.194425395139234040e-04 -1.340953212620113065e-04 9.999999838759621174e-01 -7.711392011550383119e-03
9.999985580416484998e-01 -1.686550838543907690e-03 1.986476599235500074e-04 -9.806753073402042775e-03 1.686531603697399590e-03 9.999985731042555503e-01 9.695670531564056643e-05 -2.077962065998809754e-03 -1.988108988867019723e-04 -9.662153995164800432e-05 9.999999755692519088e-01 -3.547609173945476257e-03
9.999984114804097990e-01 -1.778508277759929248e-03 1.180887923991590365e-04 -1.784473605185507225e-02 1.778485418271733660e-03 9.999983997912729183e-01 1.934024575231894352e-04 -1.727021687917354442e-02 -1.184325713040869582e-04 -1.931921311042536634e-04 9.999999743252628859e-01 -7.554587108602482453e-04
9.999997942910996418e-01 -5.710146684720893194e-04 2.921643489852844403e-04 -2.323756014680943352e-02 5.710509792991714075e-04 9.999998292358316387e-01 -1.242138740883783629e-04 -2.561695890801447481e-02 -2.920933711499501258e-04 1.243806892740832834e-04 9.999999496054520209e-01 4.762612745994743678e-03
9.999999356408114659e-01 -3.570852338661003548e-04 3.476361074168778591e-05 2.196332777715347823e-02 3.570936968421011166e-04 9.999999065368476714e-01 -2.437424614724313654e-04 -3.315850548756162780e-02 -3.467657065871315286e-05 2.437548596516396927e-04 9.999999696905514934e-01 3.953944452728449382e-04
9.999991077574725828e-01 -1.286048731986854298e-03 -3.613349108243168952e-04 6.836701123824684423e-02 1.286063329877806327e-03 9.999991722133807492e-01 4.017044590318261284e-05 -5.550521615527402586e-02 3.612829505650955370e-04 -4.063510964001824867e-05 9.999999339117066066e-01 -1.085795783138882031e-02
9.999981727205166093e-01 -1.804380634381936481e-03 -6.314793377543780712e-04 6.440416577298635481e-02 1.804431623652472767e-03 9.999983687970835922e-01 8.018533240473620181e-05 -1.057470340615415949e-01 6.313336228224881172e-04 -8.132464717045055332e-05 9.999997974020586877e-01 -2.973299148135053263e-02
9.999917301989479368e-01 4.026405397929832576e-03 -5.723576557212620196e-04 2.575719329198707108e-02 -4.026540915434722277e-03 9.999918656464824585e-01 -2.358158681948992511e-04 -1.018931932650617156e-01 5.714035096771344314e-04 2.381185395636083375e-04 9.999998083987767794e-01 -3.147097531663534814e-02
9.999817594955024980e-01 6.032617110761380637e-03 -2.969967576231159908e-04 -2.105213637125635459e-02 -6.032765022086348204e-03 9.999816778690483465e-01 -4.996722837009246734e-04 -6.976399042233773218e-02 2.939769844412032439e-04 5.014548810774482239e-04 9.999998310602531415e-01 -2.303991550604723992e-02
9.999496990728574675e-01 1.002760789198541697e-02 -2.154160306905919260e-04 -2.979584828166571137e-02 -1.002768842240376115e-02 9.999496507516407728e-01 -3.760672478415314803e-04 -6.217036842845943823e-02 2.116341297529891286e-04 3.782084561472533191e-04 9.999999060846750387e-01 -1.765650970576815998e-02
9.999411222842089497e-01 1.083499234806975520e-02 -5.957397199944267866e-04 1.186170174654735399e-02 -1.083499463108309260e-02 9.999412997226280186e-01 -6.048530810251880856e-07 -7.095076906115058146e-02 5.956981963291170003e-04 7.059654136319946371e-06 9.999998225468943458e-01 -2.751518058160754704e-02
9.999454523569091258e-01 1.042088590681963800e-02 -7.052996904881548776e-04 4.988768908499152666e-02 -1.042084265062774920e-02 9.999456994339135374e-01 6.497747589750349094e-05 -7.571449385785980479e-02 7.059385151785416753e-04 -5.762411443322577621e-05 9.999997491651057002e-01 -2.942756467865150632e-02
9.999479710611214323e-01 1.016837475181573899e-02 -8.119887027199756665e-04 7.991882784361342695e-02 -1.016853010516538536e-02 9.999482815961386883e-01 -1.874257977198998094e-04 -8.110017392514567991e-02 8.100408922109436248e-04 1.956727777231882380e-04 9.999996527728982620e-01 -3.645961799482240473e-02
9.999419388258615760e-01 1.076319823610650747e-02 -5.220545060411251135e-04 9.816604393289947439e-02 -1.076320153234388774e-02 9.999420750625960252e-01 -3.504812228474098936e-06 -9.432049011323882792e-02 5.219865430777458591e-04 9.123586594349849654e-06 9.999998637233952214e-01 -3.819713942036735699e-02
9.999438387306404108e-01 1.057669308252441598e-02 -6.730141670546175257e-04 8.786873357389557437e-02 -1.057636911091099086e-02 9.999439519321032810e-01 4.831261090991319186e-04 -6.701218202872960550e-02 6.780863224869827007e-04 -4.759809298759421761e-04 9.999996568204879699e-01 -5.600900898457966681e-02
9.999464495130603314e-01 1.030798101695658622e-02 -9.184952796863954296e-04 8.302452687450032065e-02 -1.030775371886687164e-02 9.999468419772347128e-01 2.518591398003708261e-04 -4.402916128418075947e-02 9.210426135254172735e-04 -2.423780294858452053e-04 9.999995464665946132e-01 -6.822992467572892850e-02
9.999563851851981378e-01 9.247411762037749394e-03 -1.308855627998053994e-03 1.251988141449346392e-01 -9.247511201051331758e-03 9.999572384080429588e-01 -6.994245327055222485e-05 -2.245885002235145297e-02 1.308152872582719114e-03 8.204305982387712147e-05 9.999991410021301652e-01 -7.339955988689002286e-02
9.999961152692451449e-01 -2.391000652573911905e-03 -1.432676620175428505e-03 1.814179110315406185e-01 2.391773321583091135e-03 9.999969950653787576e-01 5.378481114212597556e-04 -7.780827878605892610e-03 1.431386319890457859e-03 -5.412726597447513202e-04 9.999988290778699662e-01 -6.022335231665108812e-02
9.996832838865085114e-01 -2.511583852548161799e-02 -1.589519753974096439e-03 2.131166400058513433e-01 2.511866503541761858e-02 9.996828847974000842e-01 1.783959076492255347e-03 1.188188415519175756e-02 1.544210064994031711e-03 -1.823320682174175674e-03 9.999971454544083205e-01 -6.171268474574059110e-02
9.984996429967721854e-01 -5.473230248419731075e-02 -1.684636488064569651e-03 2.213780944504570580e-01 5.473767620085290969e-02 9.984952210444126841e-01 3.328716809836743465e-03 8.848766027506758253e-03 1.499913147209298641e-03 -3.415935632859162796e-03 9.999930407979362723e-01 -6.597925838840504320e-02
9.978006796110123755e-01 -6.627898515801050605e-02 -9.486275486062220380e-04 2.343404573114692691e-01 6.628554227936567234e-02 9.977328142411040490e-01 1.163865418581064640e-02 -7.612994940563264090e-02 1.750786456969649239e-04 -1.167593734783992782e-02 9.999318185929064740e-01 -1.752346576823450575e-01
9.975394966127153484e-01 -7.009239234966016530e-02 -1.417473933343063684e-03 3.003609348809255231e-01 7.010542131855340697e-02 9.974402903626587991e-01 1.407469584051923052e-02 -1.291138092229497936e-01 4.273165085994017022e-04 -1.413943761103371617e-02 9.998999418465055466e-01 -2.437033413613596544e-01
9.969875544578461479e-01 -7.753377219186154135e-02 -2.080967530713868224e-03 2.981906808199182302e-01 7.755077747953047218e-02 9.969385044416649855e-01 9.974731772668785426e-03 -1.280751219863499046e-01 1.301218076924523862e-03 -1.010606408632254601e-02 9.999480858025577845e-01 -2.122568956681231966e-01
9.971331634809822431e-01 -7.558319469493546272e-02 -3.554569751216982761e-03 3.097785096622328038e-01 7.554531554533927551e-02 9.970942300358335286e-01 -9.798047172955208148e-03 -1.378495819584616422e-01 4.284808696301997157e-03 9.501426680021117857e-03 9.999456801774185832e-01 -1.320505689994908582e-01
9.962520699957169157e-01 -8.640683877790480971e-02 -3.958691912523785127e-03 3.727064207920230965e-01 8.614468233145944343e-02 9.952783767179184116e-01 -4.472187992199287004e-02 -1.192431058518887838e-01 7.804276728887479635e-03 4.421324518913281182e-02 9.989916327049914724e-01 -1.130398131961105751e-02
9.957064431149327266e-01 -9.207029027277285893e-02 -9.578141181700059598e-03 4.049399561175438533e-01 9.122394675236908390e-02 9.935541244456852494e-01 -6.729333797552930485e-02 -5.801224278032266618e-02 1.571211883643195556e-02 6.613065435979922913e-02 9.976872585513030245e-01 3.665608541397478992e-02
9.987089519505074620e-01 -4.923293268658264499e-02 -1.251189965582597159e-02 5.018019745480877258e-01 4.835494817403714063e-02 9.968549165351447972e-01 -6.278594083706717788e-02 -7.630061312283939468e-02 1.556368468599959344e-02 6.209986891119771008e-02 9.979485848480406096e-01 -3.201715404622978989e-02
9.992432261621154721e-01 -3.737277933703610916e-02 -1.078194480381861574e-02 7.256702584190469763e-01 3.678659830238734801e-02 9.980602088983947517e-01 -5.022514906928007838e-02 -9.395526437309580092e-02 1.263808349656611769e-02 4.979050891804401302e-02 9.986797204645821990e-01 -1.023890098996110692e-01
9.983599254767823172e-01 -5.676235944344875523e-02 -7.449412890053273145e-03 7.896478409070575299e-01 5.639202006462135791e-02 9.974840807916031116e-01 -4.295868527273581650e-02 -6.125494481492423093e-02 9.869107103740927533e-03 4.246814238630354510e-02 9.990490766760317110e-01 -1.030161804061184294e-01
9.981652583265339107e-01 -6.054054814318099442e-02 -9.793367383589641692e-04 7.503962897118983122e-01 6.047600876993430852e-02 9.976313722937060202e-01 -3.277647599477045981e-02 -1.922496799982294918e-02 2.961322877151912475e-03 3.265711325117577613e-02 9.994622271606451447e-01 -3.218999609031225617e-02
9.977125370062926990e-01 -6.759855470886960704e-02 -3.590288832764750243e-04 7.714101211113277845e-01 6.758920147520536270e-02 9.976390905172427548e-01 -1.216326090622204571e-02 3.771084138540339858e-03 1.180400106388869788e-03 1.211117142148906457e-02 9.999259603502591576e-01 2.587854364431334958e-02
9.956895045978612080e-01 -9.272593610936460951e-02 -2.076344457878354088e-03 8.649476489190044415e-01 9.273400183094282490e-02 9.956820586454973032e-01 4.200356637604932969e-03 5.369834664913752248e-02 1.677896923062388362e-03 -4.374798750389752994e-03 9.999890228386555391e-01 1.082904305860457328e-01
9.856638756992156525e-01 -1.680552125912807837e-01 -1.497229650055342462e-02 9.525992539665574244e-01 1.682066229920693157e-01 9.857060342938339659e-01 9.494521490142038625e-03 1.283344262451603379e-01 1.316267918035366261e-02 -1.187684628267696337e-02 9.998428298483580390e-01 1.293692142971606951e-01
9.733523088129311107e-01 -2.272023867929010288e-01 -3.105411992224902523e-02 9.914743203040253805e-01 2.276581897721481618e-01 9.736673956386368012e-01 1.198128957762267972e-02 1.175243954196058815e-01 2.751420647965333033e-02 -1.873174059940175759e-02 9.994458916499240342e-01 6.683860774837327434e-02
9.630787659401712775e-01 -2.666386637557526251e-01 -3.719023508534851502e-02 1.159092516060238109e+00 2.676099112278748082e-01 9.632259996134338031e-01 2.409583120189425637e-02 7.207863104728404191e-02 2.939772113218616992e-02 -3.315865888795690303e-02 9.990176561667898358e-01 -2.899165081050475781e-02
9.567574749331198003e-01 -2.888346621778941081e-01 -3.449162339152061357e-02 1.372157175463849521e+00 2.898783449644484200e-01 9.565791835238129925e-01 3.044356696557642961e-02 9.748512563659141039e-02 2.420081156227927438e-02 -3.912548496181329771e-02 9.989411980423221760e-01 -1.457306726478030945e-01
9.527892714341494873e-01 -3.025922243935846856e-01 -2.511075420064497535e-02 1.454153566239546391e+00 3.030576381925497165e-01 9.528140874676357397e-01 1.736037604345783830e-02 1.562861222779962367e-01 1.867276554601263530e-02 -2.415078590355016624e-02 9.995339250706323231e-01 -1.419870050014622465e-01
9.498103783161457869e-01 -3.126203376265874190e-01 -1.134767576107207493e-02 1.387716455972441310e+00 3.125460310425633437e-01 9.498700641159835145e-01 -7.863827047842211412e-03 2.027405446027180091e-01 1.323720976947044548e-02 3.922473522642775517e-03 9.999046906975600502e-01 6.895425901491913923e-02
9.553427066738630069e-01 -2.947413790492663388e-01 -2.116204813324979589e-02 1.372834248388135725e+00 2.944033308244523583e-01 9.555174413894873542e-01 -1.769457543869230529e-02 2.214879827681228430e-01 2.543602965333546795e-02 1.067420613554904106e-02 9.996194624550136520e-01 2.088836219513752201e-01
9.603786626671192428e-01 -2.768319855831931631e-01 -3.220055980541942919e-02 1.596861029322116377e+00 2.768231511143061652e-01 9.609087888757636975e-01 -4.821044332829387338e-03 2.566012304338104455e-01 3.227642019898893655e-02 -4.283832323959291255e-03 9.994698001839568136e-01 1.736335741022212442e-01
9.553880068463364017e-01 -2.918936702275050643e-01 -4.507595429163012424e-02 1.905889503689782716e+00 2.929649729017019255e-01 9.559305110753749668e-01 1.919329695173473474e-02 3.026455673106029920e-01 3.748707813219999407e-02 -3.154272144709348302e-02 9.987991668482815166e-01 -5.118699432137438499e-02
9.458509567952427810e-01 -3.223736173229365676e-01 -3.796338214185718263e-02 2.026152230362645135e+00 3.235724730687346007e-01 9.456867560656800897e-01 3.126362221742457620e-02 3.413162540392039590e-01 2.582290072216580912e-02 -4.185463243293020136e-02 9.987899516626093099e-01 -1.689385477059548724e-01
9.236815719025778249e-01 -3.824540265538928785e-01 -2.326523802365057861e-02 1.992132360277134584e+00 3.829562338204644534e-01 9.234693854281572634e-01 2.342684688530270384e-02 4.038293156558409591e-01 1.252504313879485368e-02 -3.054851468821130275e-02 9.994548071547384449e-01 -4.621292880672817072e-02
8.980405976764689324e-01 -4.394886164195632716e-01 -1.930909015227201542e-02 1.998735811934020168e+00 4.398283305840243740e-01 8.978622953627281023e-01 1.985795008663493455e-02 4.347081974346275191e-01 8.609560996980871600e-03 -2.632593025120134878e-02 9.996163368292098061e-01 5.384455057961353569e-02
8.581255648055777785e-01 -5.132161271618377318e-01 -1.515657771769614477e-02 2.129973928208329870e+00 5.134290409287168844e-01 8.575416259783663619e-01 3.182734116129615903e-02 4.846864125550509050e-01 -3.336908468358332561e-03 -3.509368227165537285e-02 9.993784560948318907e-01 7.487899182493362726e-02
8.336222671680103558e-01 -5.522854262870350306e-01 -7.397539632497761482e-03 2.236438434121274632e+00 5.519113267006149348e-01 8.323837054198376384e-01 5.031157333167000228e-02 4.923970231279993781e-01 -2.162875727436419648e-02 -4.602363373842858346e-02 9.987061740052864955e-01 -5.769851696488650927e-03
8.116795484117083070e-01 -5.840921250091019035e-01 3.563732946913807792e-03 2.347065031373298361e+00 5.829744762969529814e-01 8.104753389019619947e-01 5.718815452559421197e-02 5.581933668953358296e-01 -3.629146837010925608e-02 -4.434089009144402682e-02 9.983570577651263989e-01 -2.841602535498491400e-02
8.080690977484681348e-01 -5.890604991002553747e-01 5.662301981939817444e-03 2.416641984492345241e+00 5.881842056258069773e-01 8.073246117381854825e-01 4.760579307318024700e-02 6.297568490263183438e-01 -3.261400797686495739e-02 -3.513829366298433510e-02 9.988501523262329762e-01 2.597544160576204311e-02
8.044157857006961621e-01 -5.940064006991985224e-01 -8.464020552596858080e-03 2.539538133657868624e+00 5.940423402699401834e-01 8.041721311211212919e-01 2.051539652862684193e-02 7.241266932316489102e-01 -5.379747405251676662e-03 -2.153089539469420916e-02 9.997537091010757493e-01 7.518205336269237482e-02
8.075423786331509257e-01 -5.888665982266162446e-01 -3.333820937791536626e-02 2.575700112956088805e+00 5.891532430478186866e-01 8.080199439379223136e-01 -1.492114202990736313e-03 7.634687757704208266e-01 2.781659428741466503e-02 -1.843636871973059616e-02 9.994430135784028169e-01 7.447490731614207771e-02
8.328151825258384156e-01 -5.500202914346679073e-01 -6.242235789024198206e-02 2.708573896316372132e+00 5.499715285099107120e-01 8.349555052325747795e-01 -1.950953895632868973e-02 7.821415721820992317e-01 6.285053367257149859e-02 -1.808267933517922893e-02 9.978591218830110687e-01 8.902393504697724003e-02
8.330038764816125596e-01 -5.479261676818812932e-01 -7.669065481565073839e-02 2.934178728554614590e+00 5.489924646740605985e-01 8.357861254859176858e-01 -8.296154310182280930e-03 8.598681836281210078e-01 6.864266528702636649e-02 -3.519186290444022147e-02 9.970204196944054686e-01 8.744801055155095038e-02
8.331152117274804869e-01 -5.468785337177112238e-01 -8.272190367152794377e-02 3.046021102292236105e+00 5.493111590456908333e-01 8.355774370705252307e-01 8.221752035434817113e-03 9.281141669733589117e-01 6.462425656172098021e-02 -5.228973147204513117e-02 9.965387546134000241e-01 -2.092508113653894497e-02
8.160441085383430826e-01 -5.723251929104449243e-01 -8.072104112239239515e-02 3.099788126717487380e+00 5.744316057156357846e-01 8.185448228457498088e-01 3.564175553545826519e-03 1.007509877337422699e+00 6.403392284420336700e-02 -4.927724172924119461e-02 9.967303598128937070e-01 -3.443312680111340618e-02
7.934446613903538559e-01 -6.033889885375921525e-01 -7.979534963096661382e-02 3.028590524358874436e+00 6.045069780095760903e-01 7.965086652477344487e-01 -1.205237416455583535e-02 1.044123237136070692e+00 7.082995728416548176e-02 -3.867395372668730458e-02 9.967384022170858726e-01 8.384208566286178999e-02
7.701902553296776643e-01 -6.311336350346029578e-01 -9.207228314327009500e-02 3.114754433964970648e+00 6.327976911348539568e-01 7.741985054548820022e-01 -1.355567209048885030e-02 1.080837129439995881e+00 7.983766460514576946e-02 -4.782268164203686001e-02 9.956600516395948119e-01 1.795930505308011849e-01
7.458810510614102274e-01 -6.572336761532681093e-01 -1.081912778258357355e-01 3.198259560647650268e+00 6.612842002045579148e-01 7.501325246120869039e-01 2.098113179801679162e-03 1.144665839610494729e+00 7.977884573835516968e-02 -7.311012548996315141e-02 9.941278817755276886e-01 1.680158303121982999e-01
7.418098721259380746e-01 -6.608744702920473779e-01 -1.138553825372576878e-01 3.409389949800050612e+00 6.675154385924070288e-01 7.439589041505485500e-01 3.079428804017955712e-02 1.206194828451003564e+00 6.435256682748533019e-02 -9.884373248375874499e-02 9.930199714463919802e-01 5.400576880465492863e-02
7.226601577039968305e-01 -6.839570803353443029e-01 -9.982489031492046416e-02 3.569932803198018423e+00 6.900202642976647205e-01 7.223067047638644933e-01 4.631478286409584921e-02 1.317110495030645811e+00 4.042686391269199875e-02 -1.023510454871806863e-01 9.939265225165619944e-01 -5.761017524081957220e-02
7.177423946577625724e-01 -6.921119823363486301e-01 -7.633386415864584773e-02 3.601826893928488538e+00 6.958950129050973654e-01 7.167710712591306432e-01 4.437749902656246137e-02 1.363144475538925704e+00 2.399970676393801960e-02 -8.497196780402427319e-02 9.960942619866640646e-01 -2.779129510105410317e-02
7.153419432624434915e-01 -6.957967291525500864e-01 -6.444234562866227312e-02 3.643535900791111004e+00 6.982210716844333698e-01 7.153991859179800183e-01 2.629334219403854297e-02 1.451222511713341046e+00 2.780718010428934878e-02 -6.380373412665116262e-02 9.975749817663548402e-01 5.869181491030095454e-02
7.141861630341896916e-01 -6.974663163588583625e-01 -5.898187921138912937e-02 3.714850478341945816e+00 6.990417241154318617e-01 7.150217633906504888e-01 9.194880284655402441e-03 1.534346551963578165e+00 3.576020800032252145e-02 -4.779765080555435641e-02 9.982167059818444210e-01 1.503190692199103395e-01
7.236851124531060719e-01 -6.873973647877377191e-01 -6.135732145888797562e-02 3.809873487404481729e+00 6.891757758190971694e-01 7.244967585812166488e-01 1.188262721185394735e-02 1.614594011721877775e+00 3.628509388000659974e-02 -5.088526002865971509e-02 9.980451303793504980e-01 1.408050910584858484e-01
7.311370382939840207e-01 -6.801151609141260490e-01 -5.368425401785836826e-02 4.005439190301420815e+00 6.819866167064105866e-01 7.307136456672583824e-01 3.085162344201511364e-02 1.694545325621444221e+00 1.824516012658832995e-02 -5.916870735800293379e-02 9.980812482967196253e-01 9.696581792785960441e-02
7.190492605678570071e-01 -6.941608290993581676e-01 -3.330021352649041588e-02 4.123559387831801537e+00 6.948645046471022546e-01 7.173349351120249517e-01 5.093045306458733601e-02 1.783030327974740370e+00 -1.146651901647830797e-02 -5.976064099320496648e-02 9.981468753293405438e-01 2.325297193356029579e-02
7.117725499673599465e-01 -7.022312145398185157e-01 -1.584797901606481776e-02 4.138088581271579969e+00 7.018058444112148520e-01 7.100436847405297014e-01 5.750236960641698369e-02 1.857767926166869588e+00 -2.912720143137448661e-02 -5.205081253950560871e-02 9.982195745680172427e-01 4.556661828032997075e-02
6.936555365615622026e-01 -7.201406833319796696e-01 -1.547232392501678676e-02 4.182242087263826846e+00 7.196589852612427229e-01 6.919608652315135666e-01 5.728093854690056996e-02 1.947639596000074302e+00 -3.054409157676523517e-02 -5.086803709801102080e-02 9.982381986637987037e-01 1.074875858493033187e-01
6.643639037635882261e-01 -7.466409887047329441e-01 -3.387974855314408729e-02 4.347278967577160813e+00 7.471176320510335422e-01 6.621558704451282473e-01 5.800730224300204574e-02 2.038574516623312682e+00 -2.087695510514013530e-02 -6.385011527846462531e-02 9.977411064622249137e-01 1.143752247239145647e-01
6.484632975789982323e-01 -7.603006756025051383e-01 -3.792406058620255427e-02 4.426865683099260984e+00 7.606709758400055366e-01 6.452330824204256521e-01 7.109103927254165067e-02 2.091791249583242251e+00 -2.958070667826318001e-02 -7.494766192891261225e-02 9.967486291757836625e-01 5.699527504409623163e-02
6.397696730734405701e-01 -7.682997535003367462e-01 -2.025473245502942485e-02 4.524146131433663953e+00 7.670813621329873877e-01 6.366738244442473604e-01 7.894697673588543796e-02 2.177794793037234999e+00 -4.775928479053899445e-02 -6.604490925769712639e-02 9.966730259605899311e-01 3.189372053337670432e-02
6.364114176890425245e-01 -7.713333500494883310e-01 -5.036917356528128331e-03 4.575688335406103313e+00 7.694755585440218315e-01 6.343965831668967326e-01 7.381287197726545124e-02 2.263859614142611498e+00 -5.373892665832268045e-02 -5.085113929500585661e-02 9.972593892232909374e-01 4.349413567606586623e-02
6.422528570844014961e-01 -7.664616516113108569e-01 6.914056420440906070e-03 4.658496700755140552e+00 7.652142772843334440e-01 6.416762451925567268e-01 5.194907309853639965e-02 2.362638192691407291e+00 -4.425355812969892361e-02 -2.807370593355063351e-02 9.986258006020162226e-01 7.854169579972253290e-02
6.497424134620375380e-01 -7.599575520346029123e-01 1.730072987189946315e-02 4.738714868601596741e+00 7.591676011673156310e-01 6.498901580539333533e-01 3.615709892258090613e-02 2.494156639324472735e+00 -3.872143445677470736e-02 -1.035864712244972431e-02 9.991963515462825018e-01 1.007370159968455775e-01
6.751109168371611791e-01 -7.371793256946749251e-01 2.814057098979998867e-02 4.777813682957156693e+00 7.356256207898016486e-01 6.755775045052549999e-01 4.949728723951619946e-02 2.568969589871598735e+00 -5.549951355558423866e-02 -1.271523396547101156e-02 9.983777475586567141e-01 1.245965631150833530e-01
6.915906760621670646e-01 -7.218412160732085026e-01 2.544789896683925107e-02 4.916984600964777741e+00 7.193513614616370289e-01 6.915243618193160913e-01 6.578507257484070281e-02 2.674438675772115026e+00 -6.508421887957321905e-02 -2.719036204869880805e-02 9.975092624454654500e-01 1.081886066851510814e-01
6.819589427220886790e-01 -7.310779563113161128e-01 2.137807842254016780e-02 5.053406350061599106e+00 7.287098822778508289e-01 6.816694281000879041e-01 6.564067537967417654e-02 2.775916878519593123e+00 -6.256123329963851620e-02 -2.918582857087052840e-02 9.976142939526577713e-01 4.417523040253278077e-02
6.604453592065518963e-01 -7.506071994710384887e-01 2.001898111226629168e-02 5.084128634972412186e+00 7.486252196326544928e-01 6.602951316008731641e-01 5.975466269794710295e-02 2.825600198841412336e+00 -5.807071579108186860e-02 -2.447797553781970795e-02 9.980123349343340555e-01 5.788514791057618181e-02
6.405178855295509122e-01 -7.677111616215758216e-01 1.887884102385331206e-02 5.098005945017793472e+00 7.659554206359188155e-01 6.404345042580366076e-01 5.617774785638816881e-02 2.912212005324632536e+00 -5.521894525618951943e-02 -2.152250165324182118e-02 9.982422802142675300e-01 1.044609406036804550e-01
6.124654756948387790e-01 -7.904480136357918685e-01 8.830561767284701713e-03 5.225611081659657486e+00 7.886422727503772379e-01 6.117549250682980944e-01 6.163827776471831471e-02 3.035121904777795976e+00 -5.412399387530902189e-02 -3.078716281036481678e-02 9.980594891553676851e-01 1.171636961339250077e-01
5.945402316519778907e-01 -8.040493866352567132e-01 5.147504121409116062e-03 5.285607274660693911e+00 8.008193740535223260e-01 5.927022885756008108e-01 8.597864419592793350e-02 3.106006967617778169e+00 -7.218201360267834099e-02 -4.699554200892520212e-02 9.962836824637599786e-01 1.017357950214335532e-01
5.958518366913498898e-01 -8.030920622451773738e-01 1.930872945802832030e-03 5.357956579675516195e+00 7.992657616544340815e-01 5.932439846824364427e-01 9.610315751869105694e-02 3.196726806642712582e+00 -7.832516172024234224e-02 -5.571996228366513093e-02 9.953695066881468323e-01 9.087031210414417415e-02
6.014752890113048700e-01 -7.988395402815524626e-01 -9.103053966946640652e-03 5.456673132473964571e+00 7.962788381260923476e-01 5.985486348722950378e-01 8.763300545497990091e-02 3.288130129561179338e+00 -6.455608926606218323e-02 -5.995765651916268313e-02 9.961112341317119867e-01 8.430991445990564104e-02
6.116260091200511617e-01 -7.909988651051517161e-01 -1.531079260656206635e-02 5.514933524197233261e+00 7.898316736550529127e-01 6.093792710637799814e-01 6.944660746958224162e-02 3.388083817055459246e+00 -4.560210805584698907e-02 -5.456830032297364796e-02 9.974681690864749539e-01 9.747633155397000815e-02
6.370317707430427356e-01 -7.705943820696709023e-01 -1.936030440477798376e-02 5.603765133917324448e+00 7.702087927685025148e-01 6.352971427217131151e-01 5.635562076415675387e-02 3.455538821704317698e+00 -3.112777868833001976e-02 -5.081179756994893409e-02 9.982230325040796215e-01 1.087454283563994151e-01
6.523853282662399611e-01 -7.577165270613113179e-01 -1.609497067706169501e-02 5.680021324514865633e+00 7.572736139805142930e-01 6.508553889113143365e-01 5.407343427222465609e-02 3.571963847934102265e+00 -3.049683642349296578e-02 -4.746501177969714852e-02 9.984072393692424718e-01 1.155446584272935284e-01
6.803089260414429962e-01 -7.328909318936193129e-01 -7.116677345562046064e-03 5.719670072635165248e+00 7.316071654382675371e-01 6.784711088080257468e-01 6.654254272412349347e-02 3.654797687015768570e+00 -4.393996617798140436e-02 -5.047609791684067732e-02 9.977582086414360507e-01 1.284732610651403428e-01
6.872894928350261612e-01 -7.263836058674272289e-01 1.008246336707818713e-04 5.855803365676314876e+00 7.242472191069583287e-01 6.852787114862635143e-01 7.654445244146643179e-02 3.777474499445562905e+00 -5.566972834862816272e-02 -5.253517593727669716e-02 9.970661646224032726e-01 1.131666680172324774e-01
6.846362554878662188e-01 -7.288764167120413973e-01 3.516650760009530641e-03 5.925103510909331739e+00 7.267566795054847262e-01 6.829977113603996619e-01 7.306746930487251213e-02 3.863363199888826038e+00 -5.565901962589286239e-02 -4.746888915353755095e-02 9.973207999920655764e-01 9.155006777332835854e-02
6.748160258383575361e-01 -7.379859966411080885e-01 -5.775418527143028058e-06 5.984071802622775493e+00 7.368622432469228434e-01 6.737880314963573536e-01 5.516994733889543645e-02 3.910095789968500490e+00 -4.071075716365172431e-02 -3.723382029679649097e-02 9.984769786416050064e-01 8.182292500324471474e-02
6.658381289483770171e-01 -7.460690435248884533e-01 -6.369327467060128568e-03 6.054473660959738268e+00 7.458981019638506460e-01 6.654403302470675019e-01 2.872609210106483527e-02 3.983826837022801381e+00 -1.719324068491707991e-02 -2.387779668503813360e-02 9.995670279176972484e-01 1.193111107163097734e-01
6.286400747134230915e-01 -7.775949991525467064e-01 -1.255682114441280736e-02 6.115291581123689646e+00 7.776960218998906216e-01 6.285423857492924427e-01 1.110706251322331369e-02 4.106252499083343110e+00 -7.443019460207783711e-04 -1.674773445987763620e-02 9.998594698281726423e-01 1.561953410364294026e-01
6.308577392039833587e-01 -7.758920226509110618e-01 -3.175228041745206675e-03 6.162316178705027347e+00 7.757888498799671018e-01 6.306944849119893171e-01 1.939399658447212016e-02 4.146785185485614811e+00 -1.304504842294433239e-02 -1.469815935002199286e-02 9.998068767633899734e-01 1.447553788637765959e-01
6.353751192462726571e-01 -7.721645975995266031e-01 7.764795988689544848e-03 6.272079739521464248e+00 7.715244772120271044e-01 6.352058429906447534e-01 3.554599968002961075e-02 4.259845596310898763e+00 -3.237960632084888740e-02 -1.659431361959503790e-02 9.993378757207200813e-01 1.280768257448965941e-01
6.473797619622245758e-01 -7.621522345397735432e-01 4.838924236196789214e-03 6.359484620826777679e+00 7.615342178442920940e-01 6.470875177624375585e-01 3.665214056954158028e-02 4.352807014096478078e+00 -3.106571830838307860e-02 -2.004284765389591216e-02 9.993163690262993892e-01 9.417014950112198579e-02
6.632350878333646005e-01 -7.484099742657810417e-01 -1.314795102660484827e-03 6.449051511313479423e+00 7.483120985021307625e-01 6.631177263404601785e-01 1.743227605322070911e-02 4.459125060933523343e+00 -1.217462533330511062e-02 -1.254557422166548662e-02 9.998471818560286106e-01 8.603492773840003272e-02
6.751395678678875356e-01 -7.376677368856852102e-01 -5.733572805299247573e-03 6.520362313621561157e+00 7.376440799408068294e-01 6.751638716052252853e-01 -5.912512775746759340e-03 4.575039446842146695e+00 8.232571131949084631e-03 -2.375647163075636156e-04 9.999660835926201807e-01 1.036470986007113904e-01
6.975129250663731906e-01 -7.165675889544402821e-01 -2.570958065069854810e-03 6.565210313305880341e+00 7.165175092467619411e-01 6.974995262793388662e-01 -9.852399855600487560e-03 4.662875089741348233e+00 8.853152442412984269e-03 5.030039773041684523e-03 9.999481588521041964e-01 1.709106978894052442e-01
7.028675012774727726e-01 -7.113056123739393000e-01 4.647736362710166991e-03 6.692089044343103588e+00 7.113207410047083235e-01 7.028550254667140784e-01 -4.197212491327009104e-03 4.773831010632678229e+00 -2.811840581683228840e-04 6.256115529627135144e-03 9.999803907847419904e-01 1.575306700979936247e-01
6.985593757267407611e-01 -7.154816400933158294e-01 1.004097971541579801e-02 6.778712874588168624e+00 7.155233477605603687e-01 6.985883151051981432e-01 -8.395284394937443245e-04 4.823999140005143182e+00 -6.413843916603829097e-03 7.771015883367784344e-03 9.999492356706684015e-01 9.211063418487003274e-02
6.933978204606819906e-01 -7.204938344240998660e-01 9.386007523628683846e-03 6.840198320239146312e+00 7.205536711796918237e-01 6.933130242531055920e-01 -1.092965463686543931e-02 4.923938733618386188e+00 1.367307516376915950e-03 1.434172088246133889e-02 9.998962173707255374e-01 1.231328616001743093e-01
6.870256373159764340e-01 -7.266329813531453574e-01 5.329919473924305852e-04 6.882969104165998608e+00 7.266195251647344922e-01 6.870080486783152196e-01 -6.633754637418466486e-03 5.039392070639724608e+00 4.454135152013304413e-03 4.944841863301150352e-03 9.999778543642826589e-01 1.957204839915129002e-01
6.763390758240724887e-01 -7.365417166805522386e-01 -8.470779344600488231e-03 7.004808010382626016e+00 7.365086499510010709e-01 6.760479147114111242e-01 2.267654210206122151e-02 5.128126482815725140e+00 -1.097556653633333101e-02 -2.157583378731828955e-02 9.997069672336932333e-01 1.600338703820387842e-01
6.697025233670033106e-01 -7.425353367580812547e-01 -1.182386829390184683e-02 7.096597400609871542e+00 7.419285359130575186e-01 6.682940159260659652e-01 5.408471018058753910e-02 5.208138631693011611e+00 -3.225798806149322850e-02 -4.499313217563595535e-02 9.984663440813867918e-01 1.162589162877527005e-01
6.738205848651975804e-01 -7.387043176623019347e-01 -1.678542459981832019e-02 7.187889568033183352e+00 7.377069711377152172e-01 6.712758865113763740e-01 7.195212938603010033e-02 5.275877515695627906e+00 -4.188369786374410153e-02 -6.086555064598364595e-02 9.972668352040088280e-01 1.073460099638559317e-01
6.659864233209261686e-01 -7.456373015163952900e-01 -2.207030900437177007e-02 7.284899347352276955e+00 7.452455036618019779e-01 6.637557000979716904e-01 6.354140271758583480e-02 5.402383111936718940e+00 -3.272954665233188815e-02 -5.876551007861421927e-02 9.977351309847384275e-01 1.099540245845234687e-01
6.708301467621557990e-01 -7.413616806415789240e-01 -1.922947402708010886e-02 7.302590100619835489e+00 7.413735526452597258e-01 6.697337312004745247e-01 4.268471307666240472e-02 5.492788569372815566e+00 -1.876618323503903910e-02 -4.289041581267407505e-02 9.989035201650882101e-01 1.320602037450688271e-01
6.878712067286155696e-01 -7.256529086268679318e-01 -1.615732512158417344e-02 7.382892989326498068e+00 7.257946804132615615e-01 6.874366390436775776e-01 2.555287036995895419e-02 5.587855240117153066e+00 -7.435377430208224038e-03 -2.930398439971690014e-02 9.995428913562296458e-01 1.754755244877850839e-01
7.165533577500459161e-01 -6.972632788531538672e-01 -1.937022096115152692e-02 7.460868550244348363e+00 6.975167191812197132e-01 7.160755315917363140e-01 2.657554361212375454e-02 5.689822205463276106e+00 -4.659609404488422243e-03 -3.255384798393776147e-02 9.994591212358994170e-01 2.273936153596323173e-01
7.234801984326038049e-01 -6.897759568356861548e-01 -2.802734106785909063e-02 7.638744279946526383e+00 6.902591481440204513e-01 7.221529068102325866e-01 4.513853773687107052e-02 5.798228365523194761e+00 -1.089545223529771005e-02 -5.200296680907139091e-02 9.985874926933758777e-01 2.276519411016193484e-01
7.156386278919250055e-01 -6.979157957762385234e-01 -2.783695879550471611e-02 7.683207424750586156e+00 6.982453584239287636e-01 7.138269997824095991e-01 5.389279934353906343e-02 5.891389554508731585e+00 -1.774186316039351799e-02 -5.800479624706446347e-02 9.981586396479942280e-01 1.556385823048506700e-01
7.133746429606137029e-01 -7.003928126719271008e-01 -2.337791133364639645e-02 7.757995563034759456e+00 7.005565726493639955e-01 7.118996599038847073e-01 4.918701806889361205e-02 5.940922178803103471e+00 -1.780750680453125484e-02 -5.146632089279427891e-02 9.985159540614093610e-01 1.257304811870293415e-01
7.021625876388311038e-01 -7.116386898370780090e-01 -2.319645764568150151e-02 7.793613067532882965e+00 7.119189289666606468e-01 7.011538369677479121e-01 3.943013421696493770e-02 6.033941403934578673e+00 -1.179572377193162727e-02 -4.420036235566460192e-02 9.989530463782190228e-01 1.613661605782417685e-01
6.959348269531113740e-01 -7.172382006625459550e-01 -3.527152029749355128e-02 7.907996969201644966e+00 7.180775903818297223e-01 6.946396174779461141e-01 4.289960397856791563e-02 6.138461892659005770e+00 -6.268239399407309412e-03 -5.518301677550963014e-02 9.984565808458500946e-01 2.476989620306705719e-01
6.879171890974504766e-01 -7.245617092047039742e-01 -4.219325181377463901e-02 8.020149890411577331e+00 7.256655372030508255e-01 6.855637238706748793e-01 5.841154533464135851e-02 6.235729747010403834e+00 -1.339660628929133408e-02 -7.080049482123115800e-02 9.974005318190874991e-01 2.129016552266803919e-01
6.869058637881677587e-01 -7.259516610028238226e-01 -3.397823098209320353e-02 8.119194542460602904e+00 7.263627677345243505e-01 6.842735325264900359e-01 6.455123804204120075e-02 6.303060854194072249e+00 -2.361067433329051488e-02 -6.902114582474012938e-02 9.973357596549755621e-01 1.493688364209597719e-01
6.858533100805261906e-01 -7.274497568039374196e-01 -2.054478954571986593e-02 8.206837874115002762e+00 7.273549936843831665e-01 6.842994600134568728e-01 5.185520405593242732e-02 6.357477087650694081e+00 -2.366326718728036654e-02 -5.050841861693643187e-02 9.984432630023799549e-01 1.407454180428922008e-01
6.968734866509032067e-01 -7.170476052655162524e-01 -1.449397757697396677e-02 8.261856659629936317e+00 7.171820966529124375e-01 6.966027186194966303e-01 1.986183910062199257e-02 6.441363252217399804e+00 -4.145339979539902804e-03 -2.423601029284417827e-02 9.996976702791395830e-01 1.777960966639828000e-01
7.071240493485762002e-01 -7.069351860331029025e-01 -1.477232484122284646e-02 8.372550407413811513e+00 7.069246749874514846e-01 7.072559871427316347e-01 -6.817077427044287465e-03 6.543582576930757178e+00 1.526704708706178200e-02 -5.622401542256186095e-03 9.998676441780377511e-01 2.055088237262958639e-01
7.354335948646245624e-01 -6.774283244616913224e-01 -1.510936006324706954e-02 8.429897926428317589e+00 6.775450480965116151e-01 7.354701723439567296e-01 4.041459172925861848e-03 6.606915101758373154e+00 8.374684733827721106e-03 -1.320949693880372686e-02 9.998776794419569347e-01 2.376188992349423657e-01
