1.000000000000000000e+00 0.000000000000000000e+00 0.000000000000000000e+00 0.000000000000000000e+00 0.000000000000000000e+00 1.000000000000000000e+00 0.000000000000000000e+00 0.000000000000000000e+00 0.000000000000000000e+00 0.000000000000000000e+00 1.000000000000000000e+00 0.000000000000000000e+00
9.999982121931578760e-01 -1.794682828419015379e-03 -5.955871334075421358e-04 2.582202143345038378e-02 1.794836720887577237e-03 9.999983560090855983e-01 2.579540101495219197e-04 -5.306482051289596047e-02 5.951232086351688480e-04 -2.590225306351055996e-04 9.999997893678254091e-01 -1.931624671804783519e-02
9.999884056779536623e-01 -4.775670813594363844e-03 -6.176390083548403791e-04 4.261898419212951233e-02 4.775863858420326992e-03 9.999885469940289484e-01 3.114565402767999094e-04 -1.243146252530276663e-01 6.161445206224868548e-04 -3.144026889669209791e-04 9.999997607584107939e-01 -2.829702014563443419e-02
9.999864607791222326e-01 -5.183618993215674715e-03 -4.564565458607888564e-04 4.628166049941490057e-02 5.183872010582170516e-03 9.999864096970846328e-01 5.548802683514675663e-04 -1.434649675397826063e-01 4.535740545800756389e-04 -5.572389680170884100e-04 9.999997418776214175e-01 -1.858099324610964012e-02
9.999923439831126526e-01 -3.913043618381560965e-03 8.049890164294833640e-06 8.992393293728792592e-04 3.913042777978180398e-03 9.999923388277184300e-01 1.018925285147616517e-04 -1.050836983843715378e-01 -8.448538401164884648e-06 -1.018602488592717354e-04 9.999999947765559893e-01 -3.765584209362741325e-03
9.999986384538820383e-01 -1.498699768544001047e-03 6.906441818952458508e-04 -6.875767717750114194e-02 1.498875008391864667e-03 9.999988446092361594e-01 -2.532862056479622827e-04 -3.208350096893641118e-02 -6.902637839535570065e-04 2.543210500910462264e-04 9.999997294283193838e-01 1.664442201903582400e-02
9.999868029430080130e-01 5.000972395740362585e-03 1.176526633213968893e-03 -1.411305081184298649e-01 -5.000644026872893937e-03 9.999874569737864372e-01 -2.818765971570966894e-04 5.213005585513477702e-02 -1.177921533090955670e-03 2.759894863347409555e-04 9.999992681650649029e-01 2.316332199617067433e-02
9.999951907726160050e-01 2.903236478427519834e-03 1.090710589316046860e-03 -8.480217521886088128e-02 -2.904068753988477657e-03 9.999954926689933465e-01 7.622508573070689922e-04 2.416866059867310568e-02 -1.088492678627741607e-03 -7.654146900114497387e-04 9.999991146616284965e-01 2.319887190181522951e-02
9.999974701481267880e-01 -2.108346699070041096e-03 7.839461351988765000e-04 -6.082305587948495795e-02 2.107704167993518576e-03 9.999974429686029342e-01 8.195360858457032081e-04 1.960364743393196857e-04 -7.856719968253566807e-04 -8.178816860041600648e-04 9.999993568943237321e-01 1.809075908569949057e-02
9.999925117933614604e-01 -3.824208765011540175e-03 5.931142600412693880e-04 -1.000947165016141671e-01 3.823972434525038482e-03 9.999926089575021937e-01 3.990804280315653316e-04 3.088542791747982824e-03 -5.946360431793903511e-04 -3.968093870539332580e-04 9.999997444751106412e-01 1.017766307359977730e-02
9.999989546146176300e-01 -1.284330805464853646e-03 6.642770913000370933e-04 -1.004568337538639805e-01 1.283993291950153706e-03 9.999990465116730398e-01 5.082686013253349911e-04 3.627458166636798181e-03 -6.649292429417172834e-04 -5.074151426595433509e-04 9.999996501994262710e-01 1.504463987367777797e-02
9.999998887332660624e-01 4.251151966476516110e-04 2.044762210884924693e-04 -5.010305250124721943e-02 -4.251831907746511608e-04 9.999998542982899696e-01 3.325998392559937939e-04 1.390916956665220854e-02 -2.043347980498871322e-04 -3.326867421008159712e-04 9.999999237834080734e-01 1.618593802734095977e-03
9.999999892383857336e-01 -8.517029723224555672e-05 -1.194539610929815494e-04 -4.631928775367204036e-03 8.518631407624525692e-05 9.999999873822326135e-01 1.340851468623389280e-04 1.513067466904176143e-02 1.194425395139265617e-04 -1.340953212620136375e-04 9.999999838759621174e-01 -7.711392011550449038e-03
9.999985580416484998e-01 -1.686550838543893161e-03 1.986476599235603615e-04 -9.806753073399482323e-03 1.686531603697385062e-03 9.999985731042555503e-01 9.695670531564423917e-05 -2.077962065996984825e-03 -1.988108988867123264e-04 -9.662153995165164995e-05 9.999999755692519088e-01 -3.547609173945472788e-03
9.999984114804097990e-01 -1.778508277759918623e-03 1.180887923991625195e-04 -1.784473605185349018e-02 1.778485418271723035e-03 9.999983997912729183e-01 1.934024575232033943e-04 -1.727021687917282625e-02 -1.184325713040904683e-04 -1.931921311042676225e-04 9.999999743252628859e-01 -7.554587108602134424e-04
9.999997942910996418e-01 -5.710146684720973425e-04 2.921643489852685026e-04 -2.323756014680960352e-02 5.710509792991794306e-04 9.999998292358316387e-01 -1.242138740883694454e-04 -2.561695890801465869e-02 -2.920933711499341880e-04 1.243806892740743659e-04 9.999999496054520209e-01 4.762612745994672554e-03
9.999999356408114659e-01 -3.570852338661122810e-04 3.476361074167106887e-05 2.196332777715130288e-02 3.570936968421130429e-04 9.999999065368476714e-01 -2.437424614724060222e-04 -3.315850548755974042e-02 -3.467657065869644937e-05 2.437548596516142952e-04 9.999999696905514934e-01 3.953944452725257491e-04
9.999991077574725828e-01 -1.286048731986875549e-03 -3.613349108242923380e-04 6.836701123824595605e-02 1.286063329877827578e-03 9.999991722133807492e-01 4.017044590316819295e-05 -5.550521615527438668e-02 3.612829505650709799e-04 -4.063510964000380168e-05 9.999999339117066066e-01 -1.085795783138881684e-02
9.999981727205166093e-01 -1.804380634381932145e-03 -6.314793377543602903e-04 6.440416577298713197e-02 1.804431623652468430e-03 9.999983687970835922e-01 8.018533240474353372e-05 -1.057470340615391663e-01 6.313336228224703363e-04 -8.132464717045785813e-05 9.999997974020586877e-01 -2.973299148135027589e-02
9.999917301989479368e-01 4.026405397929856862e-03 -5.723576557212367577e-04 2.575719329198838947e-02 -4.026540915434746563e-03 9.999918656464824585e-01 -2.358158681948769979e-04 -1.018931932650595229e-01 5.714035096771093863e-04 2.381185395635859758e-04 9.999998083987767794e-01 -3.147097531663523712e-02
9.999817594955024980e-01 6.032617110761396249e-03 -2.969967576231403853e-04 -2.105213637125638582e-02 -6.032765022086363817e-03 9.999816778690483465e-01 -4.996722837009110125e-04 -6.976399042233738523e-02 2.939769844412276384e-04 5.014548810774347798e-04 9.999998310602531415e-01 -2.303991550604801014e-02
9.999496990728574675e-01 1.002760789198541176e-02 -2.154160306906030119e-04 -2.979584828166538524e-02 -1.002768842240375595e-02 9.999496507516407728e-01 -3.760672478415477433e-04 -6.217036842846036804e-02 2.116341297530000519e-04 3.782084561472696905e-04 9.999999060846750387e-01 -1.765650970576813222e-02
9.999411222842089497e-01 1.083499234806973958e-02 -5.957397199944069457e-04 1.186170174654781195e-02 -1.083499463108307699e-02 9.999412997226280186e-01 -6.048530810539512069e-07 -7.095076906115108106e-02 5.956981963290967257e-04 7.059654136348482911e-06 9.999998225468943458e-01 -2.751518058160731806e-02
9.999454523569091258e-01 1.042088590681964147e-02 -7.052996904881546607e-04 4.988768908499120053e-02 -1.042084265062775267e-02 9.999456994339135374e-01 6.497747589750675710e-05 -7.571449385785851416e-02 7.059385151785414585e-04 -5.762411443322904236e-05 9.999997491651057002e-01 -2.942756467865163122e-02
9.999479710611214323e-01 1.016837475181574420e-02 -8.119887027199846653e-04 7.991882784361253877e-02 -1.016853010516539056e-02 9.999482815961386883e-01 -1.874257977198753606e-04 -8.110017392514369539e-02 8.100408922109528405e-04 1.956727777231638977e-04 9.999996527728982620e-01 -3.645961799482306392e-02
9.999419388258615760e-01 1.076319823610651615e-02 -5.220545060411388829e-04 9.816604393290008501e-02 -1.076320153234389641e-02 9.999420750625960252e-01 -3.504812228455124551e-06 -9.432049011323771770e-02 5.219865430777598453e-04 9.123586594331028582e-06 9.999998637233952214e-01 -3.819713942036760679e-02
9.999438387306404108e-01 1.057669308252440384e-02 -6.730141670545906375e-04 8.786873357389628214e-02 -1.057636911091097871e-02 9.999439519321032810e-01 4.831261090991209681e-04 -6.701218202873032714e-02 6.780863224869558125e-04 -4.759809298759315509e-04 9.999996568204879699e-01 -5.600900898457936844e-02
9.999464495130603314e-01 1.030798101695658275e-02 -9.184952796863774319e-04 8.302452687449961288e-02 -1.030775371886686817e-02 9.999468419772347128e-01 2.518591398003590625e-04 -4.402916128418239705e-02 9.210426135253992758e-04 -2.423780294858336314e-04 9.999995464665946132e-01 -6.822992467572874808e-02
9.999563851851981378e-01 9.247411762037733782e-03 -1.308855627998103651e-03 1.251988141449338898e-01 -9.247511201051316146e-03 9.999572384080429588e-01 -6.994245327055394602e-05 -2.245885002235096031e-02 1.308152872582768770e-03 8.204305982387927632e-05 9.999991410021301652e-01 -7.339955988689031430e-02
9.999961152692451449e-01 -2.391000652573925783e-03 -1.432676620175442166e-03 1.814179110315407295e-01 2.391773321583105013e-03 9.999969950653787576e-01 5.378481114212544430e-04 -7.780827878604648813e-03 1.431386319890471520e-03 -5.412726597447460077e-04 9.999988290778699662e-01 -6.022335231665083832e-02
9.996832838865085114e-01 -2.511583852548162493e-02 -1.589519753974090802e-03 2.131166400058510102e-01 2.511866503541762552e-02 9.996828847974000842e-01 1.783959076492274429e-03 1.188188415519380627e-02 1.544210064994025640e-03 -1.823320682174194756e-03 9.999971454544083205e-01 -6.171268474574063967e-02
9.984996429967721854e-01 -5.473230248419732463e-02 -1.684636488064588950e-03 2.213780944504554204e-01 5.473767620085292357e-02 9.984952210444126841e-01 3.328716809836778159e-03 8.848766027508978699e-03 1.499913147209315772e-03 -3.415935632859198358e-03 9.999930407979362723e-01 -6.597925838840620893e-02
9.978006796110123755e-01 -6.627898515801050605e-02 -9.486275486062321211e-04 2.343404573114695189e-01 6.628554227936567234e-02 9.977328142411040490e-01 1.163865418581068630e-02 -7.612994940563175272e-02 1.750786456969722423e-04 -1.167593734783996771e-02 9.999318185929064740e-01 -1.752346576823455293e-01
9.975394966127153484e-01 -7.009239234966016530e-02 -1.417473933343068888e-03 3.003609348809261892e-01 7.010542131855340697e-02 9.974402903626587991e-01 1.407469584051923052e-02 -1.291138092229489887e-01 4.273165085994067979e-04 -1.413943761103371617e-02 9.998999418465055466e-01 -2.437033413613599042e-01
9.969875544578461479e-01 -7.753377219186156910e-02 -2.080967530713886873e-03 2.981906808199175640e-01 7.755077747953049994e-02 9.969385044416649855e-01 9.974731772668726446e-03 -1.280751219863531243e-01 1.301218076924546413e-03 -1.010606408632249049e-02 9.999480858025577845e-01 -2.122568956681231966e-01
9.971331634809822431e-01 -7.558319469493549048e-02 -3.554569751216998374e-03 3.097785096622321932e-01 7.554531554533930326e-02 9.970942300358335286e-01 -9.798047172955244577e-03 -1.378495819584638071e-01 4.284808696302015371e-03 9.501426680021150817e-03 9.999456801774185832e-01 -1.320505689994909970e-01
9.962520699957169157e-01 -8.640683877790482359e-02 -3.958691912523752167e-03 3.727064207920218197e-01 8.614468233145945730e-02 9.952783767179184116e-01 -4.472187992199285617e-02 -1.192431058518875764e-01 7.804276728887446675e-03 4.421324518913279794e-02 9.989916327049914724e-01 -1.130398131961116853e-02
9.957064431149327266e-01 -9.207029027277285893e-02 -9.578141181700049189e-03 4.049399561175427986e-01 9.122394675236908390e-02 9.935541244456852494e-01 -6.729333797552926322e-02 -5.801224278031859305e-02 1.571211883643194168e-02 6.613065435979918749e-02 9.976872585513030245e-01 3.665608541397404052e-02
9.987089519505074620e-01 -4.923293268658263111e-02 -1.251189965582599414e-02 5.018019745480881699e-01 4.835494817403712675e-02 9.968549165351447972e-01 -6.278594083706712237e-02 -7.630061312283593911e-02 1.556368468599961252e-02 6.209986891119765456e-02 9.979485848480406096e-01 -3.201715404623087236e-02
9.992432261621154721e-01 -3.737277933703608834e-02 -1.078194480381866605e-02 7.256702584190489747e-01 3.678659830238732720e-02 9.980602088983947517e-01 -5.022514906928005757e-02 -9.395526437309398293e-02 1.263808349656616800e-02 4.979050891804399220e-02 9.986797204645821990e-01 -1.023890098996112358e-01
9.983599254767822062e-01 -5.676235944344876216e-02 -7.449412890053288758e-03 7.896478409070579740e-01 5.639202006462136485e-02 9.974840807916031116e-01 -4.295868527273587201e-02 -6.125494481492504972e-02 9.869107103740946615e-03 4.246814238630360061e-02 9.990490766760317110e-01 -1.030161804061175829e-01
9.981652583265339107e-01 -6.054054814318101524e-02 -9.793367383589520261e-04 7.503962897118976461e-01 6.047600876993432933e-02 9.976313722937060202e-01 -3.277647599477050838e-02 -1.922496799982337592e-02 2.961322877151903801e-03 3.265711325117582470e-02 9.994622271606451447e-01 -3.218999609031193698e-02
9.977125370062926990e-01 -6.759855470886963480e-02 -3.590288832764828848e-04 7.714101211113268963e-01 6.758920147520539046e-02 9.976390905172427548e-01 -1.216326090622203877e-02 3.771084138541876823e-03 1.180400106388877378e-03 1.211117142148905763e-02 9.999259603502591576e-01 2.587854364431302692e-02
9.956895045978612080e-01 -9.272593610936462338e-02 -2.076344457878394421e-03 8.649476489190026651e-01 9.273400183094283877e-02 9.956820586454973032e-01 4.200356637604950316e-03 5.369834664913829270e-02 1.677896923062426526e-03 -4.374798750389773810e-03 9.999890228386555391e-01 1.082904305860451083e-01
9.856638756992156525e-01 -1.680552125912807837e-01 -1.497229650055344370e-02 9.525992539665580905e-01 1.682066229920693157e-01 9.857060342938339659e-01 9.494521490142042094e-03 1.283344262451605877e-01 1.316267918035367822e-02 -1.187684628267697030e-02 9.998428298483580390e-01 1.293692142971604730e-01
9.733523088129311107e-01 -2.272023867929010288e-01 -3.105411992224900788e-02 9.914743203040274899e-01 2.276581897721481618e-01 9.736673956386368012e-01 1.198128957762268319e-02 1.175243954196062007e-01 2.751420647965331298e-02 -1.873174059940175759e-02 9.994458916499240342e-01 6.683860774837341312e-02
9.630787659401712775e-01 -2.666386637557526251e-01 -3.719023508534851502e-02 1.159092516060237887e+00 2.676099112278748082e-01 9.632259996134338031e-01 2.409583120189429800e-02 7.207863104728606807e-02 2.939772113218615951e-02 -3.315865888795694466e-02 9.990176561667898358e-01 -2.899165081050548987e-02
9.567574749331198003e-01 -2.888346621778941081e-01 -3.449162339152061357e-02 1.372157175463847745e+00 2.898783449644484200e-01 9.565791835238129925e-01 3.044356696557647818e-02 9.748512563659525454e-02 2.420081156227926050e-02 -3.912548496181334629e-02 9.989411980423221760e-01 -1.457306726478034553e-01
9.527892714341494873e-01 -3.025922243935846856e-01 -2.511075420064497535e-02 1.454153566239546391e+00 3.030576381925497165e-01 9.528140874676357397e-01 1.736037604345787300e-02 1.562861222779982351e-01 1.867276554601262836e-02 -2.415078590355020094e-02 9.995339250706323231e-01 -1.419870050014620244e-01
9.498103783161457869e-01 -3.126203376265874190e-01 -1.134767576107208881e-02 1.387716455972441976e+00 3.125460310425633437e-01 9.498700641159835145e-01 -7.863827047842211412e-03 2.027405446027188418e-01 1.323720976947045935e-02 3.922473522642770313e-03 9.999046906975600502e-01 6.895425901491944454e-02
9.553427066738630069e-01 -2.947413790492663388e-01 -2.116204813324980977e-02 1.372834248388135059e+00 2.944033308244523583e-01 9.555174413894873542e-01 -1.769457543869232610e-02 2.214879827681233149e-01 2.543602965333548876e-02 1.067420613554905494e-02 9.996194624550136520e-01 2.088836219513752757e-01
9.603786626671192428e-01 -2.768319855831932186e-01 -3.220055980541945695e-02 1.596861029322113490e+00 2.768231511143062207e-01 9.609087888757636975e-01 -4.821044332829379532e-03 2.566012304338092243e-01 3.227642019898896431e-02 -4.283832323959309470e-03 9.994698001839568136e-01 1.736335741022209944e-01
9.553880068463364017e-01 -2.918936702275050643e-01 -4.507595429163013118e-02 1.905889503689780495e+00 2.929649729017019255e-01 9.559305110753749668e-01 1.919329695173472780e-02 3.026455673106027700e-01 3.748707813220000101e-02 -3.154272144709348302e-02 9.987991668482815166e-01 -5.118699432137446825e-02
9.458509567952427810e-01 -3.223736173229365676e-01 -3.796338214185718957e-02 2.026152230362646911e+00 3.235724730687346007e-01 9.456867560656800897e-01 3.126362221742462477e-02 3.413162540392113975e-01 2.582290072216579871e-02 -4.185463243293024993e-02 9.987899516626093099e-01 -1.689385477059549001e-01
9.236815719025778249e-01 -3.824540265538928785e-01 -2.326523802365061677e-02 1.992132360277136360e+00 3.829562338204644534e-01 9.234693854281572634e-01 2.342684688530275242e-02 4.038293156558470098e-01 1.252504313879487102e-02 -3.054851468821135826e-02 9.994548071547384449e-01 -4.621292880672833725e-02
8.980405976764689324e-01 -4.394886164195632716e-01 -1.930909015227205705e-02 1.998735811934021944e+00 4.398283305840243740e-01 8.978622953627281023e-01 1.985795008663495537e-02 4.347081974346285738e-01 8.609560996980895886e-03 -2.632593025120138347e-02 9.996163368292098061e-01 5.384455057961381325e-02
8.581255648055777785e-01 -5.132161271618377318e-01 -1.515657771769616385e-02 2.129973928208329870e+00 5.134290409287168844e-01 8.575416259783663619e-01 3.182734116129613128e-02 4.846864125550486291e-01 -3.336908468358298734e-03 -3.509368227165535897e-02 9.993784560948318907e-01 7.487899182493348849e-02
8.336222671680103558e-01 -5.522854262870350306e-01 -7.397539632497778829e-03 2.236438434121273744e+00 5.519113267006149348e-01 8.323837054198376384e-01 5.031157333167003698e-02 4.923970231279999887e-01 -2.162875727436419995e-02 -4.602363373842861816e-02 9.987061740052864955e-01 -5.769851696489469717e-03
8.116795484117083070e-01 -5.840921250091019035e-01 3.563732946913825139e-03 2.347065031373299693e+00 5.829744762969529814e-01 8.104753389019619947e-01 5.718815452559422585e-02 5.581933668953372729e-01 -3.629146837010929078e-02 -4.434089009144402682e-02 9.983570577651263989e-01 -2.841602535498566340e-02
8.080690977484681348e-01 -5.890604991002553747e-01 5.662301981939836526e-03 2.416641984492347017e+00 5.881842056258069773e-01 8.073246117381854825e-01 4.760579307318021924e-02 6.297568490263177887e-01 -3.261400797686495739e-02 -3.513829366298430734e-02 9.988501523262329762e-01 2.597544160576294517e-02
8.044157857006961621e-01 -5.940064006991985224e-01 -8.464020552596859814e-03 2.539538133657871288e+00 5.940423402699401834e-01 8.041721311211212919e-01 2.051539652862680377e-02 7.241266932316479110e-01 -5.379747405251654110e-03 -2.153089539469417793e-02 9.997537091010757493e-01 7.518205336269373484e-02
8.075423786331509257e-01 -5.888665982266162446e-01 -3.333820937791536626e-02 2.575700112956090582e+00 5.891532430478186866e-01 8.080199439379223136e-01 -1.492114202990744987e-03 7.634687757704210487e-01 2.781659428741466850e-02 -1.843636871973058575e-02 9.994430135784028169e-01 7.447490731614257731e-02
8.328151825258384156e-01 -5.500202914346679073e-01 -6.242235789024195430e-02 2.708573896316372576e+00 5.499715285099107120e-01 8.349555052325747795e-01 -1.950953895632867932e-02 7.821415721820990097e-01 6.285053367257147083e-02 -1.808267933517921852e-02 9.978591218830110687e-01 8.902393504697672655e-02
8.330038764816125596e-01 -5.479261676818812932e-01 -7.669065481565076614e-02 2.934178728554613258e+00 5.489924646740605985e-01 8.357861254859176858e-01 -8.296154310182247971e-03 8.598681836281222290e-01 6.864266528702636649e-02 -3.519186290444026310e-02 9.970204196944054686e-01 8.744801055155029812e-02
8.331152117274804869e-01 -5.468785337177112238e-01 -8.272190367152795765e-02 3.046021102292236549e+00 5.493111590456908333e-01 8.355774370705252307e-01 8.221752035434834460e-03 9.281141669733609101e-01 6.462425656172099409e-02 -5.228973147204515198e-02 9.965387546134000241e-01 -2.092508113653887558e-02
8.160441085383429716e-01 -5.723251929104450353e-01 -8.072104112239238127e-02 3.099788126717488712e+00 5.744316057156358957e-01 8.185448228457496977e-01 3.564175553545802233e-03 1.007509877337422255e+00 6.403392284420335312e-02 -4.927724172924116686e-02 9.967303598128937070e-01 -3.443312680111305923e-02
7.934446613903537449e-01 -6.033889885375922635e-01 -7.979534963096659994e-02 3.028590524358875324e+00 6.045069780095762013e-01 7.965086652477343376e-01 -1.205237416455584923e-02 1.044123237136071136e+00 7.082995728416546788e-02 -3.867395372668730458e-02 9.967384022170858726e-01 8.384208566286133202e-02
7.701902553296776643e-01 -6.311336350346029578e-01 -9.207228314327009500e-02 3.114754433964971980e+00 6.327976911348539568e-01 7.741985054548820022e-01 -1.355567209048888153e-02 1.080837129439993216e+00 7.983766460514579721e-02 -4.782268164203683225e-02 9.956600516395948119e-01 1.795930505308011293e-01
7.458810510614102274e-01 -6.572336761532681093e-01 -1.081912778258357216e-01 3.198259560647652044e+00 6.612842002045579148e-01 7.501325246120869039e-01 2.098113179801658346e-03 1.144665839610493396e+00 7.977884573835518356e-02 -7.311012548996313754e-02 9.941278817755276886e-01 1.680158303121984109e-01
7.418098721259380746e-01 -6.608744702920473779e-01 -1.138553825372576878e-01 3.409389949800051944e+00 6.675154385924070288e-01 7.439589041505485500e-01 3.079428804017955712e-02 1.206194828451004009e+00 6.435256682748533019e-02 -9.884373248375874499e-02 9.930199714463919802e-01 5.400576880465502577e-02
7.226601577039968305e-01 -6.839570803353443029e-01 -9.982489031492054743e-02 3.569932803198016202e+00 6.900202642976647205e-01 7.223067047638644933e-01 4.631478286409587697e-02 1.317110495030648920e+00 4.042686391269202650e-02 -1.023510454871807696e-01 9.939265225165619944e-01 -5.761017524082000241e-02
7.177423946577625724e-01 -6.921119823363486301e-01 -7.633386415864590324e-02 3.601826893928485429e+00 6.958950129050973654e-01 7.167710712591306432e-01 4.437749902656250300e-02 1.363144475538929923e+00 2.399970676393804042e-02 -8.497196780402434257e-02 9.960942619866640646e-01 -2.779129510105454726e-02
7.153419432624434915e-01 -6.957967291525500864e-01 -6.444234562866230087e-02 3.643535900791111004e+00 6.982210716844333698e-01 7.153991859179800183e-01 2.629334219403856379e-02 1.451222511713343044e+00 2.780718010428935225e-02 -6.380373412665120425e-02 9.975749817663548402e-01 5.869181491030113496e-02
7.141861630341896916e-01 -6.974663163588583625e-01 -5.898187921138910855e-02 3.714850478341948037e+00 6.990417241154318617e-01 7.150217633906504888e-01 9.194880284655398972e-03 1.534346551963578387e+00 3.576020800032250063e-02 -4.779765080555434253e-02 9.982167059818444210e-01 1.503190692199105338e-01
7.236851124531060719e-01 -6.873973647877377191e-01 -6.135732145888798256e-02 3.809873487404481285e+00 6.891757758190971694e-01 7.244967585812166488e-01 1.188262721185395082e-02 1.614594011721877997e+00 3.628509388000660668e-02 -5.088526002865972203e-02 9.980451303793504980e-01 1.408050910584859317e-01
7.311370382939840207e-01 -6.801151609141260490e-01 -5.368425401785838907e-02 4.005439190301419039e+00 6.819866167064105866e-01 7.307136456672583824e-01 3.085162344201509976e-02 1.694545325621441334e+00 1.824516012658835423e-02 -5.916870735800293379e-02 9.980812482967196253e-01 9.696581792785904930e-02
7.190492605678570071e-01 -6.941608290993581676e-01 -3.330021352649045752e-02 4.123559387831802425e+00 6.948645046471022546e-01 7.173349351120249517e-01 5.093045306458738458e-02 1.783030327974742146e+00 -1.146651901647830971e-02 -5.976064099320502893e-02 9.981468753293405438e-01 2.325297193356099662e-02
7.117725499673599465e-01 -7.022312145398185157e-01 -1.584797901606484899e-02 4.138088581271579969e+00 7.018058444112148520e-01 7.100436847405297014e-01 5.750236960641696288e-02 1.857767926166870920e+00 -2.912720143137445539e-02 -5.205081253950561565e-02 9.982195745680172427e-01 4.556661828033068545e-02
6.936555365615622026e-01 -7.201406833319796696e-01 -1.547232392501679196e-02 4.182242087263826846e+00 7.196589852612427229e-01 6.919608652315135666e-01 5.728093854690055609e-02 1.947639596000074080e+00 -3.054409157676522477e-02 -5.086803709801102080e-02 9.982381986637987037e-01 1.074875858493031522e-01
6.643639037635882261e-01 -7.466409887047329441e-01 -3.387974855314408729e-02 4.347278967577159925e+00 7.471176320510335422e-01 6.621558704451282473e-01 5.800730224300201798e-02 2.038574516623309130e+00 -2.087695510514011449e-02 -6.385011527846461143e-02 9.977411064622249137e-01 1.143752247239142872e-01
6.484632975789982323e-01 -7.603006756025051383e-01 -3.792406058620258202e-02 4.426865683099258320e+00 7.606709758400055366e-01 6.452330824204256521e-01 7.109103927254166455e-02 2.091791249583242696e+00 -2.958070667826317654e-02 -7.494766192891265388e-02 9.967486291757836625e-01 5.699527504409600265e-02
6.397696730734405701e-01 -7.682997535003367462e-01 -2.025473245502950811e-02 4.524146131433663953e+00 7.670813621329873877e-01 6.366738244442473604e-01 7.894697673588543796e-02 2.177794793037235888e+00 -4.775928479053893894e-02 -6.604490925769720966e-02 9.966730259605899311e-01 3.189372053337752311e-02
6.364114176890425245e-01 -7.713333500494883310e-01 -5.036917356528208128e-03 4.575688335406101537e+00 7.694755585440218315e-01 6.343965831668967326e-01 7.381287197726543736e-02 2.263859614142612386e+00 -5.373892665832262494e-02 -5.085113929500591906e-02 9.972593892232909374e-01 4.349413567606651848e-02
6.422528570844014961e-01 -7.664616516113108569e-01 6.914056420440899131e-03 4.658496700755142328e+00 7.652142772843334440e-01 6.416762451925567268e-01 5.194907309853641353e-02 2.362638192691409955e+00 -4.425355812969893055e-02 -2.807370593355064739e-02 9.986258006020162226e-01 7.854169579972256066e-02
6.497424134620375380e-01 -7.599575520346029123e-01 1.730072987189948397e-02 4.738714868601598518e+00 7.591676011673156310e-01 6.498901580539333533e-01 3.615709892258089919e-02 2.494156639324471403e+00 -3.872143445677471429e-02 -1.035864712244970523e-02 9.991963515462825018e-01 1.007370159968452306e-01
6.751109168371611791e-01 -7.371793256946749251e-01 2.814057098979998173e-02 4.777813682957155805e+00 7.356256207898016486e-01 6.755775045052549999e-01 4.949728723951619946e-02 2.568969589871600512e+00 -5.549951355558423172e-02 -1.271523396547101156e-02 9.983777475586567141e-01 1.245965631150828118e-01
6.915906760621670646e-01 -7.218412160732085026e-01 2.544789896683922331e-02 4.916984600964776853e+00 7.193513614616370289e-01 6.915243618193160913e-01 6.578507257484067505e-02 2.674438675772115914e+00 -6.508421887957319130e-02 -2.719036204869880805e-02 9.975092624454654500e-01 1.081886066851509842e-01
6.819589427220885680e-01 -7.310779563113162238e-01 2.137807842254014698e-02 5.053406350061598218e+00 7.287098822778509399e-01 6.816694281000879041e-01 6.564067537967416266e-02 2.775916878519593567e+00 -6.256123329963848845e-02 -2.918582857087052840e-02 9.976142939526577713e-01 4.417523040253364119e-02
6.604453592065520073e-01 -7.506071994710383777e-01 2.001898111226627780e-02 5.084128634972410410e+00 7.486252196326543817e-01 6.602951316008733862e-01 5.975466269794710295e-02 2.825600198841414556e+00 -5.807071579108185472e-02 -2.447797553781972182e-02 9.980123349343340555e-01 5.788514791057635528e-02
6.405178855295510232e-01 -7.677111616215757106e-01 1.887884102385332941e-02 5.098005945017794360e+00 7.659554206359187045e-01 6.404345042580366076e-01 5.617774785638816881e-02 2.912212005324632980e+00 -5.521894525618953331e-02 -2.152250165324181772e-02 9.982422802142675300e-01 1.044609406036798582e-01
6.124654756948387790e-01 -7.904480136357918685e-01 8.830561767284698244e-03 5.225611081659659263e+00 7.886422727503772379e-01 6.117549250682980944e-01 6.163827776471836328e-02 3.035121904777795088e+00 -5.412399387530905659e-02 -3.078716281036485147e-02 9.980594891553676851e-01 1.171636961339237448e-01
5.945402316519778907e-01 -8.040493866352567132e-01 5.147504121409088307e-03 5.285607274660692134e+00 8.008193740535223260e-01 5.927022885756008108e-01 8.597864419592796126e-02 3.106006967617780390e+00 -7.218201360267836875e-02 -4.699554200892524375e-02 9.962836824637599786e-01 1.017357950214330120e-01
5.958518366913498898e-01 -8.030920622451773738e-01 1.930872945802825091e-03 5.357956579675515307e+00 7.992657616544340815e-01 5.932439846824364427e-01 9.610315751869105694e-02 3.196726806642714358e+00 -7.832516172024232837e-02 -5.571996228366513093e-02 9.953695066881468323e-01 9.087031210414477089e-02
6.014752890113048700e-01 -7.988395402815524626e-01 -9.103053966946633713e-03 5.456673132473964571e+00 7.962788381260923476e-01 5.985486348722950378e-01 8.763300545497988703e-02 3.288130129561179782e+00 -6.455608926606216935e-02 -5.995765651916266925e-02 9.961112341317119867e-01 8.430991445990590472e-02
6.116260091200511617e-01 -7.909988651051517161e-01 -1.531079260656206288e-02 5.514933524197233261e+00 7.898316736550529127e-01 6.093792710637799814e-01 6.944660746958224162e-02 3.388083817055459246e+00 -4.560210805584699600e-02 -5.456830032297364796e-02 9.974681690864749539e-01 9.747633155396966120e-02
6.370317707430427356e-01 -7.705943820696709023e-01 -1.936030440477797682e-02 5.603765133917325336e+00 7.702087927685025148e-01 6.352971427217131151e-01 5.635562076415676080e-02 3.455538821704319030e+00 -3.112777868833004058e-02 -5.081179756994894103e-02 9.982230325040796215e-01 1.087454283563988738e-01
6.523853282662399611e-01 -7.577165270613113179e-01 -1.609497067706170889e-02 5.680021324514866521e+00 7.572736139805142930e-01 6.508553889113143365e-01 5.407343427222466997e-02 3.571963847934104486e+00 -3.049683642349296578e-02 -4.746501177969716240e-02 9.984072393692424718e-01 1.155446584272935145e-01
6.803089260414429962e-01 -7.328909318936193129e-01 -7.116677345562087698e-03 5.719670072635164360e+00 7.316071654382675371e-01 6.784711088080257468e-01 6.654254272412347959e-02 3.654797687015768126e+00 -4.393996617798136273e-02 -5.047609791684069813e-02 9.977582086414360507e-01 1.284732610651407869e-01
6.872894928350260502e-01 -7.263836058674273399e-01 1.008246336707541158e-04 5.855803365676313099e+00 7.242472191069584397e-01 6.852787114862634033e-01 7.654445244146643179e-02 3.777474499445564682e+00 -5.566972834862814884e-02 -5.253517593727671797e-02 9.970661646224032726e-01 1.131666680172335182e-01
6.846362554878662188e-01 -7.288764167120411752e-01 3.516650760009565335e-03 5.925103510909332627e+00 7.267566795054845041e-01 6.829977113603997729e-01 7.306746930487248437e-02 3.863363199888828259e+00 -5.565901962589286933e-02 -4.746888915353750238e-02 9.973207999920655764e-01 9.155006777332791446e-02
6.748160258383575361e-01 -7.379859966411080885e-01 -5.775418527118741929e-06 5.984071802622779046e+00 7.368622432469228434e-01 6.737880314963573536e-01 5.516994733889545033e-02 3.910095789968502711e+00 -4.071075716365175901e-02 -3.723382029679649097e-02 9.984769786416050064e-01 8.182292500324454820e-02
6.658381289483770171e-01 -7.460690435248884533e-01 -6.369327467060124232e-03 6.054473660959739156e+00 7.458981019638506460e-01 6.654403302470675019e-01 2.872609210106483527e-02 3.983826837022800049e+00 -1.719324068491708338e-02 -2.387779668503813360e-02 9.995670279176972484e-01 1.193111107163096068e-01
6.286400747134230915e-01 -7.775949991525467064e-01 -1.255682114441282991e-02 6.115291581123687870e+00 7.776960218998906216e-01 6.285423857492924427e-01 1.110706251322332409e-02 4.106252499083344887e+00 -7.443019460207714322e-04 -1.674773445987766049e-02 9.998594698281726423e-01 1.561953410364292083e-01
6.308577392039833587e-01 -7.758920226509110618e-01 -3.175228041745204073e-03 6.162316178705023795e+00 7.757888498799671018e-01 6.306944849119893171e-01 1.939399658447211322e-02 4.146785185485610370e+00 -1.304504842294432893e-02 -1.469815935002198592e-02 9.998068767633899734e-01 1.447553788637775951e-01
6.353751192462726571e-01 -7.721645975995266031e-01 7.764795988689529235e-03 6.272079739521461583e+00 7.715244772120271044e-01 6.352058429906447534e-01 3.554599968002961075e-02 4.259845596310896099e+00 -3.237960632084887352e-02 -1.659431361959504830e-02 9.993378757207200813e-01 1.280768257448971770e-01
6.473797619622245758e-01 -7.621522345397735432e-01 4.838924236196759723e-03 6.359484620826776791e+00 7.615342178442920940e-01 6.470875177624375585e-01 3.665214056954159416e-02 4.352807014096478078e+00 -3.106571830838306819e-02 -2.004284765389594339e-02 9.993163690262993892e-01 9.417014950112187477e-02
6.632350878333646005e-01 -7.484099742657810417e-01 -1.314795102660515184e-03 6.449051511313480312e+00 7.483120985021307625e-01 6.631177263404601785e-01 1.743227605322072299e-02 4.459125060933523343e+00 -1.217462533330510022e-02 -1.254557422166551785e-02 9.998471818560286106e-01 8.603492773839974128e-02
6.751395678678875356e-01 -7.376677368856852102e-01 -5.733572805299258848e-03 6.520362313621561157e+00 7.376440799408068294e-01 6.751638716052252853e-01 -5.912512775746752401e-03 4.575039446842146695e+00 8.232571131949088100e-03 -2.375647163075757587e-04 9.999660835926201807e-01 1.036470986007109740e-01
6.975129250663731906e-01 -7.165675889544402821e-01 -2.570958065069834427e-03 6.565210313305880341e+00 7.165175092467619411e-01 6.974995262793388662e-01 -9.852399855600492765e-03 4.662875089741348233e+00 8.853152442412973860e-03 5.030039773041701870e-03 9.999481588521041964e-01 1.709106978894045503e-01
7.028675012774727726e-01 -7.113056123739393000e-01 4.647736362710158317e-03 6.692089044343105364e+00 7.113207410047083235e-01 7.028550254667140784e-01 -4.197212491327003900e-03 4.773831010632680893e+00 -2.811840581683215830e-04 6.256115529627124736e-03 9.999803907847419904e-01 1.575306700979938190e-01
6.985593757267407611e-01 -7.154816400933158294e-01 1.004097971541577719e-02 6.778712874588171289e+00 7.155233477605603687e-01 6.985883151051981432e-01 -8.395284394937313141e-04 4.823999140005145847e+00 -6.413843916603823025e-03 7.771015883367759190e-03 9.999492356706684015e-01 9.211063418487129562e-02
6.933978204606819906e-01 -7.204938344240998660e-01 9.386007523628671703e-03 6.840198320239146312e+00 7.205536711796918237e-01 6.933130242531055920e-01 -1.092965463686544972e-02 4.923938733618387076e+00 1.367307516376932430e-03 1.434172088246133889e-02 9.998962173707255374e-01 1.231328616001746840e-01
6.870256373159764340e-01 -7.266329813531453574e-01 5.329919473924518356e-04 6.882969104165997720e+00 7.266195251647344922e-01 6.870080486783152196e-01 -6.633754637418474293e-03 5.039392070639722832e+00 4.454135152013295740e-03 4.944841863301172036e-03 9.999778543642826589e-01 1.957204839915124284e-01
6.763390758240723777e-01 -7.365417166805523497e-01 -8.470779344600470884e-03 7.004808010382626904e+00 7.365086499510011819e-01 6.760479147114111242e-01 2.267654210206126314e-02 5.128126482815726028e+00 -1.097556653633337612e-02 -2.157583378731830343e-02 9.997069672336932333e-01 1.600338703820383401e-01
6.697025233670033106e-01 -7.425353367580811437e-01 -1.182386829390186939e-02 7.096597400609869766e+00 7.419285359130574076e-01 6.682940159260659652e-01 5.408471018058755991e-02 5.208138631693012499e+00 -3.225798806149323544e-02 -4.499313217563597617e-02 9.984663440813867918e-01 1.162589162877524229e-01
6.738205848651974694e-01 -7.387043176623020457e-01 -1.678542459981835488e-02 7.187889568033184240e+00 7.377069711377153283e-01 6.712758865113763740e-01 7.195212938603010033e-02 5.275877515695627018e+00 -4.188369786374408765e-02 -6.086555064598366677e-02 9.972668352040088280e-01 1.073460099638562509e-01
6.659864233209265016e-01 -7.456373015163949569e-01 -2.207030900437174925e-02 7.284899347352276955e+00 7.452455036618016448e-01 6.637557000979720234e-01 6.354140271758582093e-02 5.402383111936724269e+00 -3.272954665233187427e-02 -5.876551007861420539e-02 9.977351309847384275e-01 1.099540245845228026e-01
6.708301467621560210e-01 -7.413616806415787019e-01 -1.922947402708009151e-02 7.302590100619837266e+00 7.413735526452595037e-01 6.697337312004747467e-01 4.268471307666239778e-02 5.492788569372817342e+00 -1.876618323503904256e-02 -4.289041581267406811e-02 9.989035201650882101e-01 1.320602037450683830e-01
6.878712067286155696e-01 -7.256529086268679318e-01 -1.615732512158419079e-02 7.382892989326496291e+00 7.257946804132615615e-01 6.874366390436775776e-01 2.555287036995894032e-02 5.587855240117148625e+00 -7.435377430208203221e-03 -2.930398439971690014e-02 9.995428913562296458e-01 1.754755244877843623e-01
7.165533577500459161e-01 -6.972632788531538672e-01 -1.937022096115154773e-02 7.460868550244348363e+00 6.975167191812197132e-01 7.160755315917363140e-01 2.657554361212376495e-02 5.689822205463276106e+00 -4.659609404488417907e-03 -3.255384798393778228e-02 9.994591212358994170e-01 2.273936153596315124e-01
7.234801984326038049e-01 -6.897759568356861548e-01 -2.802734106785911491e-02 7.638744279946527271e+00 6.902591481440204513e-01 7.221529068102325866e-01 4.513853773687111909e-02 5.798228365523196537e+00 -1.089545223529772913e-02 -5.200296680907143948e-02 9.985874926933758777e-01 2.276519411016194316e-01
7.156386278919250055e-01 -6.979157957762385234e-01 -2.783695879550472305e-02 7.683207424750587933e+00 6.982453584239287636e-01 7.138269997824095991e-01 5.389279934353902179e-02 5.891389554508730697e+00 -1.774186316039349023e-02 -5.800479624706443571e-02 9.981586396479942280e-01 1.556385823048505035e-01
7.133746429606137029e-01 -7.003928126719271008e-01 -2.337791133364643115e-02 7.757995563034758568e+00 7.005565726493639955e-01 7.118996599038847073e-01 4.918701806889362593e-02 5.940922178803101694e+00 -1.780750680453123402e-02 -5.146632089279430666e-02 9.985159540614093610e-01 1.257304811870292027e-01
7.021625876388311038e-01 -7.116386898370780090e-01 -2.319645764568155355e-02 7.793613067532879413e+00 7.119189289666606468e-01 7.011538369677479121e-01 3.943013421696495158e-02 6.033941403934577785e+00 -1.179572377193159605e-02 -4.420036235566464355e-02 9.989530463782190228e-01 1.613661605782412412e-01
6.959348269531113740e-01 -7.172382006625459550e-01 -3.527152029749356515e-02 7.907996969201644966e+00 7.180775903818297223e-01 6.946396174779461141e-01 4.289960397856795032e-02 6.138461892659008434e+00 -6.268239399407323290e-03 -5.518301677550966483e-02 9.984565808458500946e-01 2.476989620306711826e-01
6.879171890974505876e-01 -7.245617092047038632e-01 -4.219325181377463208e-02 8.020149890411579108e+00 7.256655372030507145e-01 6.855637238706748793e-01 5.841154533464137932e-02 6.235729747010405610e+00 -1.339660628929134970e-02 -7.080049482123115800e-02 9.974005318190874991e-01 2.129016552266801698e-01
6.869058637881677587e-01 -7.259516610028238226e-01 -3.397823098209321047e-02 8.119194542460604680e+00 7.263627677345243505e-01 6.842735325264900359e-01 6.455123804204122850e-02 6.303060854194072249e+00 -2.361067433329053222e-02 -6.902114582474015714e-02 9.973357596549755621e-01 1.493688364209599106e-01
6.858533100805263016e-01 -7.274497568039373085e-01 -2.054478954571989369e-02 8.206837874115000986e+00 7.273549936843830555e-01 6.842994600134569838e-01 5.185520405593244120e-02 6.357477087650694969e+00 -2.366326718728035960e-02 -5.050841861693647350e-02 9.984432630023799549e-01 1.407454180428918400e-01
6.968734866509032067e-01 -7.170476052655162524e-01 -1.449397757697397891e-02 8.261856659629936317e+00 7.171820966529124375e-01 6.966027186194966303e-01 1.986183910062201338e-02 6.441363252217401580e+00 -4.145339979539907141e-03 -2.423601029284419908e-02 9.996976702791395830e-01 1.777960966639823281e-01
7.071240493485762002e-01 -7.069351860331029025e-01 -1.477232484122288289e-02 8.372550407413809737e+00 7.069246749874514846e-01 7.072559871427316347e-01 -6.817077427044290934e-03 6.543582576930757178e+00 1.526704708706180802e-02 -5.622401542256210381e-03 9.998676441780377511e-01 2.055088237262955031e-01
7.354335948646244514e-01 -6.774283244616914335e-01 -1.510936006324710597e-02 8.429897926428315813e+00 6.775450480965117261e-01 7.354701723439565075e-01 4.041459172925825419e-03 6.606915101758369602e+00 8.374684733827771413e-03 -1.320949693880372512e-02 9.998776794419569347e-01 2.376188992349429485e-01
