1.000000000000000000e+00 0.000000000000000000e+00 0.000000000000000000e+00 0.000000000000000000e+00 0.000000000000000000e+00 1.000000000000000000e+00 0.000000000000000000e+00 0.000000000000000000e+00 0.000000000000000000e+00 0.000000000000000000e+00 1.000000000000000000e+00 0.000000000000000000e+00
9.999985926858503404e-01 -1.651841808864999098e-03 -2.933342075690402104e-04 1.258288226721085770e-02 1.652017846521920252e-03 9.999984548758449332e-01 6.009017869758113799e-04 -4.789372804463139233e-02 2.923411596365222071e-04 -6.013855346641233755e-04 9.999997764360175623e-01 -1.379158619960983018e-02
9.999940972721348409e-01 -3.431789579866930708e-03 -1.680510861650529107e-04 1.304535188536554320e-02 3.431847874331085853e-03 9.999940506979935195e-01 3.478344237199122290e-04 -9.604720649792436449e-02 1.668563918275477870e-04 -3.484090963108015014e-04 9.999999253850202496e-01 -1.904521498829201548e-02
9.999944533303306571e-01 -3.315705142432038340e-03 -3.152903130688624721e-04 1.232104046367657295e-02 3.315843091332003768e-03 9.999944066466422976e-01 4.380182911736936967e-04 -1.062592032037956158e-01 3.138362100382072672e-04 -4.390613148372767764e-04 9.999998543659869288e-01 -1.890675673984263880e-02
9.999984009390869844e-01 -1.774409259405108083e-03 2.226904782258204863e-04 -2.343481562049901101e-02 1.774424568257636616e-03 9.999984233568178782e-01 -6.856624468621782783e-05 -6.394274771509030064e-02 -2.225684625429423980e-04 6.896128250029693793e-05 9.999999728538101484e-01 -1.206766316274008460e-03
9.999996872110108459e-01 -6.069272269992884508e-04 5.071658718844247521e-04 -5.981866569231113900e-02 6.070063749912919197e-04 9.999998036160832049e-01 -1.559200297632258581e-04 -1.676524177113313668e-02 -5.070711401739064423e-04 1.562278339105691992e-04 9.999998592358514404e-01 1.120257697274116421e-02
9.999982656232577760e-01 1.543322434349069265e-03 1.042548003690820999e-03 -9.408838008052518298e-02 -1.543355940808905117e-03 9.999988085345609123e-01 3.133526169854078505e-05 2.351985759547273527e-02 -1.042498401118540502e-03 -3.294423000646638252e-05 9.999994560557327050e-01 2.096942221618101204e-02
9.999990538441878574e-01 8.092768161744456771e-04 1.112376628600396985e-03 -5.480424530894492663e-02 -8.103862713616053490e-04 9.999991743479379469e-01 9.972850813548454849e-04 8.289749634217136176e-04 -1.111568630468882674e-03 -9.981855925161708509e-04 9.999988840197285844e-01 2.425527275119920834e-02
9.999989709417628214e-01 -1.237621658920119369e-03 7.255398298697600216e-04 -5.137756240256841772e-02 1.236832217022585008e-03 9.999986437765814307e-01 1.087516006639988216e-03 -6.428779130681893175e-03 -7.268847792398917037e-04 -1.086617516486367355e-03 9.999991454500801735e-01 2.069625565280842211e-02
9.999969973523665789e-01 -2.363393027969099350e-03 6.478114280058037402e-04 -7.681176497049513330e-02 2.362988436671534763e-03 9.999970130717183991e-01 6.246065077475787802e-04 -9.011157908331330832e-03 -6.492856837051630024e-04 -6.230738613608051944e-04 9.999995951034501562e-01 1.821469103491935373e-02
9.999992987380507126e-01 -7.820737816923846409e-04 8.893165953947584738e-04 -7.300191658822600960e-02 7.815511266462043865e-04 9.999995217756748600e-01 5.878998708082747897e-04 -1.016322244388259514e-02 -8.897759511771491815e-04 -5.872044121493894030e-04 9.999994317447060688e-01 2.720694972730321182e-02
9.999998838535600898e-01 8.173426530226107669e-05 4.749867115211060808e-04 -3.517510944767023029e-02 -8.195687278464681383e-05 9.999998868204886815e-01 4.686598774901954822e-04 3.871479725547010212e-03 -4.749483521915788455e-04 -4.686987514825097147e-04 9.999997773727468120e-01 1.113071694224496491e-02
9.999999867228857031e-01 -1.528565020278531959e-04 5.647227892967595752e-05 -1.033982939370940365e-02 1.528298676836419468e-04 9.999998772411033965e-01 4.713393785383365080e-04 6.369431590691585973e-03 -5.654431928587266289e-05 -4.713307416293930447e-04 9.999998873250296461e-01 -4.279422908967127001e-03
9.999997224881302937e-01 -7.367661277135525424e-04 1.104506016888223024e-04 -1.004350040720867511e-02 7.367331956675465593e-04 9.999996842381684292e-01 2.979056255696586300e-04 4.517203352918083663e-03 -1.106700535869130603e-04 -2.978241702725658766e-04 9.999999495264501048e-01 -5.940226464997316533e-03
9.999997071259365544e-01 -7.650888619573532889e-04 1.967420903604090977e-05 -9.212272409719501898e-03 7.650846414889653224e-04 9.999996845021066338e-01 2.136379614490712103e-04 -6.100719361607800234e-03 -1.983765485366536328e-05 -2.136228464448864132e-04 9.999999769858731735e-01 -3.890221385652269798e-03
9.999999651835381753e-01 7.328608529795679731e-05 2.534996491152220971e-04 -1.405336226589867440e-02 -7.326993783090411433e-05 9.999999952864745412e-01 -6.370688351336807359e-05 -1.502195569294034576e-02 -2.535043167484443043e-04 6.368830739178896118e-05 9.999999658396798718e-01 4.882933500385607840e-03
9.999999276234389223e-01 -3.656951176170160898e-04 1.049771299071701800e-04 1.357233809108530226e-02 3.657067952676328732e-04 9.999999269418409220e-01 -1.112423157217331301e-04 -3.339237637739847497e-02 -1.049364414660024664e-04 1.112806985201516110e-04 9.999999883024746072e-01 1.687987181536634851e-03
9.999996412750520314e-01 -8.094664958344798163e-04 -2.494268616239778071e-04 3.843176846651849554e-02 8.094981237313598685e-04 9.999996643264161822e-01 1.267274343327910409e-04 -3.870251258600609923e-02 2.493241962857738084e-04 -1.269292994489915809e-04 9.999999608631983117e-01 -1.055995834706166363e-02
9.999998143635875358e-01 -4.735178927068309966e-04 -3.834756782170144879e-04 2.927022803605495993e-02 4.733928319536267549e-04 9.999998347628611395e-01 -3.261494705244340014e-04 -5.929356498903228662e-02 3.836300524625808135e-04 3.259678753419199110e-04 9.999998732864555651e-01 -2.831128376123633050e-02
9.999888788580484356e-01 4.714212353932981624e-03 -1.355068459624759059e-04 1.119869396576182209e-02 -4.714289762328366211e-03 9.999887213674328867e-01 -5.767234722686487899e-04 -7.113588587415681230e-02 1.327865207127779622e-04 5.773558769816933105e-04 9.999998245139501973e-01 -1.980448789196007781e-02
9.999816809823465213e-01 6.052393835842682923e-03 -7.892133002526732636e-05 -9.968342540345570199e-03 -6.052431247052406788e-03 9.999815673504713898e-01 -4.827372934056351384e-04 -6.633044126828391285e-02 7.599815907711098071e-05 4.832061160565391295e-04 9.999998803680574255e-01 -1.386760566068309143e-02
9.999848287110345568e-01 5.508347195518913803e-03 2.142280447915165950e-05 -1.265693572975604142e-02 -5.508342560728338166e-03 9.999848067678202002e-01 -2.107030114480501275e-04 -7.780991014231235237e-02 -2.258310433970651908e-05 2.105818106660948760e-04 9.999999775726519102e-01 -7.027187133765836792e-03
9.999901328642624154e-01 4.437559043774044060e-03 -2.055330821338551223e-04 2.390073061023716833e-02 -4.437550278877173265e-03 9.999901530972890029e-01 4.308112127255636512e-05 -8.430978544151655762e-02 2.057222332889103859e-04 -4.216863279934347000e-05 9.999999779500843289e-01 -1.258468008621370371e-02
9.999875756178594477e-01 4.974899689310982066e-03 -3.146156337853569010e-04 3.638407026016411694e-02 -4.974936191206668669e-03 9.999876182761021637e-01 -1.153446230855468478e-04 -7.190294382148898489e-02 3.140379103718934591e-04 1.169083827027099894e-04 9.999999438563088594e-01 -1.821090666680858297e-02
9.999815419450955867e-01 6.059535943448257460e-03 -4.447395406499103513e-04 6.959824224497196399e-02 -6.059699350429779800e-03 9.999815725081363516e-01 -3.669985521526796966e-04 -6.924326194484750618e-02 4.425075042976809496e-04 3.696867659788409402e-04 9.999998337593880571e-01 -2.459735880139747241e-02
9.999312388743472058e-01 1.171991659683445201e-02 -4.013454577528971653e-04 1.055811647073871262e-01 -1.171995270446047656e-02 9.999313151469598759e-01 -8.773298385517292906e-05 -7.541274487959684358e-02 4.002896681455390200e-04 9.243070101946015363e-05 9.999999156123700050e-01 -3.259136356260389222e-02
9.999078648378603162e-01 1.356577787190537884e-02 -4.811508302137671583e-04 8.025430539951494691e-02 -1.356571439347228208e-02 9.999079723562444011e-01 1.349496892488855169e-04 -3.106300760050643983e-02 4.829372485448045439e-04 -1.284101008945238542e-04 9.999998751412222386e-01 -4.970978249441813240e-02
9.999327974260726615e-01 1.157583198095148667e-02 -6.330447199093871278e-04 7.349194088210560249e-02 -1.157591299666232802e-02 9.999329891282991989e-01 -1.244638034786442449e-04 -1.898692638120613729e-02 6.315615269541014409e-04 1.317835097913572489e-04 9.999997918815504150e-01 -5.886210140862954687e-02
9.999548850749874207e-01 9.462453994414615766e-03 -8.305293928409313237e-04 9.456656529918361365e-02 -9.462606425042000002e-03 9.999552123733735920e-01 -1.797970136310614081e-04 -1.368973772335678636e-02 8.287908744307653569e-04 1.876478748711567625e-04 9.999996389469155700e-01 -6.110917399056400162e-02
9.999984318913186510e-01 -1.590956681354978872e-03 -7.778635753478617496e-04 1.226703780486794598e-01 1.591546290169835098e-03 9.999984462416182662e-01 7.579543229244930548e-04 -6.871012424137241947e-03 7.766564942415930990e-04 -7.591911402573424048e-04 9.999994102165773446e-01 -4.794788839275253289e-02
9.997196233632434925e-01 -2.367066480094784375e-02 -6.117927229492049496e-04 1.619359308132746200e-01 2.367119534722884194e-02 9.997194150654586942e-01 8.750154344409882129e-04 4.496588542904822461e-02 5.909088660837750247e-04 -8.892519656133132406e-04 9.999994300286644267e-01 -2.670317665827687953e-02
9.985985487634413404e-01 -5.291868270026754001e-02 -7.425825323128130637e-04 1.876117628877957966e-01 5.291985482401704438e-02 9.985973843256915616e-01 1.659211647761335302e-03 7.117167888627089212e-02 6.537376796930532974e-04 -1.696183703350712720e-03 9.999983477925804554e-01 -2.613005747696550349e-02
9.978389157469168547e-01 -6.569314332752433649e-02 -1.381716601425774698e-03 2.167675439789313319e-01 6.569677528515290021e-02 9.978357834269652171e-01 2.771827885477364754e-03 2.812188352361348620e-02 1.196636180897838646e-03 -2.856612056953436885e-03 9.999952039032020679e-01 -5.782491434323545898e-02
9.974865261089325141e-01 -7.084296804985582008e-02 -1.379894568821770718e-03 2.594274671331973647e-01 7.084502953766461109e-02 9.974861955179080697e-01 1.507163235052601680e-03 -2.808423605826936009e-02 1.269653866763103276e-03 -1.601133691098761361e-03 9.999979121728014286e-01 -4.426369281108041148e-02
9.969370977112413934e-01 -7.819991632041682628e-02 -1.093752516134969969e-03 2.782273281627359318e-01 7.819893095546547046e-02 9.969373537572722155e-01 -9.164501458951860918e-04 -7.181804143217571101e-02 1.162069063821792635e-03 8.281128711541853446e-04 9.999989819117635070e-01 -7.783235268176869059e-03
9.968476911142695185e-01 -7.930836430351753674e-02 -2.205464044228840938e-03 3.173625764383859460e-01 7.930077475414609722e-02 9.968451432744852569e-01 -3.338780235839641179e-03 -1.863553571325865521e-01 2.463299320429378735e-03 3.153360361834943535e-03 9.999919942053968613e-01 -4.431054662050092074e-02
9.960477560245835082e-01 -8.863866619940014013e-02 -5.661675792831524952e-03 3.812594171680924182e-01 8.842331923094656765e-02 9.956029259159547840e-01 -3.092136031567747217e-02 -1.817644027022926045e-01 8.377609120383312097e-03 3.029852738964648740e-02 9.995057853276512194e-01 -6.696471162547301681e-02
9.957119150665859619e-01 -9.194759611213239314e-02 -1.016964914007154573e-02 3.822515372091794816e-01 9.117153032841647520e-02 9.939969812268131255e-01 -6.047936317089622205e-02 -8.122439943413052588e-02 1.566953260332351258e-02 5.929284004989723855e-02 9.981176407953176177e-01 -8.940182375195560027e-03
9.987822001012125472e-01 -4.789047786737384016e-02 -1.185828362858238304e-02 4.614380122134991713e-01 4.703468772366362072e-02 9.968286240682457944e-01 -6.419059424047462992e-02 -5.784211701376303083e-02 1.489479478605780678e-02 6.355467227389646756e-02 9.978671999421760974e-01 9.427836398368569237e-03
9.992319304330066210e-01 -3.808691847439666517e-02 -9.216064466548646444e-03 7.013641730368084248e-01 3.754005527868952558e-02 9.978562142806105539e-01 -5.360708788249182039e-02 -7.410596836619452732e-02 1.123803598498657186e-02 5.321994234018793263e-02 9.985195763151102355e-01 -2.861258769610518227e-02
9.982994920012623341e-01 -5.785888839555830554e-02 -7.104456604964592623e-03 7.796523979063565424e-01 5.748025461083260124e-02 9.973212086050038394e-01 -4.523745347086120805e-02 -2.629333277824544984e-02 9.702814019414909494e-03 4.475216084486650925e-02 9.989509995489367356e-01 -6.887991956023746531e-02
9.981628688798440674e-01 -6.058735874674846950e-02 2.432070146500580265e-04 7.290098342471477144e-01 6.056512393637445563e-02 9.976705507929127803e-01 -3.139009148023823997e-02 -6.347001766390607778e-03 1.659202257343823581e-03 3.134715362929983012e-02 9.995071800678624330e-01 -9.545001076582626531e-03
9.977179802467509573e-01 -6.750194328929778886e-02 1.523005092697740561e-03 7.421557488825544224e-01 6.750926655935418630e-02 9.977039224287921337e-01 -5.420525695988205259e-03 -2.188754362267747097e-02 -1.153612136734784559e-03 5.510972906051151907e-03 9.999841490527071608e-01 -2.228621207664260168e-02
9.955428537877596407e-01 -9.429495959718710296e-02 -1.699078187787404250e-03 8.521866631422994054e-01 9.430570117320673240e-02 9.955103544498850043e-01 8.097463139407248822e-03 1.887257770350365266e-02 9.278999693921890666e-04 -8.221604322094077516e-03 9.999657715262146862e-01 5.576960383956937328e-02
9.855124644908503928e-01 -1.689276853450490667e-01 -1.512016723235907849e-02 9.433784285473374442e-01 1.690700469232992165e-01 9.855657874145498099e-01 8.683197066283732113e-03 1.104857502358839866e-01 1.343508714239741685e-02 -1.111376632391608207e-02 9.998479797607101593e-01 1.432092687911473150e-01
9.731797499410997920e-01 -2.279467735038808451e-01 -3.100714036716252162e-02 9.886459886282873422e-01 2.283163987435366804e-01 9.735462461580733917e-01 8.906663590047183415e-03 1.211210826636068411e-01 2.815663988051178915e-02 -1.574722326933750832e-02 9.994794788238249295e-01 1.143359925061928350e-01
9.629248003395446398e-01 -2.669340173459833765e-01 -3.901357807971997382e-02 1.151314209939233502e+00 2.678718017487662917e-01 9.632234222961604253e-01 2.110299902720446860e-02 8.999504870394174627e-02 3.194568388558627348e-02 -3.077123857771723106e-02 9.990158177714081322e-01 -5.031196091253506419e-03
9.574257069684499744e-01 -2.865379364133560647e-01 -3.510023692141120422e-02 1.347788987433170771e+00 2.875878974412124367e-01 9.572928986299462650e-01 2.972385368719885484e-02 1.184148903288350513e-01 2.508419584731310867e-02 -3.855278496621019485e-02 9.989416729169140474e-01 -1.383491499390873125e-01
9.530355420511932296e-01 -3.018277293705207143e-01 -2.496552363208237937e-02 1.435509923164276058e+00 3.023083513692824686e-01 9.530330066130180411e-01 1.837794870320302171e-02 1.552977062743122472e-01 1.824599352117614939e-02 -2.506212459443180052e-02 9.995193713136520941e-01 -1.424328234915082092e-01
9.494195102031119937e-01 -3.138206773718534293e-01 -1.091678064056027415e-02 1.376277800585763211e+00 3.137482817340143115e-01 9.494737103754000707e-01 -7.854235476770367319e-03 2.103809941508856252e-01 1.283001771770521902e-02 4.031843231332289494e-03 9.999095633533671146e-01 5.974068783267760807e-02
9.550035054385100919e-01 -2.958537665920700777e-01 -2.094882797300234162e-02 1.371086282999873340e+00 2.955142113088099487e-01 9.551715260432250831e-01 -1.785235981008364420e-02 2.271300130136801876e-01 2.529141187615978337e-02 1.085838982269373212e-02 9.996211481635274287e-01 2.121528751681763802e-01
9.601492004700469263e-01 -2.775724396940531524e-01 -3.266578575544803326e-02 1.603702430576105842e+00 2.775452752964736036e-01 9.606970774574413729e-01 -5.453945850079811204e-03 2.518725437647258425e-01 3.289578996367575198e-02 -3.829632752910387163e-03 9.994514500042728233e-01 1.979215247058772054e-01
9.549827043155644235e-01 -2.932240983104629217e-01 -4.502957503849264881e-02 1.901703917387481679e+00 2.942806641087700736e-01 9.555337378194606046e-01 1.881931509039218298e-02 3.100276569088402656e-01 3.750900145075202613e-02 -3.122345366525275390e-02 9.988083753910863560e-01 -3.078027646666600670e-02
9.453607142800036778e-01 -3.234600838268152367e-01 -4.082516462613372532e-02 2.025104842424126694e+00 3.247124946034265491e-01 9.453703836779974168e-01 2.892461776645642579e-02 3.563574879947406515e-01 2.923894225892886833e-02 -4.060063836032078155e-02 9.987475518970314603e-01 -1.638365529788677333e-01
9.233900119462256084e-01 -3.824717937692245218e-01 -3.265291424821228222e-02 2.022523227597428974e+00 3.833239536733130115e-01 9.232578177469662473e-01 2.564660814551315837e-02 3.999190429549093206e-01 2.033795413037247507e-02 -3.619846599044594659e-02 9.991376475149604808e-01 -1.058878939877622993e-01
8.982560139221359430e-01 -4.388973634452280614e-01 -2.247749571333167509e-02 2.001158986398374307e+00 4.393411850035822686e-01 8.980626924230539210e-01 2.151101200555972578e-02 4.358721974179974312e-01 1.074507386496348707e-02 -2.919768550215337197e-02 9.995159020990880272e-01 5.429662782816756239e-02
8.577517908890794907e-01 -5.138617205038825686e-01 -1.442211591156356346e-02 2.103502658671602799e+00 5.140542793344194950e-01 8.572247104102935777e-01 3.023232971438023775e-02 5.001331639339640089e-01 -3.172242826078316459e-03 -3.334558535665504975e-02 9.994388469599700953e-01 1.250394632853398247e-01
8.329996741119480852e-01 -5.532597740820148768e-01 -3.894266568461259362e-03 2.198202156740538538e+00 5.528013601570067603e-01 8.319775295400388959e-01 4.715979801713418573e-02 5.162753724874515893e-01 -2.285167691771435028e-02 -4.143685223531741457e-02 9.988797666080121429e-01 4.188903975446603423e-02
8.108509326740923617e-01 -5.852000054397561435e-01 7.856119580558415527e-03 2.314470406535790392e+00 5.838777425912229369e-01 8.097926421092533911e-01 5.764250595083684342e-02 5.360035580074913319e-01 -4.009422262785753560e-02 -4.215246634568482059e-02 9.983063772674417580e-01 -4.625127941248807772e-03
8.085002456179904984e-01 -5.884408721943805709e-01 8.043181383369823675e-03 2.391726382279600216e+00 5.874211391298702623e-01 8.077740057710108834e-01 4.937166094046975540e-02 6.185691546029330468e-01 -3.554937607068271027e-02 -3.519226522649068767e-02 9.987480895246876322e-01 2.220007110214967244e-02
8.048199898055298229e-01 -5.934484818477474555e-01 -9.147863249455105011e-03 2.545110336816268415e+00 5.934865442284613657e-01 8.045192613441377594e-01 2.285782023819382322e-02 7.059126435264537758e-01 -6.205306534376033717e-03 -2.382556439807343926e-02 9.996968723827877046e-01 6.105940670427995737e-02
8.073123507058933557e-01 -5.892034490003060787e-01 -3.295548640011894403e-02 2.567382107545817416e+00 5.894797620493895662e-01 8.077815223352181606e-01 -1.619354189981233802e-03 7.545421044504830865e-01 2.757496204747570193e-02 -1.811926764362481457e-02 9.994555085686100959e-01 8.577255249138866777e-02
8.324106387296890119e-01 -5.507122719431553071e-01 -6.171322435944566476e-02 2.671588062141923903e+00 5.505487297084440401e-01 8.345347807005645269e-01 -2.116119130576544355e-02 8.186108547732758867e-01 6.315555989815656301e-02 -1.636133650619166213e-02 9.978695715982532910e-01 1.085995241865992389e-01
8.327387399855471495e-01 -5.484858793239021368e-01 -7.556077758711296499e-02 2.905299670129090739e+00 5.492585522510103901e-01 8.355661778707916820e-01 -1.200854602025246826e-02 9.096990418705088732e-01 6.972254804872868306e-02 -3.150242182249476247e-02 9.970688861422315474e-01 1.484221684219034776e-01
8.334580287420890743e-01 -5.473449966923187304e-01 -7.590236439819628145e-02 3.002575329126782933e+00 5.492524839188914765e-01 8.356402166786476293e-01 5.209335676529654180e-03 9.508762326921961217e-01 6.057576441349110663e-02 -4.603132482504238704e-02 9.971016467244313564e-01 5.138146928756814891e-02
8.161882198749392803e-01 -5.726172835491238899e-01 -7.711184291793289625e-02 3.101890343590006260e+00 5.745458382002388564e-01 8.184648945239606510e-01 3.506599302328366335e-03 9.996145919609628061e-01 6.110539701337965035e-02 -4.716633346683099526e-02 9.970162824363165699e-01 6.346061867468309053e-03
7.934555739670221541e-01 -6.028452690326497887e-01 -8.370085869102932008e-02 3.054833305604333304e+00 6.044228532609752236e-01 7.966247939956876412e-01 -7.870962278524386291e-03 1.029523149680638960e+00 7.142315168434625050e-02 -4.434545293804628696e-02 9.964598407398034263e-01 5.588503137819027938e-02
7.699963606994609799e-01 -6.315977089554253299e-01 -9.049827927559453422e-02 3.103341110719931795e+00 6.331865214207313963e-01 7.738799958669057011e-01 -1.358606227542749970e-02 1.096431033415677714e+00 7.861573379864492117e-02 -4.684107214076013714e-02 9.958039367064205338e-01 1.921687341135691063e-01
7.460925209686600779e-01 -6.573704963262606560e-01 -1.058771963852242620e-01 3.169493618895670384e+00 6.610396252565365893e-01 7.503507672071385581e-01 -5.830886350140437879e-04 1.177250561425712716e+00 7.982834080279528621e-02 -6.955398415205557572e-02 9.943790420625568949e-01 1.947700262224274781e-01
7.414717457214083929e-01 -6.614219621590419207e-01 -1.128744358591887847e-01 3.386885561908165254e+00 6.678930450075669656e-01 7.436665277370282379e-01 2.964752863346181710e-02 1.217475705486001036e+00 6.433141322376813298e-02 -9.737085548168328275e-02 9.931668468970347163e-01 8.064946616596121998e-02
7.223836008642436912e-01 -6.843674807910729019e-01 -9.901052690542412604e-02 3.559705613167648774e+00 6.903887874379679435e-01 7.218858814843494009e-01 4.737189349705489549e-02 1.294440611487323478e+00 3.905451807846953283e-02 -1.025764366179900133e-01 9.939581577050484729e-01 -5.643836892201298250e-03
7.163239571207684619e-01 -6.933534614404508467e-01 -7.836431562509084403e-02 3.620518100798265415e+00 6.973144692391757271e-01 7.153775913208642034e-01 4.458063285379840895e-02 1.355151916743177809e+00 2.514993925499845254e-02 -8.657874649418248469e-02 9.959275080099786459e-01 -2.271320669623722033e-02
7.150313331879102341e-01 -6.962060886237085855e-01 -6.346081249713650396e-02 3.640493687689120073e+00 6.985673056977464990e-01 7.150620509268676983e-01 2.626752242700404125e-02 1.454963396161368827e+00 2.709080969094779939e-02 -6.311375038403853333e-02 9.976385831265499604e-01 7.707399019926139405e-02
7.140076967752673198e-01 -6.978194159529690355e-01 -5.693041071988896168e-02 3.704823870715296064e+00 6.993442390590404178e-01 7.147071605221413382e-01 1.055035512719334351e-02 1.540652665931661724e+00 3.332632954001665121e-02 -4.734698952874782929e-02 9.983224020034584534e-01 1.469222316678411022e-01
7.228495710824426324e-01 -6.883990895604542581e-01 -5.995991226033093452e-02 3.783359452821658753e+00 6.901004008107424204e-01 7.236195431967376024e-01 1.167019728185743344e-02 1.628809937478777226e+00 3.535441113611560021e-02 -4.981415658306945216e-02 9.981325640500543495e-01 1.609085281345291052e-01
7.301543672347976521e-01 -6.810470788601421521e-01 -5.522206428611337037e-02 3.998194348000404297e+00 6.830198697679095154e-01 7.297258542299724926e-01 3.136933487603740800e-02 1.709483169865362084e+00 1.893297415041568163e-02 -6.062222401400584049e-02 9.979812064590271037e-01 1.127531045848452623e-01
7.190188258520386899e-01 -6.940213636764698268e-01 -3.669161799388232642e-02 4.108847284478374995e+00 6.949292360785510603e-01 7.172511635094505067e-01 5.122621679980932097e-02 1.815109137153337882e+00 -9.234983142233754716e-03 -6.233069231921553599e-02 9.980128255094570244e-01 1.818949799049816157e-02
7.101436288267468644e-01 -7.038572455643332670e-01 -1.676318297249994316e-02 4.127986621473666240e+00 7.034828329676616754e-01 7.084022828033890162e-01 5.725477655829395995e-02 1.863364352845701788e+00 -2.842411223895228295e-02 -5.245172623982095883e-02 9.982188568935623785e-01 2.750905694095507475e-02
6.926033657814438804e-01 -7.211394568413294071e-01 -1.607673769170631095e-02 4.180173125083152641e+00 7.207002281507637331e-01 6.909149591924614864e-01 5.681285336538220709e-02 1.951185378908519841e+00 -2.986233165130464107e-02 -5.093528198284406894e-02 9.982553972795116248e-01 9.539048811003250639e-02
6.644830752732989732e-01 -7.465855607191468346e-01 -3.274512484350099173e-02 4.342418729218505469e+00 7.469959193161611610e-01 6.623151376502789400e-01 5.775599505069020645e-02 2.051809542680607112e+00 -2.143220008171288493e-02 -6.283835584234555294e-02 9.977935667434864042e-01 1.129764198798614006e-01
6.478285444210130084e-01 -7.609066662587697927e-01 -3.659538599764645961e-02 4.396969996620430088e+00 7.612578381686645468e-01 6.448429782383191533e-01 6.829375698778024362e-02 2.109662132278289359e+00 -2.836689725935520948e-02 -7.210116961395222901e-02 9.969938517765178920e-01 7.707143053219953077e-02
6.396661485347834297e-01 -7.684198342606893828e-01 -1.892555767872783692e-02 4.504172064225370420e+00 7.671069986675196350e-01 6.366254090818705969e-01 7.908818563256371503e-02 2.185820816978222947e+00 -4.872443959643060762e-02 -6.510796284722396299e-02 9.966879562630915901e-01 8.111533522939959329e-02
6.355854901335636908e-01 -7.720276814833445522e-01 -2.084167730563711574e-03 4.564826942282817157e+00 7.701805213449485210e-01 6.338733869818169442e-01 7.089777018371655470e-02 2.296718528848392893e+00 -5.341394267886305502e-02 -4.666677940089011822e-02 9.974814095650343937e-01 8.703302577632598958e-02
6.424407011440551596e-01 -7.663004439302312232e-01 7.319504482236161708e-03 4.642601215859176733e+00 7.650797138826477273e-01 6.419053182812359815e-01 5.109396997211271968e-02 2.395091048481015950e+00 -4.385176072611861320e-02 -2.722484149808539894e-02 9.986670271349822325e-01 8.672863635370602065e-02
6.490707247214226872e-01 -7.605312434605544514e-01 1.730381547376364307e-02 4.726368442848457363e+00 7.596555109977838338e-01 6.491953469588371828e-01 3.832631077590396146e-02 2.495966114028641325e+00 -4.038191328185557205e-02 -1.173154752528118676e-02 9.991154447171551878e-01 1.174369149844007032e-01
6.730799168649644892e-01 -7.391397575639507833e-01 2.521595331048810673e-02 4.794381411421334782e+00 7.376418201635338567e-01 6.733952690379605421e-01 4.922760184207418399e-02 2.568793917983008601e+00 -5.336638135457019705e-02 -1.453376845821774052e-02 9.984692278260364207e-01 1.231181307571942996e-01
6.901726117374320513e-01 -7.231377545403849805e-01 2.708420140639413928e-02 4.913630779464048359e+00 7.207408125095151608e-01 6.902710107864928890e-01 6.370724331594920797e-02 2.675953317673591236e+00 -6.476455196059008323e-02 -2.444830517814487042e-02 9.976010390848940590e-01 1.095072978304443972e-01
6.820600302257715519e-01 -7.309007067513341172e-01 2.404728755639629068e-02 5.035017912604099699e+00 7.286578831805888834e-01 6.820225205678197566e-01 6.247376022860542943e-02 2.797142678266653970e+00 -6.206290717653364930e-02 -2.508860914276159551e-02 9.977568627897673847e-01 8.179029113396152351e-02
6.608898386962201998e-01 -7.502563757927771526e-01 1.843886358676327664e-02 5.085786437432894047e+00 7.484562343905545312e-01 6.607105529429946333e-01 5.722613416677498066e-02 2.855991640460009418e+00 -5.511702377664662311e-02 -2.401948817209821965e-02 9.981909526127528132e-01 6.882679471779996894e-02
6.402749318138822865e-01 -7.679365579311728807e-01 1.792915735752271394e-02 5.094463120392831001e+00 7.662986372501324750e-01 6.401789466906602222e-01 5.438119861336995764e-02 2.943395795354985189e+00 -5.323917955151278442e-02 -2.107982938401979991e-02 9.983592692782605749e-01 1.139050654673998825e-01
6.121943934818450117e-01 -7.906143627699312448e-01 1.212245731242076602e-02 5.189695944883275125e+00 7.886522344409699903e-01 6.116361453238645662e-01 6.268076933661329009e-02 3.044184816283530992e+00 -5.697084956941769057e-02 -2.881241252064748251e-02 9.979600027977467702e-01 1.231877109262970449e-01
5.938746131073364687e-01 -8.044918888014378489e-01 1.028322708620885151e-02 5.247068767043574056e+00 8.010506714342569001e-01 5.924297739429935650e-01 8.570171958939756807e-02 3.109654041785490985e+00 -7.503842816409281302e-02 -4.265868960186838810e-02 9.962677704814673074e-01 1.108587313770813543e-01
5.952166877518187960e-01 -8.035543181022899439e-01 4.189568106364026379e-03 5.335066306934848512e+00 7.996444704662089009e-01 5.928188538872907198e-01 9.557472117969151304e-02 3.204941049706428124e+00 -7.928313486846094715e-02 -5.353750400348400440e-02 9.954134418373635773e-01 9.693657041609449188e-02
6.014721300567162920e-01 -7.988289077491017576e-01 -1.018100728876534036e-02 5.445772998358404671e+00 7.962098035840428079e-01 5.983589823068045099e-01 8.953478078057416911e-02 3.297072398172278263e+00 -6.543107397633753097e-02 -6.195889312392865306e-02 9.959316593628102510e-01 9.682342819597855588e-02
6.123166568854306879e-01 -7.903934872840595594e-01 -1.861308570852576033e-02 5.512394669871113706e+00 7.893465171899584076e-01 6.098348135183084828e-01 7.094769919576297823e-02 3.408308505616323814e+00 -4.472569173006047533e-02 -5.813463236344574431e-02 9.973063606631789035e-01 9.454540542441926265e-02
6.369593433046085718e-01 -7.706217064544186313e-01 -2.061505562062527705e-02 5.600573055051563998e+00 7.703448917444936095e-01 6.352629400264826476e-01 5.486114100229760870e-02 3.487066935919953092e+00 -2.918120525485918756e-02 -5.082501913614231870e-02 9.982811601396094359e-01 1.166525095762340064e-01
6.520512394151214419e-01 -7.579990369662625849e-01 -1.632914986833644208e-02 5.681854382883379628e+00 7.576145668661475874e-01 6.505903187789292552e-01 5.246336991988608672e-02 3.593334796981396906e+00 -2.914359705704852935e-02 -4.658000718494784836e-02 9.984893357874317088e-01 1.214717044285704428e-01
6.797499283015094873e-01 -7.334024086991263180e-01 -7.806528576295480165e-03 5.731963457717726307e+00 7.321865432344353275e-01 6.779231492770702028e-01 6.575005384536100617e-02 3.656036957854395641e+00 -4.292902142492131812e-02 -5.040942956014315968e-02 9.978055865402436497e-01 1.434030851943176310e-01
6.860013601973071751e-01 -7.275961662873994262e-01 -2.439797393943479026e-03 5.850308269901317360e+00 7.255614022809245833e-01 6.838243742358076638e-01 7.710302666656282389e-02 3.771414641717360183e+00 -5.443147368557066379e-02 -5.466300398702231972e-02 9.970201455675465896e-01 9.889985715826299373e-02
6.840600516445888291e-01 -7.294229684643714906e-01 1.994698129341578724e-03 5.914130983235708960e+00 7.274073317296748664e-01 6.823679580254402577e-01 7.247443415512605513e-02 3.866945035851736545e+00 -5.422563498860363818e-02 -4.812590712719735236e-02 9.973682758005024684e-01 6.778436534436774186e-02
6.748900457980553380e-01 -7.379178511647934702e-01 8.191550722999006717e-04 5.983152169219006389e+00 7.367520525026203249e-01 6.738853781001754584e-01 5.545187387239158827e-02 3.929226770973667460e+00 -4.147094423659586360e-02 -3.682040351649146226e-02 9.984610251126520009e-01 9.869611553002144433e-02
6.658228431233288447e-01 -7.460911724331332762e-01 -5.282422978099477438e-03 6.050663916347176041e+00 7.458965637528495174e-01 6.654465208286388656e-01 2.862244047510990180e-02 4.009158337576298692e+00 -1.783978017965075560e-02 -2.299761584191941516e-02 9.995763362088606607e-01 1.509138201883783448e-01
6.274985328471901491e-01 -7.785219523657613827e-01 -1.221314698294598093e-02 6.103445838536215362e+00 7.786174199056876688e-01 6.274353836763379988e-01 8.930438417936129025e-03 4.123119527598778866e+00 7.104182105263853741e-04 -1.511320599772743647e-02 9.998855366042836978e-01 1.716142104913089828e-01
6.305418284788256722e-01 -7.761504489604665880e-01 -2.735528659207094385e-03 6.132626994688413546e+00 7.760431624849114529e-01 6.303869369093910713e-01 1.921769326461220465e-02 4.145937578589613537e+00 -1.319137972300788060e-02 -1.424044776197297760e-02 9.998115808233779545e-01 1.664242561994792591e-01
6.353334329362548827e-01 -7.722209910285189327e-01 5.115663042597515253e-03 6.288066232501868136e+00 7.716376972696392667e-01 6.350868135184830621e-01 3.521368267233596777e-02 4.272029894292959540e+00 -3.044163507175259159e-02 -1.842499144834577884e-02 9.993667127457701582e-01 1.431239137904245506e-01
6.466040483716084530e-01 -7.628226553874098981e-01 2.191131476611037771e-03 6.367669297767531766e+00 7.623745764086734544e-01 6.463176860668076174e-01 3.253388883830749673e-02 4.385783471730368532e+00 -2.623375449954792882e-02 -1.936608130078446705e-02 9.994682311208840098e-01 1.042011579808151400e-01
6.639428929732443807e-01 -7.477791637823094639e-01 -2.481347083517104757e-03 6.436137911569257852e+00 7.477175942343869952e-01 6.638369349775995465e-01 1.545713530661124713e-02 4.496938599374117551e+00 -9.911313871510171042e-03 -1.211800200429826932e-02 9.998774524334290703e-01 8.939715476421980500e-02
6.761847042412900688e-01 -7.367250447239279687e-01 -3.233299652894719867e-03 6.487635098503863773e+00 7.367077871539526868e-01 6.761915246580365579e-01 -5.163170282520800070e-03 4.587132960995572439e+00 5.990166679274573983e-03 1.109259737944033163e-03 9.999814435508231902e-01 1.227017521927119825e-01
6.981635915166446438e-01 -7.159371218083184774e-01 -1.279491071061040521e-03 6.548112354694092474e+00 7.159076581735653866e-01 6.981491546585937291e-01 -7.998926048705456288e-03 4.668865705136528099e+00 6.620003702522252349e-03 4.668561482102949467e-03 9.999671895040689318e-01 1.832471003169544588e-01
7.027424099663842627e-01 -7.114353523757329656e-01 3.583939823031947677e-03 6.701149609852476985e+00 7.114443794022552447e-01 7.027336053130510685e-01 -3.517809071133231463e-03 4.776479995242532084e+00 -1.586121695203905960e-05 5.021887467661767870e-03 9.999873901178374380e-01 1.783934915625922102e-01
6.981608013707660820e-01 -7.158672353529620391e-01 1.027602926409973937e-02 6.767805418709238019e+00 7.159253184007310367e-01 6.981685615739702255e-01 -3.405598705837058204e-03 4.847954374370145203e+00 -4.736444039739339668e-03 9.734525044410280090e-03 9.999414008430784762e-01 1.288276167871980626e-01
6.925449430641246185e-01 -7.213379967713966501e-01 7.279852343070900532e-03 6.837928654494360714e+00 7.213638960366721697e-01 6.924439670559138227e-01 -1.246924146296642631e-02 4.943399381548139182e+00 3.953647822137736599e-03 1.388693276779222850e-02 9.998957554501375355e-01 1.251612666991229750e-01
6.866230376521347267e-01 -7.270060241541010937e-01 -3.323403225896767385e-03 6.894045657751127543e+00 7.269727964325664038e-01 6.866257515120373078e-01 -7.458592866245576138e-03 5.031086475393460766e+00 7.704376183032234093e-03 2.705217953628894813e-03 9.999666616360035620e-01 1.743251775623588240e-01
6.759350869383117244e-01 -7.369199495764505725e-01 -7.793982418416870242e-03 7.002977462699601752e+00 7.368888599930268901e-01 6.756828285309794957e-01 2.115474524905215301e-02 5.128258144937715812e+00 -1.032309371623753476e-02 -2.004253338818880528e-02 9.997458329953213818e-01 1.587735539695186160e-01
6.698418708512881015e-01 -7.424387467289379483e-01 -9.827278871094503876e-03 7.078945232595670767e+00 7.417727353137868462e-01 6.685365763740200862e-01 5.321705737079779341e-02 5.236721414612802050e+00 -3.294051000742283936e-02 -4.293662079935867126e-02 9.985346110149527776e-01 1.470783163748120570e-01
6.733231052070561828e-01 -7.391933679148035008e-01 -1.513805882857873625e-02 7.168824893411136046e+00 7.381071428823444691e-01 6.708659058298400701e-01 7.167134728167487423e-02 5.308200276586459765e+00 -4.282337703159285608e-02 -5.943148345681772970e-02 9.973134197200657081e-01 1.440055834335041696e-01
6.660826725655158986e-01 -7.454827090275786272e-01 -2.427764092498020318e-02 7.276020329914633322e+00 7.452329523609224626e-01 6.638007732212563017e-01 6.321692958603368495e-02 5.417210978767917240e+00 -3.101161110621219671e-02 -6.020019943293270642e-02 9.977044732609111621e-01 1.121571724813336113e-01
6.711761781923133441e-01 -7.409659398927603835e-01 -2.218138286938505649e-02 7.304693324004320587e+00 7.411120790057375007e-01 6.700376072489721002e-01 4.245575607459745743e-02 5.502106024707579479e+00 -1.659590850039577986e-02 -4.493418287796562688e-02 9.988520886648513120e-01 1.198712799285844011e-01
6.874642875699698008e-01 -7.260110739743161901e-01 -1.734283086966836862e-02 7.378941432330718975e+00 7.261828667113237046e-01 6.869992802838413848e-01 2.627609149793422305e-02 5.592247424940583578e+00 -7.162221082716063898e-03 -3.065794115957610338e-02 9.995042737442487724e-01 1.818865330519902901e-01
7.168654386583617200e-01 -6.968657576634680328e-01 -2.195583415121065557e-02 7.463437229564969577e+00 6.971945039819218426e-01 7.162721918390541065e-01 2.956299740349910624e-02 5.676626637615093784e+00 -4.875087133250124646e-03 -3.650017800227804698e-02 9.993217552576573182e-01 2.414029865510875505e-01
7.236055102308074360e-01 -6.896150432139062092e-01 -2.874295977618540956e-02 7.641387329153879193e+00 6.901215690709295858e-01 7.222005171898409071e-01 4.646108989041016629e-02 5.794462156642278927e+00 -1.128208609661248210e-02 -5.345563715651333730e-02 9.985064894078053976e-01 2.322729839375503313e-01
7.157687846171348900e-01 -6.978819639593595303e-01 -2.521529987798834180e-02 7.668535357757312099e+00 6.980391854786044403e-01 7.139416187808290681e-01 5.503326729330164369e-02 5.892911212448205482e+00 -2.040447264881468589e-02 -5.699236223246617605e-02 9.981660824447438074e-01 1.665308766781978533e-01
7.129371426015580493e-01 -7.008455102944212145e-01 -2.315602295900703878e-02 7.756588553250180595e+00 7.009734435579523248e-01 7.114001101029069352e-01 5.045904053862212968e-02 5.953847504878083896e+00 -1.889079473267445131e-02 -5.220588133270361031e-02 9.984576524964109412e-01 1.474331751166994831e-01
7.018249235767883842e-01 -7.118970551885227538e-01 -2.538423645384292257e-02 7.795620380803999439e+00 7.122636615215939271e-01 7.007415877891739475e-01 4.051794193391272669e-02 6.054192974826129614e+00 -1.105681338757029744e-02 -4.651677070280113568e-02 9.988563144522316639e-01 1.943968573476761996e-01
6.953352140839541562e-01 -7.177550493446651636e-01 -3.655993975732142048e-02 7.895082386156047960e+00 7.186648576826890622e-01 6.940287694912179450e-01 4.295217631769264466e-02 6.155125770239769700e+00 -5.455491429919393301e-03 -5.614050461781765200e-02 9.984079734029145392e-01 2.665134675603987313e-01
6.860310002694981479e-01 -7.264611670926114373e-01 -4.019501680149753509e-02 7.988113552274895390e+00 7.274309471473695554e-01 6.837612302833728783e-01 5.757427458204864706e-02 6.227768479797111567e+00 -1.434168056793273457e-02 -6.873683632383136011e-02 9.975317356007668002e-01 2.400511449710898138e-01
6.872194773331141704e-01 -7.258419646171481165e-01 -2.971249526243400357e-02 8.094822939429583641e+00 7.259795337024650408e-01 6.847283268359245501e-01 6.403776287181460469e-02 6.301291760099678285e+00 -2.613630844539820142e-02 -6.557866138610886353e-02 9.975050538978000869e-01 1.765430657969868089e-01
6.871899009594347740e-01 -7.262037149007213310e-01 -1.995506160737239160e-02 8.207637921504751688e+00 7.260876088115922888e-01 6.856614412659387536e-01 5.162530669526055327e-02 6.392306934399912599e+00 -2.380807320272573802e-02 -4.996551236110156891e-02 9.984671367776037920e-01 1.556584790879987912e-01
6.968479084194010298e-01 -7.170592551262118253e-01 -1.513331323101813237e-02 8.261261242561394269e+00 7.172020288405194233e-01 6.965315028511813722e-01 2.156653340056256460e-02 6.458038181621017948e+00 -4.923652967943234829e-03 -2.588223664440445979e-02 9.996528734854586151e-01 1.987435089811753763e-01
7.069194821441681098e-01 -7.071604035967601343e-01 -1.374806713281608722e-02 8.354104646836665538e+00 7.071446299912799160e-01 7.070361262698668936e-01 -6.810904770789328634e-03 6.554445344352878955e+00 1.453678229585484219e-02 -4.907110572230872179e-03 9.998822941858280799e-01 2.522402652532416134e-01
7.345323431040504669e-01 -6.784278002096859606e-01 -1.406971345550892677e-02 8.406881448869176765e+00 6.785050759547890387e-01 7.345950157516412116e-01 1.012292661288991154e-03 6.621963711810933795e+00 9.648773894103960386e-03 -1.028993369719583689e-02 9.999005042637231222e-01 2.647957361922824715e-01
