1.000000000000000000e+00 0.000000000000000000e+00 0.000000000000000000e+00 0.000000000000000000e+00 0.000000000000000000e+00 1.000000000000000000e+00 0.000000000000000000e+00 0.000000000000000000e+00 0.000000000000000000e+00 0.000000000000000000e+00 1.000000000000000000e+00 0.000000000000000000e+00
9.999985926858503404e-01 -1.651841808864999532e-03 -2.933342075690283384e-04 1.258288226721077097e-02 1.652017846521920685e-03 9.999984548758449332e-01 6.009017869758134399e-04 -4.789372804463136457e-02 2.923411596365103351e-04 -6.013855346641254354e-04 9.999997764360175623e-01 -1.379158619961002273e-02
9.999940972721348409e-01 -3.431789579866931575e-03 -1.680510861650428276e-04 1.304535188536538708e-02 3.431847874331086720e-03 9.999940506979935195e-01 3.478344237199145058e-04 -9.604720649792437837e-02 1.668563918275377039e-04 -3.484090963108036699e-04 9.999999253850202496e-01 -1.904521498829228957e-02
9.999944533303306571e-01 -3.315705142432039208e-03 -3.152903130688636648e-04 1.232104046367661285e-02 3.315843091332004635e-03 9.999944066466422976e-01 4.380182911736874626e-04 -1.062592032037957546e-01 3.138362100382085683e-04 -4.390613148372705422e-04 9.999998543659869288e-01 -1.890675673984262145e-02
9.999984009390869844e-01 -1.774409259405100060e-03 2.226904782258403814e-04 -2.343481562049861550e-02 1.774424568257628593e-03 9.999984233568178782e-01 -6.856624468621752967e-05 -6.394274771509067534e-02 -2.225684625429622931e-04 6.896128250029666688e-05 9.999999728538101484e-01 -1.206766316273765599e-03
9.999996872110108459e-01 -6.069272269992864993e-04 5.071658718844339678e-04 -5.981866569231181208e-02 6.070063749912899681e-04 9.999998036160832049e-01 -1.559200297632336372e-04 -1.676524177113338995e-02 -5.070711401739156580e-04 1.562278339105770326e-04 9.999998592358514404e-01 1.120257697274095951e-02
9.999982656232577760e-01 1.543322434349068397e-03 1.042548003690813843e-03 -9.408838008052622381e-02 -1.543355940808904250e-03 9.999988085345609123e-01 3.133526169854544712e-05 2.351985759547270752e-02 -1.042498401118533346e-03 -3.294423000647103103e-05 9.999994560557327050e-01 2.096942221618046387e-02
9.999990538441878574e-01 8.092768161744417739e-04 1.112376628600400454e-03 -5.480424530894599522e-02 -8.103862713616014459e-04 9.999991743479379469e-01 9.972850813548522070e-04 8.289749634213111618e-04 -1.111568630468886144e-03 -9.981855925161775729e-04 9.999988840197285844e-01 2.425527275119864629e-02
9.999989709417628214e-01 -1.237621658920114165e-03 7.255398298697645753e-04 -5.137756240256830670e-02 1.236832217022579804e-03 9.999986437765814307e-01 1.087516006639991034e-03 -6.428779130683209830e-03 -7.268847792398962573e-04 -1.086617516486370174e-03 9.999991454500801735e-01 2.069625565280838048e-02
9.999969973523665789e-01 -2.363393027969088074e-03 6.478114280058013550e-04 -7.681176497049445329e-02 2.362988436671523487e-03 9.999970130717183991e-01 6.246065077475788886e-04 -9.011157908331677777e-03 -6.492856837051606171e-04 -6.230738613608053028e-04 9.999995951034501562e-01 1.821469103491948210e-02
9.999992987380507126e-01 -7.820737816923811715e-04 8.893165953947571728e-04 -7.300191658822673124e-02 7.815511266462009171e-04 9.999995217756748600e-01 5.878998708082708866e-04 -1.016322244388308954e-02 -8.897759511771478804e-04 -5.872044121493854999e-04 9.999994317447060688e-01 2.720694972730315631e-02
9.999998838535600898e-01 8.173426530225877276e-05 4.749867115211222355e-04 -3.517510944767004988e-02 -8.195687278464453701e-05 9.999998868204886815e-01 4.686598774901936932e-04 3.871479725546016215e-03 -4.749483521915950001e-04 -4.686987514825079258e-04 9.999997773727468120e-01 1.113071694224508287e-02
9.999999867228857031e-01 -1.528565020278376918e-04 5.647227892968246273e-05 -1.033982939370866640e-02 1.528298676836264427e-04 9.999998772411033965e-01 4.713393785383652936e-04 6.369431590691952000e-03 -5.654431928587915455e-05 -4.713307416294218303e-04 9.999998873250296461e-01 -4.279422908967097511e-03
9.999997224881302937e-01 -7.367661277135316173e-04 1.104506016888250400e-04 -1.004350040720864388e-02 7.367331956675256342e-04 9.999996842381684292e-01 2.979056255696820488e-04 4.517203352919321388e-03 -1.106700535869157979e-04 -2.978241702725892954e-04 9.999999495264501048e-01 -5.940226464997359901e-03
9.999997071259365544e-01 -7.650888619573464585e-04 1.967420903604527030e-05 -9.212272409719888741e-03 7.650846414889584919e-04 9.999996845021066338e-01 2.136379614490866872e-04 -6.100719361605588462e-03 -1.983765485366973736e-05 -2.136228464449018902e-04 9.999999769858731735e-01 -3.890221385652394698e-03
9.999999651835381753e-01 7.328608529794377333e-05 2.534996491152096288e-04 -1.405336226590026688e-02 -7.326993783089109035e-05 9.999999952864745412e-01 -6.370688351337007937e-05 -1.502195569293994330e-02 -2.535043167484318360e-04 6.368830739179096696e-05 9.999999658396798718e-01 4.882933500385114312e-03
9.999999276234389223e-01 -3.656951176170230287e-04 1.049771299071856976e-04 1.357233809108563186e-02 3.657067952676398121e-04 9.999999269418409220e-01 -1.112423157217436604e-04 -3.339237637739937009e-02 -1.049364414660179841e-04 1.112806985201621684e-04 9.999999883024746072e-01 1.687987181536206374e-03
9.999996412750520314e-01 -8.094664958344685406e-04 -2.494268616239308069e-04 3.843176846651929351e-02 8.094981237313483759e-04 9.999996643264161822e-01 1.267274343328083882e-04 -3.870251258600524574e-02 2.493241962857268082e-04 -1.269292994490088739e-04 9.999999608631983117e-01 -1.055995834706138781e-02
9.999998143635875358e-01 -4.735178927068296956e-04 -3.834756782169510621e-04 2.927022803605722201e-02 4.733928319536254538e-04 9.999998347628611395e-01 -3.261494705244471202e-04 -5.929356498903096823e-02 3.836300524625173877e-04 3.259678753419330299e-04 9.999998732864555651e-01 -2.831128376123561233e-02
9.999888788580484356e-01 4.714212353932991165e-03 -1.355068459624502646e-04 1.119869396576481275e-02 -4.714289762328375752e-03 9.999887213674328867e-01 -5.767234722686510667e-04 -7.113588587415620168e-02 1.327865207127523208e-04 5.773558769816953705e-04 9.999998245139501973e-01 -1.980448789195920697e-02
9.999816809823465213e-01 6.052393835842698536e-03 -7.892133002528620503e-05 -9.968342540344524161e-03 -6.052431247052422400e-03 9.999815673504713898e-01 -4.827372934056430530e-04 -6.633044126828500919e-02 7.599815907712980517e-05 4.832061160565471526e-04 9.999998803680574255e-01 -1.386760566068310531e-02
9.999848287110345568e-01 5.508347195518918139e-03 2.142280447913410559e-05 -1.265693572975674572e-02 -5.508342560728342503e-03 9.999848067678202002e-01 -2.107030114480719471e-04 -7.780991014231525282e-02 -2.258310433968908714e-05 2.105818106661168040e-04 9.999999775726519102e-01 -7.027187133766378893e-03
9.999901328642624154e-01 4.437559043774028447e-03 -2.055330821338274209e-04 2.390073061023639117e-02 -4.437550278877157653e-03 9.999901530972890029e-01 4.308112127257312959e-05 -8.430978544151550291e-02 2.057222332888827929e-04 -4.216863279936035645e-05 9.999999779500843289e-01 -1.258468008621403678e-02
9.999875756178594477e-01 4.974899689310983801e-03 -3.146156337853420475e-04 3.638407026016490797e-02 -4.974936191206670404e-03 9.999876182761021637e-01 -1.153446230855069491e-04 -7.190294382148637586e-02 3.140379103718788224e-04 1.169083827026700095e-04 9.999999438563088594e-01 -1.821090666680854134e-02
9.999815419450955867e-01 6.059535943448270470e-03 -4.447395406499030329e-04 6.959824224497186684e-02 -6.059699350429792811e-03 9.999815725081363516e-01 -3.669985521526602894e-04 -6.924326194484678454e-02 4.425075042976737397e-04 3.696867659788215330e-04 9.999998337593880571e-01 -2.459735880139750364e-02
9.999312388743472058e-01 1.171991659683444334e-02 -4.013454577529217767e-04 1.055811647073858911e-01 -1.171995270446046788e-02 9.999313151469598759e-01 -8.773298385519011366e-05 -7.541274487959716277e-02 4.002896681455634146e-04 9.243070101947763639e-05 9.999999156123700050e-01 -3.259136356260415590e-02
9.999078648378603162e-01 1.356577787190535803e-02 -4.811508302137838008e-04 8.025430539951275422e-02 -1.356571439347226127e-02 9.999079723562444011e-01 1.349496892488874684e-04 -3.106300760050585696e-02 4.829372485448212948e-04 -1.284101008945255889e-04 9.999998751412222386e-01 -4.970978249441861813e-02
9.999327974260726615e-01 1.157583198095148320e-02 -6.330447199093810562e-04 7.349194088210515841e-02 -1.157591299666232455e-02 9.999329891282991989e-01 -1.244638034786215580e-04 -1.898692638120562381e-02 6.315615269540955862e-04 1.317835097913344535e-04 9.999997918815504150e-01 -5.886210140862985218e-02
9.999548850749874207e-01 9.462453994414636582e-03 -8.305293928409158196e-04 9.456656529918498755e-02 -9.462606425042020819e-03 9.999552123733735920e-01 -1.797970136310494006e-04 -1.368973772335603523e-02 8.287908744307500696e-04 1.876478748711446465e-04 9.999996389469155700e-01 -6.110917399056391835e-02
9.999984318913186510e-01 -1.590956681354961525e-03 -7.778635753478428845e-04 1.226703780486805284e-01 1.591546290169817751e-03 9.999984462416182662e-01 7.579543229244829717e-04 -6.871012424137353837e-03 7.766564942415742339e-04 -7.591911402573321048e-04 9.999994102165773446e-01 -4.794788839275236636e-02
9.997196233632434925e-01 -2.367066480094784722e-02 -6.117927229491969265e-04 1.619359308132736208e-01 2.367119534722884541e-02 9.997194150654586942e-01 8.750154344409787803e-04 4.496588542904802338e-02 5.909088660837672185e-04 -8.892519656133035912e-04 9.999994300286644267e-01 -2.670317665827663667e-02
9.985985487634413404e-01 -5.291868270026754001e-02 -7.425825323128095942e-04 1.876117628877942700e-01 5.291985482401704438e-02 9.985973843256915616e-01 1.659211647761373466e-03 7.117167888627416727e-02 6.537376796930476595e-04 -1.696183703350750450e-03 9.999983477925804554e-01 -2.613005747696573594e-02
9.978389157469168547e-01 -6.569314332752433649e-02 -1.381716601425766458e-03 2.167675439789314151e-01 6.569677528515290021e-02 9.978357834269652171e-01 2.771827885477413760e-03 2.812188352361776056e-02 1.196636180897826937e-03 -2.856612056953485891e-03 9.999952039032020679e-01 -5.782491434323604185e-02
9.974865261089325141e-01 -7.084296804985579232e-02 -1.379894568821770934e-03 2.594274671331980309e-01 7.084502953766458333e-02 9.974861955179080697e-01 1.507163235052617293e-03 -2.808423605827032460e-02 1.269653866763102625e-03 -1.601133691098776974e-03 9.999979121728014286e-01 -4.426369281108104986e-02
9.969370977112413934e-01 -7.819991632041679852e-02 -1.093752516135008566e-03 2.782273281627362649e-01 7.819893095546544270e-02 9.969373537572722155e-01 -9.164501458952014875e-04 -7.181804143217745962e-02 1.162069063821832100e-03 8.281128711541977045e-04 9.999989819117635070e-01 -7.783235268176886407e-03
9.968476911142695185e-01 -7.930836430351752286e-02 -2.205464044228850045e-03 3.173625764383861680e-01 7.930077475414608335e-02 9.968451432744852569e-01 -3.338780235839688883e-03 -1.863553571325881342e-01 2.463299320429392179e-03 3.153360361834990373e-03 9.999919942053968613e-01 -4.431054662050035869e-02
9.960477560245835082e-01 -8.863866619940014013e-02 -5.661675792831503268e-03 3.812594171680902533e-01 8.842331923094656765e-02 9.956029259159547840e-01 -3.092136031567745830e-02 -1.817644027022920772e-01 8.377609120383289545e-03 3.029852738964647352e-02 9.995057853276512194e-01 -6.696471162547326661e-02
9.957119150665859619e-01 -9.194759611213239314e-02 -1.016964914007150930e-02 3.822515372091782049e-01 9.117153032841647520e-02 9.939969812268131255e-01 -6.047936317089617347e-02 -8.122439943412836094e-02 1.566953260332347095e-02 5.929284004989718998e-02 9.981176407953176177e-01 -8.940182375196378817e-03
9.987822001012125472e-01 -4.789047786737383322e-02 -1.185828362858238824e-02 4.614380122134995599e-01 4.703468772366361378e-02 9.968286240682457944e-01 -6.419059424047458828e-02 -5.784211701375856912e-02 1.489479478605781199e-02 6.355467227389642593e-02 9.978671999421760974e-01 9.427836398367361870e-03
9.992319304330066210e-01 -3.808691847439665129e-02 -9.216064466548642975e-03 7.013641730368109783e-01 3.754005527868951170e-02 9.978562142806105539e-01 -5.360708788249179957e-02 -7.410596836619048888e-02 1.123803598498656492e-02 5.321994234018791181e-02 9.985195763151102355e-01 -2.861258769610542166e-02
9.982994920012623341e-01 -5.785888839555829166e-02 -7.104456604964589153e-03 7.796523979063593179e-01 5.748025461083258736e-02 9.973212086050038394e-01 -4.523745347086122193e-02 -2.629333277824470738e-02 9.702814019414906024e-03 4.475216084486652313e-02 9.989509995489367356e-01 -6.887991956023685469e-02
9.981628688798440674e-01 -6.058735874674845562e-02 2.432070146500874084e-04 7.290098342471484916e-01 6.056512393637444175e-02 9.976705507929127803e-01 -3.139009148023827467e-02 -6.347001766392636538e-03 1.659202257343795825e-03 3.134715362929986482e-02 9.995071800678624330e-01 -9.545001076582362853e-03
9.977179802467509573e-01 -6.750194328929780274e-02 1.523005092697777207e-03 7.421557488825523130e-01 6.750926655935420018e-02 9.977039224287921337e-01 -5.420525695988215667e-03 -2.188754362268007306e-02 -1.153612136734820338e-03 5.510972906051164050e-03 9.999841490527071608e-01 -2.228621207664290699e-02
9.955428537877596407e-01 -9.429495959718711684e-02 -1.699078187787391673e-03 8.521866631422985172e-01 9.430570117320674628e-02 9.955103544498850043e-01 8.097463139407262700e-03 1.887257770350286509e-02 9.278999693921749720e-04 -8.221604322094087924e-03 9.999657715262146862e-01 5.576960383956900552e-02
9.855124644908503928e-01 -1.689276853450490390e-01 -1.512016723235913400e-02 9.433784285473375553e-01 1.690700469232991887e-01 9.855657874145498099e-01 8.683197066283778950e-03 1.104857502358860821e-01 1.343508714239746542e-02 -1.111376632391613932e-02 9.998479797607101593e-01 1.432092687911477591e-01
9.731797499410997920e-01 -2.279467735038808451e-01 -3.100714036716253202e-02 9.886459886282881193e-01 2.283163987435366804e-01 9.735462461580733917e-01 8.906663590047176476e-03 1.211210826636080484e-01 2.815663988051180650e-02 -1.574722326933750485e-02 9.994794788238249295e-01 1.143359925061928906e-01
9.629248003395446398e-01 -2.669340173459833765e-01 -3.901357807971992525e-02 1.151314209939234612e+00 2.678718017487662917e-01 9.632234222961604253e-01 2.110299902720444779e-02 8.999504870394095524e-02 3.194568388558623878e-02 -3.077123857771719637e-02 9.990158177714081322e-01 -5.031196091253881120e-03
9.574257069684499744e-01 -2.865379364133560647e-01 -3.510023692141114871e-02 1.347788987433172547e+00 2.875878974412124367e-01 9.572928986299462650e-01 2.972385368719886872e-02 1.184148903288353705e-01 2.508419584731304969e-02 -3.855278496621019485e-02 9.989416729169140474e-01 -1.383491499390873680e-01
9.530355420511932296e-01 -3.018277293705206588e-01 -2.496552363208233080e-02 1.435509923164276058e+00 3.023083513692824131e-01 9.530330066130180411e-01 1.837794870320304252e-02 1.552977062743131353e-01 1.824599352117610082e-02 -2.506212459443180746e-02 9.995193713136520941e-01 -1.424328234915082092e-01
9.494195102031119937e-01 -3.138206773718534293e-01 -1.091678064056026895e-02 1.376277800585762989e+00 3.137482817340143115e-01 9.494737103754000707e-01 -7.854235476770360380e-03 2.103809941508860970e-01 1.283001771770521035e-02 4.031843231332285157e-03 9.999095633533671146e-01 5.974068783267724725e-02
9.550035054385100919e-01 -2.958537665920700777e-01 -2.094882797300234856e-02 1.371086282999874451e+00 2.955142113088099487e-01 9.551715260432250831e-01 -1.785235981008364767e-02 2.271300130136814643e-01 2.529141187615979725e-02 1.085838982269373386e-02 9.996211481635274287e-01 2.121528751681757974e-01
9.601492004700469263e-01 -2.775724396940531524e-01 -3.266578575544802632e-02 1.603702430576107840e+00 2.775452752964736036e-01 9.606970774574413729e-01 -5.453945850079811204e-03 2.518725437647273968e-01 3.289578996367574504e-02 -3.829632752910385428e-03 9.994514500042728233e-01 1.979215247058774552e-01
9.549827043155644235e-01 -2.932240983104628662e-01 -4.502957503849261411e-02 1.901703917387481679e+00 2.942806641087700181e-01 9.555337378194607156e-01 1.881931509039217951e-02 3.100276569088395995e-01 3.750900145075199144e-02 -3.122345366525273655e-02 9.988083753910863560e-01 -3.078027646666570138e-02
9.453607142800036778e-01 -3.234600838268151812e-01 -4.082516462613371144e-02 2.025104842424127138e+00 3.247124946034264936e-01 9.453703836779974168e-01 2.892461776645648824e-02 3.563574879947430385e-01 2.923894225892883017e-02 -4.060063836032083012e-02 9.987475518970314603e-01 -1.638365529788680941e-01
9.233900119462256084e-01 -3.824717937692245218e-01 -3.265291424821228916e-02 2.022523227597428530e+00 3.833239536733130115e-01 9.232578177469662473e-01 2.564660814551320001e-02 3.999190429549094317e-01 2.033795413037246466e-02 -3.619846599044598823e-02 9.991376475149604808e-01 -1.058878939877634928e-01
8.982560139221359430e-01 -4.388973634452280614e-01 -2.247749571333168203e-02 2.001158986398372530e+00 4.393411850035822686e-01 8.980626924230539210e-01 2.151101200555973619e-02 4.358721974179964875e-01 1.074507386496348707e-02 -2.919768550215338238e-02 9.995159020990880272e-01 5.429662782816688932e-02
8.577517908890794907e-01 -5.138617205038825686e-01 -1.442211591156353570e-02 2.103502658671602799e+00 5.140542793344194950e-01 8.572247104102935777e-01 3.023232971438022734e-02 5.001331639339655633e-01 -3.172242826078335541e-03 -3.334558535665502893e-02 9.994388469599700953e-01 1.250394632853403798e-01
8.329996741119480852e-01 -5.532597740820148768e-01 -3.894266568461245484e-03 2.198202156740536317e+00 5.528013601570067603e-01 8.319775295400388959e-01 4.715979801713415104e-02 5.162753724874540318e-01 -2.285167691771434334e-02 -4.143685223531737988e-02 9.988797666080121429e-01 4.188903975446683914e-02
8.108509326740923617e-01 -5.852000054397561435e-01 7.856119580558446752e-03 2.314470406535789060e+00 5.838777425912229369e-01 8.097926421092533911e-01 5.764250595083683648e-02 5.360035580074919981e-01 -4.009422262785755642e-02 -4.215246634568479978e-02 9.983063772674417580e-01 -4.625127941248460828e-03
8.085002456179906094e-01 -5.884408721943804599e-01 8.043181383369853166e-03 2.391726382279602880e+00 5.874211391298701512e-01 8.077740057710109944e-01 4.937166094046976927e-02 6.185691546029323806e-01 -3.554937607068273803e-02 -3.519226522649067379e-02 9.987480895246876322e-01 2.220007110214948856e-02
8.048199898055299339e-01 -5.934484818477474555e-01 -9.147863249455091134e-03 2.545110336816271079e+00 5.934865442284613657e-01 8.045192613441378704e-01 2.285782023819385098e-02 7.059126435264542199e-01 -6.205306534376057136e-03 -2.382556439807345314e-02 9.996968723827877046e-01 6.105940670427912470e-02
8.073123507058933557e-01 -5.892034490003060787e-01 -3.295548640011891628e-02 2.567382107545817860e+00 5.894797620493895662e-01 8.077815223352181606e-01 -1.619354189981256353e-03 7.545421044504808661e-01 2.757496204747569152e-02 -1.811926764362478334e-02 9.994555085686100959e-01 8.577255249138818205e-02
8.324106387296890119e-01 -5.507122719431553071e-01 -6.171322435944564394e-02 2.671588062141921682e+00 5.505487297084440401e-01 8.345347807005645269e-01 -2.116119130576547824e-02 8.186108547732739993e-01 6.315555989815656301e-02 -1.636133650619162050e-02 9.978695715982532910e-01 1.085995241865995026e-01
8.327387399855471495e-01 -5.484858793239021368e-01 -7.556077758711295111e-02 2.905299670129091183e+00 5.492585522510103901e-01 8.355661778707916820e-01 -1.200854602025252030e-02 9.096990418705068748e-01 6.972254804872869693e-02 -3.150242182249471390e-02 9.970688861422315474e-01 1.484221684219039217e-01
8.334580287420890743e-01 -5.473449966923187304e-01 -7.590236439819629533e-02 3.002575329126782933e+00 5.492524839188914765e-01 8.356402166786476293e-01 5.209335676529657649e-03 9.508762326921947894e-01 6.057576441349112051e-02 -4.603132482504239398e-02 9.971016467244313564e-01 5.138146928756835707e-02
8.161882198749393913e-01 -5.726172835491238899e-01 -7.711184291793288237e-02 3.101890343590005372e+00 5.745458382002388564e-01 8.184648945239606510e-01 3.506599302328369805e-03 9.996145919609613628e-01 6.110539701337963647e-02 -4.716633346683098832e-02 9.970162824363165699e-01 6.346061867468087009e-03
7.934555739670221541e-01 -6.028452690326497887e-01 -8.370085869102930620e-02 3.054833305604331972e+00 6.044228532609752236e-01 7.966247939956876412e-01 -7.870962278524393230e-03 1.029523149680636740e+00 7.142315168434626438e-02 -4.434545293804626614e-02 9.964598407398034263e-01 5.588503137818962713e-02
7.699963606994608689e-01 -6.315977089554254409e-01 -9.049827927559453422e-02 3.103341110719930906e+00 6.331865214207315073e-01 7.738799958669055901e-01 -1.358606227542753439e-02 1.096431033415676826e+00 7.861573379864494893e-02 -4.684107214076012327e-02 9.958039367064205338e-01 1.921687341135689953e-01
7.460925209686599668e-01 -6.573704963262607670e-01 -1.058771963852242620e-01 3.169493618895670384e+00 6.610396252565367003e-01 7.503507672071384471e-01 -5.830886350140576657e-04 1.177250561425713382e+00 7.982834080279528621e-02 -6.955398415205557572e-02 9.943790420625568949e-01 1.947700262224278389e-01
7.414717457214083929e-01 -6.614219621590419207e-01 -1.128744358591887847e-01 3.386885561908164366e+00 6.678930450075669656e-01 7.436665277370282379e-01 2.964752863346186568e-02 1.217475705486005921e+00 6.433141322376810523e-02 -9.737085548168331051e-02 9.931668468970347163e-01 8.064946616596116447e-02
7.223836008642436912e-01 -6.843674807910729019e-01 -9.901052690542413992e-02 3.559705613167651439e+00 6.903887874379679435e-01 7.218858814843494009e-01 4.737189349705490243e-02 1.294440611487323700e+00 3.905451807846953977e-02 -1.025764366179900411e-01 9.939581577050484729e-01 -5.643836892200826405e-03
7.163239571207684619e-01 -6.933534614404508467e-01 -7.836431562509084403e-02 3.620518100798267191e+00 6.973144692391757271e-01 7.153775913208642034e-01 4.458063285379840202e-02 1.355151916743175811e+00 2.514993925499845948e-02 -8.657874649418248469e-02 9.959275080099786459e-01 -2.271320669623697053e-02
7.150313331879102341e-01 -6.962060886237085855e-01 -6.346081249713650396e-02 3.640493687689120961e+00 6.985673056977464990e-01 7.150620509268676983e-01 2.626752242700403084e-02 1.454963396161367495e+00 2.709080969094780980e-02 -6.311375038403853333e-02 9.976385831265499604e-01 7.707399019926164385e-02
7.140076967752673198e-01 -6.978194159529690355e-01 -5.693041071988896168e-02 3.704823870715295175e+00 6.993442390590404178e-01 7.147071605221413382e-01 1.055035512719335392e-02 1.540652665931659726e+00 3.332632954001665121e-02 -4.734698952874782929e-02 9.983224020034584534e-01 1.469222316678414075e-01
7.228495710824426324e-01 -6.883990895604542581e-01 -5.995991226033095534e-02 3.783359452821653424e+00 6.901004008107424204e-01 7.236195431967376024e-01 1.167019728185745772e-02 1.628809937478777226e+00 3.535441113611559327e-02 -4.981415658306947991e-02 9.981325640500543495e-01 1.609085281345281337e-01
7.301543672347976521e-01 -6.810470788601421521e-01 -5.522206428611338425e-02 3.998194348000402520e+00 6.830198697679095154e-01 7.297258542299724926e-01 3.136933487603742188e-02 1.709483169865361640e+00 1.893297415041568510e-02 -6.062222401400585436e-02 9.979812064590271037e-01 1.127531045848448599e-01
7.190188258520386899e-01 -6.940213636764698268e-01 -3.669161799388231948e-02 4.108847284478375883e+00 6.949292360785510603e-01 7.172511635094505067e-01 5.122621679980931403e-02 1.815109137153335883e+00 -9.234983142233752981e-03 -6.233069231921552905e-02 9.980128255094570244e-01 1.818949799049872362e-02
7.101436288267468644e-01 -7.038572455643332670e-01 -1.676318297249991540e-02 4.127986621473668016e+00 7.034828329676616754e-01 7.084022828033890162e-01 5.725477655829397383e-02 1.863364352845702232e+00 -2.842411223895231071e-02 -5.245172623982094495e-02 9.982188568935623785e-01 2.750905694095458903e-02
6.926033657814438804e-01 -7.211394568413294071e-01 -1.607673769170629707e-02 4.180173125083153529e+00 7.207002281507637331e-01 6.909149591924614864e-01 5.681285336538224179e-02 1.951185378908522061e+00 -2.986233165130468270e-02 -5.093528198284407588e-02 9.982553972795116248e-01 9.539048811003250639e-02
6.644830752732989732e-01 -7.465855607191468346e-01 -3.274512484350099173e-02 4.342418729218506357e+00 7.469959193161611610e-01 6.623151376502789400e-01 5.775599505069024114e-02 2.051809542680610221e+00 -2.143220008171290922e-02 -6.283835584234558069e-02 9.977935667434864042e-01 1.129764198798613867e-01
6.478285444210130084e-01 -7.609066662587699037e-01 -3.659538599764646655e-02 4.396969996620428311e+00 7.612578381686646578e-01 6.448429782383191533e-01 6.829375698778029913e-02 2.109662132278292912e+00 -2.836689725935523029e-02 -7.210116961395225677e-02 9.969938517765178920e-01 7.707143053219912832e-02
6.396661485347834297e-01 -7.684198342606893828e-01 -1.892555767872779182e-02 4.504172064225370420e+00 7.671069986675196350e-01 6.366254090818705969e-01 7.908818563256370116e-02 2.185820816978222059e+00 -4.872443959643062150e-02 -6.510796284722392135e-02 9.966879562630915901e-01 8.111533522939901042e-02
6.355854901335638019e-01 -7.720276814833444412e-01 -2.084167730563701165e-03 4.564826942282814493e+00 7.701805213449484100e-01 6.338733869818169442e-01 7.089777018371654083e-02 2.296718528848392449e+00 -5.341394267886305502e-02 -4.666677940089011822e-02 9.974814095650343937e-01 8.703302577632543446e-02
6.424407011440551596e-01 -7.663004439302313342e-01 7.319504482236192933e-03 4.642601215859177621e+00 7.650797138826478383e-01 6.419053182812359815e-01 5.109396997211269192e-02 2.395091048481015505e+00 -4.385176072611861320e-02 -2.722484149808535731e-02 9.986670271349822325e-01 8.672863635370561819e-02
6.490707247214229092e-01 -7.605312434605542293e-01 1.730381547376363960e-02 4.726368442848457363e+00 7.596555109977836118e-01 6.491953469588374048e-01 3.832631077590394758e-02 2.495966114028643545e+00 -4.038191328185555817e-02 -1.173154752528117982e-02 9.991154447171551878e-01 1.174369149844002036e-01
6.730799168649646003e-01 -7.391397575639505613e-01 2.521595331048807898e-02 4.794381411421332118e+00 7.376418201635336347e-01 6.733952690379605421e-01 4.922760184207417011e-02 2.568793917983005493e+00 -5.336638135457015542e-02 -1.453376845821774746e-02 9.984692278260364207e-01 1.231181307571945494e-01
6.901726117374318292e-01 -7.231377545403850915e-01 2.708420140639414622e-02 4.913630779464045695e+00 7.207408125095152718e-01 6.902710107864926670e-01 6.370724331594922185e-02 2.675953317673592569e+00 -6.476455196059009711e-02 -2.444830517814486348e-02 9.976010390848940590e-01 1.095072978304443417e-01
6.820600302257715519e-01 -7.309007067513340061e-01 2.404728755639632537e-02 5.035017912604102364e+00 7.286578831805887724e-01 6.820225205678197566e-01 6.247376022860539474e-02 2.797142678266653082e+00 -6.206290717653365624e-02 -2.508860914276154347e-02 9.977568627897673847e-01 8.179029113396134310e-02
6.608898386962203109e-01 -7.502563757927770416e-01 1.843886358676330786e-02 5.085786437432897600e+00 7.484562343905544202e-01 6.607105529429946333e-01 5.722613416677494597e-02 2.855991640460008529e+00 -5.511702377664662311e-02 -2.401948817209818149e-02 9.981909526127528132e-01 6.882679471779981628e-02
6.402749318138822865e-01 -7.679365579311728807e-01 1.792915735752273476e-02 5.094463120392831890e+00 7.662986372501324750e-01 6.401789466906602222e-01 5.438119861336995764e-02 2.943395795354983857e+00 -5.323917955151279136e-02 -2.107982938401978604e-02 9.983592692782605749e-01 1.139050654673995633e-01
6.121943934818450117e-01 -7.906143627699312448e-01 1.212245731242076949e-02 5.189695944883275125e+00 7.886522344409699903e-01 6.116361453238645662e-01 6.268076933661329009e-02 3.044184816283530548e+00 -5.697084956941769751e-02 -2.881241252064747904e-02 9.979600027977467702e-01 1.231877109262973224e-01
5.938746131073364687e-01 -8.044918888014378489e-01 1.028322708620887233e-02 5.247068767043574056e+00 8.010506714342569001e-01 5.924297739429935650e-01 8.570171958939762358e-02 3.109654041785495426e+00 -7.503842816409286853e-02 -4.265868960186841585e-02 9.962677704814673074e-01 1.108587313770815069e-01
5.952166877518190180e-01 -8.035543181022896109e-01 4.189568106364026379e-03 5.335066306934846736e+00 7.996444704662085678e-01 5.928188538872909419e-01 9.557472117969148528e-02 3.204941049706430345e+00 -7.928313486846094715e-02 -5.353750400348400440e-02 9.954134418373635773e-01 9.693657041609433922e-02
6.014721300567162920e-01 -7.988289077491016466e-01 -1.018100728876536118e-02 5.445772998358405559e+00 7.962098035840426968e-01 5.983589823068045099e-01 8.953478078057418299e-02 3.297072398172276486e+00 -6.543107397633751710e-02 -6.195889312392867387e-02 9.959316593628102510e-01 9.682342819597879180e-02
6.123166568854304659e-01 -7.903934872840597814e-01 -1.861308570852576033e-02 5.512394669871116371e+00 7.893465171899586297e-01 6.098348135183082608e-01 7.094769919576300599e-02 3.408308505616322481e+00 -4.472569173006050308e-02 -5.813463236344575125e-02 9.973063606631789035e-01 9.454540542441892959e-02
6.369593433046084607e-01 -7.706217064544188533e-01 -2.061505562062523195e-02 5.600573055051563109e+00 7.703448917444936095e-01 6.352629400264825366e-01 5.486114100229764340e-02 3.487066935919954869e+00 -2.918120525485923961e-02 -5.082501913614229788e-02 9.982811601396094359e-01 1.166525095762332709e-01
6.520512394151214419e-01 -7.579990369662624738e-01 -1.632914986833640739e-02 5.681854382883378740e+00 7.576145668661474764e-01 6.505903187789292552e-01 5.246336991988611448e-02 3.593334796981400459e+00 -2.914359705704856404e-02 -4.658000718494783449e-02 9.984893357874317088e-01 1.214717044285700542e-01
6.797499283015095983e-01 -7.334024086991262070e-01 -7.806528576295504451e-03 5.731963457717727195e+00 7.321865432344352165e-01 6.779231492770703138e-01 6.575005384536102004e-02 3.656036957854398306e+00 -4.292902142492131118e-02 -5.040942956014319437e-02 9.978055865402436497e-01 1.434030851943173812e-01
6.860013601973073971e-01 -7.275961662873990932e-01 -2.439797393943465148e-03 5.850308269901319136e+00 7.255614022809242503e-01 6.838243742358078858e-01 7.710302666656276838e-02 3.771414641717361516e+00 -5.443147368557063603e-02 -5.466300398702228502e-02 9.970201455675465896e-01 9.889985715826256352e-02
6.840600516445889401e-01 -7.294229684643713796e-01 1.994698129341596071e-03 5.914130983235710737e+00 7.274073317296747554e-01 6.823679580254403687e-01 7.247443415512605513e-02 3.866945035851736101e+00 -5.422563498860364511e-02 -4.812590712719734543e-02 9.973682758005024684e-01 6.778436534436796390e-02
6.748900457980553380e-01 -7.379178511647935812e-01 8.191550722999180190e-04 5.983152169219005501e+00 7.367520525026204359e-01 6.738853781001754584e-01 5.545187387239161603e-02 3.929226770973669680e+00 -4.147094423659588441e-02 -3.682040351649146226e-02 9.984610251126520009e-01 9.869611553002113902e-02
6.658228431233290667e-01 -7.460911724331330541e-01 -5.282422978099474836e-03 6.050663916347173377e+00 7.458965637528492953e-01 6.654465208286390876e-01 2.862244047510990527e-02 4.009158337576299580e+00 -1.783978017965075907e-02 -2.299761584191941863e-02 9.995763362088606607e-01 1.509138201883772623e-01
6.274985328471902601e-01 -7.785219523657612717e-01 -1.221314698294598614e-02 6.103445838536217138e+00 7.786174199056875578e-01 6.274353836763381098e-01 8.930438417936132495e-03 4.123119527598778866e+00 7.104182105263871089e-04 -1.511320599772744341e-02 9.998855366042836978e-01 1.716142104913090105e-01
6.305418284788257832e-01 -7.761504489604664769e-01 -2.735528659207108262e-03 6.132626994688412658e+00 7.760431624849113419e-01 6.303869369093912933e-01 1.921769326461222199e-02 4.145937578589615313e+00 -1.319137972300788754e-02 -1.424044776197300015e-02 9.998115808233779545e-01 1.664242561994797587e-01
6.353334329362549937e-01 -7.722209910285189327e-01 5.115663042597511784e-03 6.288066232501868136e+00 7.716376972696392667e-01 6.350868135184830621e-01 3.521368267233598165e-02 4.272029894292962204e+00 -3.044163507175259506e-02 -1.842499144834579966e-02 9.993667127457701582e-01 1.431239137904248837e-01
6.466040483716084530e-01 -7.628226553874097871e-01 2.191131476611037771e-03 6.367669297767531766e+00 7.623745764086733434e-01 6.463176860668076174e-01 3.253388883830751060e-02 4.385783471730369421e+00 -2.623375449954793576e-02 -1.936608130078447051e-02 9.994682311208840098e-01 1.042011579808148625e-01
6.639428929732442697e-01 -7.477791637823095749e-01 -2.481347083517096517e-03 6.436137911569257852e+00 7.477175942343871062e-01 6.638369349775994355e-01 1.545713530661126274e-02 4.496938599374118439e+00 -9.911313871510188389e-03 -1.211800200429827452e-02 9.998774524334290703e-01 8.939715476421977725e-02
6.761847042412900688e-01 -7.367250447239278577e-01 -3.233299652894719434e-03 6.487635098503864661e+00 7.367077871539525757e-01 6.761915246580366690e-01 -5.163170282520789661e-03 4.587132960995573328e+00 5.990166679274565309e-03 1.109259737944026658e-03 9.999814435508231902e-01 1.227017521927123989e-01
6.981635915166448658e-01 -7.159371218083183663e-01 -1.279491071061018836e-03 6.548112354694094250e+00 7.159076581735652756e-01 6.981491546585938401e-01 -7.998926048705461492e-03 4.668865705136527211e+00 6.620003702522239339e-03 4.668561482102968549e-03 9.999671895040689318e-01 1.832471003169549306e-01
7.027424099663844848e-01 -7.114353523757326325e-01 3.583939823031946810e-03 6.701149609852477873e+00 7.114443794022549117e-01 7.027336053130512905e-01 -3.517809071133243606e-03 4.776479995242532084e+00 -1.586121695203060282e-05 5.021887467661774809e-03 9.999873901178374380e-01 1.783934915625922379e-01
6.981608013707660820e-01 -7.158672353529621502e-01 1.027602926409973416e-02 6.767805418709238907e+00 7.159253184007311477e-01 6.981685615739701145e-01 -3.405598705837063409e-03 4.847954374370145203e+00 -4.736444039739330127e-03 9.734525044410280090e-03 9.999414008430784762e-01 1.288276167871980071e-01
6.925449430641245074e-01 -7.213379967713968721e-01 7.279852343070910940e-03 6.837928654494359826e+00 7.213638960366723918e-01 6.924439670559137117e-01 -1.246924146296641243e-02 4.943399381548138294e+00 3.953647822137722721e-03 1.388693276779222503e-02 9.998957554501375355e-01 1.251612666991222533e-01
6.866230376521346157e-01 -7.270060241541012047e-01 -3.323403225896747002e-03 6.894045657751128431e+00 7.269727964325665148e-01 6.866257515120373078e-01 -7.458592866245561392e-03 5.031086475393459878e+00 7.704376183032209807e-03 2.705217953628897415e-03 9.999666616360035620e-01 1.743251775623582134e-01
6.759350869383116134e-01 -7.369199495764506835e-01 -7.793982418416854629e-03 7.002977462699602640e+00 7.368888599930270011e-01 6.756828285309793847e-01 2.115474524905218423e-02 5.128258144937717589e+00 -1.032309371623756772e-02 -2.004253338818881569e-02 9.997458329953213818e-01 1.587735539695180331e-01
6.698418708512881015e-01 -7.424387467289379483e-01 -9.827278871094507345e-03 7.078945232595669879e+00 7.417727353137868462e-01 6.685365763740201972e-01 5.321705737079778648e-02 5.236721414612805603e+00 -3.294051000742281854e-02 -4.293662079935867820e-02 9.985346110149527776e-01 1.470783163748119182e-01
6.733231052070561828e-01 -7.391933679148036118e-01 -1.513805882857873972e-02 7.168824893411135157e+00 7.381071428823445801e-01 6.708659058298400701e-01 7.167134728167487423e-02 5.308200276586459765e+00 -4.282337703159284914e-02 -5.943148345681773664e-02 9.973134197200657081e-01 1.440055834335042251e-01
6.660826725655158986e-01 -7.454827090275786272e-01 -2.427764092498019971e-02 7.276020329914631546e+00 7.452329523609224626e-01 6.638007732212563017e-01 6.321692958603372658e-02 5.417210978767918128e+00 -3.101161110621222794e-02 -6.020019943293272724e-02 9.977044732609111621e-01 1.121571724813335558e-01
6.711761781923133441e-01 -7.409659398927603835e-01 -2.218138286938503914e-02 7.304693324004317034e+00 7.411120790057375007e-01 6.700376072489721002e-01 4.245575607459744355e-02 5.502106024707576815e+00 -1.659590850039576945e-02 -4.493418287796559912e-02 9.988520886648513120e-01 1.198712799285841513e-01
6.874642875699698008e-01 -7.260110739743161901e-01 -1.734283086966835474e-02 7.378941432330717198e+00 7.261828667113237046e-01 6.869992802838413848e-01 2.627609149793419877e-02 5.592247424940582690e+00 -7.162221082716057827e-03 -3.065794115957607910e-02 9.995042737442487724e-01 1.818865330519899293e-01
7.168654386583617200e-01 -6.968657576634680328e-01 -2.195583415121065557e-02 7.463437229564971354e+00 6.971945039819218426e-01 7.162721918390541065e-01 2.956299740349910624e-02 5.676626637615092896e+00 -4.875087133250124646e-03 -3.650017800227804698e-02 9.993217552576573182e-01 2.414029865510873285e-01
7.236055102308074360e-01 -6.896150432139062092e-01 -2.874295977618541303e-02 7.641387329153877417e+00 6.901215690709295858e-01 7.222005171898409071e-01 4.646108989041018711e-02 5.794462156642279815e+00 -1.128208609661249077e-02 -5.345563715651335812e-02 9.985064894078053976e-01 2.322729839375499705e-01
7.157687846171348900e-01 -6.978819639593595303e-01 -2.521529987798832098e-02 7.668535357757312099e+00 6.980391854786044403e-01 7.139416187808290681e-01 5.503326729330165062e-02 5.892911212448205482e+00 -2.040447264881470671e-02 -5.699236223246616911e-02 9.981660824447438074e-01 1.665308766781984640e-01
7.129371426015580493e-01 -7.008455102944212145e-01 -2.315602295900697286e-02 7.756588553250182372e+00 7.009734435579523248e-01 7.114001101029069352e-01 5.045904053862212968e-02 5.953847504878087449e+00 -1.889079473267450335e-02 -5.220588133270356868e-02 9.984576524964109412e-01 1.474331751167004267e-01
7.018249235767883842e-01 -7.118970551885227538e-01 -2.538423645384291216e-02 7.795620380803999439e+00 7.122636615215939271e-01 7.007415877891739475e-01 4.051794193391275445e-02 6.054192974826132279e+00 -1.105681338757032346e-02 -4.651677070280113568e-02 9.988563144522316639e-01 1.943968573476760608e-01
6.953352140839541562e-01 -7.177550493446651636e-01 -3.655993975732142048e-02 7.895082386156044407e+00 7.186648576826890622e-01 6.940287694912179450e-01 4.295217631769266547e-02 6.155125770239767924e+00 -5.455491429919403709e-03 -5.614050461781765894e-02 9.984079734029145392e-01 2.665134675603976211e-01
6.860310002694981479e-01 -7.264611670926114373e-01 -4.019501680149755590e-02 7.988113552274894502e+00 7.274309471473695554e-01 6.837612302833728783e-01 5.757427458204862625e-02 6.227768479797108014e+00 -1.434168056793270161e-02 -6.873683632383136011e-02 9.975317356007668002e-01 2.400511449710901191e-01
6.872194773331141704e-01 -7.258419646171481165e-01 -2.971249526243402092e-02 8.094822939429583641e+00 7.259795337024650408e-01 6.847283268359245501e-01 6.403776287181457694e-02 6.301291760099676509e+00 -2.613630844539817019e-02 -6.557866138610886353e-02 9.975050538978000869e-01 1.765430657969874750e-01
6.871899009594348851e-01 -7.262037149007212200e-01 -1.995506160737235690e-02 8.207637921504753464e+00 7.260876088115921778e-01 6.856614412659389757e-01 5.162530669526057409e-02 6.392306934399916152e+00 -2.380807320272577271e-02 -4.996551236110156197e-02 9.984671367776037920e-01 1.556584790879990687e-01
6.968479084194012518e-01 -7.170592551262118253e-01 -1.513331323101810115e-02 8.261261242561397822e+00 7.172020288405194233e-01 6.965315028511813722e-01 2.156653340056255419e-02 6.458038181621020613e+00 -4.923652967943245237e-03 -2.588223664440442856e-02 9.996528734854586151e-01 1.987435089811745437e-01
7.069194821441681098e-01 -7.071604035967602453e-01 -1.374806713281611151e-02 8.354104646836665538e+00 7.071446299912800271e-01 7.070361262698668936e-01 -6.810904770789316491e-03 6.554445344352878955e+00 1.453678229585485260e-02 -4.907110572230896466e-03 9.998822941858280799e-01 2.522402652532409473e-01
7.345323431040504669e-01 -6.784278002096859606e-01 -1.406971345550894759e-02 8.406881448869174989e+00 6.785050759547890387e-01 7.345950157516412116e-01 1.012292661288996358e-03 6.621963711810932907e+00 9.648773894103970794e-03 -1.028993369719585771e-02 9.999005042637231222e-01 2.647957361922820274e-01
