1.000000000000000000e+00 0.000000000000000000e+00 0.000000000000000000e+00 0.000000000000000000e+00 0.000000000000000000e+00 1.000000000000000000e+00 0.000000000000000000e+00 0.000000000000000000e+00 0.000000000000000000e+00 0.000000000000000000e+00 1.000000000000000000e+00 0.000000000000000000e+00
9.999985221735259167e-01 -1.689810088672116231e-03 -3.165321919235859760e-04 1.258135428407364254e-02 1.689996673567810718e-03 9.999983978283806252e-01 5.901287275079663977e-04 -4.782752189127241482e-02 3.155344793073333164e-04 -5.906627937515377411e-04 9.999997757777030483e-01 -1.456562226321373929e-02
9.999941117375678035e-01 -3.419442133484830795e-03 -2.896647866365196730e-04 1.314752260276804904e-02 3.419551408266025862e-03 9.999940820279017428e-01 3.775941477391453840e-04 -9.631609193858102491e-02 2.883719110702579673e-04 -3.785824479947786183e-04 9.999998867584790618e-01 -2.258536539494050699e-02
9.999938648136077468e-01 -3.486708295503561979e-03 -3.364526801265746306e-04 1.357590043308340606e-02 3.486883146657894245e-03 9.999937853380020947e-01 5.205106102169089737e-04 -1.064860516972250259e-01 3.346357205243484208e-04 -5.216805879672773566e-04 9.999998079341309021e-01 -1.882473623685172043e-02
9.999982479305520311e-01 -1.856925905407073906e-03 2.365629049348858177e-04 -2.248226403827773695e-02 1.856937444201559777e-03 9.999982747108207004e-01 -4.856655483572084019e-05 -6.396938811542964010e-02 -2.364723123016549094e-04 4.900575225982660405e-05 9.999999708396404285e-01 -8.662295770163648545e-05
9.999997334282449968e-01 -5.368741271005430995e-04 4.948834312821035614e-04 -5.970665953905987533e-02 5.369399395004446213e-04 9.999998470215312185e-01 -1.328623932531901330e-04 -1.717733505660317891e-02 -4.948120251941916410e-04 1.331280805154811536e-04 9.999998687189782798e-01 1.147692366208204195e-02
9.999981470970447095e-01 1.644198731553543581e-03 1.001205777270140415e-03 -9.464124792548522791e-02 -1.644260846208614501e-03 9.999986463282812821e-01 6.121988706418153385e-05 2.407736812520503214e-02 -1.001103764305538279e-03 -6.286601708823501961e-05 9.999994969194319072e-01 1.993935869932595556e-02
9.999991644648452693e-01 6.985459799895961603e-04 1.087705440402126234e-03 -5.408648625730534676e-02 -6.996270464017583868e-04 9.999992614085005949e-01 9.938332099293915346e-04 1.750677114024101755e-04 -1.087010398838557899e-03 -9.945933676914304675e-04 9.999989145956238445e-01 2.287381400638833356e-02
9.999988992374710950e-01 -1.377190823409485051e-03 5.521496917805476020e-04 -4.751068921772601261e-02 1.376558416951883558e-03 9.999983980575390952e-01 1.144101953641879239e-03 -8.638345790706453836e-03 -5.537244539801119796e-04 -1.143340627951681607e-03 9.999991930803932005e-01 1.670848760024998964e-02
9.999971307781019281e-01 -2.334135437099228542e-03 5.387460673302423963e-04 -7.555362811181326466e-02 2.333764668652328275e-03 9.999970402241717959e-01 6.878120146332502259e-04 -9.087193256520713011e-03 -5.403499191600727881e-04 -6.865527346106453134e-04 9.999996183335808642e-01 1.597751423794649059e-02
9.999993610424638968e-01 -6.845164356398390120e-04 8.996398797334982178e-04 -7.540986793550154277e-02 6.840478978506298003e-04 9.999996303132056008e-01 5.210104850184387425e-04 -5.795233045722724546e-03 -8.999961873886508411e-04 -5.203947553463086993e-04 9.999994595979346812e-01 2.654397078434517221e-02
9.999998416009444613e-01 2.028186037157201651e-04 5.250359034162583368e-04 -3.730690221668135631e-02 -2.029962010586834208e-04 9.999999221977420305e-01 3.382263329928335673e-04 8.042148000002014713e-03 -5.249672639746820555e-04 -3.383328597119148297e-04 9.999998049701048775e-01 1.162162799033013630e-02
9.999999813020293837e-01 -1.874589409790878279e-04 4.748774936124708715e-05 -1.057070808278950426e-02 1.874380134635433262e-04 9.999998854949608829e-01 4.403147241724221419e-04 7.786974541291413060e-03 -4.757028485555134462e-05 -4.403058149300262316e-04 9.999999019339238515e-01 -3.885580996052515231e-03
9.999997061472071236e-01 -7.625093386304370325e-04 7.927804228640088463e-05 -9.768771790439605140e-03 7.624824013754273426e-04 9.999996517619479386e-01 3.392588546633786939e-04 4.290969318687384154e-03 -7.953670272366375634e-05 -3.391983068591579030e-04 9.999999393092089406e-01 -5.923904686644155398e-03
9.999995849433277462e-01 -9.110151196901504142e-04 -1.283058522536133293e-05 -9.199470648917922391e-03 9.110182738472070475e-04 9.999995542685140570e-01 2.480090277008269737e-04 -8.422008363678545537e-03 1.260463953231040986e-05 -2.480206136606297445e-04 9.999999691634486876e-01 -4.495942675592614138e-03
9.999999664985899095e-01 -1.211003132614280715e-04 2.287739784309695320e-04 -1.304830462394966119e-02 1.211079447651436044e-04 9.999999921104979483e-01 -3.334470949051916911e-05 -1.742325253536333024e-02 -2.287699385712918445e-04 3.337241471976789777e-05 9.999999732752982151e-01 4.354408437945193715e-03
9.999999374169197264e-01 -3.471346530562096689e-04 6.829120940136881748e-05 1.462133512482975684e-02 3.471415676764062915e-04 9.999999346189425431e-01 -1.012661966202398945e-04 -3.377921413163333109e-02 -6.825605193038724163e-05 1.012898970001794956e-04 9.999999925407340173e-01 7.791070285902423898e-04
9.999996998577238561e-01 -7.207222781427469280e-04 -2.843305468953962758e-04 3.837206867937449639e-02 7.207530041952738779e-04 9.999997344280140421e-01 1.079768883850464192e-04 -3.650175587217353856e-02 2.842526500361845765e-04 -1.081817880724767286e-04 9.999999537485647627e-01 -1.143282445742652489e-02
9.999997652078760346e-01 -5.304374991141459859e-04 -4.338435804948842576e-04 3.072965382697625397e-02 5.303031821020916334e-04 9.999998114463735099e-01 -3.096542468080441357e-04 -5.942827508819688992e-02 4.340077509163707309e-04 3.094241054723948533e-04 9.999998579469874249e-01 -2.953956779240200087e-02
9.999893211920044545e-01 4.616034495705955212e-03 -2.229966112289280577e-04 1.429737492489476305e-02 -4.616159581981846283e-03 9.999891865902695853e-01 -5.637137967147518719e-04 -7.217033254556534660e-02 2.203920775438616855e-04 5.647371648670261157e-04 9.999998162496165355e-01 -2.230480562034929323e-02
9.999817917852694693e-01 6.033004531787441137e-03 -1.376744038444399957e-04 -9.388571007327229170e-03 -6.033068446973407876e-03 9.999816910564599537e-01 -4.686544321079911960e-04 -6.592977063162962226e-02 1.348444888588033307e-04 4.694764978492466665e-04 9.999998807043837257e-01 -1.536511855860671003e-02
9.999849460228831255e-01 5.487040664094623363e-03 1.060009751206207463e-05 -1.358931001953785078e-02 -5.487038879452782805e-03 9.999849330263957947e-01 -1.616308452238691756e-04 -7.825198728506498058e-02 -1.148681282098801162e-05 1.615702488896491381e-04 9.999999868815537818e-01 -7.635743267197601242e-03
9.999905754751555742e-01 4.335441379806704958e-03 -2.300193674809962430e-04 2.570384665809481370e-02 -4.335414639058887513e-03 9.999905952449333890e-01 1.166258598393308686e-04 -8.838726289058111696e-02 2.305228287838874792e-04 -1.156275313629731355e-04 9.999999667447491136e-01 -1.294441857553393395e-02
9.999876830902282299e-01 4.948094399052993878e-03 -3.873366176894554717e-04 3.769537218891456931e-02 -4.948114956478842294e-03 9.999877566452877176e-01 -5.213350440890073966e-05 -7.396585706927258363e-02 3.870739138886833560e-04 5.404944839641197079e-05 9.999999236262182567e-01 -2.058253138845757627e-02
9.999814845175998279e-01 6.065143576888630018e-03 -4.946264943469123269e-04 6.902031632617686152e-02 -6.065314717028625312e-03 9.999815462145439371e-01 -3.452357938362652745e-04 -6.885819057055472814e-02 4.925234619582066330e-04 3.482294669845951746e-04 9.999998180784223090e-01 -2.570613458470314555e-02
9.999315867239433331e-01 1.168895767529404446e-02 -4.360506877290617426e-04 1.051653115230923169e-01 -1.168904189038753698e-02 9.999316625580284557e-01 -1.910853783617842770e-04 -7.347830730202853378e-02 4.337873002404539578e-04 1.961693203402412836e-04 9.999998866730814839e-01 -3.313616235217271833e-02
9.999093251307293873e-01 1.345512927515153841e-02 -5.486463326272636963e-04 8.319875056672712543e-02 -1.345510204778888226e-02 9.999094745972393339e-01 5.328748830351883538e-05 -3.108007929635674127e-02 5.493136562409013050e-04 -4.590056407383820029e-05 9.999998480738111484e-01 -5.158274140449709694e-02
9.999334197076513719e-01 1.151775983430377605e-02 -7.052376630125852062e-04 7.585582205600152617e-02 -1.151788054787594544e-02 9.999336530106088805e-01 -1.673455826017693226e-04 -1.984202051092319799e-02 7.032634263871003020e-04 1.754572838443985985e-04 9.999997373176128246e-01 -6.190782151259103389e-02
9.999566306068955468e-01 9.272715273193007229e-03 -8.681340720456822519e-04 9.596732050594394825e-02 -9.272772630107745800e-03 9.999570049934071170e-01 -6.206742646576599509e-05 -1.539313917466279130e-02 8.675212130421742921e-04 7.011474450167779588e-05 9.999996212453620137e-01 -6.255915800997519094e-02
9.999978166874491370e-01 -1.924523328276637893e-03 -8.141439023247483680e-04 1.335906257727265400e-01 1.925189673456111734e-03 9.999978118727619325e-01 8.184707748948996187e-04 -9.949712939425063227e-03 8.125669547745021076e-04 -8.200363693508472230e-04 9.999993336374264352e-01 -4.751649771870353894e-02
9.997131052838892362e-01 -2.394284438523387737e-02 -6.688246317010824397e-04 1.744869520331773227e-01 2.394341661512169872e-02 9.997129444645530549e-01 8.610869922161438301e-04 3.873130243770842723e-02 6.480157700315292580e-04 -8.768538977072395197e-04 9.999994056012252441e-01 -2.656173474902754489e-02
9.986110314666492016e-01 -5.267954704681479527e-02 -9.344281981310356179e-04 1.983804070703130695e-01 5.268112376808499475e-02 9.986098491563454305e-01 1.751675333124730772e-03 6.569102671491849899e-02 8.408517388609798755e-04 -1.798469038764503349e-03 9.999980292367929291e-01 -3.282659116649638137e-02
9.979661893829151476e-01 -6.372730819224003973e-02 -1.521525259302525116e-03 2.209297914114159989e-01 6.373210584003424772e-02 9.979614337632402021e-01 3.345953737357697504e-03 2.709042185824691445e-02 1.305194904262962441e-03 -3.436118709986538903e-03 9.999932447544197522e-01 -7.284291950187951614e-02
9.977333110322323950e-01 -6.727486439041835409e-02 -1.527310678764939476e-03 2.223885438194875275e-01 6.727756219890687617e-02 9.977326931546363076e-01 1.789590726538612449e-03 -2.557563757325083398e-03 1.403453323365743506e-03 -1.888288020169610892e-03 9.999972323397310348e-01 -6.044741598263433241e-02
9.969723851942542403e-01 -7.774772686963972446e-02 -1.163669490679214262e-03 2.608597024794633290e-01 7.774665003295670729e-02 9.969727016324079205e-01 -9.437205256977033562e-04 -6.468508103054765312e-02 1.233518841602882291e-03 8.503918988157488628e-04 9.999988776318130546e-01 -9.222098230317450629e-03
9.966777425888440067e-01 -8.141762510322160529e-02 -2.155864225167552963e-03 3.261366857119016860e-01 8.141022761508291683e-02 9.966751430395621725e-01 -3.321759583200856181e-03 -2.019780843322464547e-01 2.419146061420826815e-03 3.135214445529384102e-03 9.999921590506167801e-01 -3.500988325983588056e-02
9.959502275906415569e-01 -8.988781279478948172e-02 -1.823533141533095585e-03 3.807771189655005384e-01 8.975620400418736489e-02 9.952544360148336544e-01 -3.758232876704181713e-02 -1.726456058722769527e-01 5.193072780934965098e-03 3.726645547626177002e-02 9.992918709222684548e-01 -6.175411509998163240e-02
9.957577682126103058e-01 -9.160864685338239444e-02 -8.621071043299479569e-03 3.892556063533953448e-01 9.088125543888368740e-02 9.938318988136025656e-01 -6.355119440578307910e-02 -7.315626273340211649e-02 1.438973433019931705e-02 6.249810174910542387e-02 9.979413423762264479e-01 -1.143446664058341000e-02
9.987521178848675074e-01 -4.818967753385264979e-02 -1.311342821976591716e-02 4.742929301390625407e-01 4.727922871552820566e-02 9.969180662257620673e-01 -6.260226645059947803e-02 -7.843301276854428017e-02 1.608979653558208558e-02 6.190415342988204311e-02 9.979524007865170354e-01 3.695838720930662291e-03
9.992002419118289902e-01 -3.848107837849147617e-02 -1.086660803428506419e-02 7.080370530359946235e-01 3.786666395076285219e-02 9.979291668871300702e-01 -5.199513089894519657e-02 -8.791151549819727073e-02 1.284493380996532333e-02 5.154206517774431728e-02 9.985882150279117297e-01 -3.984634071405312311e-02
9.982995413176828370e-01 -5.794236571558612769e-02 -6.380286841935590460e-03 7.672234933033468263e-01 5.759160178186856216e-02 9.972921375175555214e-01 -4.573401195897734001e-02 -3.037453371915283667e-02 9.012946749137135116e-03 4.528879222220965478e-02 9.989332770960984709e-01 -6.216804237968572705e-02
9.981529668200641581e-01 -6.073239950449071944e-02 1.493478734656453850e-03 7.253164772797298099e-01 6.074791871169092639e-02 9.975668767532128722e-01 -3.420550799269046760e-02 8.793507309966669405e-03 5.875376598375489211e-04 3.423305500926195066e-02 9.994137045009093834e-01 -7.745051746750955535e-03
9.976981535092730446e-01 -6.775884640020836402e-02 2.670808622878600037e-03 7.571936995677732707e-01 6.777830945851361089e-02 9.976680582184616064e-01 -8.034076023432810618e-03 -1.122173682530042127e-02 -2.120200729421036195e-03 8.196605707077969996e-03 9.999641595596062693e-01 -8.773836602833588738e-03
9.955513622716921640e-01 -9.420614313066109913e-02 -1.639413133796081140e-03 8.662982017644117461e-01 9.421645186268896854e-02 9.955182901813681706e-01 8.160521599189474520e-03 1.053461902549844911e-02 8.632944940634583496e-04 -8.278678083524006540e-03 9.999653585058864147e-01 6.671224061228604729e-02
9.852660456758595142e-01 -1.686447796863727588e-01 -2.845623873230273757e-02 1.003457768074310863e+00 1.691315810055466495e-01 9.854692062307592870e-01 1.565093854953734237e-02 7.476993870250224494e-02 2.540329791226368303e-02 -2.023318698208416422e-02 9.994725061749967221e-01 8.125092623190469099e-02
9.728852372114222824e-01 -2.265659084190986550e-01 -4.649950922647783785e-02 1.056905493146260921e+00 2.276291693352986700e-01 9.735636708526350658e-01 1.894043462183254284e-02 9.447947988792579355e-02 4.097897611942769719e-02 -2.901151388967119354e-02 9.987387323910256187e-01 5.071114411043728398e-03
9.630212129320754322e-01 -2.666756867310769996e-01 -3.839559283749401780e-02 1.150738813896250434e+00 2.676825378385493392e-01 9.632095777622352584e-01 2.394510896634430633e-02 8.816669698592675963e-02 3.059742438748298127e-02 -3.333747761311563196e-02 9.989756804883926922e-01 -4.545302941964826648e-02
9.569717226414731215e-01 -2.888725397854173815e-01 -2.752776457567859825e-02 1.322828417120843980e+00 2.896003892403243851e-01 9.567482433527207952e-01 2.764802693386037707e-02 1.167414305172018718e-01 1.835038464076788056e-02 -3.443043129856674517e-02 9.992386145381545459e-01 -8.291346803878399396e-02
9.527152566410287404e-01 -3.034623336363642121e-01 -1.562855807138485709e-02 1.402857899177882395e+00 3.036906743356097005e-01 9.526494793963705687e-01 1.519683280841337657e-02 1.505311722546565367e-01 1.027687136249794131e-02 -1.922450180879045969e-02 9.997623739895408201e-01 -4.863036601763108535e-02
9.498853165986261837e-01 -3.124124320962970436e-01 -1.078691716869209505e-02 1.384455545632311990e+00 3.123415605868254397e-01 9.499380953463517629e-01 -7.769462010465209845e-03 2.116659223088424857e-01 1.267418007265545127e-02 4.010895339221635589e-03 9.999116350348483673e-01 8.333712012238422839e-02
9.552480218855247118e-01 -2.947422295485764843e-01 -2.506461259478027365e-02 1.392816020343027761e+00 2.943615209964347001e-01 9.555282729904225336e-01 -1.780490024139750119e-02 2.411700466212066962e-01 2.919780197990387571e-02 9.630038248878147744e-03 9.995272636215919437e-01 1.910615197236180118e-01
9.599261823260828441e-01 -2.766415512178976299e-01 -4.484614392149395556e-02 1.663185040741569365e+00 2.766751794657497654e-01 9.609473024516772544e-01 -5.579155710315437250e-03 2.734920440526054097e-01 4.463820731690715249e-02 -7.052237276220320317e-03 9.989783262898813687e-01 1.168995002657655657e-01
9.549366600171885766e-01 -2.929202457318796915e-01 -4.789264030716594567e-02 1.915030190925844478e+00 2.940403345591013906e-01 9.556206656413054334e-01 1.815007029297744170e-02 3.159145797384018128e-01 4.045067375938370124e-02 -3.141453548349085190e-02 9.986875737450469082e-01 -4.746643574335933369e-02
9.450422422012512147e-01 -3.248760010816422183e-01 -3.675247442598124359e-02 2.006925937962985351e+00 3.259874911263613284e-01 9.449042903907800550e-01 2.979996023884848994e-02 3.366487175008541777e-01 2.504627885279806301e-02 -4.014306817244089193e-02 9.988799817762545885e-01 -1.368067761493770018e-01
9.228823329217010762e-01 -3.844862270931237447e-01 -2.141356478247660039e-02 1.979848512665637994e+00 3.849296550768306346e-01 9.226540224780743760e-01 2.321024445070048181e-02 3.840833262242299706e-01 1.083329236338792696e-02 -2.966304065202950840e-02 9.995012475209049674e-01 -2.617557193922162573e-02
8.980921626941367197e-01 -4.394902126836230383e-01 -1.669791192550795778e-02 1.968626531113554234e+00 4.397439536570005303e-01 8.979597726809223079e-01 1.713189624461119651e-02 4.568301782029748903e-01 7.464752472657246521e-03 -2.272882755731367790e-02 9.997137979783973227e-01 9.870928606452840370e-02
8.581411291952039111e-01 -5.132230781095957761e-01 -1.399551639961977428e-02 2.107190540865718997e+00 5.133938136238037631e-01 8.575477681696024312e-01 3.222758818374076017e-02 5.034641955165325422e-01 -4.538118154832866853e-03 -3.484103045326859827e-02 9.993825634263223678e-01 9.204818194141112242e-02
8.331593163062913643e-01 -5.529615682221546979e-01 -8.891440902834706755e-03 2.246872950513481015e+00 5.526470812044854686e-01 8.318696661662012826e-01 5.073521606040169718e-02 5.009939435895403026e-01 -2.065810466127195044e-02 -4.718434678819002914e-02 9.986725590152037979e-01 -1.536098883648860658e-02
8.111377521671200297e-01 -5.848497016441536189e-01 2.524578383852324470e-03 2.358033114567846145e+00 5.838745214057619037e-01 8.100200326671322948e-01 5.438832532014991478e-02 5.535857092067789642e-01 -3.385395490137364100e-02 -4.264238694869735419e-02 9.985166681497376073e-01 -1.511901244595723059e-02
8.081656993674763978e-01 -5.889397124964080854e-01 4.268185858886596254e-03 2.410187330180590060e+00 5.880690727856167088e-01 8.073259798547052224e-01 4.898497611212163788e-02 6.261852165388882563e-01 -3.229501507884394856e-02 -3.707798937763979313e-02 9.987903957812013234e-01 3.995393805444945323e-02
8.046927652298488942e-01 -5.936193858460333539e-01 -9.250855880276081730e-03 2.546488768026491378e+00 5.936566765926808431e-01 8.043792496492440103e-01 2.336178654667827453e-02 7.142870770962295168e-01 -6.426812870515504796e-03 -2.429089297447858259e-02 9.996842744561054150e-01 7.692271955090655700e-02
8.068375607319852039e-01 -5.899496460700272005e-01 -3.118598553693188377e-02 2.557454891171187850e+00 5.902421470143549564e-01 8.072262145960609203e-01 2.153062910295131666e-04 7.424959553218593022e-01 2.504712518323551698e-02 -1.858100026274180083e-02 9.995135756703313890e-01 7.335499915961671280e-02
8.321401156534266041e-01 -5.512256221614565410e-01 -6.077122175024072398e-02 2.674124220159598497e+00 5.510151525982854848e-01 8.342133751805000941e-01 -2.168746820277330997e-02 7.932507949349368870e-01 6.265085416329145562e-02 -1.543885172780734213e-02 9.979160848137165196e-01 9.196361204545926149e-02
8.323740638499920186e-01 -5.490049908147327518e-01 -7.580856079866339636e-02 2.913274568486664773e+00 5.496752314903308179e-01 8.352677775914320035e-01 -1.359704392584711215e-02 9.013458215199523504e-01 7.078529307632173972e-02 -3.035226149704990661e-02 9.970296798521666171e-01 1.323902738794779932e-01
8.334250953738128187e-01 -5.476957757425808815e-01 -7.370174784144319091e-02 2.993635804437977832e+00 5.494263160197168094e-01 8.355330510092725538e-01 3.904348362880748213e-03 9.553363216336824282e-01 5.944185113329984727e-02 -4.374766170744472105e-02 9.972726850911828311e-01 6.439323029423016376e-02
8.164323435510587590e-01 -5.722259619275903431e-01 -7.743175640375178637e-02 3.085246670547499459e+00 5.742040787204264474e-01 8.187020196392766902e-01 4.083995518574728284e-03 9.946706619195259114e-01 6.105656708784369668e-02 -4.779593638180276716e-02 9.969892898526213632e-01 2.537935315072507858e-03
7.930901981353177810e-01 -6.029448347529506869e-01 -8.640291584442827411e-02 3.063759156074858048e+00 6.045589858992042043e-01 7.965090599966121454e-01 -9.041565784716789483e-03 1.033331632387321619e+00 7.427227066818595236e-02 -4.506488198198727035e-02 9.962192460606958955e-01 3.796452542497302102e-02
7.688192542765661663e-01 -6.320188764134545556e-01 -9.730927042527451332e-02 3.147219758940019929e+00 6.340168574103345334e-01 7.732139807413255239e-01 -1.275791933179749524e-02 1.086588347348669492e+00 8.330413419001678199e-02 -5.188718380513179795e-02 9.951724179174300522e-01 1.524566798672645218e-01
7.447928235655090212e-01 -6.571864309302293261e-01 -1.157136334513067799e-01 3.220485331750688296e+00 6.619157074216599490e-01 7.495710025786413988e-01 3.302780909125328790e-03 1.168455987562246667e+00 8.456504144030085879e-02 -7.905255906317812387e-02 9.932771248104744766e-01 1.388966408851161904e-01
7.416863267155544559e-01 -6.611022394130591229e-01 -1.133367628187179066e-01 3.387193303797812138e+00 6.676303048081974056e-01 7.438947931923056700e-01 2.983810924121138575e-02 1.219196949360165760e+00 6.458458689889920445e-02 -9.779757514588649503e-02 9.931084862343505515e-01 7.500495154760122851e-02
7.233218485342338688e-01 -6.837747807671770151e-01 -9.621617649760372259e-02 3.538873578708769507e+00 6.894284181474266138e-01 7.229421635377817346e-01 4.520049148016474366e-02 1.330679540426068286e+00 3.865177465209240770e-02 -9.902866941502516673e-02 9.943336275869048002e-01 9.314890631626743245e-03
7.170340789206881560e-01 -6.929716892195298961e-01 -7.518222932709207884e-02 3.611002184426291173e+00 6.966216851466466853e-01 7.161529055614473949e-01 4.293301339695226870e-02 1.377394211435117644e+00 2.409060916221332851e-02 -8.315800500329376121e-02 9.962451449086543454e-01 -9.716305180904605265e-04
7.148862088743733745e-01 -6.963374193088334163e-01 -6.365459002726853166e-02 3.641199163434520436e+00 6.987016620707917625e-01 7.149430976915985836e-01 2.592979912483636684e-02 1.448839832749025058e+00 2.745352037059910905e-02 -6.301242364371568982e-02 9.976350729028155007e-01 7.659957871679762276e-02
7.137723756258083085e-01 -6.976554865804891481e-01 -6.169131087625736448e-02 3.730942712878349443e+00 6.994279320459244609e-01 7.146196111878870827e-01 1.092607796213835789e-02 1.531759310795406170e+00 3.646318235497012644e-02 -5.094735861469121274e-02 9.980354718058542796e-01 1.336214247067116778e-01
7.228704976694235729e-01 -6.881608251191047021e-01 -6.239328786458293863e-02 3.787778513829432203e+00 6.900050178276126989e-01 7.237018006615150156e-01 1.219750351492131582e-02 1.627165533255342300e+00 3.676029069356949452e-02 -5.186889714148064379e-02 9.979771032130200226e-01 1.468229535808918129e-01
7.306574729826236236e-01 -6.806433209756365121e-01 -5.351940569460272856e-02 3.990181790307639531e+00 6.825037954611844482e-01 7.302327421517939010e-01 3.080116021434048043e-02 1.709451873600900784e+00 1.811701840051273271e-02 -5.903229540453622248e-02 9.980916599909784859e-01 1.143377463509086950e-01
7.188433880094313722e-01 -6.943984084234549048e-01 -3.278770949753673225e-02 4.104744098726146539e+00 6.950809507732118586e-01 7.171857487066664039e-01 5.007068727575395700e-02 1.808083659457869530e+00 -1.125412756858452587e-02 -5.878309477248739451e-02 9.982073393747608048e-01 4.319406693511651518e-02
7.106885997674762256e-01 -7.033184422514587864e-01 -1.627522502226325454e-02 4.141303002825959645e+00 7.029276078510277026e-01 7.089750200195408247e-01 5.698420052192925550e-02 1.875983309096035390e+00 -2.853931115804643134e-02 -5.193832666993569019e-02 9.982424144171351266e-01 5.047089337188388758e-02
6.924212371376867736e-01 -7.212851535385393920e-01 -1.733659844379099174e-02 4.186457385084742633e+00 7.208538748539090601e-01 6.905961149036259350e-01 5.870857848834962894e-02 1.943609352366428178e+00 -3.037303851807233307e-02 -5.314822071249101360e-02 9.981246140469014483e-01 9.036136709621930829e-02
6.632286539927128022e-01 -7.476633348121993761e-01 -3.357514408778606435e-02 4.342546515339829938e+00 7.480470930000270302e-01 6.608236287012969612e-01 6.113655538431361086e-02 2.021758754295028382e+00 -2.352231232730694205e-02 -6.566330426921467012e-02 9.975645499391130322e-01 1.005459008661014758e-01
6.472947471641813388e-01 -7.613352772293301429e-01 -3.712284929524728438e-02 4.401427872511715300e+00 7.616388523734226590e-01 6.440833782138138952e-01 7.115378039132534693e-02 2.083250773889367302e+00 -3.026167293713937986e-02 -7.433167262224228689e-02 9.967743142739109441e-01 6.011738546946081285e-02
6.404223678300371425e-01 -7.677698659092159206e-01 -1.971354318009214263e-02 4.516608927290533870e+00 7.666172663665141718e-01 6.374874084188220102e-01 7.686202583973025804e-02 2.195295925369482148e+00 -4.644521171985089431e-02 -6.433690316761403460e-02 9.968468313633239708e-01 7.201631986954126763e-02
6.352492509094302964e-01 -7.722971052809065595e-01 -3.945933823584053812e-03 4.580430380359818088e+00 7.705571634935305392e-01 6.334577645691029657e-01 7.051892154535079060e-02 2.295305799362759913e+00 -5.196197655798059922e-02 -4.783765966105908707e-02 9.975026372448048129e-01 9.748447797452865216e-02
6.418522558847350457e-01 -7.668042524094217383e-01 6.076191447349020558e-03 4.646839326071621201e+00 7.655786278905402087e-01 6.412383075736999283e-01 5.198843541841752236e-02 2.378877899671865137e+00 -4.376124007514702041e-02 -2.871709224216744891e-02 9.986292016961251239e-01 9.021828045615169767e-02
6.498243432917981677e-01 -7.598993030731353571e-01 1.677414839407028596e-02 4.725836925934766342e+00 7.588655143529294822e-01 6.498735679631713058e-01 4.227856180951788251e-02 2.484134600889583933e+00 -4.302852532038527883e-02 -1.474431591429313688e-02 9.989650400073930570e-01 1.197166735417526384e-01
6.740677384128732630e-01 -7.381318697407572849e-01 2.817848299621453917e-02 4.778433084555364196e+00 7.364609260219703302e-01 6.745108686250442798e-01 5.157899329717682835e-02 2.552861523655772569e+00 -5.707879180410382197e-02 -1.401538368015423433e-02 9.982712960645927502e-01 1.354293028702049373e-01
6.910913479021184580e-01 -7.222040709959601790e-01 2.853118805264330191e-02 4.899885296305948934e+00 7.198177375136153300e-01 6.912971872793745032e-01 6.301288455867937177e-02 2.670589592762509845e+00 -6.523169180400792411e-02 -2.301040409222913224e-02 9.976048053652805114e-01 1.206729044466402917e-01
6.824750774400651920e-01 -7.305423402786963560e-01 2.314428079034539301e-02 5.045841566654425847e+00 7.283485136163245777e-01 6.823914416846543762e-01 6.205129352745041016e-02 2.798482720108125044e+00 -6.112455632614219314e-02 -2.549135884303603203e-02 9.978045796839518644e-01 8.109286646879217131e-02
6.603310333275663746e-01 -7.507922080250557517e-01 1.655254643279581786e-02 5.100469085305777028e+00 7.490108629816196739e-01 6.600372355494736887e-01 5.773711824933883130e-02 2.849902888026835779e+00 -5.427387548423169561e-02 -2.572757386677008637e-02 9.981945894377769468e-01 5.013560598452463518e-02
6.403938614756303771e-01 -7.678752446229681894e-01 1.622685673653442850e-02 5.100126959154478890e+00 7.660738392674568686e-01 6.401196757418238237e-01 5.811775561909818255e-02 2.904503177326078767e+00 -5.501431608545234719e-02 -2.478728350181137741e-02 9.981778476815896806e-01 9.650774863403301096e-02
6.128520340751315576e-01 -7.901548251096535136e-01 8.230230003266593430e-03 5.205376422610296316e+00 7.880251735630339205e-01 6.119057533930765125e-01 6.773237627162964625e-02 3.018016816611512887e+00 -5.855518901791791769e-02 -3.502429614402255420e-02 9.976695788279262844e-01 1.403996564243475131e-01
5.939716945015278693e-01 -8.044554810054206362e-01 7.000372227329479391e-03 5.259727736710499535e+00 8.011091699968403423e-01 5.922525893089621851e-01 8.637689623854026555e-02 3.116584336677452605e+00 -7.363235618909262648e-02 -4.569736903988357024e-02 9.962379367324230017e-01 1.167551387344691743e-01
5.952818770099126411e-01 -8.035096160610143423e-01 3.432754147438633885e-03 5.340400029411369154e+00 7.997069542056843838e-01 5.928693923602461613e-01 9.473474018257645179e-02 3.209847423589257343e+00 -7.815544957725598096e-02 -5.364867659014542489e-02 9.954966324410660095e-01 8.666926413015377251e-02
6.017215091977048402e-01 -7.986554744923537452e-01 -8.981003965582278620e-03 5.453202458200799185e+00 7.960847459258930670e-01 5.987986025744692631e-01 8.768871568776177849e-02 3.321537026452707764e+00 -6.465526021092804498e-02 -5.991382660334847177e-02 9.961074393401552207e-01 9.720354820325366463e-02
6.131184362517803077e-01 -7.898396444894500990e-01 -1.546347700068876826e-02 5.498052589659982559e+00 7.886911332316078882e-01 6.108698893652159123e-01 6.931287491347623564e-02 3.433386489806477204e+00 -4.529988399558947110e-02 -5.469290867843994153e-02 9.974751156045337241e-01 1.138223498344020368e-01
6.368288043020625677e-01 -7.707666102623804694e-01 -1.918088933926193410e-02 5.606902308477374142e+00 7.704129522217522119e-01 6.351677044890406965e-01 5.500791055009061903e-02 3.481518477336831729e+00 -3.021517930063226734e-02 -4.980782748486854705e-02 9.983016694672348645e-01 1.190058642098214686e-01
6.521766086755866887e-01 -7.578802228888390502e-01 -1.682970143449635803e-02 5.683412371066991042e+00 7.575026177095225410e-01 6.506738231695831098e-01 5.304111617508575766e-02 3.577445295380136336e+00 -2.924816677386044700e-02 -4.734071815933593025e-02 9.984505000972890842e-01 1.277075230296345620e-01
6.804548014393523303e-01 -7.327309421390622024e-01 -9.307503969052763337e-03 5.746187719400082550e+00 7.315556182456184331e-01 6.785167938053486836e-01 6.664336379101026830e-02 3.639375293025597369e+00 -4.251635698649097045e-02 -5.215675369606635053e-02 9.977334475863205432e-01 1.482053830560024765e-01
6.864625593207136500e-01 -7.271627404384150006e-01 -1.871782292380021889e-03 5.870382673257728001e+00 7.250908012418181281e-01 6.843077630738113593e-01 7.724128009953458440e-02 3.770347652484546952e+00 -5.488610575868903274e-02 -5.438045894446669887e-02 9.970106725003675674e-01 9.554107915441177601e-02
6.844072523584933121e-01 -7.290988424335543838e-01 1.261301371096038709e-03 5.930470176250208780e+00 7.270349249900095456e-01 6.825979132229501589e-01 7.402909366218858589e-02 3.848688306613397891e+00 -5.483548817936227671e-02 -4.974903844020343857e-02 9.972552844735425026e-01 5.995565125796575856e-02
6.755558452512229195e-01 -7.373081452134736535e-01 -9.994742482374273373e-04 5.975880553599147049e+00 7.361932973101504851e-01 6.744585907659038648e-01 5.590204233907129783e-02 3.910474276165956997e+00 -4.054292715769269861e-02 -3.850075770602745528e-02 9.984357579301473828e-01 8.259537283171945743e-02
6.655424762454706933e-01 -7.463091481216019840e-01 -8.710209128138234405e-03 6.057331466397816833e+00 7.462068420405256752e-01 6.651242186808472567e-01 2.802003954491360388e-02 4.002323801619390942e+00 -1.511824080219834228e-02 -2.514814415023840233e-02 9.995694121174605318e-01 1.338841187250751630e-01
6.272876208739961434e-01 -7.786733680884083686e-01 -1.334265820951332712e-02 6.114544407060249043e+00 7.787875191663182761e-01 6.271846342977041022e-01 1.137692803996869818e-02 4.087479092440936768e+00 -4.906006656890003412e-04 -1.752770180911761636e-02 9.998462576717870309e-01 1.611096115078191338e-01
6.305754018326360510e-01 -7.761277504361245860e-01 -6.144970060789709670e-04 6.142862665402692990e+00 7.760005425577911620e-01 6.304573069511685279e-01 1.862101130159178261e-02 4.128317234836409000e+00 -1.406486948476797644e-02 -1.221880169414871729e-02 9.998264251016450999e-01 1.828590390319539405e-01
6.348823089712541945e-01 -7.725440198250881352e-01 1.000955482641024616e-02 6.264360758299878817e+00 7.719270568056233461e-01 6.348129645591801262e-01 3.378045291278845841e-02 4.265301610821199851e+00 -3.245108205802883783e-02 -1.371996574628048422e-02 9.993791521805845957e-01 1.536398662273650295e-01
6.466372996384729399e-01 -7.627888730005462081e-01 3.652114842179532417e-03 6.353781797211434323e+00 7.622450021351622196e-01 6.463436452103430430e-01 3.496353838175905726e-02 4.379890308910285412e+00 -2.903031925815444114e-02 -1.982492175931178935e-02 9.993819155062827475e-01 8.411130615277778722e-02
6.640112930343744502e-01 -7.477200153828302831e-01 -1.944561317694274566e-03 6.424474051353944226e+00 7.476240985428830310e-01 6.638794242045484850e-01 1.795320015425223154e-02 4.485459986784697151e+00 -1.213301284758719518e-02 -1.337492855073249554e-02 9.998369373480373579e-01 8.213976918370222147e-02
6.755786936938419363e-01 -7.372725705406708574e-01 -4.752405209303465529e-03 6.514003384426973575e+00 7.372470236871280225e-01 6.755950796807075331e-01 -6.173684126163078711e-03 4.591696232738952332e+00 7.762389541456774129e-03 6.671128613174783645e-04 9.999696496739473028e-01 1.226450761315774907e-01
6.977127658932624765e-01 -7.163714243833511075e-01 -2.979704103116558381e-03 6.565825131149042981e+00 7.163152662020596528e-01 6.977008789081253770e-01 -1.029188887919441422e-02 4.676324963903131682e+00 9.451757267614243133e-03 5.046374718341537467e-03 9.999425975458572369e-01 1.844065462933402455e-01
7.029084571649246715e-01 -7.112782645354137623e-01 1.712088057149873006e-03 6.702557388260676596e+00 7.112802326228896410e-01 7.029051022058702136e-01 -2.201811273305378461e-03 4.771880054524733517e+00 3.626650705147775816e-04 2.765446156647854373e-03 9.999961103832361031e-01 1.654369554423719690e-01
6.982818465758688919e-01 -7.157545447125970295e-01 9.894163221696691476e-03 6.765099635824637581e+00 7.157992044412677668e-01 6.983045295041671041e-01 -1.510958375354873665e-03 4.836834554714026346e+00 -5.827663669332528926e-03 8.137308967144617211e-03 9.999499100149619180e-01 1.102593140889961132e-01
6.923776493312852054e-01 -7.214910472556514964e-01 7.991209947633009375e-03 6.836510556591809618e+00 7.215328623921986040e-01 6.923040487030405199e-01 -1.026803961322874520e-02 4.920822230138178099e+00 1.875951653028576360e-03 1.287528171814049383e-02 9.999153503802579168e-01 1.301098660468104073e-01
6.859603431524368133e-01 -7.276347600020511841e-01 -2.462449785998627964e-03 6.880640895976190663e+00 7.276135945087662815e-01 6.859607725631833297e-01 -6.022922094242624119e-03 5.016100074907767770e+00 6.071631430156947465e-03 2.339773766459260496e-03 9.999788301511678412e-01 1.914535752617438913e-01
6.764507572921450995e-01 -7.364321232192527766e-01 -9.060951918354763143e-03 6.998886173588401149e+00 7.364049905515874794e-01 6.761388908248854301e-01 2.332145374564060722e-02 5.135617463488928003e+00 -1.104820571856770205e-02 -2.244834525921675025e-02 9.996869554743240682e-01 1.574521349937915149e-01
6.695228915760305100e-01 -7.426959188770929643e-01 -1.191090840286658688e-02 7.091331815633112434e+00 7.420266144673675068e-01 6.680200438674035457e-01 5.608675791565170821e-02 5.228211003292370762e+00 -3.369868065321846018e-02 -4.638957937622195660e-02 9.983548496639507164e-01 1.304535487619160605e-01
6.730802999569969192e-01 -7.393706200202828649e-01 -1.714631332449122886e-02 7.175995019949030329e+00 7.384071595774487351e-01 6.705426472863108556e-01 7.160603923573991003e-02 5.302306418426304901e+00 -4.144606729912081455e-02 -6.085757488668683962e-02 9.972856055736230019e-01 1.285721811942329151e-01
6.656911239031402250e-01 -7.457644276799685334e-01 -2.628204641467551603e-02 7.291844457998098328e+00 7.456227071111133364e-01 6.633214529460950137e-01 6.365083425829251573e-02 5.403771622807926001e+00 -3.003508276780877603e-02 -6.196828599090553613e-02 9.976260949546579271e-01 1.080897312680373090e-01
6.695739677576449944e-01 -7.423810680758683445e-01 -2.326051297407901591e-02 7.316625758387844236e+00 7.425218063340407459e-01 6.682757538465009528e-01 4.548498586703249302e-02 5.471574249507410670e+00 -1.822275554677438292e-02 -4.772700057015889785e-02 9.986941797151210887e-01 1.309714970410473245e-01
6.880211364873282109e-01 -7.254823233094879198e-01 -1.738718816120209468e-02 7.392069429681138004e+00 7.256511390844665454e-01 6.875361704972438037e-01 2.691539714366195796e-02 5.591428673968336760e+00 -7.572324088513521234e-03 -3.113539502644233764e-02 9.994864916968342339e-01 1.749884293959132753e-01
7.167551752472847149e-01 -6.970104268596315489e-01 -2.094000012388979801e-02 7.466500452013430156e+00 6.973178432894098222e-01 7.162895730050544696e-01 2.602062709549318731e-02 5.697463689786802732e+00 -3.137544651518182209e-03 -3.325225485874527126e-02 9.994420660350297192e-01 2.417038942448447303e-01
7.230654923150896529e-01 -6.902227830068889958e-01 -2.772730858489733802e-02 7.631037911205828195e+00 6.907126574964850274e-01 7.218545735123302887e-01 4.291852133374635114e-02 5.810233918627885963e+00 -9.608256724323105749e-03 -5.018450475552052592e-02 9.986937452919001368e-01 2.242742610811277459e-01
7.152584322862081123e-01 -6.983404815694561618e-01 -2.694340076560716030e-02 7.675629067039460907e+00 6.985479101740287300e-01 7.132552827254243777e-01 5.742576822100021322e-02 5.875084179371511617e+00 -2.088521570329169436e-02 -5.989552124837996955e-02 9.979861393323115060e-01 1.604076550485876995e-01
7.136852237965877199e-01 -7.000124925364584749e-01 -2.521728826240683327e-02 7.781275249605120514e+00 7.002627421703672139e-01 7.121466551438893067e-01 4.979190190591539084e-02 5.949373063975445852e+00 -1.689654587341836781e-02 -5.319447208371459040e-02 9.984412125294520601e-01 1.452565215164018098e-01
7.015975570379299198e-01 -7.120740901235572684e-01 -2.667129792710923319e-02 7.816731790332804408e+00 7.125046615407558681e-01 7.005183537106699498e-01 4.013905077584111608e-02 6.043593864534157589e+00 -9.898244344404963369e-03 -4.716488406855918331e-02 9.988380741990654510e-01 1.954819780563292753e-01
6.947426323340546439e-01 -7.183023412596669655e-01 -3.707318921309064874e-02 7.896207594132611973e+00 7.192408876228462145e-01 6.934423421664236420e-01 4.278158087594340769e-02 6.154205105225526218e+00 -5.021990546475368911e-03 -5.638674162979822463e-02 9.983963716777648489e-01 2.695233234505023390e-01
6.859060088418758028e-01 -7.265091672987863403e-01 -4.144124594450262350e-02 7.982431271355935110e+00 7.275417736830248616e-01 6.835032635552575897e-01 5.921364923284443138e-02 6.232189484201851926e+00 -1.469403214801257712e-02 -7.076523539236102833e-02 9.973847637091198814e-01 2.244968617370911579e-01
6.878447483238623317e-01 -7.251133774672187116e-01 -3.286627483249787707e-02 8.112878158023008268e+00 7.254180945148316351e-01 6.851471092280774222e-01 6.589405790266539276e-02 6.300142437281703423e+00 -2.526242968824074855e-02 -6.916667213688826310e-02 9.972852055012922934e-01 1.478726100257959919e-01
6.877031427755184723e-01 -7.256365236548382169e-01 -2.271613864185868456e-02 8.229661929739519266e+00 7.256596998982339786e-01 6.861051844444306935e-01 5.174626384656814265e-02 6.378945870353343039e+00 -2.196331851701204332e-02 -5.207025462387395581e-02 9.984018736075794820e-01 1.307740624070004021e-01
6.971784239424732021e-01 -7.166901275547931105e-01 -1.724836962102619872e-02 8.285396935287524300e+00 7.168859343334600398e-01 6.968276449147658980e-01 2.248978517868151922e-02 6.451038882226568738e+00 -4.099066226750071144e-03 -2.804450655717621171e-02 9.995982709609061434e-01 1.746264145282979685e-01
7.071151054351069165e-01 -7.069530345185751630e-01 -1.433996689243234243e-02 8.347446360133170984e+00 7.069523446374753606e-01 7.072358473771658272e-01 -5.986534580086307934e-03 6.551605721894897982e+00 1.437393742417229087e-02 -5.904504185840170165e-03 9.998792560870763957e-01 2.448204841442625512e-01
7.349391690809330413e-01 -6.779453534268985448e-01 -1.595354247512259169e-02 8.411246572680541433e+00 6.780784780444121251e-01 7.349750687770847390e-01 4.607156291390598554e-03 6.608307104077010941e+00 8.602055777631612693e-03 -1.420373341756860953e-02 9.998621197912246350e-01 2.536657441303737937e-01
