1.000000000000000000e+00 0.000000000000000000e+00 0.000000000000000000e+00 0.000000000000000000e+00 0.000000000000000000e+00 1.000000000000000000e+00 0.000000000000000000e+00 0.000000000000000000e+00 0.000000000000000000e+00 0.000000000000000000e+00 1.000000000000000000e+00 0.000000000000000000e+00
9.999989235062088921e-01 -1.439159285669849939e-03 -2.860191844796347344e-04 1.475655534309892880e-02 1.439320177654055104e-03 9.999988056292173910e-01 5.631141668545803667e-04 -4.683721251069812574e-02 2.852084318845565032e-04 -5.635252338490936768e-04 9.999998005477107599e-01 -1.266816690462630249e-02
9.999946995766362257e-01 -3.252054870307952324e-03 -1.579802317377755909e-04 1.276259661696947309e-02 3.252113448983346214e-03 9.999946426851087367e-01 3.719666607960112211e-04 -9.278372598450355946e-02 1.567697293970937115e-04 -3.724784588515396978e-04 9.999999183415214654e-01 -1.894129558562716864e-02
9.999951634843688986e-01 -3.082125576109848424e-03 -4.165450798110222020e-04 1.104852708819710309e-02 3.082286933955727479e-03 9.999951747465070095e-01 3.872866634708179226e-04 -9.930877929320397479e-02 4.153494037446511800e-04 -3.885687018097213914e-04 9.999998382496052551e-01 -2.054872912098396065e-02
9.999982488527648927e-01 -1.862286781031755219e-03 1.848765776485547724e-04 -1.921110310940208482e-02 1.862302978825417128e-03 9.999982620858660631e-01 -8.748064072408768708e-05 -6.689770987555210269e-02 -1.847133423081208186e-04 8.782478373387550509e-05 9.999999790838940417e-01 -1.488047386095651264e-03
9.999997105248137341e-01 -4.943552043653591955e-04 5.784144022081330865e-04 -5.537321053518778902e-02 4.944649056565497691e-04 9.999998597912158615e-01 -1.895310151225661210e-04 -1.800083124531669590e-02 -5.783206254656384892e-04 1.898169658808584624e-04 9.999998147573696539e-01 1.117323722203889327e-02
9.999978946861403095e-01 1.817681196616791669e-03 9.521860923858574757e-04 -9.409080826413294962e-02 -1.817729100020527150e-03 9.999983467066455578e-01 4.944587417048451264e-05 2.635128577929272617e-02 -9.520946413071886775e-04 -5.117658644016492207e-05 9.999995454482721868e-01 1.850300530132320542e-02
9.999990976924207908e-01 8.534729012627129824e-04 1.037399802871106667e-03 -5.618502944230453766e-02 -8.546218214114532485e-04 9.999990214639590258e-01 1.107561586003298366e-03 -4.318629315059191454e-03 -1.036453513937877395e-03 -1.108447171151146458e-03 9.999988485538281457e-01 2.189067573706514683e-02
9.999991262187325480e-01 -1.165514050933703742e-03 6.238098816606986756e-04 -5.421713075987487362e-02 1.164684447748166700e-03 9.999984391481270274e-01 1.328612602278630463e-03 -1.060863672531445895e-02 -6.253574246420798505e-04 -1.327884899694305263e-03 9.999989228243121309e-01 1.705482291562842104e-02
9.999974102595119430e-01 -2.195893582975548455e-03 5.979344793091785539e-04 -7.804389016448215477e-02 2.195496508327652880e-03 9.999973694953713244e-01 6.639257637710764375e-04 -6.626840541468732859e-03 -5.993908167640001755e-04 -6.626112813141128623e-04 9.999996008383896795e-01 1.658606597769459248e-02
9.999995255718517884e-01 -6.202409874198425979e-04 7.511039800052330328e-04 -6.898426898855811173e-02 6.198862445304602732e-04 9.999996962725655747e-01 4.724360489462710961e-04 -4.802497622565071733e-03 -7.513967760758394300e-04 -4.719702257838939100e-04 9.999996063234179999e-01 2.377746103894553056e-02
9.999998385696838854e-01 3.404090111766816095e-04 4.549530869442024541e-04 -3.658179955905953989e-02 -3.405421982856838723e-04 9.999998991777698798e-01 2.927037089861051281e-04 1.155638073970887553e-02 -4.548534020946738720e-04 -2.928585924591977025e-04 9.999998536711030006e-01 1.042509499035758694e-02
9.999999794978460255e-01 -1.470559369083613253e-04 1.392079702766093263e-04 -1.209700174066852263e-02 1.469955528437584817e-04 9.999998951571389405e-01 4.336796265559729772e-04 5.647086491064958608e-03 -1.392717308454486963e-04 -4.336591547120554257e-04 9.999998962715558326e-01 -2.010990149995180165e-03
9.999998221168071577e-01 -5.778563412116238069e-04 1.478120528887287566e-04 -1.089801912475509352e-02 5.778006119968687139e-04 9.999997620867939752e-01 3.767927921280922660e-04 3.667134920814828312e-03 -1.480297498265434005e-04 -3.767073192083676887e-04 9.999999180893910378e-01 -5.049249299448730147e-03
9.999998772235427769e-01 -4.917021550373232601e-04 6.149707343813434182e-05 -1.254255899342951626e-02 4.916838526041619967e-04 9.999998349368044437e-01 2.972765598711803051e-04 -6.300589215640492978e-03 -6.164323481236163151e-05 -2.972462862546255058e-04 9.999999539223773937e-01 -3.479268258505257769e-03
9.999999516818764977e-01 1.778116920394826538e-04 2.549887188563707973e-04 -1.523459141080639456e-02 -1.777990740796861209e-04 9.999999829683126062e-01 -4.950619908828615706e-05 -1.434649327437956604e-02 -2.549975172945090113e-04 4.946085993812608970e-05 9.999999662649441401e-01 4.063180608774872964e-03
9.999999934895785758e-01 -7.395962227924610458e-05 8.689543786432911887e-05 1.112942296451805910e-02 7.397601658426313539e-05 9.999999794638962936e-01 -1.886789761053337528e-04 -2.591331713340657567e-02 -8.688148145403059794e-05 1.886854030553066733e-04 9.999999784247132206e-01 8.388550227131624099e-04
9.999997813411406478e-01 -5.854483230849132297e-04 -3.075189944362045034e-04 3.925450705583911903e-02 5.854679716605074762e-04 9.999998265778990980e-01 6.380772527387796353e-05 -3.490171870937712473e-02 3.074815849798529345e-04 -6.398775384367318998e-05 9.999999506803198823e-01 -1.228967963257351741e-02
9.999998712700096659e-01 -2.655212492330445294e-04 -4.323868989539508736e-04 3.020411656545531759e-02 2.653863717265113309e-04 9.999999161240826773e-01 -3.119645835854087542e-04 -5.839746470667585981e-02 4.324696959130530909e-04 3.118497938359154615e-04 9.999998578598240373e-01 -3.124654731671514668e-02
9.999884481585026297e-01 4.801377425622649006e-03 -2.243309306807041766e-04 1.470631892846555044e-02 -4.801529080319787840e-03 9.999882410802950483e-01 -6.804554566558225883e-04 -7.005615124992002618e-02 2.210611693225739637e-04 6.815247276295198714e-04 9.999997433279695924e-01 -2.470950984329753353e-02
9.999822680775465322e-01 5.954555932018445324e-03 -8.242656282937818255e-05 -4.559832368106256188e-03 -5.954589485580093211e-03 9.999821859909362454e-01 -4.129949717917678485e-04 -7.074971276215932803e-02 7.996589282266438974e-05 4.134784649413106587e-04 9.999999113205035872e-01 -1.311293460172660227e-02
9.999841601427472693e-01 5.628242027872737419e-03 -4.853122699093579979e-05 -1.350573212169448901e-02 -5.628252750465139939e-03 9.999841362363333097e-01 -2.237110890392646765e-04 -7.383473432882332876e-02 4.727135694958839213e-05 2.239806914993436326e-04 9.999999737990339366e-01 -8.689488164639488227e-03
9.999887879469890883e-01 4.720567516247741770e-03 -3.744631306258872864e-04 2.359446391504358906e-02 -4.720548535208020889e-03 9.999888568196505512e-01 5.155633057926734875e-05 -7.680560957500846830e-02 3.747023330550779607e-04 -4.978808114419041176e-05 9.999999285596516962e-01 -1.770216459018616323e-02
9.999860025129911900e-01 5.276073914148815720e-03 -3.972683480655862191e-04 3.741967264626648582e-02 -5.276109369921782623e-03 9.999860773436664019e-01 -8.825385830977791667e-05 -6.699777866658261638e-02 3.967971831552526314e-04 9.034865423114493580e-05 9.999999171945546106e-01 -2.128108775953477250e-02
9.999799649962303194e-01 6.311021680303966798e-03 -4.905216494802088194e-04 5.901691514413626161e-02 -6.311189067252841352e-03 9.999800262946441087e-01 -3.404472357869840825e-04 -6.448271908811992192e-02 4.883632820592601845e-04 3.435361897967820492e-04 9.999998217420795754e-01 -2.731211013670744106e-02
9.999283244258461156e-01 1.196070824334781804e-02 -5.361615776110125733e-04 9.975303950213315618e-02 -1.196080591652460764e-02 9.999284509205318416e-01 -1.793362560711275647e-04 -7.345086674868028798e-02 5.339782271073671488e-04 1.857363266117100474e-04 9.999998401846221796e-01 -3.752192795987022156e-02
9.998273147992984278e-01 1.857275105380222849e-02 -6.272953994744045548e-04 1.082903696568359303e-01 -1.857294264314287777e-02 9.998274627190587571e-01 -3.009889428159426392e-04 -1.775511684895891840e-02 6.215969749269646552e-04 3.125876879546890595e-04 9.999997579530397473e-01 -5.073082059910329067e-02
9.998218567417118674e-01 1.884871733514267497e-02 -9.902708597919124885e-04 1.104715982203067215e-01 -1.884914207063940680e-02 9.998222503604780043e-01 -4.213398990619862216e-04 -1.392145021749585654e-03 9.821531228441182735e-04 4.399305963241524902e-04 9.999994209179892124e-01 -6.768074743323251874e-02
9.999413102054987013e-01 1.076646234975390734e-02 -1.208069940865126677e-03 1.009862392560844924e-01 -1.076665326615572696e-02 9.999420264105990386e-01 -1.516420494619637226e-04 -6.628569576992759949e-03 1.206367256298235529e-03 1.646400197958030947e-04 9.999992587855787152e-01 -7.255590365499392513e-02
9.999904918879015669e-01 -4.241245799103423447e-03 -1.013887500795818001e-03 1.027143977157452814e-01 4.241690176923142153e-03 9.999909087058814761e-01 4.365432719809638580e-04 1.393352887502387859e-02 1.012026795927928888e-03 -4.408397179312288422e-04 9.999993907308680763e-01 -5.569224489946957707e-02
9.996650685655477098e-01 -2.586898286867026636e-02 -7.391990119764916926e-04 1.516841395052792862e-01 2.586954318502676653e-02 9.996650394013081309e-01 7.587714932845024277e-04 4.614266724097124128e-02 7.193227626718754104e-04 -7.776400976224900766e-04 9.999994389251634086e-01 -3.031643965756632489e-02
9.986250630121850103e-01 -5.240925359847434933e-02 -1.119670112238831854e-03 2.198600494105118208e-01 5.241144208868205728e-02 9.986235249617764209e-01 2.023890091123664147e-03 5.168011217304079724e-02 1.012058345237150858e-03 -2.079790895024140069e-03 9.999973251002918229e-01 -3.450539203782192893e-02
9.980853613618798637e-01 -6.182803771658938047e-02 -1.704460982714252944e-03 2.665289410514798396e-01 6.183353950648255021e-02 9.980807184347698646e-01 3.390115165285866559e-03 8.657598402552015016e-03 1.491585473868599441e-03 -3.489017175314653059e-03 9.999928009400490536e-01 -6.931399755367437243e-02
9.974240429890116610e-01 -7.171233270797032489e-02 -1.618581179766034536e-03 2.978352755728893575e-01 7.171498065220986706e-02 9.974238145342152473e-01 1.641873950231489488e-03 -5.055624359498811504e-02 1.496668803471978663e-03 -1.753721071509183960e-03 9.999973422189161187e-01 -5.061834377034058613e-02
9.967934223235607183e-01 -8.000740631864128316e-02 -1.299286976543275471e-03 2.668084097221951612e-01 8.000650488724753151e-02 9.967940729628251839e-01 -7.316296254277851073e-04 -8.416709632660895890e-02 1.353657346012482202e-03 6.253321883647201254e-04 9.999988882851039707e-01 -1.655769184550028722e-02
9.967995927446092752e-01 -7.990309851849347611e-02 -2.463077612454769340e-03 2.952645671172922648e-01 7.989275041557999946e-02 9.967952500408625571e-01 -4.046965160224414923e-03 -1.899702157500267052e-01 2.778549120475225231e-03 3.837231178617268087e-03 9.999887775978623106e-01 -6.073766723944672152e-02
9.965440211969297524e-01 -8.280477380271485111e-02 -6.586596399840246967e-03 3.726387180018258527e-01 8.260529166861681205e-02 9.962352584038273173e-01 -2.629972816213222916e-02 -1.824570592757063792e-01 8.739542607934816520e-03 2.566474914236512375e-02 9.996324029594396698e-01 -9.888593633332302957e-02
9.962188224436608897e-01 -8.606979024298014314e-02 -1.183423070989950490e-02 3.989342590956361789e-01 8.526643693490054687e-02 9.947355859757261998e-01 -5.683967563203826123e-02 -6.747984657111923135e-02 1.666410937891238050e-02 5.561569203973008857e-02 9.983131784452961011e-01 -3.735258544322506147e-02
9.987855944429553379e-01 -4.777345422049442819e-02 -1.204298156913705641e-02 4.911813197312849821e-01 4.689543296353452378e-02 9.967892789581983548e-01 -6.489955100890718032e-02 -5.920974785525676132e-02 1.510479064386166699e-02 6.425597579865571785e-02 9.978191293384626182e-01 2.219058083330014558e-02
9.991901079495953963e-01 -3.944242831829541940e-02 -7.963857358851663196e-03 6.967724640923133039e-01 3.891797070853748874e-02 9.975704852128114419e-01 -5.777991509344263671e-02 -6.645777492308788115e-02 1.022348920894558012e-02 5.742318243211664425e-02 9.982975800770842456e-01 1.725826553600698365e-02
9.983950728465814661e-01 -5.634387203899298563e-02 -5.713720269913765207e-03 7.535734696853707559e-01 5.601347215996032441e-02 9.973179261891128577e-01 -4.711098638781232445e-02 -1.370225865780040631e-02 8.352811039080731623e-03 4.671533137526557439e-02 9.988733194766213908e-01 -4.277534121624033958e-02
9.983088766273456871e-01 -5.813200547017865344e-02 2.383003611048655108e-04 7.248766210237327368e-01 5.811326952534901641e-02 9.978649367844824036e-01 -2.980630539290594905e-02 -3.040710489847602005e-04 1.494908733376598036e-03 2.976974766631641095e-02 9.995556649690715556e-01 -2.698329630088808218e-02
9.978868738352839607e-01 -6.496004099189990610e-02 1.407160820497999803e-03 7.524322771613515259e-01 6.496500972480935554e-02 9.978801831411655554e-01 -3.832441207551682671e-03 -2.080236712442101038e-02 -1.155222359326013191e-03 3.915758992149292496e-03 9.999916661116811101e-01 -2.752084045543206486e-02
9.955692199841710277e-01 -9.401610728243880999e-02 -1.702877437246890164e-03 8.720865665162964575e-01 9.402736040592202249e-02 9.955323345971607285e-01 8.615466709454250999e-03 8.026657971376232464e-03 8.852769081908959132e-04 -8.737410542250086121e-03 9.999614362273236967e-01 6.720008870394608702e-02
9.854398293035974143e-01 -1.693721998632194692e-01 -1.487954083936512961e-02 9.386661564853147066e-01 1.695113843754389726e-01 9.854903287649555699e-01 8.643059519746093197e-03 1.070541431120255321e-01 1.319974958924938907e-02 -1.103946666435108755e-02 9.998519374320118391e-01 1.518378520434034706e-01
9.735534424482724658e-01 -2.264433378408335640e-01 -3.028381489542364760e-02 9.743065285222226590e-01 2.268206266675617810e-01 9.738890428444605396e-01 9.619539782916205692e-03 1.345331635541867910e-01 2.731479480524671641e-02 -1.623412994289061273e-02 9.994950500176299490e-01 1.228325348839067466e-01
9.635862063465009397e-01 -2.648840122928443064e-01 -3.657981643478713796e-02 1.138078663240810640e+00 2.658180467720427931e-01 9.637363238905845009e-01 2.351731328529084453e-02 1.054955946138325523e-01 2.902393751809849431e-02 -3.238453404801056035e-02 9.990539790248766927e-01 -2.920187201953042266e-03
9.579122053744661969e-01 -2.851357190878940906e-01 -3.319380205484229879e-02 1.353460249261143611e+00 2.861687610328755293e-01 9.576395975848808195e-01 3.215340334049553855e-02 1.150219388390406744e-01 2.261961545949607924e-02 -4.029916671219354457e-02 9.989315943340502102e-01 -1.407677410485264069e-01
9.532830591256994390e-01 -3.010478639293653336e-01 -2.493176302459637964e-02 1.443145122977214090e+00 3.015470631483242459e-01 9.532528448009301991e-01 1.945205864565902054e-02 1.477691218254545413e-01 1.791027332479475445e-02 -2.606141789120335756e-02 9.994998872470828299e-01 -1.312383995847692941e-01
9.498215622729864194e-01 -3.125716556512947997e-01 -1.174563428308092981e-02 1.380333468434484789e+00 3.124873686267847783e-01 9.498840691524673696e-01 -8.479364307454209312e-03 2.113881936819651530e-01 1.380739982804109374e-02 4.383520703615445546e-03 9.998950647224085220e-01 6.900006525624013953e-02
9.551521082870118029e-01 -2.953663137688410933e-01 -2.105209551287277880e-02 1.362394856304492974e+00 2.949864971970534433e-01 9.553049296449069860e-01 -1.937673521396278062e-02 2.340354452065427915e-01 2.583440547582587649e-02 1.229764557733558326e-02 9.995905918959846481e-01 2.263844488804033772e-01
9.606494032692518559e-01 -2.758909529595339749e-01 -3.220102596984301263e-02 1.604427926853654096e+00 2.759069890144055237e-01 9.611758807229263679e-01 -4.032335490936683406e-03 2.542814138254898548e-01 3.206333437799275404e-02 -5.010827435364314728e-03 9.994732783806569154e-01 1.941644998005594425e-01
9.557837636398731629e-01 -2.907360806669361253e-01 -4.415799543489206530e-02 1.897251414689192561e+00 2.918456252245288374e-01 9.562337001137184433e-01 2.105330862670009434e-02 3.053639158270399778e-01 3.610440692911334043e-02 -3.300972834265718941e-02 9.988026980515426478e-01 -4.132963683877477479e-02
9.460480174723331359e-01 -3.215856381262669483e-01 -3.969667476741369633e-02 1.999844849794437218e+00 3.228654601805183155e-01 9.459190019484208234e-01 3.154578221134513027e-02 3.498474755851406770e-01 2.740516847403536363e-02 -4.266050988707444092e-02 9.987136915237943002e-01 -1.818073994031196849e-01
9.238768427465364752e-01 -3.815663288838644362e-01 -2.930385808698520236e-02 2.002237761282809281e+00 3.823355682624228757e-01 9.236058278597103488e-01 2.778107242402938493e-02 3.731714873488240491e-01 1.646489229061978352e-02 -3.687019671319402558e-02 9.991844153689490859e-01 -8.678619843740700834e-02
8.988626416489491344e-01 -4.378676255080903301e-01 -1.782958159295017220e-02 1.983709234062608129e+00 4.381903761287684329e-01 8.985865965783039755e-01 2.305043856304822905e-02 4.096674259271052554e-01 5.928382241502227340e-03 -2.853192916238174101e-02 9.995753014667136949e-01 7.410166776885128426e-02
8.583717885047560392e-01 -5.129136024957813289e-01 -1.084016023617590842e-02 2.100211316875365775e+00 5.129822960179711844e-01 8.578209933269184129e-01 3.150091077650839233e-02 4.839810309600718341e-01 -6.858328606657719193e-03 -3.260030340991648679e-02 9.994449377260883338e-01 1.477532214580071779e-01
8.339109963704496309e-01 -5.518816978223128888e-01 -4.363684361320369076e-03 2.213912769499744027e+00 5.514319578213724427e-01 8.328541416581592971e-01 4.771555947632668410e-02 5.226423398667934261e-01 -2.269903138312210494e-02 -4.219680475595443542e-02 9.988514322173522864e-01 4.457784082594498654e-02
8.126862561333624280e-01 -5.826654495745369200e-01 6.482512170573795710e-03 2.319563836003009971e+00 5.814913347996588655e-01 8.116648711832070706e-01 5.538920869681070169e-02 5.770348972017362854e-01 -3.753500559277740678e-02 -4.124452399107858547e-02 9.984437954115892300e-01 8.185828958139879097e-03
8.095136947664653970e-01 -5.870683415434100327e-01 6.191957930746358127e-03 2.399574757604532316e+00 5.861012141714231349e-01 8.087054538661898606e-01 4.980818842181881922e-02 6.317535335092758775e-01 -3.424828072078343194e-02 -3.669129657766201369e-02 9.987396077172069342e-01 3.231570510234880317e-02
8.053628146591943482e-01 -5.927228765727629023e-01 -8.386200064965132137e-03 2.538426669191149010e+00 5.927092364348890419e-01 8.049611357856514271e-01 2.708008344604643722e-02 6.882145172284491741e-01 -9.300419828751063309e-03 -2.677987046240951421e-02 9.995980895985273618e-01 6.767231140837362546e-02
8.077890039579679327e-01 -5.885694410201740556e-01 -3.260273273506292951e-02 2.564211012131822010e+00 5.888967066223371738e-01 8.082081259699354092e-01 5.422596517226218465e-04 7.526473476847034272e-01 2.603063606520169757e-02 -1.963767331851843517e-02 9.994682425033204476e-01 6.178608189967488284e-02
8.331479054904691317e-01 -5.496045991537096276e-01 -6.163888517757645097e-02 2.672046764108902739e+00 5.494843888395396503e-01 8.352546604962830523e-01 -2.040976582120673094e-02 8.172028139654441414e-01 6.270146727535140518e-02 -1.686525150506180265e-02 9.978898182130074845e-01 1.079813904973953576e-01
8.338403464528141296e-01 -5.466814496685643565e-01 -7.648313026888940713e-02 2.901490944623658308e+00 5.474602897429974302e-01 8.367420083185728163e-01 -1.224919056569302028e-02 9.144193808268969992e-01 7.069305327940110517e-02 -3.165760735239359774e-02 9.969956309406563522e-01 1.882532250111252914e-01
8.341472142448138616e-01 -5.467089981038615321e-01 -7.285393853381207097e-02 2.990286516701360586e+00 5.483711846910603871e-01 8.362280626740038469e-01 3.416284093180111531e-03 9.616244973866199253e-01 5.905479462447996847e-02 -4.280068444259127469e-02 9.973367699243351758e-01 1.063609057226403559e-01
8.165867381365466970e-01 -5.722483713211511391e-01 -7.561680117410944646e-02 3.088942998925599870e+00 5.742630568045369310e-01 8.186476623720893020e-01 6.160071608570630991e-03 9.731571066744324483e-01 5.837842657201354479e-02 -4.845416816955523676e-02 9.971179232658354818e-01 1.292995153510206191e-02
7.939599677969386704e-01 -6.020718608098508673e-01 -8.448102720047716285e-02 3.047351330296959038e+00 6.039266115059575002e-01 7.970276113467316126e-01 -4.431102103962601679e-03 1.009633381471646940e+00 7.000155320288577177e-02 -4.750222280995970020e-02 9.964152354201015749e-01 1.163286553320478506e-02
7.700893602218156220e-01 -6.306222996945248793e-01 -9.632181684926612031e-02 3.124241637047763032e+00 6.327253199804715456e-01 7.743015026920274657e-01 -1.076347455416395288e-02 1.095944849330314330e+00 8.136981460446339465e-02 -5.265641515387236432e-02 9.952920451879329056e-01 1.315099952397113248e-01
7.458128904382212987e-01 -6.566975719954651902e-01 -1.118545099289544459e-01 3.209051226187771721e+00 6.609377466806644064e-01 7.504399174021424423e-01 1.106969806095557673e-03 1.182069587398578481e+00 8.321314480820644899e-02 -7.475446009922512292e-02 9.937239773832580170e-01 1.732055297650074710e-01
7.420468763543610624e-01 -6.607993407093607496e-01 -1.127415833258065686e-01 3.398639493872700701e+00 6.671475119813125021e-01 7.443994544274763481e-01 2.799374046496985041e-02 1.232951214368044113e+00 6.542652787577925289e-02 -9.598793448215120483e-02 9.932299259909409539e-01 9.549886615874864093e-02
7.238973353062349014e-01 -6.830789276968536328e-01 -9.682885144960183543e-02 3.552616531741495276e+00 6.888678728252852768e-01 7.233547165361713382e-01 4.710634621833725832e-02 1.322910761322636297e+00 3.786425393031121744e-02 -1.008024434296700411e-01 9.941856796760397685e-01 7.683471281106496464e-04
7.175371593316082208e-01 -6.922027379125950119e-01 -7.743251645551445239e-02 3.616389663977653601e+00 6.961077382671563285e-01 7.164925126451505699e-01 4.552467515560258693e-02 1.375337666175502127e+00 2.396751349035891598e-02 -8.656701998882783411e-02 9.959576845164372916e-01 -1.302975733673171488e-02
7.153031356992428647e-01 -6.957419722376706472e-01 -6.545633755158568323e-02 3.640589771686173481e+00 6.982509362382250950e-01 7.153445650365266584e-01 2.697745939010296606e-02 1.446914175176130524e+00 2.805448451269123775e-02 -6.500201027305962942e-02 9.974906939712210319e-01 5.816499103843493501e-02
7.147680279347394805e-01 -6.967924138979265658e-01 -5.989155346611105268e-02 3.721350348569962829e+00 6.984615196330853371e-01 7.155691097469925044e-01 1.059975319230525501e-02 1.529678812015325073e+00 3.547071798152084954e-02 -4.940831013298509211e-02 9.981486097048265504e-01 1.209826885882090142e-01
7.244646599284972899e-01 -6.865867248133578071e-01 -6.123418836526955955e-02 3.785814878954222529e+00 6.884350307222829590e-01 7.251619314373694003e-01 1.404925864354481316e-02 1.627204346786795819e+00 3.475866782683137424e-02 -5.233395173394160549e-02 9.980245450422616793e-01 1.659227945359520451e-01
7.315834642025584866e-01 -6.795751923678252648e-01 -5.443521675916459385e-02 3.998079564383422824e+00 6.815301825572710470e-01 7.310466551076180153e-01 3.297572318261503960e-02 1.706459377069504235e+00 1.738519970655166141e-02 -6.122373701594018697e-02 9.979726493531605458e-01 1.235816940611619008e-01
7.187294092719939131e-01 -6.945125403870038294e-01 -3.286894419845420162e-02 4.105907255124627397e+00 6.951652758042909941e-01 7.169021759470171062e-01 5.288203322846267429e-02 1.786552767733109892e+00 -1.316341762137665516e-02 -6.085722116250918967e-02 9.980596791118768740e-01 4.377349642967350712e-02
7.100163682089071226e-01 -7.040339453228039446e-01 -1.459317335744967324e-02 4.122186907680600143e+00 7.034998406885852873e-01 7.082589614061486349e-01 5.879810999529379301e-02 1.840581857615495975e+00 -3.106011955174370343e-02 -5.201391564851309823e-02 9.981632239029550879e-01 4.427756421557443173e-02
6.922524933874953934e-01 -7.215048189230148790e-01 -1.474047725357431789e-02 4.167467513893877040e+00 7.209751153314032379e-01 6.905689754442634332e-01 5.752715208256065083e-02 1.944202922557673352e+00 -3.132680117192437885e-02 -5.045083175456993585e-02 9.982351151425232771e-01 1.107197980418945238e-01
6.648309223066983797e-01 -7.463096723760943574e-01 -3.196431858668988268e-02 4.338886912845211441e+00 7.466758326709631577e-01 6.626906502375329300e-01 5.758735097987689733e-02 2.050129323849076979e+00 -2.179554197418591063e-02 -6.215283586162773100e-02 9.978286322532586849e-01 1.222663360306642799e-01
6.488069738232757899e-01 -7.600951670218093481e-01 -3.612267692697777866e-02 4.398075015451695435e+00 7.603798578668591324e-01 6.457452723119636584e-01 6.953786764866382031e-02 2.110890319820468708e+00 -2.952934927590325498e-02 -7.258360942275887684e-02 9.969250910547422517e-01 9.126582688717663205e-02
6.407550687119519806e-01 -7.674992144830614649e-01 -1.943959073194051479e-02 4.504456678447020579e+00 7.661860846107677592e-01 6.376357521723650112e-01 7.987196817659919512e-02 2.180479988976911088e+00 -4.890629477647213952e-02 -6.607271236649692181e-02 9.966155582830176218e-01 8.383761296739195013e-02
6.355935123312930202e-01 -7.720093227848652262e-01 -4.742638044846533146e-03 4.576445573318205895e+00 7.702008947833196562e-01 6.336587927071533066e-01 7.257489993025741104e-02 2.277838487223904362e+00 -5.302328504859289693e-02 -4.978091961953864247e-02 9.973516888663139790e-01 8.940478120783137972e-02
6.430635948199970864e-01 -7.657619315592932852e-01 8.824805480175092198e-03 4.647726477212452245e+00 7.645095722901432689e-01 6.425986315760165990e-01 5.091279380836534474e-02 2.381716861534216800e+00 -4.465788725325891412e-02 -2.599351594554434250e-02 9.986641128201533268e-01 1.091450969248765612e-01
6.502220682941296515e-01 -7.594557669819831380e-01 2.093322481396604762e-02 4.723694181474956899e+00 7.586209209859552383e-01 6.505119493977860046e-01 3.644862045555961882e-02 2.514196262361404699e+00 -4.129842788442738416e-02 -7.819315091504725965e-03 9.991162585834415522e-01 1.362036652016711258e-01
6.738864482727083827e-01 -7.382331917650709618e-01 2.981290678129976113e-02 4.781294733067912972e+00 7.366637055723416205e-01 6.744500889741298355e-01 4.943341355009565896e-02 2.575031130834873228e+00 -5.660070429615488008e-02 -1.135042109987487516e-02 9.983323736181426433e-01 1.345690006083180845e-01
6.918937241064881949e-01 -7.214983383859289168e-01 2.689279175538828240e-02 4.903659390308495070e+00 7.190810106925010770e-01 6.919644822314705568e-01 6.409099306130319751e-02 2.683037952707430840e+00 -6.485040172201037012e-02 -2.500605999506059704e-02 9.975816369400638539e-01 1.031965752118138013e-01
6.827571493574935424e-01 -7.303104000789697459e-01 2.212226339515119267e-02 5.042999453152920530e+00 7.278997623936476202e-01 6.825020179752809835e-01 6.597674868421969652e-02 2.771210887136027701e+00 -6.328199513685350830e-02 -2.894330658657337171e-02 9.975758989146313871e-01 5.294581651330342725e-02
6.609938513709909813e-01 -7.501769658620597303e-01 1.793455713806291901e-02 5.093965928623914508e+00 7.482900717533448320e-01 6.607419949428372519e-01 5.900834376877477083e-02 2.845084177420245553e+00 -5.611681535082482103e-02 -2.558390136304029838e-02 9.980963716124449103e-01 6.047834222498408435e-02
6.414829549591103408e-01 -7.669121292921058375e-01 1.858505963337739667e-02 5.091541578536544321e+00 7.652811789032240020e-01 6.414273034249355909e-01 5.399751510493013690e-02 2.954910330524130657e+00 -5.333231397023351084e-02 -2.041568920374200319e-02 9.983681004123261538e-01 1.118634106241343518e-01
6.129961635316745205e-01 -7.899677324461704675e-01 1.366327886359101906e-02 5.190448694556129006e+00 7.879647411251975431e-01 6.125253749352719268e-01 6.264368925841819202e-02 3.054241401533031475e+00 -5.785559816430140001e-02 -2.763415919220984715e-02 9.979424246953280120e-01 1.404305111208858370e-01
5.942639211157136891e-01 -8.042206392435636841e-01 8.919387582703865169e-03 5.259158285867739480e+00 8.008356494282723448e-01 5.927136570551234662e-01 8.574837225941243923e-02 3.115532103911160089e+00 -7.424725358539621678e-02 -4.381420038087120716e-02 9.962768998526517761e-01 1.153277617267763205e-01
5.959483829809069100e-01 -8.030187056111592891e-01 2.546224856628490074e-03 5.347305218139167593e+00 7.990385352377527006e-01 5.933040621025937877e-01 9.760998462077519200e-02 3.190885331691759141e+00 -7.989332905536433715e-02 -5.613598071771577769e-02 9.952214867261013342e-01 9.529664961657415001e-02
6.028556439908541176e-01 -7.977702365609630197e-01 -1.130142317753775327e-02 5.460735292748479353e+00 7.950225138029601846e-01 5.994671904888646541e-01 9.261905891234857580e-02 3.273468922106762768e+00 -6.711389613779379648e-02 -6.482080827058785133e-02 9.956374780814315484e-01 8.271334946714656300e-02
6.134749493743257842e-01 -7.894918409698579165e-01 -1.873818380187719859e-02 5.526687036003787412e+00 7.884935623204303301e-01 6.110355403283943554e-01 7.009615278190857446e-02 3.407106426279741918e+00 -4.389064444054063818e-02 -5.777717107657349971e-02 9.973642312781135777e-01 8.747086020280207819e-02
6.370803743295005983e-01 -7.705431667178653798e-01 -1.979456664307786481e-02 5.615630891865821539e+00 7.702829054928964636e-01 6.355070613934817869e-01 5.286795271658391998e-02 3.489093268812997639e+00 -2.815745282522709100e-02 -4.892855141351842158e-02 9.984053058287349902e-01 1.227001886547643000e-01
6.529195158429217383e-01 -7.573296683199689516e-01 -1.216056387715238121e-02 5.667499774493330200e+00 7.566595352372241789e-01 6.514509173624285499e-01 5.548017666012071414e-02 3.581252313436003920e+00 -3.409477329492717479e-02 -4.542549669531448231e-02 9.983857324120529730e-01 1.409106605048822680e-01
6.801322145506409900e-01 -7.330866279433599919e-01 -2.041240082456579480e-03 5.711860957108692460e+00 7.316080226428559596e-01 6.785782253730247016e-01 6.543159217233500413e-02 3.662259940230725874e+00 -4.658188419386855017e-02 -4.599552130620999935e-02 9.978549694643601420e-01 1.854382748120547986e-01
6.871458105925862814e-01 -7.265134891567951447e-01 2.963959898014838223e-03 5.845250248479196387e+00 7.244245748297036824e-01 6.854682776490435003e-01 7.309087302568562095e-02 3.780637084577444185e+00 -5.513320567372020226e-02 -4.807692180322284403e-02 9.973208807711116952e-01 1.432137878599091252e-01
6.838503933019755010e-01 -7.296154459766710509e-01 3.152867424567003252e-03 5.925132117778201035e+00 7.275858588757961876e-01 6.822580056118532355e-01 7.171353946436090365e-02 3.841591842366024689e+00 -5.447437511989895037e-02 -4.674735041475484160e-02 9.974202863810704978e-01 8.494761647463712484e-02
6.752437231642731685e-01 -7.375946417962303547e-01 -2.423236291244704188e-04 5.975705627098418127e+00 7.364265439128540036e-01 6.741558126341338220e-01 5.647907322345179643e-02 3.910470504407732140e+00 -4.149529790012212310e-02 -3.831559323697576042e-02 9.984037537825459774e-01 8.105436506768053107e-02
6.658109075913833941e-01 -7.460666699949145553e-01 -8.964332381034813280e-03 6.061068547495030323e+00 7.459635306158831636e-01 6.653763120511959617e-01 2.850919767787139097e-02 4.010311139960562876e+00 -1.530510775606219731e-02 -2.566879981317672643e-02 9.995533334408556181e-01 1.211478287749469113e-01
6.285486742352923706e-01 -7.776581005908129729e-01 -1.320767589492370317e-02 6.120556310188863591e+00 7.777700661424440387e-01 6.284696144258066219e-01 9.983384008248240293e-03 4.112559963142659036e+00 5.369635318206982671e-04 -1.654757773714902319e-02 9.998629352772301360e-01 1.721475097083626782e-01
6.312574621422362142e-01 -7.755726826938200702e-01 1.015061010164143226e-03 6.127220395690533117e+00 7.754272099958052777e-01 6.311633830537638490e-01 1.858563666516102955e-02 4.144023611946321850e+00 -1.505518142915273326e-02 -1.094521590646014425e-02 9.998267568738578026e-01 2.087440086101788328e-01
6.347505523758502077e-01 -7.726520610197183947e-01 1.002640815719417662e-02 6.284928332059668499e+00 7.720522656783425086e-01 6.346891632496872715e-01 3.324101554330183977e-02 4.260986322850339292e+00 -3.204739177361006636e-02 -1.335884184326749206e-02 9.993970712510195087e-01 1.589312176567190260e-01
6.470434413897265813e-01 -7.624325518888857012e-01 5.602568584238234659e-03 6.362979682418131944e+00 7.618616701955733816e-01 6.468134247471104548e-01 3.462930917193664943e-02 4.384066796909739772e+00 -3.002632913546055687e-02 -1.813828512058572595e-02 9.993845216789848385e-01 9.575639970979260562e-02
6.642329984906838458e-01 -7.475250613523420906e-01 -8.979789821696067265e-04 6.439397936806241951e+00 7.474077555555163066e-01 6.641064754732677322e-01 1.855360261349463941e-02 4.471840153575157295e+00 -1.327292927506182330e-02 -1.299507155236554606e-02 9.998274638475420639e-01 7.459472379958256849e-02
6.774613705085590354e-01 -7.355431464588815249e-01 -4.729816701860487665e-03 6.507341298073368918e+00 7.355563493959453858e-01 6.774605293232458525e-01 2.021898211464586564e-03 4.543535317461398826e+00 1.717070754164088178e-03 -4.848804639900073862e-03 9.999867702932820901e-01 1.084382687523584021e-01
6.994907381082731135e-01 -7.146343144264331038e-01 -3.240979019600533605e-03 6.572403014447966818e+00 7.146136824401481125e-01 6.994962888092461917e-01 -5.676866338308952931e-03 4.654316876446883633e+00 6.323936280087116314e-03 1.654867473217741438e-03 9.999786343935411770e-01 1.544733848116242592e-01
7.039818109598525719e-01 -7.102121873145688102e-01 2.873817590302325115e-03 6.708780069512783051e+00 7.102178858242831350e-01 7.039736221806642824e-01 -3.419638741283687663e-03 4.782794172976424285e+00 4.055773317410899578e-04 4.448400127146514595e-03 9.999900235719038077e-01 1.499364846566961507e-01
6.991399383538068335e-01 -7.149140684503445531e-01 1.006088119457825697e-02 6.777647620865579370e+00 7.149639114208821145e-01 6.991579477581464364e-01 -2.183907591923043689e-03 4.833874706472506055e+00 -5.472838786978564615e-03 8.720023990403955386e-03 9.999470032042790946e-01 1.039249503954867426e-01
6.931855759053420218e-01 -7.207139989179220940e-01 8.067782874922699299e-03 6.843983212000503080e+00 7.207553975232319221e-01 6.931024003012947743e-01 -1.098724886910613235e-02 4.919046348644562805e+00 2.326864393841294315e-03 1.343110048809268570e-02 9.999070913048728748e-01 1.395035335165749069e-01
6.883317981879939484e-01 -7.253958003487904760e-01 -5.181115911022239444e-04 6.880587029626970441e+00 7.253794720510268190e-01 6.883207724106996661e-01 -6.255860844969105342e-03 5.042228423841487839e+00 4.894602155089442658e-03 3.930280432214199732e-03 9.999802976886432715e-01 1.945345710911943471e-01
6.777892779746981233e-01 -7.352286933029837934e-01 -6.361069605380574241e-03 6.997252003507253626e+00 7.351418390950509307e-01 6.775058929041332112e-01 2.349981898056934665e-02 5.126648139811919691e+00 -1.296807905912194213e-02 -2.060421374768731106e-02 9.997036037253022034e-01 1.557161037473528964e-01
6.696441606819065750e-01 -7.426183182481125300e-01 -9.733009142603863545e-03 7.074670611547629662e+00 7.419242368910363705e-01 6.683114915114061194e-01 5.392751642207341267e-02 5.222490906360037322e+00 -3.354287969566988048e-02 -4.333340185289893953e-02 9.984974168747643430e-01 1.306539504397763174e-01
6.740158105435651859e-01 -7.385329937136466683e-01 -1.648345636266207101e-02 7.179003725805424452e+00 7.375691915375481855e-01 6.715576913748368959e-01 7.072449964437219072e-02 5.297823198792815269e+00 -4.116278455047070461e-02 -5.982712053624272830e-02 9.973596847759556017e-01 1.287323025750242989e-01
6.669847241730112453e-01 -7.445943758038254812e-01 -2.665695483665642476e-02 7.303443975167627222e+00 7.444540378504819200e-01 6.645492559396444232e-01 6.451722218274795473e-02 5.409427942617608842e+00 -3.032430127744320178e-02 -6.287687930691583660e-02 9.975604918002007881e-01 1.023541201815977852e-01
6.707753396627735842e-01 -7.413344964950511207e-01 -2.199108925723667826e-02 7.313295095935158585e+00 7.414589596858477405e-01 6.696067463092312266e-01 4.319046652613607595e-02 5.490912344221332120e+00 -1.729320103020530117e-02 -4.527659001729190946e-02 9.988247972465116309e-01 1.343861368371681020e-01
6.880884329632652729e-01 -7.254643085614892462e-01 -1.535725970211871891e-02 7.374683444959641676e+00 7.255763278510604097e-01 6.876367113391689267e-01 2.635802877346664352e-02 5.598459712229551855e+00 -8.561593562440353994e-03 -2.927951881525368838e-02 9.995345961464359164e-01 1.867848364071339473e-01
7.170946113655636278e-01 -6.967330924227133071e-01 -1.839337580636214720e-02 7.448522617646259114e+00 6.969480878269431745e-01 7.165808261050198302e-01 2.784389579450044852e-02 5.692378023267662179e+00 -6.219423191815008287e-03 -3.278593573058700278e-02 9.994430454975565814e-01 2.441772320313413402e-01
7.246580188216527052e-01 -6.885896954275355641e-01 -2.673924285560783445e-02 7.646719301262857371e+00 6.889914938758135987e-01 7.232736163876690716e-01 4.654027507737504288e-02 5.791090835963886185e+00 -1.270736496099976812e-02 -5.214889441317875629e-02 9.985584688375693796e-01 2.267279802757581897e-01
7.168156082285610520e-01 -6.966358903080595022e-01 -2.956044882296586171e-02 7.705380445404665934e+00 6.970173232489872417e-01 7.147942142603832538e-01 5.688657443279543369e-02 5.868175714804375609e+00 -1.849959163696999684e-02 -6.138132936470591661e-02 9.979429329950119110e-01 1.421508242580307724e-01
7.131797617129522759e-01 -7.004577944589130967e-01 -2.708330970933477480e-02 7.773132126265640096e+00 7.008367600597028568e-01 7.117161625115331347e-01 4.783241337080595956e-02 5.956474463768124394e+00 -1.422895751892267954e-02 -5.309408819833050241e-02 9.984881344143817783e-01 1.481135633484417236e-01
7.014958081590991767e-01 -7.122155632955782245e-01 -2.554647793287215946e-02 7.802167471284774614e+00 7.125827459382050311e-01 7.003833291430394681e-01 4.109771830260607051e-02 6.054471752587652134e+00 -1.137810732854937883e-02 -4.703385650863745049e-02 9.988284912914453528e-01 1.924180573204822831e-01
6.961582795888623387e-01 -7.169904337461988630e-01 -3.589383897430179632e-02 7.903432604997657762e+00 7.178300952135517887e-01 6.945943419156639376e-01 4.752530467497151356e-02 6.127641944990063649e+00 -9.143531351646106212e-03 -5.885081218796764380e-02 9.982249134034063554e-01 2.416742403373840775e-01
6.871977823865422774e-01 -7.252578089704975195e-01 -4.195614865942480509e-02 8.011199335248646136e+00 7.263075502843758802e-01 6.846742942679762134e-01 6.081490909766831821e-02 6.213496406402764904e+00 -1.538019125132092380e-02 -7.226493822015075952e-02 9.972668792359999923e-01 2.143284204440477902e-01
6.883134314364199868e-01 -7.247331985135270216e-01 -3.140718192664689740e-02 8.117429317187742299e+00 7.249089547705918068e-01 6.855754261722882825e-01 6.703239755590875704e-02 6.293782590239637820e+00 -2.704861175049254329e-02 -6.890664700185328284e-02 9.972563595191223929e-01 1.592190074141955347e-01
6.878830249964678067e-01 -7.255525394668674855e-01 -1.975996950626668705e-02 8.205510630298542551e+00 7.254373283707699072e-01 6.863783204051898679e-01 5.123947583680426437e-02 6.382546006604504107e+00 -2.361411713337542920e-02 -4.958138512516831881e-02 9.984908911557885958e-01 1.513291784909298054e-01
6.978303120098439116e-01 -7.160969034767050712e-01 -1.542985649053001639e-02 8.270719629323906474e+00 7.162481256469970248e-01 6.975143851721786747e-01 2.150127868386084856e-02 6.452768937196639243e+00 -4.634452223015448832e-03 -2.605584980291349856e-02 9.996497459328644863e-01 1.975706707475364532e-01
7.072696380965604046e-01 -7.068259368049800706e-01 -1.291332979997129003e-02 8.355833474124587212e+00 7.068230361593981215e-01 7.073684870333921682e-01 -5.569479912867176391e-03 6.550264405889937969e+00 1.307113542009776842e-02 -5.188314933783709504e-03 9.999011085137256005e-01 2.499416012475705329e-01
7.366393922015190832e-01 -6.761007166787984524e-01 -1.581855756356836257e-02 8.427164128201743765e+00 6.762349183476172865e-01 7.366692662345508680e-01 4.972664561362204888e-03 6.603175462389575756e+00 8.291023119502662769e-03 -1.436012158248062276e-02 9.998625134706112805e-01 2.522016054921188966e-01
