1.000000000000000000e+00 0.000000000000000000e+00 0.000000000000000000e+00 0.000000000000000000e+00 0.000000000000000000e+00 1.000000000000000000e+00 0.000000000000000000e+00 0.000000000000000000e+00 0.000000000000000000e+00 0.000000000000000000e+00 1.000000000000000000e+00 0.000000000000000000e+00
9.999985926858503404e-01 -1.651841808864998665e-03 -2.933342075690406983e-04 1.258288226721084382e-02 1.652017846521919818e-03 9.999984548758449332e-01 6.009017869758114883e-04 -4.789372804463137845e-02 2.923411596365226950e-04 -6.013855346641234839e-04 9.999997764360175623e-01 -1.379158619960983365e-02
9.999940972721348409e-01 -3.431789579866925503e-03 -1.680510861650531818e-04 1.304535188536551545e-02 3.431847874331080649e-03 9.999940506979935195e-01 3.478344237199132048e-04 -9.604720649792468368e-02 1.668563918275480580e-04 -3.484090963108024772e-04 9.999999253850202496e-01 -1.904521498829200854e-02
9.999944533303306571e-01 -3.315705142432034003e-03 -3.152903130688619300e-04 1.232104046367638213e-02 3.315843091331999431e-03 9.999944066466422976e-01 4.380182911736903899e-04 -1.062592032037960876e-01 3.138362100382068335e-04 -4.390613148372734696e-04 9.999998543659869288e-01 -1.890675673984258329e-02
9.999984009390869844e-01 -1.774409259405112854e-03 2.226904782258348791e-04 -2.343481562049920183e-02 1.774424568257641386e-03 9.999984233568178782e-01 -6.856624468622131083e-05 -6.394274771509020350e-02 -2.225684625429567908e-04 6.896128250030044804e-05 9.999999728538101484e-01 -1.206766316274164585e-03
9.999996872110108459e-01 -6.069272269992966908e-04 5.071658718844147774e-04 -5.981866569231195085e-02 6.070063749913001596e-04 9.999998036160832049e-01 -1.559200297632195697e-04 -1.676524177113240810e-02 -5.070711401738964676e-04 1.562278339105629109e-04 9.999998592358514404e-01 1.120257697274036450e-02
9.999982656232577760e-01 1.543322434349069265e-03 1.042548003690801917e-03 -9.408838008052593238e-02 -1.543355940808905117e-03 9.999988085345609123e-01 3.133526169854914019e-05 2.351985759547303018e-02 -1.042498401118521420e-03 -3.294423000647469699e-05 9.999994560557327050e-01 2.096942221618052632e-02
9.999990538441878574e-01 8.092768161744474118e-04 1.112376628600394816e-03 -5.480424530894592583e-02 -8.103862713616070837e-04 9.999991743479379469e-01 9.972850813548663016e-04 8.289749634234483411e-04 -1.111568630468880506e-03 -9.981855925161916675e-04 9.999988840197285844e-01 2.425527275119914589e-02
9.999989709417628214e-01 -1.237621658920119152e-03 7.255398298697615395e-04 -5.137756240256916018e-02 1.236832217022584791e-03 9.999986437765814307e-01 1.087516006639994938e-03 -6.428779130680843668e-03 -7.268847792398932216e-04 -1.086617516486374077e-03 9.999991454500801735e-01 2.069625565280851925e-02
9.999969973523665789e-01 -2.363393027969095013e-03 6.478114280058005960e-04 -7.681176497049516105e-02 2.362988436671530426e-03 9.999970130717183991e-01 6.246065077475733592e-04 -9.011157908331686450e-03 -6.492856837051598582e-04 -6.230738613607997734e-04 9.999995951034501562e-01 1.821469103491924618e-02
9.999992987380507126e-01 -7.820737816923836652e-04 8.893165953947399340e-04 -7.300191658822696716e-02 7.815511266462036276e-04 9.999995217756748600e-01 5.878998708082605867e-04 -1.016322244388442701e-02 -8.897759511771306416e-04 -5.872044121493752000e-04 9.999994317447060688e-01 2.720694972730327427e-02
9.999998838535600898e-01 8.173426530225107493e-05 4.749867115211088456e-04 -3.517510944767050785e-02 -8.195687278463681207e-05 9.999998868204886815e-01 4.686598774901816044e-04 3.871479725546380507e-03 -4.749483521915817187e-04 -4.686987514824958369e-04 9.999997773727468120e-01 1.113071694224527369e-02
9.999999867228857031e-01 -1.528565020278499433e-04 5.647227892965585235e-05 -1.033982939370855364e-02 1.528298676836386942e-04 9.999998772411033965e-01 4.713393785383436637e-04 6.369431590692458539e-03 -5.654431928585255772e-05 -4.713307416294002005e-04 9.999998873250296461e-01 -4.279422908967100113e-03
9.999997224881302937e-01 -7.367661277135426762e-04 1.104506016887997374e-04 -1.004350040720954421e-02 7.367331956675366930e-04 9.999996842381684292e-01 2.979056255696819404e-04 4.517203352919462768e-03 -1.106700535868905224e-04 -2.978241702725891869e-04 9.999999495264501048e-01 -5.940226464997710315e-03
9.999997071259365544e-01 -7.650888619573527468e-04 1.967420903604881428e-05 -9.212272409719092503e-03 7.650846414889647803e-04 9.999996845021066338e-01 2.136379614491029774e-04 -6.100719361605817445e-03 -1.983765485367329490e-05 -2.136228464449181803e-04 9.999999769858731735e-01 -3.890221385652330079e-03
9.999999651835381753e-01 7.328608529795916900e-05 2.534996491152258918e-04 -1.405336226589889818e-02 -7.326993783090648602e-05 9.999999952864745412e-01 -6.370688351333122427e-05 -1.502195569293806113e-02 -2.535043167484480990e-04 6.368830739175211186e-05 9.999999658396798718e-01 4.882933500385242681e-03
9.999999276234389223e-01 -3.656951176170211313e-04 1.049771299071756959e-04 1.357233809108397693e-02 3.657067952676379147e-04 9.999999269418409220e-01 -1.112423157217186831e-04 -3.339237637739828068e-02 -1.049364414660079823e-04 1.112806985201371640e-04 9.999999883024746072e-01 1.687987181536189027e-03
9.999996412750520314e-01 -8.094664958344831773e-04 -2.494268616239726029e-04 3.843176846651796125e-02 8.094981237313630127e-04 9.999996643264161822e-01 1.267274343327776511e-04 -3.870251258600763272e-02 2.493241962857686042e-04 -1.269292994489781910e-04 9.999999608631983117e-01 -1.055995834706161852e-02
9.999998143635875358e-01 -4.735178927068121315e-04 -3.834756782169976828e-04 2.927022803605602158e-02 4.733928319536078897e-04 9.999998347628611395e-01 -3.261494705244219667e-04 -5.929356498903118333e-02 3.836300524625639000e-04 3.259678753419078764e-04 9.999998732864555651e-01 -2.831128376123597662e-02
9.999888788580484356e-01 4.714212353933017186e-03 -1.355068459624493430e-04 1.119869396576524817e-02 -4.714289762328401773e-03 9.999887213674328867e-01 -5.767234722686234195e-04 -7.113588587415552167e-02 1.327865207127515077e-04 5.773558769816677233e-04 9.999998245139501973e-01 -1.980448789195903350e-02
9.999816809823465213e-01 6.052393835842684658e-03 -7.892133002528272203e-05 -9.968342540344841615e-03 -6.052431247052408522e-03 9.999815673504713898e-01 -4.827372934056524856e-04 -6.633044126828510634e-02 7.599815907712626796e-05 4.832061160565565851e-04 9.999998803680574255e-01 -1.386760566068292143e-02
9.999848287110345568e-01 5.508347195518879975e-03 2.142280447911738855e-05 -1.265693572975891412e-02 -5.508342560728304339e-03 9.999848067678202002e-01 -2.107030114480896467e-04 -7.780991014231504466e-02 -2.258310433967245819e-05 2.105818106661346120e-04 9.999999775726519102e-01 -7.027187133766443078e-03
9.999901328642624154e-01 4.437559043774020641e-03 -2.055330821338804384e-04 2.390073061023510054e-02 -4.437550278877149847e-03 9.999901530972890029e-01 4.308112127257101540e-05 -8.430978544151565557e-02 2.057222332889358104e-04 -4.216863279935801186e-05 9.999999779500843289e-01 -1.258468008621469597e-02
9.999875756178594477e-01 4.974899689310998546e-03 -3.146156337853662794e-04 3.638407026016252099e-02 -4.974936191206685149e-03 9.999876182761021637e-01 -1.153446230854677281e-04 -7.190294382148522401e-02 3.140379103719031628e-04 1.169083827026308969e-04 9.999999438563088594e-01 -1.821090666680939135e-02
9.999815419450955867e-01 6.059535943448268736e-03 -4.447395406498992924e-04 6.959824224497053458e-02 -6.059699350429791076e-03 9.999815725081363516e-01 -3.669985521526271670e-04 -6.924326194484513308e-02 4.425075042976702160e-04 3.696867659787883022e-04 9.999998337593880571e-01 -2.459735880139806916e-02
9.999312388743472058e-01 1.171991659683443987e-02 -4.013454577529159220e-04 1.055811647073860715e-01 -1.171995270446046442e-02 9.999313151469598759e-01 -8.773298385518240228e-05 -7.541274487959669093e-02 4.002896681455576683e-04 9.243070101946984369e-05 9.999999156123700050e-01 -3.259136356260392692e-02
9.999078648378603162e-01 1.356577787190537190e-02 -4.811508302137869450e-04 8.025430539951583508e-02 -1.356571439347227515e-02 9.999079723562444011e-01 1.349496892488742412e-04 -3.106300760050559329e-02 4.829372485448242222e-04 -1.284101008945123074e-04 9.999998751412222386e-01 -4.970978249441747321e-02
9.999327974260726615e-01 1.157583198095149882e-02 -6.330447199094017645e-04 7.349194088210482534e-02 -1.157591299666234017e-02 9.999329891282991989e-01 -1.244638034786284156e-04 -1.898692638120519360e-02 6.315615269541162945e-04 1.317835097913415822e-04 9.999997918815504150e-01 -5.886210140862957463e-02
9.999548850749874207e-01 9.462453994414626174e-03 -8.305293928409138680e-04 9.456656529918339160e-02 -9.462606425042010411e-03 9.999552123733735920e-01 -1.797970136310463648e-04 -1.368973772335666667e-02 8.287908744307481181e-04 1.876478748711415566e-04 9.999996389469155700e-01 -6.110917399056400856e-02
9.999984318913186510e-01 -1.590956681354982341e-03 -7.778635753477961554e-04 1.226703780486810419e-01 1.591546290169838567e-03 9.999984462416182662e-01 7.579543229245010779e-04 -6.871012424136709387e-03 7.766564942415275048e-04 -7.591911402573502110e-04 9.999994102165773446e-01 -4.794788839275229003e-02
9.997196233632434925e-01 -2.367066480094783334e-02 -6.117927229491945413e-04 1.619359308132735653e-01 2.367119534722883153e-02 9.997194150654586942e-01 8.750154344409952602e-04 4.496588542904884911e-02 5.909088660837643996e-04 -8.892519656133200711e-04 9.999994300286644267e-01 -2.670317665827708423e-02
9.985985487634413404e-01 -5.291868270026751919e-02 -7.425825323128035227e-04 1.876117628877945198e-01 5.291985482401702356e-02 9.985973843256915616e-01 1.659211647761372165e-03 7.117167888627401462e-02 6.537376796930418048e-04 -1.696183703350749149e-03 9.999983477925804554e-01 -2.613005747696564227e-02
9.978389157469168547e-01 -6.569314332752433649e-02 -1.381716601425774481e-03 2.167675439789313874e-01 6.569677528515290021e-02 9.978357834269652171e-01 2.771827885477401616e-03 2.812188352361720545e-02 1.196636180897835827e-03 -2.856612056953473748e-03 9.999952039032020679e-01 -5.782491434323540347e-02
9.974865261089325141e-01 -7.084296804985580620e-02 -1.379894568821805846e-03 2.594274671331994742e-01 7.084502953766459721e-02 9.974861955179080697e-01 1.507163235052606234e-03 -2.808423605826860375e-02 1.269653866763138404e-03 -1.601133691098768517e-03 9.999979121728014286e-01 -4.426369281108046699e-02
9.969370977112413934e-01 -7.819991632041681240e-02 -1.093752516135000760e-03 2.782273281627374306e-01 7.819893095546545658e-02 9.969373537572722155e-01 -9.164501458951827308e-04 -7.181804143217516978e-02 1.162069063821822993e-03 8.281128711541795983e-04 9.999989819117635070e-01 -7.783235268177122329e-03
9.968476911142695185e-01 -7.930836430351752286e-02 -2.205464044228828361e-03 3.173625764383862791e-01 7.930077475414608335e-02 9.968451432744852569e-01 -3.338780235839655490e-03 -1.863553571325874403e-01 2.463299320429367893e-03 3.153360361834958714e-03 9.999919942053968613e-01 -4.431054662050017134e-02
9.960477560245835082e-01 -8.863866619940014013e-02 -5.661675792831494594e-03 3.812594171680906419e-01 8.842331923094656765e-02 9.956029259159547840e-01 -3.092136031567748952e-02 -1.817644027022952136e-01 8.377609120383284341e-03 3.029852738964650474e-02 9.995057853276512194e-01 -6.696471162547261435e-02
9.957119150665859619e-01 -9.194759611213240702e-02 -1.016964914007157522e-02 3.822515372091786490e-01 9.117153032841648908e-02 9.939969812268131255e-01 -6.047936317089624980e-02 -8.122439943413252428e-02 1.566953260332354728e-02 5.929284004989726631e-02 9.981176407953176177e-01 -8.940182375195712683e-03
9.987822001012125472e-01 -4.789047786737386098e-02 -1.185828362858241600e-02 4.614380122134991713e-01 4.703468772366364153e-02 9.968286240682457944e-01 -6.419059424047457441e-02 -5.784211701375769482e-02 1.489479478605783974e-02 6.355467227389641205e-02 9.978671999421760974e-01 9.427836398368118209e-03
9.992319304330066210e-01 -3.808691847439664435e-02 -9.216064466548636036e-03 7.013641730368112004e-01 3.754005527868950476e-02 9.978562142806105539e-01 -5.360708788249175794e-02 -7.410596836618768557e-02 1.123803598498655798e-02 5.321994234018787018e-02 9.985195763151102355e-01 -2.861258769610541125e-02
9.982994920012623341e-01 -5.785888839555829166e-02 -7.104456604964557061e-03 7.796523979063589849e-01 5.748025461083258736e-02 9.973212086050038394e-01 -4.523745347086118029e-02 -2.629333277824331960e-02 9.702814019414873065e-03 4.475216084486648149e-02 9.989509995489367356e-01 -6.887991956023711837e-02
9.981628688798440674e-01 -6.058735874674846950e-02 2.432070146500819874e-04 7.290098342471484916e-01 6.056512393637445563e-02 9.976705507929127803e-01 -3.139009148023828161e-02 -6.347001766391869790e-03 1.659202257343802113e-03 3.134715362929987176e-02 9.995071800678624330e-01 -9.545001076582140809e-03
9.977179802467509573e-01 -6.750194328929780274e-02 1.523005092697755957e-03 7.421557488825523130e-01 6.750926655935420018e-02 9.977039224287921337e-01 -5.420525695988253831e-03 -2.188754362267999326e-02 -1.153612136734796486e-03 5.510972906051200479e-03 9.999841490527071608e-01 -2.228621207664279597e-02
9.955428537877596407e-01 -9.429495959718710296e-02 -1.699078187787405117e-03 8.521866631422977401e-01 9.430570117320673240e-02 9.955103544498850043e-01 8.097463139407247087e-03 1.887257770350222325e-02 9.278999693921900424e-04 -8.221604322094075781e-03 9.999657715262146862e-01 5.576960383956923450e-02
9.855124644908503928e-01 -1.689276853450490390e-01 -1.512016723235910451e-02 9.433784285473365561e-01 1.690700469232991887e-01 9.855657874145498099e-01 8.683197066283775481e-03 1.104857502358833760e-01 1.343508714239743593e-02 -1.111376632391612891e-02 9.998479797607101593e-01 1.432092687911475370e-01
9.731797499410997920e-01 -2.279467735038808451e-01 -3.100714036716252509e-02 9.886459886282896736e-01 2.283163987435366804e-01 9.735462461580733917e-01 8.906663590047209436e-03 1.211210826636088533e-01 2.815663988051179262e-02 -1.574722326933753608e-02 9.994794788238249295e-01 1.143359925061929183e-01
9.629248003395446398e-01 -2.669340173459833765e-01 -3.901357807971995301e-02 1.151314209939236832e+00 2.678718017487662917e-01 9.632234222961604253e-01 2.110299902720446513e-02 8.999504870394295364e-02 3.194568388558625266e-02 -3.077123857771722065e-02 9.990158177714081322e-01 -5.031196091253103964e-03
9.574257069684499744e-01 -2.865379364133560647e-01 -3.510023692141122503e-02 1.347788987433171437e+00 2.875878974412124367e-01 9.572928986299463761e-01 2.972385368719881668e-02 1.184148903288328447e-01 2.508419584731314336e-02 -3.855278496621016709e-02 9.989416729169140474e-01 -1.383491499390867574e-01
9.530355420511932296e-01 -3.018277293705206032e-01 -2.496552363208234468e-02 1.435509923164276058e+00 3.023083513692823576e-01 9.530330066130180411e-01 1.837794870320300436e-02 1.552977062743115255e-01 1.824599352117612858e-02 -2.506212459443176929e-02 9.995193713136520941e-01 -1.424328234915077374e-01
9.494195102031119937e-01 -3.138206773718534293e-01 -1.091678064056023426e-02 1.376277800585763433e+00 3.137482817340143115e-01 9.494737103754000707e-01 -7.854235476770349972e-03 2.103809941508857639e-01 1.283001771770517566e-02 4.031843231332286025e-03 9.999095633533671146e-01 5.974068783267730276e-02
9.550035054385100919e-01 -2.958537665920700777e-01 -2.094882797300233815e-02 1.371086282999873562e+00 2.955142113088099487e-01 9.551715260432250831e-01 -1.785235981008360950e-02 2.271300130136812978e-01 2.529141187615977296e-02 1.085838982269369916e-02 9.996211481635274287e-01 2.121528751681758806e-01
9.601492004700469263e-01 -2.775724396940531524e-01 -3.266578575544807489e-02 1.603702430576104732e+00 2.775452752964736036e-01 9.606970774574413729e-01 -5.453945850079813806e-03 2.518725437647248433e-01 3.289578996367579361e-02 -3.829632752910396704e-03 9.994514500042728233e-01 1.979215247058772886e-01
9.549827043155644235e-01 -2.932240983104628662e-01 -4.502957503849265575e-02 1.901703917387481679e+00 2.942806641087700181e-01 9.555337378194607156e-01 1.881931509039213787e-02 3.100276569088377121e-01 3.750900145075204695e-02 -3.122345366525270879e-02 9.988083753910863560e-01 -3.078027646666520178e-02
9.453607142800036778e-01 -3.234600838268151812e-01 -4.082516462613373226e-02 2.025104842424128027e+00 3.247124946034264936e-01 9.453703836779974168e-01 2.892461776645645008e-02 3.563574879947438157e-01 2.923894225892886486e-02 -4.060063836032080237e-02 9.987475518970314603e-01 -1.638365529788668173e-01
9.233900119462256084e-01 -3.824717937692245218e-01 -3.265291424821228916e-02 2.022523227597427198e+00 3.833239536733130115e-01 9.232578177469662473e-01 2.564660814551315490e-02 3.999190429549075998e-01 2.033795413037248201e-02 -3.619846599044594659e-02 9.991376475149604808e-01 -1.058878939877626879e-01
8.982560139221359430e-01 -4.388973634452280614e-01 -2.247749571333168550e-02 2.001158986398372974e+00 4.393411850035822686e-01 8.980626924230539210e-01 2.151101200555972925e-02 4.358721974179944336e-01 1.074507386496349574e-02 -2.919768550215338238e-02 9.995159020990880272e-01 5.429662782816740974e-02
8.577517908890794907e-01 -5.138617205038825686e-01 -1.442211591156359468e-02 2.103502658671601910e+00 5.140542793344194950e-01 8.572247104102935777e-01 3.023232971438023428e-02 5.001331639339638979e-01 -3.172242826078288704e-03 -3.334558535665506362e-02 9.994388469599700953e-01 1.250394632853399912e-01
8.329996741119480852e-01 -5.532597740820148768e-01 -3.894266568461262831e-03 2.198202156740536317e+00 5.528013601570067603e-01 8.319775295400388959e-01 4.715979801713415798e-02 5.162753724874538097e-01 -2.285167691771432946e-02 -4.143685223531738682e-02 9.988797666080121429e-01 4.188903975446586769e-02
8.108509326740923617e-01 -5.852000054397561435e-01 7.856119580558450222e-03 2.314470406535788616e+00 5.838777425912229369e-01 8.097926421092533911e-01 5.764250595083682260e-02 5.360035580074905548e-01 -4.009422262785754948e-02 -4.215246634568478590e-02 9.983063772674417580e-01 -4.625127941248835528e-03
8.085002456179904984e-01 -5.884408721943805709e-01 8.043181383369834084e-03 2.391726382279600216e+00 5.874211391298702623e-01 8.077740057710108834e-01 4.937166094046976234e-02 6.185691546029323806e-01 -3.554937607068272415e-02 -3.519226522649068073e-02 9.987480895246876322e-01 2.220007110214974877e-02
8.048199898055299339e-01 -5.934484818477473445e-01 -9.147863249455108481e-03 2.545110336816269303e+00 5.934865442284612547e-01 8.045192613441378704e-01 2.285782023819383016e-02 7.059126435264557742e-01 -6.205306534376033717e-03 -2.382556439807344620e-02 9.996968723827877046e-01 6.105940670427977002e-02
8.073123507058934667e-01 -5.892034490003058567e-01 -3.295548640011894403e-02 2.567382107545818748e+00 5.894797620493893442e-01 8.077815223352182716e-01 -1.619354189981254619e-03 7.545421044504839747e-01 2.757496204747571233e-02 -1.811926764362480069e-02 9.994555085686100959e-01 8.577255249138877879e-02
8.324106387296891230e-01 -5.507122719431551960e-01 -6.171322435944562312e-02 2.671588062141922126e+00 5.505487297084439291e-01 8.345347807005646379e-01 -2.116119130576542620e-02 8.186108547732756646e-01 6.315555989815652138e-02 -1.636133650619165172e-02 9.978695715982532910e-01 1.085995241865981564e-01
8.327387399855472605e-01 -5.484858793239021368e-01 -7.556077758711292336e-02 2.905299670129091627e+00 5.492585522510103901e-01 8.355661778707916820e-01 -1.200854602025245438e-02 9.096990418705073189e-01 6.972254804872864142e-02 -3.150242182249475553e-02 9.970688861422315474e-01 1.484221684219031168e-01
8.334580287420891853e-01 -5.473449966923186194e-01 -7.590236439819628145e-02 3.002575329126782933e+00 5.492524839188913655e-01 8.356402166786476293e-01 5.209335676529654180e-03 9.508762326921940122e-01 6.057576441349110663e-02 -4.603132482504238010e-02 9.971016467244313564e-01 5.138146928756860687e-02
8.161882198749395023e-01 -5.726172835491235569e-01 -7.711184291793285461e-02 3.101890343590004484e+00 5.745458382002385234e-01 8.184648945239607620e-01 3.506599302328348988e-03 9.996145919609602526e-01 6.110539701337963647e-02 -4.716633346683093975e-02 9.970162824363165699e-01 6.346061867468749673e-03
7.934555739670221541e-01 -6.028452690326496777e-01 -8.370085869102927845e-02 3.054833305604333749e+00 6.044228532609751126e-01 7.966247939956876412e-01 -7.870962278524379352e-03 1.029523149680638738e+00 7.142315168434623662e-02 -4.434545293804626614e-02 9.964598407398034263e-01 5.588503137819022387e-02
7.699963606994608689e-01 -6.315977089554254409e-01 -9.049827927559453422e-02 3.103341110719932683e+00 6.331865214207315073e-01 7.738799958669055901e-01 -1.358606227542749970e-02 1.096431033415680600e+00 7.861573379864492117e-02 -4.684107214076016490e-02 9.958039367064205338e-01 1.921687341135691618e-01
7.460925209686599668e-01 -6.573704963262607670e-01 -1.058771963852242898e-01 3.169493618895667719e+00 6.610396252565367003e-01 7.503507672071384471e-01 -5.830886350140646046e-04 1.177250561425714714e+00 7.982834080279531397e-02 -6.955398415205558960e-02 9.943790420625568949e-01 1.947700262224278112e-01
7.414717457214083929e-01 -6.614219621590420317e-01 -1.128744358591887847e-01 3.386885561908162146e+00 6.678930450075670766e-01 7.436665277370282379e-01 2.964752863346184486e-02 1.217475705486004367e+00 6.433141322376810523e-02 -9.737085548168331051e-02 9.931668468970347163e-01 8.064946616596105344e-02
7.223836008642436912e-01 -6.843674807910727909e-01 -9.901052690542413992e-02 3.559705613167649663e+00 6.903887874379678324e-01 7.218858814843494009e-01 4.737189349705494407e-02 1.294440611487323256e+00 3.905451807846951895e-02 -1.025764366179900411e-01 9.939581577050484729e-01 -5.643836892201187228e-03
7.163239571207684619e-01 -6.933534614404508467e-01 -7.836431562509084403e-02 3.620518100798269412e+00 6.973144692391757271e-01 7.153775913208642034e-01 4.458063285379840895e-02 1.355151916743176255e+00 2.514993925499843866e-02 -8.657874649418248469e-02 9.959275080099786459e-01 -2.271320669623667909e-02
7.150313331879102341e-01 -6.962060886237085855e-01 -6.346081249713650396e-02 3.640493687689121405e+00 6.985673056977464990e-01 7.150620509268676983e-01 2.626752242700402390e-02 1.454963396161368827e+00 2.709080969094781674e-02 -6.311375038403854720e-02 9.976385831265499604e-01 7.707399019926168549e-02
7.140076967752673198e-01 -6.978194159529690355e-01 -5.693041071988896168e-02 3.704823870715294287e+00 6.993442390590404178e-01 7.147071605221413382e-01 1.055035512719335045e-02 1.540652665931661947e+00 3.332632954001665121e-02 -4.734698952874783623e-02 9.983224020034584534e-01 1.469222316678411022e-01
7.228495710824426324e-01 -6.883990895604542581e-01 -5.995991226033096921e-02 3.783359452821653868e+00 6.901004008107424204e-01 7.236195431967376024e-01 1.167019728185745425e-02 1.628809937478777448e+00 3.535441113611560715e-02 -4.981415658306949379e-02 9.981325640500543495e-01 1.609085281345278562e-01
7.301543672347976521e-01 -6.810470788601421521e-01 -5.522206428611338425e-02 3.998194348000404297e+00 6.830198697679095154e-01 7.297258542299724926e-01 3.136933487603742882e-02 1.709483169865361196e+00 1.893297415041567469e-02 -6.062222401400586130e-02 9.979812064590271037e-01 1.127531045848446378e-01
7.190188258520386899e-01 -6.940213636764698268e-01 -3.669161799388230560e-02 4.108847284478375883e+00 6.949292360785510603e-01 7.172511635094505067e-01 5.122621679980928627e-02 1.815109137153334995e+00 -9.234983142233742573e-03 -6.233069231921550130e-02 9.980128255094570244e-01 1.818949799049878954e-02
7.101436288267468644e-01 -7.038572455643332670e-01 -1.676318297249992581e-02 4.127986621473667128e+00 7.034828329676616754e-01 7.084022828033890162e-01 5.725477655829394608e-02 1.863364352845701788e+00 -2.842411223895228642e-02 -5.245172623982094495e-02 9.982188568935623785e-01 2.750905694095527598e-02
6.926033657814438804e-01 -7.211394568413294071e-01 -1.607673769170630401e-02 4.180173125083153529e+00 7.207002281507637331e-01 6.909149591924614864e-01 5.681285336538220015e-02 1.951185378908518286e+00 -2.986233165130464801e-02 -5.093528198284406200e-02 9.982553972795116248e-01 9.539048811003314476e-02
6.644830752732989732e-01 -7.465855607191468346e-01 -3.274512484350099867e-02 4.342418729218505469e+00 7.469959193161611610e-01 6.623151376502789400e-01 5.775599505069017175e-02 2.051809542680605336e+00 -2.143220008171285718e-02 -6.283835584234553906e-02 9.977935667434864042e-01 1.129764198798616365e-01
6.478285444210131194e-01 -7.609066662587697927e-01 -3.659538599764645267e-02 4.396969996620430976e+00 7.612578381686645468e-01 6.448429782383191533e-01 6.829375698778029913e-02 2.109662132278291136e+00 -2.836689725935522682e-02 -7.210116961395225677e-02 9.969938517765178920e-01 7.707143053219889239e-02
6.396661485347836518e-01 -7.684198342606892718e-01 -1.892555767872784039e-02 4.504172064225371308e+00 7.671069986675195240e-01 6.366254090818707079e-01 7.908818563256370116e-02 2.185820816978222947e+00 -4.872443959643058681e-02 -6.510796284722397687e-02 9.966879562630915901e-01 8.111533522939932961e-02
6.355854901335638019e-01 -7.720276814833445522e-01 -2.084167730563708104e-03 4.564826942282815381e+00 7.701805213449485210e-01 6.338733869818169442e-01 7.089777018371655470e-02 2.296718528848394669e+00 -5.341394267886305502e-02 -4.666677940089013210e-02 9.974814095650343937e-01 8.703302577632582304e-02
6.424407011440551596e-01 -7.663004439302313342e-01 7.319504482236179055e-03 4.642601215859175845e+00 7.650797138826478383e-01 6.419053182812359815e-01 5.109396997211272662e-02 2.395091048481015505e+00 -4.385176072611862708e-02 -2.722484149808539200e-02 9.986670271349822325e-01 8.672863635370632596e-02
6.490707247214226872e-01 -7.605312434605544514e-01 1.730381547376364654e-02 4.726368442848458251e+00 7.596555109977838338e-01 6.491953469588371828e-01 3.832631077590396840e-02 2.495966114028642657e+00 -4.038191328185557205e-02 -1.173154752528118676e-02 9.991154447171551878e-01 1.174369149844005644e-01
6.730799168649646003e-01 -7.391397575639505613e-01 2.521595331048810673e-02 4.794381411421335670e+00 7.376418201635336347e-01 6.733952690379605421e-01 4.922760184207419787e-02 2.568793917983008601e+00 -5.336638135457019705e-02 -1.453376845821774746e-02 9.984692278260364207e-01 1.231181307571943134e-01
6.901726117374320513e-01 -7.231377545403849805e-01 2.708420140639415663e-02 4.913630779464049247e+00 7.207408125095151608e-01 6.902710107864928890e-01 6.370724331594923573e-02 2.675953317673592124e+00 -6.476455196059011099e-02 -2.444830517814487389e-02 9.976010390848940590e-01 1.095072978304443279e-01
6.820600302257716629e-01 -7.309007067513338951e-01 2.404728755639630455e-02 5.035017912604100587e+00 7.286578831805886614e-01 6.820225205678198677e-01 6.247376022860538780e-02 2.797142678266655302e+00 -6.206290717653363542e-02 -2.508860914276155388e-02 9.977568627897673847e-01 8.179029113396174555e-02
6.608898386962203109e-01 -7.502563757927770416e-01 1.843886358676329051e-02 5.085786437432895823e+00 7.484562343905544202e-01 6.607105529429946333e-01 5.722613416677495290e-02 2.855991640460009862e+00 -5.511702377664660923e-02 -2.401948817209819190e-02 9.981909526127528132e-01 6.882679471779970526e-02
6.402749318138822865e-01 -7.679365579311728807e-01 1.792915735752271048e-02 5.094463120392831890e+00 7.662986372501324750e-01 6.401789466906601112e-01 5.438119861336996458e-02 2.943395795354984301e+00 -5.323917955151279136e-02 -2.107982938401980338e-02 9.983592692782605749e-01 1.139050654673994661e-01
6.121943934818450117e-01 -7.906143627699312448e-01 1.212245731242078337e-02 5.189695944883276901e+00 7.886522344409699903e-01 6.116361453238645662e-01 6.268076933661329009e-02 3.044184816283529216e+00 -5.697084956941771139e-02 -2.881241252064747557e-02 9.979600027977467702e-01 1.231877109262973780e-01
5.938746131073364687e-01 -8.044918888014378489e-01 1.028322708620887926e-02 5.247068767043572279e+00 8.010506714342569001e-01 5.924297739429935650e-01 8.570171958939762358e-02 3.109654041785494982e+00 -7.503842816409286853e-02 -4.265868960186840891e-02 9.962677704814673074e-01 1.108587313770819094e-01
5.952166877518190180e-01 -8.035543181022896109e-01 4.189568106364005562e-03 5.335066306934844071e+00 7.996444704662085678e-01 5.928188538872909419e-01 9.557472117969149916e-02 3.204941049706432565e+00 -7.928313486846093328e-02 -5.353750400348401828e-02 9.954134418373635773e-01 9.693657041609415881e-02
6.014721300567162920e-01 -7.988289077491016466e-01 -1.018100728876538200e-02 5.445772998358402894e+00 7.962098035840426968e-01 5.983589823068045099e-01 8.953478078057416911e-02 3.297072398172276930e+00 -6.543107397633751710e-02 -6.195889312392868081e-02 9.959316593628102510e-01 9.682342819597818118e-02
6.123166568854304659e-01 -7.903934872840597814e-01 -1.861308570852576727e-02 5.512394669871115482e+00 7.893465171899586297e-01 6.098348135183082608e-01 7.094769919576303374e-02 3.408308505616323814e+00 -4.472569173006052390e-02 -5.813463236344577900e-02 9.973063606631789035e-01 9.454540542441884632e-02
6.369593433046084607e-01 -7.706217064544188533e-01 -2.061505562062523889e-02 5.600573055051564886e+00 7.703448917444936095e-01 6.352629400264825366e-01 5.486114100229763646e-02 3.487066935919955313e+00 -2.918120525485923267e-02 -5.082501913614230482e-02 9.982811601396094359e-01 1.166525095762332292e-01
6.520512394151214419e-01 -7.579990369662625849e-01 -1.632914986833642473e-02 5.681854382883377852e+00 7.576145668661475874e-01 6.505903187789292552e-01 5.246336991988610060e-02 3.593334796981400014e+00 -2.914359705704853976e-02 -4.658000718494784836e-02 9.984893357874317088e-01 1.214717044285699432e-01
6.797499283015095983e-01 -7.334024086991262070e-01 -7.806528576295507921e-03 5.731963457717724530e+00 7.321865432344352165e-01 6.779231492770703138e-01 6.575005384536100617e-02 3.656036957854396974e+00 -4.292902142492130424e-02 -5.040942956014318743e-02 9.978055865402436497e-01 1.434030851943174645e-01
6.860013601973071751e-01 -7.275961662873994262e-01 -2.439797393943492904e-03 5.850308269901319136e+00 7.255614022809245833e-01 6.838243742358076638e-01 7.710302666656281001e-02 3.771414641717359739e+00 -5.443147368557064991e-02 -5.466300398702232666e-02 9.970201455675465896e-01 9.889985715826309087e-02
6.840600516445888291e-01 -7.294229684643714906e-01 1.994698129341592602e-03 5.914130983235711625e+00 7.274073317296748664e-01 6.823679580254403687e-01 7.247443415512604126e-02 3.866945035851736989e+00 -5.422563498860363818e-02 -4.812590712719733155e-02 9.973682758005024684e-01 6.778436534436792227e-02
6.748900457980553380e-01 -7.379178511647935812e-01 8.191550722999145495e-04 5.983152169219006389e+00 7.367520525026204359e-01 6.738853781001754584e-01 5.545187387239159521e-02 3.929226770973668348e+00 -4.147094423659586360e-02 -3.682040351649145532e-02 9.984610251126520009e-01 9.869611553002113902e-02
6.658228431233290667e-01 -7.460911724331330541e-01 -5.282422978099484377e-03 6.050663916347175153e+00 7.458965637528492953e-01 6.654465208286390876e-01 2.862244047510990180e-02 4.009158337576299580e+00 -1.783978017965074866e-02 -2.299761584191942210e-02 9.995763362088606607e-01 1.509138201883777619e-01
6.274985328471902601e-01 -7.785219523657613827e-01 -1.221314698294599654e-02 6.103445838536217138e+00 7.786174199056876688e-01 6.274353836763381098e-01 8.930438417936134229e-03 4.123119527598778866e+00 7.104182105263949151e-04 -1.511320599772745209e-02 9.998855366042836978e-01 1.716142104913088717e-01
6.305418284788257832e-01 -7.761504489604664769e-01 -2.735528659207104793e-03 6.132626994688415323e+00 7.760431624849113419e-01 6.303869369093912933e-01 1.921769326461221505e-02 4.145937578589615313e+00 -1.319137972300788407e-02 -1.424044776197299321e-02 9.998115808233779545e-01 1.664242561994790370e-01
6.353334329362549937e-01 -7.722209910285188217e-01 5.115663042597518723e-03 6.288066232501869024e+00 7.716376972696391556e-01 6.350868135184830621e-01 3.521368267233597471e-02 4.272029894292961316e+00 -3.044163507175259506e-02 -1.842499144834578578e-02 9.993667127457701582e-01 1.431239137904247172e-01
6.466040483716084530e-01 -7.628226553874097871e-01 2.191131476611056852e-03 6.367669297767529990e+00 7.623745764086733434e-01 6.463176860668076174e-01 3.253388883830751754e-02 4.385783471730369421e+00 -2.623375449954795657e-02 -1.936608130078446011e-02 9.994682311208840098e-01 1.042011579808150845e-01
6.639428929732443807e-01 -7.477791637823094639e-01 -2.481347083517064425e-03 6.436137911569258740e+00 7.477175942343869952e-01 6.638369349775995465e-01 1.545713530661126447e-02 4.496938599374119327e+00 -9.911313871510210941e-03 -1.211800200429825197e-02 9.998774524334290703e-01 8.939715476422027685e-02
6.761847042412900688e-01 -7.367250447239278577e-01 -3.233299652894718566e-03 6.487635098503865549e+00 7.367077871539525757e-01 6.761915246580366690e-01 -5.163170282520782722e-03 4.587132960995575992e+00 5.990166679274559237e-03 1.109259737944022321e-03 9.999814435508231902e-01 1.227017521927123156e-01
6.981635915166448658e-01 -7.159371218083183663e-01 -1.279491071061043990e-03 6.548112354694094250e+00 7.159076581735652756e-01 6.981491546585938401e-01 -7.998926048705449349e-03 4.668865705136528987e+00 6.620003702522248880e-03 4.668561482102942528e-03 9.999671895040689318e-01 1.832471003169544588e-01
7.027424099663844848e-01 -7.114353523757326325e-01 3.583939823031944208e-03 6.701149609852477873e+00 7.114443794022549117e-01 7.027336053130512905e-01 -3.517809071133227994e-03 4.776479995242532972e+00 -1.586121695204036064e-05 5.021887467661762666e-03 9.999873901178374380e-01 1.783934915625923212e-01
6.981608013707660820e-01 -7.158672353529621502e-01 1.027602926409973763e-02 6.767805418709238019e+00 7.159253184007311477e-01 6.981685615739701145e-01 -3.405598705837047362e-03 4.847954374370146979e+00 -4.736444039739344872e-03 9.734525044410271416e-03 9.999414008430784762e-01 1.288276167871982292e-01
6.925449430641245074e-01 -7.213379967713968721e-01 7.279852343070899665e-03 6.837928654494358049e+00 7.213638960366723918e-01 6.924439670559137117e-01 -1.246924146296645407e-02 4.943399381548137406e+00 3.953647822137760018e-03 1.388693276779224585e-02 9.998957554501375355e-01 1.251612666991230305e-01
6.866230376521346157e-01 -7.270060241541012047e-01 -3.323403225896762615e-03 6.894045657751128431e+00 7.269727964325665148e-01 6.866257515120373078e-01 -7.458592866245594352e-03 5.031086475393458990e+00 7.704376183032244502e-03 2.705217953628909558e-03 9.999666616360035620e-01 1.743251775623585464e-01
6.759350869383116134e-01 -7.369199495764506835e-01 -7.793982418416845089e-03 7.002977462699605304e+00 7.368888599930270011e-01 6.756828285309793847e-01 2.115474524905218423e-02 5.128258144937717589e+00 -1.032309371623757466e-02 -2.004253338818880875e-02 9.997458329953213818e-01 1.587735539695182829e-01
6.698418708512881015e-01 -7.424387467289379483e-01 -9.827278871094488263e-03 7.078945232595671655e+00 7.417727353137868462e-01 6.685365763740201972e-01 5.321705737079779341e-02 5.236721414612803827e+00 -3.294051000742283936e-02 -4.293662079935867126e-02 9.985346110149527776e-01 1.470783163748121125e-01
6.733231052070561828e-01 -7.391933679148036118e-01 -1.513805882857874492e-02 7.168824893411132493e+00 7.381071428823445801e-01 6.708659058298400701e-01 7.167134728167486035e-02 5.308200276586457989e+00 -4.282337703159284220e-02 -5.943148345681773664e-02 9.973134197200657081e-01 1.440055834335042806e-01
6.660826725655158986e-01 -7.454827090275786272e-01 -2.427764092498021012e-02 7.276020329914629770e+00 7.452329523609224626e-01 6.638007732212563017e-01 6.321692958603367107e-02 5.417210978767916352e+00 -3.101161110621218284e-02 -6.020019943293269948e-02 9.977044732609111621e-01 1.121571724813335835e-01
6.711761781923133441e-01 -7.409659398927603835e-01 -2.218138286938503220e-02 7.304693324004317034e+00 7.411120790057375007e-01 6.700376072489721002e-01 4.245575607459740886e-02 5.502106024707575038e+00 -1.659590850039575557e-02 -4.493418287796557831e-02 9.988520886648513120e-01 1.198712799285841513e-01
6.874642875699698008e-01 -7.260110739743161901e-01 -1.734283086966836515e-02 7.378941432330716310e+00 7.261828667113237046e-01 6.869992802838413848e-01 2.627609149793422652e-02 5.592247424940582690e+00 -7.162221082716070837e-03 -3.065794115957610685e-02 9.995042737442487724e-01 1.818865330519897350e-01
7.168654386583617200e-01 -6.968657576634680328e-01 -2.195583415121068332e-02 7.463437229564968689e+00 6.971945039819218426e-01 7.162721918390541065e-01 2.956299740349913399e-02 5.676626637615096449e+00 -4.875087133250124646e-03 -3.650017800227808168e-02 9.993217552576573182e-01 2.414029865510873840e-01
7.236055102308074360e-01 -6.896150432139062092e-01 -2.874295977618543732e-02 7.641387329153878305e+00 6.901215690709295858e-01 7.222005171898409071e-01 4.646108989041017323e-02 5.794462156642279815e+00 -1.128208609661246822e-02 -5.345563715651335812e-02 9.985064894078053976e-01 2.322729839375503591e-01
7.157687846171348900e-01 -6.978819639593595303e-01 -2.521529987798834874e-02 7.668535357757309434e+00 6.980391854786044403e-01 7.139416187808290681e-01 5.503326729330163675e-02 5.892911212448205482e+00 -2.040447264881467895e-02 -5.699236223246616911e-02 9.981660824447438074e-01 1.665308766781978256e-01
7.129371426015580493e-01 -7.008455102944212145e-01 -2.315602295900703531e-02 7.756588553250180595e+00 7.009734435579523248e-01 7.114001101029069352e-01 5.045904053862210886e-02 5.953847504878083008e+00 -1.889079473267444090e-02 -5.220588133270360337e-02 9.984576524964109412e-01 1.474331751166999827e-01
7.018249235767883842e-01 -7.118970551885227538e-01 -2.538423645384291216e-02 7.795620380804002103e+00 7.122636615215939271e-01 7.007415877891739475e-01 4.051794193391273363e-02 6.054192974826130502e+00 -1.105681338757030785e-02 -4.651677070280112875e-02 9.988563144522316639e-01 1.943968573476765327e-01
6.953352140839541562e-01 -7.177550493446651636e-01 -3.655993975732139273e-02 7.895082386156047960e+00 7.186648576826890622e-01 6.940287694912179450e-01 4.295217631769264466e-02 6.155125770239770588e+00 -5.455491429919412383e-03 -5.614050461781762424e-02 9.984079734029145392e-01 2.665134675603983427e-01
6.860310002694981479e-01 -7.264611670926114373e-01 -4.019501680149753509e-02 7.988113552274895390e+00 7.274309471473695554e-01 6.837612302833728783e-01 5.757427458204863319e-02 6.227768479797110679e+00 -1.434168056793272417e-02 -6.873683632383134623e-02 9.975317356007668002e-01 2.400511449710895917e-01
6.872194773331141704e-01 -7.258419646171481165e-01 -2.971249526243403480e-02 8.094822939429581865e+00 7.259795337024650408e-01 6.847283268359245501e-01 6.403776287181459081e-02 6.301291760099678285e+00 -2.613630844539817019e-02 -6.557866138610887741e-02 9.975050538978000869e-01 1.765430657969868922e-01
6.871899009594348851e-01 -7.262037149007212200e-01 -1.995506160737239160e-02 8.207637921504751688e+00 7.260876088115921778e-01 6.856614412659389757e-01 5.162530669526056021e-02 6.392306934399913487e+00 -2.380807320272573802e-02 -4.996551236110157584e-02 9.984671367776037920e-01 1.556584790879988467e-01
6.968479084194012518e-01 -7.170592551262118253e-01 -1.513331323101812023e-02 8.261261242561397822e+00 7.172020288405194233e-01 6.965315028511813722e-01 2.156653340056256113e-02 6.458038181621018836e+00 -4.923652967943237431e-03 -2.588223664440444938e-02 9.996528734854586151e-01 1.987435089811752653e-01
7.069194821441681098e-01 -7.071604035967602453e-01 -1.374806713281609243e-02 8.354104646836665538e+00 7.071446299912800271e-01 7.070361262698668936e-01 -6.810904770789310420e-03 6.554445344352881619e+00 1.453678229585483352e-02 -4.907110572230885190e-03 9.998822941858280799e-01 2.522402652532403367e-01
7.345323431040504669e-01 -6.784278002096859606e-01 -1.406971345550891810e-02 8.406881448869176765e+00 6.785050759547890387e-01 7.345950157516412116e-01 1.012292661289011103e-03 6.621963711810932018e+00 9.648773894103937834e-03 -1.028993369719584730e-02 9.999005042637231222e-01 2.647957361922813058e-01
