1.000000000000000000e+00 0.000000000000000000e+00 0.000000000000000000e+00 0.000000000000000000e+00 0.000000000000000000e+00 1.000000000000000000e+00 0.000000000000000000e+00 0.000000000000000000e+00 0.000000000000000000e+00 0.000000000000000000e+00 1.000000000000000000e+00 0.000000000000000000e+00
9.999985926858503404e-01 -1.651841808864999098e-03 -2.933342075690288262e-04 1.258288226721078137e-02 1.652017846521920252e-03 9.999984548758449332e-01 6.009017869758130062e-04 -4.789372804463132988e-02 2.923411596365108230e-04 -6.013855346641250018e-04 9.999997764360175623e-01 -1.379158619961001753e-02
9.999940972721348409e-01 -3.431789579866931141e-03 -1.680510861650436950e-04 1.304535188536541483e-02 3.431847874331086286e-03 9.999940506979935195e-01 3.478344237199151564e-04 -9.604720649792425347e-02 1.668563918275385713e-04 -3.484090963108043204e-04 9.999999253850202496e-01 -1.904521498829228957e-02
9.999944533303306571e-01 -3.315705142432036172e-03 -3.152903130688702242e-04 1.232104046367688346e-02 3.315843091332001599e-03 9.999944066466422976e-01 4.380182911737185250e-04 -1.062592032037939505e-01 3.138362100382150193e-04 -4.390613148373016046e-04 9.999998543659869288e-01 -1.890675673984262839e-02
9.999984009390869844e-01 -1.774409259405098759e-03 2.226904782258326565e-04 -2.343481562049924694e-02 1.774424568257627292e-03 9.999984233568178782e-01 -6.856624468619098027e-05 -6.394274771508892674e-02 -2.225684625429546223e-04 6.896128250027011748e-05 9.999999728538101484e-01 -1.206766316274060502e-03
9.999996872110108459e-01 -6.069272269992964739e-04 5.071658718844158616e-04 -5.981866569231319292e-02 6.070063749912999428e-04 9.999998036160832049e-01 -1.559200297632240963e-04 -1.676524177113365710e-02 -5.070711401738975518e-04 1.562278339105674374e-04 9.999998592358514404e-01 1.120257697274046338e-02
9.999982656232577760e-01 1.543322434349055387e-03 1.042548003690798230e-03 -9.408838008052697321e-02 -1.543355940808891240e-03 9.999988085345609123e-01 3.133526169853415109e-05 2.351985759547101096e-02 -1.042498401118517734e-03 -3.294423000645969434e-05 9.999994560557327050e-01 2.096942221618026611e-02
9.999990538441878574e-01 8.092768161744422076e-04 1.112376628600397419e-03 -5.480424530894524582e-02 -8.103862713616018796e-04 9.999991743479379469e-01 9.972850813548428828e-04 8.289749634206172724e-04 -1.111568630468883108e-03 -9.981855925161682488e-04 9.999988840197285844e-01 2.425527275119910772e-02
9.999989709417628214e-01 -1.237621658920112647e-03 7.255398298697858257e-04 -5.137756240256730056e-02 1.236832217022578286e-03 9.999986437765814307e-01 1.087516006640000142e-03 -6.428779130681631232e-03 -7.268847792399175077e-04 -1.086617516486379281e-03 9.999991454500801735e-01 2.069625565280872742e-02
9.999969973523665789e-01 -2.363393027969087207e-03 6.478114280058171843e-04 -7.681176497049288510e-02 2.362988436671522620e-03 9.999970130717183991e-01 6.246065077475952600e-04 -9.011157908330701127e-03 -6.492856837051764465e-04 -6.230738613608214575e-04 9.999995951034501562e-01 1.821469103491935720e-02
9.999992987380507126e-01 -7.820737816923698958e-04 8.893165953947487160e-04 -7.300191658822437202e-02 7.815511266461896414e-04 9.999995217756748600e-01 5.878998708082797770e-04 -1.016322244388320750e-02 -8.897759511771394236e-04 -5.872044121493943903e-04 9.999994317447060688e-01 2.720694972730333672e-02
9.999998838535600898e-01 8.173426530226876098e-05 4.749867115211067314e-04 -3.517510944766983477e-02 -8.195687278465449812e-05 9.999998868204886815e-01 4.686598774901857786e-04 3.871479725545566922e-03 -4.749483521915794960e-04 -4.686987514825000111e-04 9.999997773727468120e-01 1.113071694224514879e-02
9.999999867228857031e-01 -1.528565020278568822e-04 5.647227892967721113e-05 -1.033982939371007152e-02 1.528298676836456330e-04 9.999998772411033965e-01 4.713393785383581378e-04 6.369431590691938122e-03 -5.654431928587391650e-05 -4.713307416294146746e-04 9.999998873250296461e-01 -4.279422908967093174e-03
9.999997224881302937e-01 -7.367661277135560119e-04 1.104506016888240100e-04 -1.004350040720907063e-02 7.367331956675500287e-04 9.999996842381684292e-01 2.979056255696874156e-04 4.517203352919306643e-03 -1.106700535869147950e-04 -2.978241702725946622e-04 9.999999495264501048e-01 -5.940226464997580211e-03
9.999997071259365544e-01 -7.650888619573467837e-04 1.967420903604234634e-05 -9.212272409718858315e-03 7.650846414889588172e-04 9.999996845021066338e-01 2.136379614491000229e-04 -6.100719361605553767e-03 -1.983765485366682018e-05 -2.136228464449152259e-04 9.999999769858731735e-01 -3.890221385652542149e-03
9.999999651835381753e-01 7.328608529795938584e-05 2.534996491152155919e-04 -1.405336226589843328e-02 -7.326993783090670286e-05 9.999999952864745412e-01 -6.370688351335536132e-05 -1.502195569293932401e-02 -2.535043167484377991e-04 6.368830739177624891e-05 9.999999658396798718e-01 4.882933500385240079e-03
9.999999276234389223e-01 -3.656951176170137045e-04 1.049771299071680658e-04 1.357233809108463959e-02 3.657067952676304880e-04 9.999999269418409220e-01 -1.112423157217438366e-04 -3.339237637739937703e-02 -1.049364414660003522e-04 1.112806985201623175e-04 9.999999883024746072e-01 1.687987181536537706e-03
9.999996412750520314e-01 -8.094664958344836110e-04 -2.494268616239763976e-04 3.843176846651714940e-02 8.094981237313634463e-04 9.999996643264161822e-01 1.267274343327865957e-04 -3.870251258600609923e-02 2.493241962857723989e-04 -1.269292994489871357e-04 9.999999608631983117e-01 -1.055995834706148495e-02
9.999998143635875358e-01 -4.735178927068450913e-04 -3.834756782170102595e-04 2.927022803605468237e-02 4.733928319536408495e-04 9.999998347628611395e-01 -3.261494705244267914e-04 -5.929356498903060047e-02 3.836300524625765851e-04 3.259678753419127011e-04 9.999998732864555651e-01 -2.831128376123627846e-02
9.999888788580484356e-01 4.714212353932991165e-03 -1.355068459624632479e-04 1.119869396576350130e-02 -4.714289762328375752e-03 9.999887213674328867e-01 -5.767234722686267806e-04 -7.113588587415527187e-02 1.327865207127654126e-04 5.773558769816710843e-04 9.999998245139501973e-01 -1.980448789195980719e-02
9.999816809823465213e-01 6.052393835842686393e-03 -7.892133002525195779e-05 -9.968342540344829472e-03 -6.052431247052410257e-03 9.999815673504713898e-01 -4.827372934056448420e-04 -6.633044126828552267e-02 7.599815907709555794e-05 4.832061160565487247e-04 9.999998803680574255e-01 -1.386760566068331521e-02
9.999848287110345568e-01 5.508347195518916405e-03 2.142280447915571171e-05 -1.265693572975692613e-02 -5.508342560728340769e-03 9.999848067678202002e-01 -2.107030114480572291e-04 -7.780991014231380953e-02 -2.258310433971061194e-05 2.105818106661019775e-04 9.999999775726519102e-01 -7.027187133765988580e-03
9.999901328642624154e-01 4.437559043774030182e-03 -2.055330821338548241e-04 2.390073061023648138e-02 -4.437550278877159388e-03 9.999901530972890029e-01 4.308112127255998364e-05 -8.430978544151575271e-02 2.057222332889101419e-04 -4.216863279934708852e-05 9.999999779500843289e-01 -1.258468008621355626e-02
9.999875756178594477e-01 4.974899689310976862e-03 -3.146156337853449206e-04 3.638407026016339529e-02 -4.974936191206663465e-03 9.999876182761021637e-01 -1.153446230855336341e-04 -7.190294382148805508e-02 3.140379103718814787e-04 1.169083827026966944e-04 9.999999438563088594e-01 -1.821090666680838868e-02
9.999815419450955867e-01 6.059535943448256592e-03 -4.447395406499095923e-04 6.959824224496974354e-02 -6.059699350429778933e-03 9.999815725081363516e-01 -3.669985521526644093e-04 -6.924326194484765884e-02 4.425075042976802991e-04 3.696867659788256530e-04 9.999998337593880571e-01 -2.459735880139812814e-02
9.999312388743472058e-01 1.171991659683444854e-02 -4.013454577529244329e-04 1.055811647073868764e-01 -1.171995270446047309e-02 9.999313151469598759e-01 -8.773298385515501262e-05 -7.541274487959702399e-02 4.002896681455665046e-04 9.243070101944256245e-05 9.999999156123700050e-01 -3.259136356260413508e-02
9.999078648378603162e-01 1.356577787190538231e-02 -4.811508302137847224e-04 8.025430539951555753e-02 -1.356571439347228555e-02 9.999079723562444011e-01 1.349496892488784966e-04 -3.106300760050758475e-02 4.829372485448221080e-04 -1.284101008945165629e-04 9.999998751412222386e-01 -4.970978249441809077e-02
9.999327974260726615e-01 1.157583198095149361e-02 -6.330447199093583964e-04 7.349194088210654618e-02 -1.157591299666233496e-02 9.999329891282991989e-01 -1.244638034786567675e-04 -1.898692638120669240e-02 6.315615269540724927e-04 1.317835097913694462e-04 9.999997918815504150e-01 -5.886210140862930401e-02
9.999548850749874207e-01 9.462453994414617500e-03 -8.305293928408905577e-04 9.456656529918323895e-02 -9.462606425042001737e-03 9.999552123733735920e-01 -1.797970136310555805e-04 -1.368973772335645503e-02 8.287908744307248077e-04 1.876478748711505554e-04 9.999996389469155700e-01 -6.110917399056376570e-02
9.999984318913186510e-01 -1.590956681354983859e-03 -7.778635753478329098e-04 1.226703780486798484e-01 1.591546290169840085e-03 9.999984462416182662e-01 7.579543229245008611e-04 -6.871012424137836958e-03 7.766564942415642592e-04 -7.591911402573499942e-04 9.999994102165773446e-01 -4.794788839275260922e-02
9.997196233632434925e-01 -2.367066480094784722e-02 -6.117927229492175264e-04 1.619359308132742314e-01 2.367119534722884541e-02 9.997194150654586942e-01 8.750154344409888634e-04 4.496588542904691316e-02 5.909088660837876015e-04 -8.892519656133141080e-04 9.999994300286644267e-01 -2.670317665827673381e-02
9.985985487634413404e-01 -5.291868270026753307e-02 -7.425825323128449392e-04 1.876117628877936594e-01 5.291985482401703744e-02 9.985973843256915616e-01 1.659211647761363274e-03 7.117167888627218275e-02 6.537376796930836551e-04 -1.696183703350742427e-03 9.999983477925804554e-01 -2.613005747696582962e-02
9.978389157469168547e-01 -6.569314332752435037e-02 -1.381716601425784239e-03 2.167675439789293335e-01 6.569677528515291409e-02 9.978357834269652171e-01 2.771827885477394678e-03 2.812188352361685850e-02 1.196636180897846019e-03 -2.856612056953467677e-03 9.999952039032020679e-01 -5.782491434323599327e-02
9.974865261089325141e-01 -7.084296804985582008e-02 -1.379894568821793269e-03 2.594274671331975868e-01 7.084502953766461109e-02 9.974861955179080697e-01 1.507163235052608619e-03 -2.808423605827012337e-02 1.269653866763125393e-03 -1.601133691098770035e-03 9.999979121728014286e-01 -4.426369281108072373e-02
9.969370977112413934e-01 -7.819991632041681240e-02 -1.093752516134994038e-03 2.782273281627372641e-01 7.819893095546545658e-02 9.969373537572722155e-01 -9.164501458951891276e-04 -7.181804143217658531e-02 1.162069063821816704e-03 8.281128711541866456e-04 9.999989819117635070e-01 -7.783235268176726812e-03
9.968476911142695185e-01 -7.930836430351752286e-02 -2.205464044228816652e-03 3.173625764383872228e-01 7.930077475414608335e-02 9.968451432744852569e-01 -3.338780235839671102e-03 -1.863553571325868297e-01 2.463299320429357050e-03 3.153360361834975194e-03 9.999919942053968613e-01 -4.431054662050023379e-02
9.960477560245835082e-01 -8.863866619940012626e-02 -5.661675792831468573e-03 3.812594171680912525e-01 8.842331923094655377e-02 9.956029259159547840e-01 -3.092136031567748258e-02 -1.817644027022928266e-01 8.377609120383258320e-03 3.029852738964650474e-02 9.995057853276512194e-01 -6.696471162547334988e-02
9.957119150665859619e-01 -9.194759611213239314e-02 -1.016964914007156481e-02 3.822515372091784269e-01 9.117153032841647520e-02 9.939969812268131255e-01 -6.047936317089622899e-02 -8.122439943413127528e-02 1.566953260332353340e-02 5.929284004989724549e-02 9.981176407953176177e-01 -8.940182375196337183e-03
9.987822001012125472e-01 -4.789047786737383322e-02 -1.185828362858245243e-02 4.614380122134988937e-01 4.703468772366361378e-02 9.968286240682457944e-01 -6.419059424047457441e-02 -5.784211701375925607e-02 1.489479478605787270e-02 6.355467227389641205e-02 9.978671999421760974e-01 9.427836398367431259e-03
9.992319304330066210e-01 -3.808691847439665823e-02 -9.216064466548672465e-03 7.013641730368100902e-01 3.754005527868951864e-02 9.978562142806105539e-01 -5.360708788249177875e-02 -7.410596836619080807e-02 1.123803598498659441e-02 5.321994234018789099e-02 9.985195763151102355e-01 -2.861258769610539390e-02
9.982994920012623341e-01 -5.785888839555826391e-02 -7.104456604964569204e-03 7.796523979063599841e-01 5.748025461083255960e-02 9.973212086050038394e-01 -4.523745347086119417e-02 -2.629333277824361798e-02 9.702814019414883473e-03 4.475216084486649537e-02 9.989509995489367356e-01 -6.887991956023695184e-02
9.981628688798440674e-01 -6.058735874674841398e-02 2.432070146501006357e-04 7.290098342471513782e-01 6.056512393637440012e-02 9.976705507929127803e-01 -3.139009148023826773e-02 -6.347001766391756165e-03 1.659202257343780863e-03 3.134715362929985788e-02 9.995071800678624330e-01 -9.545001076582529387e-03
9.977179802467509573e-01 -6.750194328929778886e-02 1.523005092697758776e-03 7.421557488825549775e-01 6.750926655935418630e-02 9.977039224287921337e-01 -5.420525695988251229e-03 -2.188754362268058654e-02 -1.153612136734799738e-03 5.510972906051197877e-03 9.999841490527071608e-01 -2.228621207664304577e-02
9.955428537877596407e-01 -9.429495959718714460e-02 -1.699078187787410755e-03 8.521866631422982952e-01 9.430570117320677404e-02 9.955103544498850043e-01 8.097463139407245353e-03 1.887257770350313571e-02 9.278999693921953550e-04 -8.221604322094074047e-03 9.999657715262146862e-01 5.576960383956937328e-02
9.855124644908503928e-01 -1.689276853450490667e-01 -1.512016723235911839e-02 9.433784285473360010e-01 1.690700469232992165e-01 9.855657874145498099e-01 8.683197066283787624e-03 1.104857502358873450e-01 1.343508714239744634e-02 -1.111376632391614452e-02 9.998479797607101593e-01 1.432092687911471485e-01
9.731797499410997920e-01 -2.279467735038808451e-01 -3.100714036716251815e-02 9.886459886282891185e-01 2.283163987435366804e-01 9.735462461580733917e-01 8.906663590047204232e-03 1.211210826636093113e-01 2.815663988051178568e-02 -1.574722326933752914e-02 9.994794788238249295e-01 1.143359925061928350e-01
9.629248003395446398e-01 -2.669340173459833210e-01 -3.901357807971994607e-02 1.151314209939236832e+00 2.678718017487662362e-01 9.632234222961604253e-01 2.110299902720445819e-02 8.999504870394120504e-02 3.194568388558624572e-02 -3.077123857771720677e-02 9.990158177714081322e-01 -5.031196091253201108e-03
9.574257069684500854e-01 -2.865379364133560092e-01 -3.510023692141121809e-02 1.347788987433171437e+00 2.875878974412123812e-01 9.572928986299463761e-01 2.972385368719885484e-02 1.184148903288344823e-01 2.508419584731312602e-02 -3.855278496621019485e-02 9.989416729169140474e-01 -1.383491499390868129e-01
9.530355420511932296e-01 -3.018277293705206032e-01 -2.496552363208233080e-02 1.435509923164276058e+00 3.023083513692823576e-01 9.530330066130180411e-01 1.837794870320300783e-02 1.552977062743121639e-01 1.824599352117611470e-02 -2.506212459443177276e-02 9.995193713136520941e-01 -1.424328234915080149e-01
9.494195102031118827e-01 -3.138206773718535403e-01 -1.091678064056023946e-02 1.376277800585763433e+00 3.137482817340144226e-01 9.494737103753999596e-01 -7.854235476770358645e-03 2.103809941508856252e-01 1.283001771770518433e-02 4.031843231332290362e-03 9.999095633533671146e-01 5.974068783267735827e-02
9.550035054385100919e-01 -2.958537665920701332e-01 -2.094882797300233815e-02 1.371086282999874451e+00 2.955142113088100042e-01 9.551715260432249721e-01 -1.785235981008362338e-02 2.271300130136805762e-01 2.529141187615977990e-02 1.085838982269371304e-02 9.996211481635274287e-01 2.121528751681762137e-01
9.601492004700469263e-01 -2.775724396940531524e-01 -3.266578575544806101e-02 1.603702430576106286e+00 2.775452752964736036e-01 9.606970774574413729e-01 -5.453945850079796459e-03 2.518725437647263421e-01 3.289578996367577973e-02 -3.829632752910408847e-03 9.994514500042728233e-01 1.979215247058770388e-01
9.549827043155644235e-01 -2.932240983104628662e-01 -4.502957503849265575e-02 1.901703917387479681e+00 2.942806641087700181e-01 9.555337378194607156e-01 1.881931509039218992e-02 3.100276569088397660e-01 3.750900145075203307e-02 -3.122345366525275390e-02 9.988083753910863560e-01 -3.078027646666645079e-02
9.453607142800036778e-01 -3.234600838268152367e-01 -4.082516462613374614e-02 2.025104842424124474e+00 3.247124946034265491e-01 9.453703836779974168e-01 2.892461776645644661e-02 3.563574879947434271e-01 2.923894225892887527e-02 -4.060063836032080237e-02 9.987475518970314603e-01 -1.638365529788680663e-01
9.233900119462256084e-01 -3.824717937692245773e-01 -3.265291424821227528e-02 2.022523227597426310e+00 3.833239536733130670e-01 9.232578177469662473e-01 2.564660814551316184e-02 3.999190429549095427e-01 2.033795413037245772e-02 -3.619846599044594659e-02 9.991376475149604808e-01 -1.058878939877627434e-01
8.982560139221359430e-01 -4.388973634452280614e-01 -2.247749571333166815e-02 2.001158986398373862e+00 4.393411850035822686e-01 8.980626924230539210e-01 2.151101200555974313e-02 4.358721974179960434e-01 1.074507386496347319e-02 -2.919768550215338238e-02 9.995159020990880272e-01 5.429662782816727790e-02
8.577517908890794907e-01 -5.138617205038825686e-01 -1.442211591156354611e-02 2.103502658671604131e+00 5.140542793344194950e-01 8.572247104102935777e-01 3.023232971438025510e-02 5.001331639339650081e-01 -3.172242826078339011e-03 -3.334558535665505669e-02 9.994388469599700953e-01 1.250394632853401577e-01
8.329996741119480852e-01 -5.532597740820148768e-01 -3.894266568461238545e-03 2.198202156740536761e+00 5.528013601570067603e-01 8.319775295400388959e-01 4.715979801713416492e-02 5.162753724874529215e-01 -2.285167691771435722e-02 -4.143685223531737988e-02 9.988797666080121429e-01 4.188903975446592320e-02
8.108509326740922507e-01 -5.852000054397562545e-01 7.856119580558443283e-03 2.314470406535788172e+00 5.838777425912230479e-01 8.097926421092532800e-01 5.764250595083683648e-02 5.360035580074921091e-01 -4.009422262785755642e-02 -4.215246634568479978e-02 9.983063772674417580e-01 -4.625127941249036756e-03
8.085002456179904984e-01 -5.884408721943805709e-01 8.043181383369863574e-03 2.391726382279601992e+00 5.874211391298702623e-01 8.077740057710108834e-01 4.937166094046977621e-02 6.185691546029350452e-01 -3.554937607068275884e-02 -3.519226522649068073e-02 9.987480895246876322e-01 2.220007110214940182e-02
8.048199898055299339e-01 -5.934484818477472334e-01 -9.147863249455111950e-03 2.545110336816269747e+00 5.934865442284611436e-01 8.045192613441378704e-01 2.285782023819384751e-02 7.059126435264552191e-01 -6.205306534376038921e-03 -2.382556439807346355e-02 9.996968723827877046e-01 6.105940670427973532e-02
8.073123507058934667e-01 -5.892034490003058567e-01 -3.295548640011893016e-02 2.567382107545819192e+00 5.894797620493893442e-01 8.077815223352182716e-01 -1.619354189981244210e-03 7.545421044504814212e-01 2.757496204747569846e-02 -1.811926764362480069e-02 9.994555085686100959e-01 8.577255249138884818e-02
8.324106387296891230e-01 -5.507122719431551960e-01 -6.171322435944563006e-02 2.671588062141923015e+00 5.505487297084439291e-01 8.345347807005646379e-01 -2.116119130576546090e-02 8.186108547732735552e-01 6.315555989815653526e-02 -1.636133650619162397e-02 9.978695715982532910e-01 1.085995241865991973e-01
8.327387399855471495e-01 -5.484858793239021368e-01 -7.556077758711296499e-02 2.905299670129090295e+00 5.492585522510103901e-01 8.355661778707916820e-01 -1.200854602025248560e-02 9.096990418705080961e-01 6.972254804872868306e-02 -3.150242182249474165e-02 9.970688861422315474e-01 1.484221684219033666e-01
8.334580287420890743e-01 -5.473449966923187304e-01 -7.590236439819629533e-02 3.002575329126782933e+00 5.492524839188914765e-01 8.356402166786476293e-01 5.209335676529668058e-03 9.508762326921963437e-01 6.057576441349111357e-02 -4.603132482504240786e-02 9.971016467244313564e-01 5.138146928756817666e-02
8.161882198749393913e-01 -5.726172835491238899e-01 -7.711184291793288237e-02 3.101890343590007149e+00 5.745458382002388564e-01 8.184648945239606510e-01 3.506599302328366335e-03 9.996145919609619179e-01 6.110539701337963647e-02 -4.716633346683098138e-02 9.970162824363165699e-01 6.346061867468354156e-03
7.934555739670221541e-01 -6.028452690326497887e-01 -8.370085869102930620e-02 3.054833305604333304e+00 6.044228532609752236e-01 7.966247939956876412e-01 -7.870962278524372413e-03 1.029523149680638960e+00 7.142315168434623662e-02 -4.434545293804627308e-02 9.964598407398034263e-01 5.588503137819040428e-02
7.699963606994608689e-01 -6.315977089554254409e-01 -9.049827927559453422e-02 3.103341110719931351e+00 6.331865214207315073e-01 7.738799958669055901e-01 -1.358606227542750663e-02 1.096431033415677492e+00 7.861573379864492117e-02 -4.684107214076015102e-02 9.958039367064205338e-01 1.921687341135692728e-01
7.460925209686599668e-01 -6.573704963262607670e-01 -1.058771963852242898e-01 3.169493618895667719e+00 6.610396252565367003e-01 7.503507672071384471e-01 -5.830886350140646046e-04 1.177250561425712050e+00 7.982834080279531397e-02 -6.955398415205558960e-02 9.943790420625568949e-01 1.947700262224277279e-01
7.414717457214083929e-01 -6.614219621590420317e-01 -1.128744358591888264e-01 3.386885561908162146e+00 6.678930450075670766e-01 7.436665277370282379e-01 2.964752863346185874e-02 1.217475705486005477e+00 6.433141322376814686e-02 -9.737085548168335214e-02 9.931668468970347163e-01 8.064946616596080364e-02
7.223836008642436912e-01 -6.843674807910727909e-01 -9.901052690542411217e-02 3.559705613167649663e+00 6.903887874379678324e-01 7.218858814843494009e-01 4.737189349705495101e-02 1.294440611487325921e+00 3.905451807846949119e-02 -1.025764366179900411e-01 9.939581577050484729e-01 -5.643836892201714583e-03
7.163239571207684619e-01 -6.933534614404508467e-01 -7.836431562509076076e-02 3.620518100798270744e+00 6.973144692391757271e-01 7.153775913208642034e-01 4.458063285379844365e-02 1.355151916743177143e+00 2.514993925499835539e-02 -8.657874649418244306e-02 9.959275080099786459e-01 -2.271320669623698441e-02
7.150313331879102341e-01 -6.962060886237084745e-01 -6.346081249713647621e-02 3.640493687689121849e+00 6.985673056977463879e-01 7.150620509268676983e-01 2.626752242700403778e-02 1.454963396161369271e+00 2.709080969094777858e-02 -6.311375038403851945e-02 9.976385831265499604e-01 7.707399019926154671e-02
7.140076967752673198e-01 -6.978194159529689244e-01 -5.693041071988896862e-02 3.704823870715295175e+00 6.993442390590403068e-01 7.147071605221413382e-01 1.055035512719332616e-02 1.540652665931661724e+00 3.332632954001667203e-02 -4.734698952874782929e-02 9.983224020034584534e-01 1.469222316678412965e-01
7.228495710824426324e-01 -6.883990895604542581e-01 -5.995991226033096921e-02 3.783359452821654756e+00 6.901004008107424204e-01 7.236195431967376024e-01 1.167019728185745078e-02 1.628809937478776781e+00 3.535441113611560715e-02 -4.981415658306949379e-02 9.981325640500543495e-01 1.609085281345282725e-01
7.301543672347976521e-01 -6.810470788601420411e-01 -5.522206428611337037e-02 3.998194348000403853e+00 6.830198697679094044e-01 7.297258542299724926e-01 3.136933487603742188e-02 1.709483169865361196e+00 1.893297415041567122e-02 -6.062222401400585436e-02 9.979812064590271037e-01 1.127531045848450958e-01
7.190188258520386899e-01 -6.940213636764698268e-01 -3.669161799388230560e-02 4.108847284478374107e+00 6.949292360785510603e-01 7.172511635094505067e-01 5.122621679980932097e-02 1.815109137153336327e+00 -9.234983142233766859e-03 -6.233069231921552211e-02 9.980128255094570244e-01 1.818949799049805749e-02
7.101436288267468644e-01 -7.038572455643332670e-01 -1.676318297249990152e-02 4.127986621473667128e+00 7.034828329676616754e-01 7.084022828033890162e-01 5.725477655829398077e-02 1.863364352845702898e+00 -2.842411223895232458e-02 -5.245172623982095189e-02 9.982188568935623785e-01 2.750905694095468618e-02
6.926033657814438804e-01 -7.211394568413294071e-01 -1.607673769170628666e-02 4.180173125083153529e+00 7.207002281507637331e-01 6.909149591924614864e-01 5.681285336538222097e-02 1.951185378908519619e+00 -2.986233165130466535e-02 -5.093528198284405506e-02 9.982553972795116248e-01 9.539048811003233985e-02
6.644830752732989732e-01 -7.465855607191468346e-01 -3.274512484350101255e-02 4.342418729218505469e+00 7.469959193161611610e-01 6.623151376502789400e-01 5.775599505069019257e-02 2.051809542680607557e+00 -2.143220008171286411e-02 -6.283835584234556682e-02 9.977935667434864042e-01 1.129764198798616087e-01
6.478285444210131194e-01 -7.609066662587697927e-01 -3.659538599764648736e-02 4.396969996620426535e+00 7.612578381686645468e-01 6.448429782383191533e-01 6.829375698778028525e-02 2.109662132278289359e+00 -2.836689725935519213e-02 -7.210116961395227064e-02 9.969938517765178920e-01 7.707143053219843443e-02
6.396661485347836518e-01 -7.684198342606892718e-01 -1.892555767872781958e-02 4.504172064225368644e+00 7.671069986675195240e-01 6.366254090818707079e-01 7.908818563256371503e-02 2.185820816978221615e+00 -4.872443959643060762e-02 -6.510796284722396299e-02 9.966879562630915901e-01 8.111533522939912144e-02
6.355854901335638019e-01 -7.720276814833444412e-01 -2.084167730563683818e-03 4.564826942282818045e+00 7.701805213449484100e-01 6.338733869818170552e-01 7.089777018371655470e-02 2.296718528848392005e+00 -5.341394267886306196e-02 -4.666677940089011822e-02 9.974814095650343937e-01 8.703302577632562875e-02
6.424407011440551596e-01 -7.663004439302312232e-01 7.319504482236179055e-03 4.642601215859177621e+00 7.650797138826477273e-01 6.419053182812359815e-01 5.109396997211271968e-02 2.395091048481016838e+00 -4.385176072611862708e-02 -2.722484149808538506e-02 9.986670271349822325e-01 8.672863635370590962e-02
6.490707247214225761e-01 -7.605312434605545624e-01 1.730381547376366735e-02 4.726368442848458251e+00 7.596555109977837228e-01 6.491953469588370718e-01 3.832631077590397534e-02 2.495966114028642213e+00 -4.038191328185559981e-02 -1.173154752528116594e-02 9.991154447171551878e-01 1.174369149844002591e-01
6.730799168649644892e-01 -7.391397575639506723e-01 2.521595331048810673e-02 4.794381411421333894e+00 7.376418201635337457e-01 6.733952690379605421e-01 4.922760184207419093e-02 2.568793917983004604e+00 -5.336638135457019705e-02 -1.453376845821773705e-02 9.984692278260364207e-01 1.231181307571945632e-01
6.901726117374320513e-01 -7.231377545403849805e-01 2.708420140639413928e-02 4.913630779464047471e+00 7.207408125095151608e-01 6.902710107864928890e-01 6.370724331594923573e-02 2.675953317673593013e+00 -6.476455196059009711e-02 -2.444830517814488777e-02 9.976010390848940590e-01 1.095072978304444805e-01
6.820600302257715519e-01 -7.309007067513341172e-01 2.404728755639630455e-02 5.035017912604097923e+00 7.286578831805888834e-01 6.820225205678197566e-01 6.247376022860542943e-02 2.797142678266656191e+00 -6.206290717653366318e-02 -2.508860914276158857e-02 9.977568627897673847e-01 8.179029113396102391e-02
6.608898386962201998e-01 -7.502563757927771526e-01 1.843886358676328704e-02 5.085786437432894935e+00 7.484562343905545312e-01 6.607105529429946333e-01 5.722613416677493903e-02 2.855991640460008529e+00 -5.511702377664659536e-02 -2.401948817209818843e-02 9.981909526127528132e-01 6.882679471780010771e-02
6.402749318138822865e-01 -7.679365579311728807e-01 1.792915735752273476e-02 5.094463120392831890e+00 7.662986372501324750e-01 6.401789466906602222e-01 5.438119861336993682e-02 2.943395795354984301e+00 -5.323917955151277748e-02 -2.107982938401977563e-02 9.983592692782605749e-01 1.139050654674001323e-01
6.121943934818450117e-01 -7.906143627699311338e-01 1.212245731242074520e-02 5.189695944883275125e+00 7.886522344409698793e-01 6.116361453238645662e-01 6.268076933661327621e-02 3.044184816283530104e+00 -5.697084956941766976e-02 -2.881241252064749292e-02 9.979600027977467702e-01 1.231877109262978220e-01
5.938746131073364687e-01 -8.044918888014377378e-01 1.028322708620885845e-02 5.247068767043574944e+00 8.010506714342567891e-01 5.924297739429935650e-01 8.570171958939759582e-02 3.109654041785494982e+00 -7.503842816409284078e-02 -4.265868960186838810e-02 9.962677704814673074e-01 1.108587313770811045e-01
5.952166877518187960e-01 -8.035543181022898329e-01 4.189568106363991684e-03 5.335066306934848512e+00 7.996444704662087899e-01 5.928188538872907198e-01 9.557472117969156855e-02 3.204941049706430789e+00 -7.928313486846097491e-02 -5.353750400348405991e-02 9.954134418373635773e-01 9.693657041609361757e-02
6.014721300567162920e-01 -7.988289077491017576e-01 -1.018100728876537159e-02 5.445772998358403783e+00 7.962098035840428079e-01 5.983589823068045099e-01 8.953478078057419687e-02 3.297072398172276930e+00 -6.543107397633751710e-02 -6.195889312392868775e-02 9.959316593628102510e-01 9.682342819597779260e-02
6.123166568854306879e-01 -7.903934872840595594e-01 -1.861308570852576033e-02 5.512394669871112818e+00 7.893465171899584076e-01 6.098348135183084828e-01 7.094769919576300599e-02 3.408308505616323369e+00 -4.472569173006048920e-02 -5.813463236344575819e-02 9.973063606631789035e-01 9.454540542441891571e-02
6.369593433046085718e-01 -7.706217064544187423e-01 -2.061505562062524236e-02 5.600573055051564886e+00 7.703448917444934985e-01 6.352629400264826476e-01 5.486114100229762258e-02 3.487066935919953981e+00 -2.918120525485921532e-02 -5.082501913614229094e-02 9.982811601396094359e-01 1.166525095762333819e-01
6.520512394151214419e-01 -7.579990369662624738e-01 -1.632914986833643861e-02 5.681854382883380516e+00 7.576145668661474764e-01 6.505903187789292552e-01 5.246336991988610754e-02 3.593334796981400459e+00 -2.914359705704853976e-02 -4.658000718494785530e-02 9.984893357874317088e-01 1.214717044285700681e-01
6.797499283015095983e-01 -7.334024086991262070e-01 -7.806528576295483635e-03 5.731963457717727195e+00 7.321865432344352165e-01 6.779231492770703138e-01 6.575005384536100617e-02 3.656036957854396530e+00 -4.292902142492131118e-02 -5.040942956014316662e-02 9.978055865402436497e-01 1.434030851943175477e-01
6.860013601973073971e-01 -7.275961662873990932e-01 -2.439797393943482495e-03 5.850308269901317360e+00 7.255614022809242503e-01 6.838243742358078858e-01 7.710302666656276838e-02 3.771414641717358851e+00 -5.443147368557062216e-02 -5.466300398702229196e-02 9.970201455675465896e-01 9.889985715826292434e-02
6.840600516445889401e-01 -7.294229684643713796e-01 1.994698129341592602e-03 5.914130983235708072e+00 7.274073317296747554e-01 6.823679580254403687e-01 7.247443415512605513e-02 3.866945035851737433e+00 -5.422563498860363818e-02 -4.812590712719734543e-02 9.973682758005024684e-01 6.778436534436776961e-02
6.748900457980553380e-01 -7.379178511647935812e-01 8.191550722999145495e-04 5.983152169219004612e+00 7.367520525026204359e-01 6.738853781001754584e-01 5.545187387239160909e-02 3.929226770973668348e+00 -4.147094423659587747e-02 -3.682040351649146920e-02 9.984610251126520009e-01 9.869611553002079207e-02
6.658228431233290667e-01 -7.460911724331330541e-01 -5.282422978099498255e-03 6.050663916347176041e+00 7.458965637528492953e-01 6.654465208286390876e-01 2.862244047510989833e-02 4.009158337576300468e+00 -1.783978017965073826e-02 -2.299761584191943251e-02 9.995763362088606607e-01 1.509138201883777064e-01
6.274985328471902601e-01 -7.785219523657612717e-01 -1.221314698294598787e-02 6.103445838536215362e+00 7.786174199056875578e-01 6.274353836763381098e-01 8.930438417936089127e-03 4.123119527598777978e+00 7.104182105264218033e-04 -1.511320599772741739e-02 9.998855366042836978e-01 1.716142104913092603e-01
6.305418284788257832e-01 -7.761504489604664769e-01 -2.735528659207107395e-03 6.132626994688409994e+00 7.760431624849113419e-01 6.303869369093912933e-01 1.921769326461219424e-02 4.145937578589611761e+00 -1.319137972300786499e-02 -1.424044776197298107e-02 9.998115808233779545e-01 1.664242561994793423e-01
6.353334329362549937e-01 -7.722209910285189327e-01 5.115663042597520457e-03 6.288066232501868136e+00 7.716376972696392667e-01 6.350868135184830621e-01 3.521368267233598165e-02 4.272029894292960428e+00 -3.044163507175259853e-02 -1.842499144834579272e-02 9.993667127457701582e-01 1.431239137904245506e-01
6.466040483716084530e-01 -7.628226553874097871e-01 2.191131476611044709e-03 6.367669297767533543e+00 7.623745764086733434e-01 6.463176860668076174e-01 3.253388883830751754e-02 4.385783471730370309e+00 -2.623375449954795310e-02 -1.936608130078447051e-02 9.994682311208840098e-01 1.042011579808147514e-01
6.639428929732442697e-01 -7.477791637823095749e-01 -2.481347083517073098e-03 6.436137911569257852e+00 7.477175942343871062e-01 6.638369349775994355e-01 1.545713530661127662e-02 4.496938599374120216e+00 -9.911313871510212675e-03 -1.211800200429826412e-02 9.998774524334290703e-01 8.939715476421999929e-02
6.761847042412900688e-01 -7.367250447239278577e-01 -3.233299652894718566e-03 6.487635098503861997e+00 7.367077871539525757e-01 6.761915246580366690e-01 -5.163170282520794865e-03 4.587132960995574216e+00 5.990166679274569646e-03 1.109259737944031429e-03 9.999814435508231902e-01 1.227017521927117882e-01
6.981635915166448658e-01 -7.159371218083183663e-01 -1.279491071061018836e-03 6.548112354694094250e+00 7.159076581735652756e-01 6.981491546585938401e-01 -7.998926048705445879e-03 4.668865705136528987e+00 6.620003702522228931e-03 4.668561482102959008e-03 9.999671895040689318e-01 1.832471003169543200e-01
7.027424099663844848e-01 -7.114353523757326325e-01 3.583939823031954183e-03 6.701149609852479649e+00 7.114443794022549117e-01 7.027336053130512905e-01 -3.517809071133214116e-03 4.776479995242533860e+00 -1.586121695205684051e-05 5.021887467661759197e-03 9.999873901178374380e-01 1.783934915625921824e-01
6.981608013707660820e-01 -7.158672353529621502e-01 1.027602926409974804e-02 6.767805418709241572e+00 7.159253184007311477e-01 6.981685615739701145e-01 -3.405598705837035219e-03 4.847954374370144315e+00 -4.736444039739360484e-03 9.734525044410269681e-03 9.999414008430784762e-01 1.288276167871983402e-01
6.925449430641245074e-01 -7.213379967713968721e-01 7.279852343070899665e-03 6.837928654494357161e+00 7.213638960366723918e-01 6.924439670559137117e-01 -1.246924146296644366e-02 4.943399381548135629e+00 3.953647822137753079e-03 1.388693276779223891e-02 9.998957554501375355e-01 1.251612666991224754e-01
6.866230376521346157e-01 -7.270060241541012047e-01 -3.323403225896723583e-03 6.894045657751125766e+00 7.269727964325665148e-01 6.866257515120373078e-01 -7.458592866245589148e-03 5.031086475393458102e+00 7.704376183032213277e-03 2.705217953628933844e-03 9.999666616360035620e-01 1.743251775623577970e-01
6.759350869383116134e-01 -7.369199495764506835e-01 -7.793982418416863303e-03 7.002977462699602640e+00 7.368888599930270011e-01 6.756828285309793847e-01 2.115474524905219811e-02 5.128258144937719365e+00 -1.032309371623757292e-02 -2.004253338818882957e-02 9.997458329953213818e-01 1.587735539695181997e-01
6.698418708512881015e-01 -7.424387467289379483e-01 -9.827278871094503876e-03 7.078945232595671655e+00 7.417727353137868462e-01 6.685365763740201972e-01 5.321705737079778648e-02 5.236721414612804715e+00 -3.294051000742282548e-02 -4.293662079935867820e-02 9.985346110149527776e-01 1.470783163748124456e-01
6.733231052070561828e-01 -7.391933679148036118e-01 -1.513805882857871890e-02 7.168824893411135157e+00 7.381071428823445801e-01 6.708659058298400701e-01 7.167134728167484647e-02 5.308200276586457100e+00 -4.282337703159283526e-02 -5.943148345681770889e-02 9.973134197200657081e-01 1.440055834335042251e-01
6.660826725655158986e-01 -7.454827090275786272e-01 -2.427764092498018930e-02 7.276020329914631546e+00 7.452329523609224626e-01 6.638007732212563017e-01 6.321692958603369883e-02 5.417210978767919016e+00 -3.101161110621221059e-02 -6.020019943293269948e-02 9.977044732609111621e-01 1.121571724813336668e-01
6.711761781923133441e-01 -7.409659398927603835e-01 -2.218138286938503567e-02 7.304693324004317923e+00 7.411120790057375007e-01 6.700376072489721002e-01 4.245575607459741579e-02 5.502106024707575926e+00 -1.659590850039575904e-02 -4.493418287796558525e-02 9.988520886648513120e-01 1.198712799285843456e-01
6.874642875699698008e-01 -7.260110739743161901e-01 -1.734283086966834780e-02 7.378941432330721639e+00 7.261828667113237046e-01 6.869992802838413848e-01 2.627609149793422652e-02 5.592247424940580913e+00 -7.162221082716080378e-03 -3.065794115957609298e-02 9.995042737442487724e-01 1.818865330519900125e-01
7.168654386583617200e-01 -6.968657576634680328e-01 -2.195583415121066945e-02 7.463437229564969577e+00 6.971945039819218426e-01 7.162721918390541065e-01 2.956299740349917216e-02 5.676626637615095561e+00 -4.875087133250157606e-03 -3.650017800227810250e-02 9.993217552576573182e-01 2.414029865510868567e-01
7.236055102308074360e-01 -6.896150432139062092e-01 -2.874295977618542344e-02 7.641387329153876529e+00 6.901215690709295858e-01 7.222005171898409071e-01 4.646108989041017323e-02 5.794462156642281592e+00 -1.128208609661248210e-02 -5.345563715651335812e-02 9.985064894078053976e-01 2.322729839375497762e-01
7.157687846171348900e-01 -6.978819639593595303e-01 -2.521529987798833486e-02 7.668535357757311210e+00 6.980391854786044403e-01 7.139416187808290681e-01 5.503326729330165062e-02 5.892911212448204594e+00 -2.040447264881469283e-02 -5.699236223246616911e-02 9.981660824447438074e-01 1.665308766781981031e-01
7.129371426015580493e-01 -7.008455102944212145e-01 -2.315602295900702490e-02 7.756588553250182372e+00 7.009734435579523248e-01 7.114001101029069352e-01 5.045904053862212274e-02 5.953847504878084784e+00 -1.889079473267445825e-02 -5.220588133270360337e-02 9.984576524964109412e-01 1.474331751166998994e-01
7.018249235767883842e-01 -7.118970551885227538e-01 -2.538423645384292604e-02 7.795620380803999439e+00 7.122636615215939271e-01 7.007415877891739475e-01 4.051794193391273363e-02 6.054192974826128726e+00 -1.105681338757029918e-02 -4.651677070280114262e-02 9.988563144522316639e-01 1.943968573476755890e-01
6.953352140839541562e-01 -7.177550493446651636e-01 -3.655993975732139967e-02 7.895082386156044407e+00 7.186648576826890622e-01 6.940287694912179450e-01 4.295217631769267241e-02 6.155125770239769700e+00 -5.455491429919424526e-03 -5.614050461781765200e-02 9.984079734029145392e-01 2.665134675603973990e-01
6.860310002694981479e-01 -7.264611670926114373e-01 -4.019501680149752121e-02 7.988113552274894502e+00 7.274309471473695554e-01 6.837612302833728783e-01 5.757427458204864013e-02 6.227768479797110679e+00 -1.434168056793273631e-02 -6.873683632383134623e-02 9.975317356007668002e-01 2.400511449710895084e-01
6.872194773331141704e-01 -7.258419646171480055e-01 -2.971249526243402092e-02 8.094822939429581865e+00 7.259795337024649298e-01 6.847283268359247721e-01 6.403776287181460469e-02 6.301291760099677397e+00 -2.613630844539818407e-02 -6.557866138610889128e-02 9.975050538978000869e-01 1.765430657969871420e-01
6.871899009594347740e-01 -7.262037149007213310e-01 -1.995506160737241588e-02 8.207637921504753464e+00 7.260876088115922888e-01 6.856614412659387536e-01 5.162530669526056021e-02 6.392306934399913487e+00 -2.380807320272572761e-02 -4.996551236110160360e-02 9.984671367776037920e-01 1.556584790879993463e-01
6.968479084194009188e-01 -7.170592551262120473e-01 -1.513331323101814452e-02 8.261261242561396045e+00 7.172020288405196453e-01 6.965315028511811501e-01 2.156653340056255766e-02 6.458038181621017060e+00 -4.923652967943227023e-03 -2.588223664440445979e-02 9.996528734854586151e-01 1.987435089811751543e-01
7.069194821441681098e-01 -7.071604035967602453e-01 -1.374806713281609243e-02 8.354104646836663761e+00 7.071446299912800271e-01 7.070361262698668936e-01 -6.810904770789319093e-03 6.554445344352878955e+00 1.453678229585484045e-02 -4.907110572230881720e-03 9.998822941858280799e-01 2.522402652532411693e-01
7.345323431040504669e-01 -6.784278002096859606e-01 -1.406971345550892503e-02 8.406881448869174989e+00 6.785050759547890387e-01 7.345950157516412116e-01 1.012292661289008501e-03 6.621963711810933795e+00 9.648773894103944773e-03 -1.028993369719585077e-02 9.999005042637231222e-01 2.647957361922815833e-01
