1.000000000000000000e+00 0.000000000000000000e+00 0.000000000000000000e+00 0.000000000000000000e+00 0.000000000000000000e+00 1.000000000000000000e+00 0.000000000000000000e+00 0.000000000000000000e+00 0.000000000000000000e+00 0.000000000000000000e+00 1.000000000000000000e+00 0.000000000000000000e+00
9.999984190850336185e-01 -1.743797149227345597e-03 -3.478490128072038749e-04 1.439313373576179417e-02 1.744023657215549921e-03 9.999982666825353306e-01 6.519305238973125772e-04 -4.854362909645514035e-02 3.467115752853684773e-04 -6.525361501580651284e-04 9.999997269937909161e-01 -1.332317086311215343e-02
9.999928670009785581e-01 -3.754515917877879107e-03 -4.117734639896811926e-04 1.479338258149729898e-02 3.754671815903962238e-03 9.999928795693043826e-01 3.784841416758018447e-04 -9.876255645920070658e-02 4.103495072506824410e-04 -3.800275161685688369e-04 9.999998435961722221e-01 -2.342590600827458916e-02
9.999944981554742540e-01 -3.300838204313637572e-03 -3.288250753788536955e-04 1.340031922945737752e-02 3.300899918828243025e-03 9.999945344712253270e-01 1.873163187815669872e-04 -1.073022507438578799e-01 3.282049773146167304e-04 -1.884007068609306538e-04 9.999999283933307392e-01 -1.853128660201170883e-02
9.999982845964330291e-01 -1.810717446487686549e-03 3.900083592778759607e-04 -2.164882406608794468e-02 1.810827473628518879e-03 9.999983207035477717e-01 -2.819467062511168748e-04 -6.457603417743149055e-02 -3.894971785182332240e-04 2.826524604506564344e-04 9.999998841997606025e-01 3.960048324829112260e-03
9.999996083147452142e-01 -7.334957109436605199e-04 4.953326136929237563e-04 -5.680422740315882457e-02 7.335728015096258572e-04 9.999997188499419876e-01 -1.554701962854545519e-04 -1.851707539695501142e-02 -4.952184377079757276e-04 1.558334979231769163e-04 9.999998652373008889e-01 1.208526756465919290e-02
9.999985475001468282e-01 1.491049596265052674e-03 8.256928593496923666e-04 -9.423275744413783794e-02 -1.491187058122820730e-03 9.999988744201961932e-01 1.658900189655240559e-04 2.172627632640702910e-02 -8.254445797206827473e-04 -1.671210405161425798e-04 9.999996453558389620e-01 1.604543754189059757e-02
9.999992962176700306e-01 7.968820179122492169e-04 8.789443748719203905e-04 -5.520405978357732779e-02 -7.977852609748876077e-04 9.999991536094081646e-01 1.027773878230954811e-03 3.167665664374763601e-05 -8.781246164196285404e-04 -1.028474363769349637e-03 9.999990855684024460e-01 1.849950677153898437e-02
9.999990147055023426e-01 -1.297808900495722598e-03 5.350514762349030048e-04 -4.864959813205947670e-02 1.297246434907890029e-03 9.999986070659098170e-01 1.050246603002369297e-03 -5.962390912466739024e-03 -5.364137503325535922e-04 -1.049551474580132267e-03 9.999993053507540974e-01 1.636455067195198218e-02
9.999967707597847699e-01 -2.453573583554585422e-03 6.621530582546364266e-04 -7.668486676189842366e-02 2.453205632575023581e-03 9.999968363569844421e-01 5.559299837503058625e-04 -4.191026083485978153e-03 -6.635149785611740717e-04 -5.543037909067084204e-04 9.999996262475204789e-01 1.889335046332492329e-02
9.999990817341786187e-01 -9.686857829289898143e-04 9.477228780598038116e-04 -7.715957825392637248e-02 9.681365483328056767e-04 9.999993632611408056e-01 5.798180203599869820e-04 -1.018656754405217538e-02 -9.482839360808282625e-04 -5.788999627769753466e-04 9.999993828160144149e-01 2.820892304698623815e-02
9.999998876114850610e-01 -1.646897345997731907e-05 4.738204197067743943e-04 -3.787052491036906748e-02 1.624888093455090351e-05 9.999998919849271140e-01 4.645063056861216530e-04 1.919187993797259045e-03 -4.738280184690475574e-04 -4.644985544293635683e-04 9.999997798640266611e-01 1.059870987810566587e-02
9.999999803870709414e-01 -1.879308966021708154e-04 -6.251268473425273793e-05 -7.412576088559728708e-03 1.879546735351316357e-04 9.999999099214418319e-01 3.805655646450232556e-04 8.091757980366362513e-03 6.244115907542056810e-05 -3.805773067322689232e-04 9.999999256310048157e-01 -6.039307452812045507e-03
9.999995953066364018e-01 -8.982247485605361322e-04 5.078252220705780425e-05 -6.325059474775327623e-03 8.982143057599442084e-04 9.999995755338848547e-01 2.052878734257977396e-04 4.822818509089162736e-03 -5.096689530008829743e-05 -2.052421767592287928e-04 9.999999776390119388e-01 -5.749826273311196140e-03
9.999995791070107609e-01 -9.174882712522937876e-04 1.036021925156223081e-06 -6.754321710279290007e-03 9.174881332702992508e-04 9.999995711520733854e-01 1.261395840301571280e-04 -5.370152700207563370e-03 -1.151753069748681029e-06 -1.261385804010684377e-04 9.999999920438659151e-01 -3.438724438267094698e-03
9.999999535398791384e-01 -1.494585748147381709e-04 2.656734346791942390e-04 -1.457277272779500948e-02 1.494771276365113510e-04 9.999999863912479858e-01 -6.981469944418625085e-05 -1.616298628524328110e-02 -2.656629966582302891e-04 6.985440830249206232e-05 9.999999622717662406e-01 5.441745112225504499e-03
9.999999193595922042e-01 -3.865313598372287695e-04 1.089693397778374506e-04 1.303821110387292509e-02 3.865381812686862232e-04 9.999999233356456907e-01 -6.258543964688291635e-05 -3.482538722311431800e-02 -1.089451401886806455e-04 6.262755541037931799e-05 9.999999921043728479e-01 2.184409216413359459e-03
9.999996310055054849e-01 -8.117847898953526502e-04 -2.810592600787664187e-04 3.835104804348470758e-02 8.117971227812754422e-04 9.999996695348106757e-01 4.376871932505627138e-05 -3.895461683674649594e-02 2.810236364178435916e-04 -4.399686627330278257e-05 9.999999595449949874e-01 -1.189523152105742554e-02
9.999997430822716860e-01 -5.615410718252407786e-04 -4.455412610264826369e-04 2.810491375029788158e-02 5.613866544289686797e-04 9.999997823451919343e-01 -3.466332253629582209e-04 -6.203765976757737860e-02 4.457358128451855838e-04 3.463830153887996846e-04 9.999998406691832376e-01 -3.017468918993912452e-02
9.999891749914456840e-01 4.646016252509075489e-03 -2.538363826960360618e-04 8.136216807623481914e-03 -4.646177818912718485e-03 9.999890018729368224e-01 -6.396599430202287414e-04 -7.118370318131959917e-02 2.508617204798948837e-04 6.408323876667890032e-04 9.999997632010960702e-01 -2.319112123508564050e-02
9.999820525677350913e-01 5.988278388605044501e-03 -1.872547995509333619e-04 -1.010003032014248833e-02 -5.988372392862658690e-03 9.999819417458354343e-01 -5.055475378631982784e-04 -6.545756246707704062e-02 1.842240586607708243e-04 5.066598160550677202e-04 9.999998546786529330e-01 -1.572990789846901924e-02
9.999853558085309846e-01 5.411636258298290793e-03 -4.859520017379515374e-05 -1.459809745761437780e-02 -5.411644109746157651e-03 9.999853436756108715e-01 -1.629171566609688101e-04 -7.744409848870542623e-02 4.771283955469228689e-05 1.631777507997155571e-04 9.999999855482532007e-01 -8.442983915278220661e-03
9.999906915448398825e-01 4.307009699009376087e-03 -2.578587319325261677e-04 2.092007144122363591e-02 -4.306987641967507767e-03 9.999907211847939292e-01 8.603352678919534886e-05 -8.579779406657157825e-02 2.582268865433243383e-04 -8.492213157816216830e-05 9.999999630535526540e-01 -1.388387483779095558e-02
9.999882786640478249e-01 4.829837989804070322e-03 -3.394105284442651307e-04 3.665455540953389824e-02 -4.829862834455415227e-03 9.999883335222693459e-01 -7.241791797931011493e-05 -7.715066057984974746e-02 3.390568019074944694e-04 7.405637544152035838e-05 9.999999397780673371e-01 -1.879346749879506895e-02
9.999825249535142513e-01 5.886815553813698129e-03 -5.433141170040402821e-04 6.238838773069252386e-02 -5.886995766392439863e-03 9.999826168113158387e-01 -3.306902470599993238e-04 -7.237624033630325748e-02 5.413579599823423313e-04 3.338829561391835335e-04 9.999997977268448857e-01 -2.873830569284113387e-02
9.999321509937747487e-01 1.163784617469939241e-02 -5.039299324634394358e-04 1.016849084744906317e-01 -1.163795970749118176e-02 9.999322517983254555e-01 -2.229515129200504409e-04 -7.097882548760973964e-02 5.013011167049650314e-04 2.288011021308706486e-04 9.999998481736115385e-01 -3.624120681699994490e-02
9.999083376268930179e-01 1.352942689113185819e-02 -5.205307108385134364e-04 7.864075023242682316e-02 -1.352943161691799560e-02 9.999084730360208173e-01 -5.558452182759758683e-06 -2.452387877912094033e-02 5.204078655704580478e-04 1.260042733863726985e-05 9.999998645084321458e-01 -5.092253605734577138e-02
9.999342553888311835e-01 1.144672830182337335e-02 -6.762478598521139269e-04 7.339093874979424337e-02 -1.144683242228690910e-02 9.999344715719432619e-01 -1.502984850135213597e-04 -2.295797622525611384e-02 6.744831204707556855e-04 1.580294996257222109e-04 9.999997600495699190e-01 -5.909379266154085597e-02
9.999571860057100414e-01 9.207737842499345154e-03 -9.185419781856693326e-04 9.655276486711228401e-02 -9.207836866498456813e-03 9.999576016012049484e-01 -1.036349643157302448e-04 -2.035575891243446289e-02 9.175487898938322184e-04 1.120883119791242038e-04 9.999995727701229686e-01 -6.248519375408859156e-02
9.999976612779274410e-01 -1.923336069065955094e-03 -9.890485533853663608e-04 1.306906855121011124e-01 1.924052978452058405e-03 9.999978866246470588e-01 7.244076031707133998e-04 -6.342033462419419121e-03 9.876531838826471850e-04 -7.263088907976370965e-04 9.999992485080093640e-01 -5.172877316592130320e-02
9.997079544999337708e-01 -2.415114336862371133e-02 -8.532195184326430652e-04 1.755463547846738137e-01 2.415205147648988651e-02 9.997077234422407921e-01 1.070560324855477502e-03 3.325197145051192460e-02 8.271148864784376355e-04 -1.090854674259985127e-03 9.999990629580830515e-01 -3.359761643524882685e-02
9.986154159583072731e-01 -5.259644976900840208e-02 -9.297753024772764966e-04 2.089282631612072449e-01 5.259810696695529919e-02 9.986140327744497114e-01 1.858141394755418244e-03 5.680512794706958635e-02 8.307550238479483257e-04 -1.904473062647964350e-03 9.999978414118922965e-01 -3.174549975997503076e-02
9.979138598586774211e-01 -6.454630017793683283e-02 -1.305157191911617172e-03 2.255221590613393778e-01 6.455006753690609167e-02 9.979096968461994566e-01 3.086376728020084372e-03 1.730475095763681775e-02 1.103214818968176192e-03 -3.164186098520690993e-03 9.999943854059367698e-01 -5.914285437797973943e-02
9.974992273208210802e-01 -7.066550172398686214e-02 -1.295515519812219865e-03 2.529898002861664108e-01 7.066732287012578162e-02 9.974989311816551130e-01 1.418368719680958854e-03 -2.960859319623646707e-02 1.192045609136071962e-03 -1.506372315459607618e-03 9.999981549331543595e-01 -4.458429482961463741e-02
9.969062575422974470e-01 -7.859152951630055117e-02 -1.133649548585376589e-03 2.639218978611268529e-01 7.859041289297255539e-02 9.969064905135778254e-01 -9.980847729107475506e-04 -6.728397209263092815e-02 1.208583601842534412e-03 9.059029695731503785e-04 9.999988593320929819e-01 -9.969723323335899501e-03
9.968467365911948264e-01 -7.930936495383138218e-02 -2.570676585059011258e-03 3.155603385828846252e-01 7.929832841121638165e-02 9.968423182252053039e-01 -4.143393124651473594e-03 -1.833069772953780929e-01 2.891169083927658517e-03 3.926477558642182258e-03 9.999881118869912155e-01 -5.888923014743921436e-02
9.964913173021925363e-01 -8.342306839821769793e-02 -6.756197182382428848e-03 3.791129002333191722e-01 8.322462344274877966e-02 9.962000620189671585e-01 -2.567291347351841405e-02 -1.854337983613983942e-01 8.872237268784598577e-03 2.502055339980283413e-02 9.996475655516868786e-01 -1.005133840928844752e-01
9.960175508322666182e-01 -8.842925428290346335e-02 -1.137125415522886873e-02 3.869617713950128102e-01 8.764280451441802677e-02 9.945103748565398138e-01 -5.716513902329058844e-02 -7.524506246809631316e-02 1.636390084731373720e-02 5.594087315795343712e-02 9.982999756883624842e-01 -3.793728917640679099e-02
9.987513582678498869e-01 -4.845018968016697597e-02 -1.217799154544167706e-02 4.671883814362919884e-01 4.755788371422502853e-02 9.967397634988427457e-01 -6.517738531803300706e-02 -4.795210241714389920e-02 1.529614509441047307e-02 6.451684260894154088e-02 9.977993811207861441e-01 1.124225302044329182e-02
9.991630121040563361e-01 -3.984267258345262908e-02 -9.264808932580593723e-03 7.067353709656496452e-01 3.924718653929984424e-02 9.975790367011410087e-01 -5.740839558089856631e-02 -6.640686819496156856e-02 1.152968307885494405e-02 5.699672776424384579e-02 9.983077879252819642e-01 -1.666884079772665977e-02
9.983001442114854962e-01 -5.785143260437258100e-02 -7.073458344324446909e-03 7.692001625017914623e-01 5.746455038194094728e-02 9.972765741796348893e-01 -4.623050986018437808e-02 -3.336393268638178367e-02 9.728695530672475458e-03 4.574545155699057813e-02 9.989057543858271826e-01 -5.465986965444551843e-02
9.982330024550379877e-01 -5.939893439461836622e-02 1.624623766890154631e-03 7.224447990095708150e-01 5.942074711387265729e-02 9.977526937998471013e-01 -3.096347570247581782e-02 -5.307794060849597290e-03 2.182247220548143123e-04 3.100529967493361599e-02 9.995191962989196099e-01 -1.124217857016752975e-02
9.978754536533698261e-01 -6.512144010969470043e-02 1.943459318007093560e-03 7.432994153725789310e-01 6.513005354693371385e-02 9.978654399601867286e-01 -4.758135983400912060e-03 -5.232543398823608777e-03 -1.629454219931047131e-03 4.874604712428697896e-03 9.999867914666886737e-01 -2.983908585222247445e-02
9.955929751329288813e-01 -9.375317789236216337e-02 -2.229237772493754093e-03 8.645501312097214619e-01 9.376810028837993805e-02 9.955622816536700004e-01 7.955294893778570159e-03 2.594648089649712053e-02 1.473510865769803863e-03 -8.129267102374642534e-03 9.999658713086695405e-01 5.766963362654535519e-02
9.855085763605332394e-01 -1.671317395785807125e-01 -2.897977821296224971e-02 9.795392198200546519e-01 1.675162732624415896e-01 9.858036886539711663e-01 1.137478037094390333e-02 1.243965452536689581e-01 2.666728542799202961e-02 -1.606452805599020012e-02 9.995152759344102522e-01 7.726113859201730327e-02
9.730782103981614473e-01 -2.255031975845204761e-01 -4.761411899288112842e-02 1.047488668327828831e+00 2.265411640392262504e-01 9.738427101669192565e-01 1.759195414108480002e-02 1.090181461197892859e-01 4.240162077166267224e-02 -2.790490519436284247e-02 9.987108784938860673e-01 -8.754345071834701564e-03
9.626418506089507998e-01 -2.674177936184229387e-01 -4.252518209754072021e-02 1.159434064522728125e+00 2.684748476595950062e-01 9.630497728669642488e-01 2.136331329747052227e-02 9.289287709503644963e-02 3.524093685377420460e-02 -3.198216123314961273e-02 9.988669669843552867e-01 -3.880917973877295868e-02
9.571181283564998976e-01 -2.879429326584602711e-01 -3.183953365544056613e-02 1.334325038394086782e+00 2.888086402205132242e-01 9.570046262701712436e-01 2.705022424062231493e-02 1.321010229838974204e-01 2.268166010962768125e-02 -3.508579241709110924e-02 9.991268835664147696e-01 -1.012488776941507795e-01
9.531331168789454189e-01 -3.019362547846471956e-01 -1.928106727458711589e-02 1.412660181184191011e+00 3.022979004535088499e-01 9.530066254406477366e-01 1.985827907018873281e-02 1.555625526789412849e-01 1.237905044932724290e-02 -2.475620958163145605e-02 9.996168712047247551e-01 -1.021045509131698198e-01
9.500329859264337040e-01 -3.119671504103127546e-01 -1.066877296477818614e-02 1.383626731193204229e+00 3.119173963126004034e-01 9.500897112026814861e-01 -6.089215415255202872e-03 2.048999857508836120e-01 1.203592660632479654e-02 2.457179617880294979e-03 9.999245465229127383e-01 5.565903092286242360e-02
9.552208858025524885e-01 -2.949777040622995061e-01 -2.326399434150381793e-02 1.380800878013979993e+00 2.945695823350211739e-01 9.554323165724378786e-01 -1.943835414833267050e-02 2.358304276164867042e-01 2.796105308385612651e-02 1.171505677149297861e-02 9.995403628444838873e-01 2.100832455328290049e-01
9.599506055077343669e-01 -2.764450260310579721e-01 -4.553001831782967079e-02 1.653487867418345747e+00 2.763906711794578697e-01 9.610152354252993190e-01 -7.610135703476534480e-03 2.883901651476381556e-01 4.585882543527472488e-02 -5.278717945129627817e-03 9.989339834376207428e-01 1.406197538226850174e-01
9.551940650412618083e-01 -2.922167525143943845e-01 -4.704962975296319433e-02 1.889970982677027234e+00 2.933759627369888490e-01 9.557916082504444022e-01 1.982286775857664343e-02 3.300514254708215578e-01 3.917706724723909323e-02 -3.273791606028464418e-02 9.986958427138540317e-01 -5.012240320795013915e-02
9.453697024464077225e-01 -3.238077443918046527e-01 -3.774480584507374642e-02 1.998595206137608882e+00 3.250376319478111564e-01 9.451300027676621252e-01 3.286054908485628451e-02 3.294182797493478976e-01 2.503324817417592468e-02 -4.333384982078882647e-02 9.987469719331114604e-01 -1.914992252008805018e-01
9.238950576140959603e-01 -3.821345578214492833e-01 -1.977630488366786260e-02 1.968192465001883162e+00 3.825536348673414522e-01 9.235729150449252245e-01 2.580284955589438184e-02 3.928193667188863425e-01 8.404699044651239154e-03 -3.140462249454278876e-02 9.994714156592694465e-01 -4.517695486365769231e-02
8.991430867751790679e-01 -4.373924577481143605e-01 -1.515082207231094671e-02 1.969775336387311393e+00 4.376260670413159581e-01 8.989417510962822710e-01 1.967621868905328544e-02 4.448900237030503635e-01 5.013476872637009744e-03 -2.432213068408703785e-02 9.996916019496381312e-01 1.060776200124612656e-01
8.586112239773882049e-01 -5.124535828069743948e-01 -1.334509379310022670e-02 2.108176713491810350e+00 5.126132138750710832e-01 8.581035168449125949e-01 2.976654731512259552e-02 5.111323014257493913e-01 -3.802501902943376116e-03 -3.239876304256362333e-02 9.994677889419898431e-01 1.464143662097582288e-01
8.336355369998549314e-01 -5.522194973182308342e-01 -1.026733814403681978e-02 2.232298916157704927e+00 5.519847247142199986e-01 8.323504357619956329e-01 5.005612618833805982e-02 5.146244598760763012e-01 -1.909594546311716573e-02 -4.739597945413166757e-02 9.986936296975430505e-01 -3.589202101086264030e-03
8.114200626518094372e-01 -5.844616434364637847e-01 -1.438498412041001873e-03 2.362640481966456818e+00 5.835280114281709007e-01 8.099797829441357511e-01 5.854751147961019531e-02 5.515186326841792219e-01 -3.305362014693775247e-02 -4.834602955071370944e-02 9.982835867737500646e-01 -4.696433165704430590e-02
8.080022955281364050e-01 -5.891743073657286223e-01 2.434329759150598987e-03 2.423409621026694882e+00 5.883202987629868597e-01 8.070403559235395097e-01 5.064671730958213158e-02 6.123840216908547074e-01 -3.180434694648105742e-02 -3.949049823591585517e-02 9.987136647029453140e-01 6.019086935715595166e-03
8.049779479409582272e-01 -5.932120483242658837e-01 -1.048661297525203123e-02 2.552213694921447562e+00 5.932903114165727354e-01 8.047094134313750313e-01 2.119826205514408618e-02 7.118617098585015013e-01 -4.136388278449676902e-03 -2.328573936685691959e-02 9.997202931991271413e-01 5.254237272943262926e-02
8.076039796473997168e-01 -5.888530982947619563e-01 -3.205995455926137494e-02 2.572398764200614973e+00 5.891260678127558936e-01 8.080403333228849405e-01 -1.138396644947078234e-03 7.559999038489201295e-01 2.657608475984755622e-02 -1.796798130287678014e-02 9.994852992249244616e-01 5.968809553156730757e-02
8.334120187271021329e-01 -5.495286733658976130e-01 -5.867405039651878845e-02 2.667375125022990012e+00 5.493647499887978070e-01 8.353350730574204963e-01 -2.033930160796363143e-02 8.110620940699825310e-01 6.018952160436390891e-02 -1.528243661432130036e-02 9.980699718056680325e-01 1.105554281027411878e-01
8.331771897221447176e-01 -5.478112651080959683e-01 -7.562134848954220334e-02 2.906220627811473278e+00 5.486302208420064108e-01 8.359882044171074167e-01 -1.134031985051401833e-02 9.069652332795046235e-01 6.943091030341326519e-02 -3.203966129858634715e-02 9.970721181531009281e-01 1.623415797181259335e-01
8.342625127854164102e-01 -5.466182134537811432e-01 -7.221210758286690512e-02 2.966620312840491547e+00 5.484185304555730944e-01 8.361803997175761838e-01 6.281288172363064248e-03 9.557336301753597274e-01 5.694888246412480731e-02 -4.484270117590052895e-02 9.973695187528723860e-01 7.506180233323711537e-02
8.171347155820951613e-01 -5.717216415289143594e-01 -7.365610088819672663e-02 3.062408910671348572e+00 5.736336406656319387e-01 8.190897424602556764e-01 6.036563019196250490e-03 9.899899232184219411e-01 5.687972298861205395e-02 -4.718430251551569005e-02 9.972654304190349261e-01 3.483960002113202503e-02
7.935641470670244946e-01 -6.029090316745931988e-01 -8.219880786842623244e-02 3.034570260335777814e+00 6.043892087394840962e-01 7.966458252051212829e-01 -8.313455509697281753e-03 1.037641148958314385e+00 7.049559453644102525e-02 -4.308281221619442158e-02 9.965812773891037368e-01 7.524858671272993682e-02
7.694030631187962488e-01 -6.313619064927167290e-01 -9.695911248199280685e-02 3.122677893171851515e+00 6.333130855530073600e-01 7.737855818053182011e-01 -1.305408202572672788e-02 1.099646963296700752e+00 8.326741337848121705e-02 -5.136162400165380365e-02 9.952027539397033662e-01 1.575723654918695094e-01
7.449608047686320234e-01 -6.568396934654894270e-01 -1.165976691303647339e-01 3.228340505434225793e+00 6.616691700401553522e-01 7.497869358359184888e-01 3.668823811008525837e-03 1.167128221422958578e+00 8.501357995546471313e-02 -7.988221290090831428e-02 9.931724539500729199e-01 1.336811716563655050e-01
7.413443599869823375e-01 -6.607195059698093287e-01 -1.177211720401331735e-01 3.414317639827543882e+00 6.677980509354718430e-01 7.436761136657712434e-01 3.148969878801141653e-02 1.226065823204838034e+00 6.674056549263289451e-02 -1.019586798364214841e-01 9.925472908248441639e-01 4.594891335900715829e-02
7.235300785545288882e-01 -6.835050544170450104e-01 -9.656638138208184508e-02 3.547691837903034440e+00 6.892929521446581331e-01 7.229045430363323366e-01 4.779380484051801159e-02 1.314573258317891957e+00 3.714096862737015919e-02 -1.011427814714619677e-01 9.941783975754234781e-01 -1.440107650683716822e-02
7.173861084404872246e-01 -6.927975201686433770e-01 -7.340822477618981490e-02 3.593770954511838145e+00 6.963433723305467726e-01 7.163068314953833227e-01 4.483782961257350153e-02 1.362474502792279107e+00 2.151927572979833378e-02 -8.328336689413255722e-02 9.962935318322819755e-01 8.705235558916522842e-03
7.152725900891669930e-01 -6.958670013214414141e-01 -6.445338112961637722e-02 3.646043949339006218e+00 6.982841162642692279e-01 7.153480243575059960e-01 2.600955633688845081e-02 1.459043337440508736e+00 2.800740688038078074e-02 -6.361069501049460007e-02 9.975817082525715307e-01 7.306656273480008346e-02
7.139052970144090793e-01 -6.973137621380262052e-01 -6.397455765912579695e-02 3.739368897298930516e+00 6.991402628840174271e-01 7.149243869443246968e-01 9.274360719130059910e-03 1.538660915935966766e+00 3.926983205000315891e-02 -5.134820430349924802e-02 9.979084337781551906e-01 1.258314484850204806e-01
7.229812300420878080e-01 -6.879104664736814811e-01 -6.385398282638100886e-02 3.799597003071247592e+00 6.898627565332302591e-01 7.238227445851173059e-01 1.303884847834115707e-02 1.620404627208029913e+00 3.724940476306672077e-02 -5.347732731943623946e-02 9.978740688621822175e-01 1.400422527454263655e-01
7.305542889808911422e-01 -6.806692147839338292e-01 -5.458801056136396157e-02 3.993522362273070225e+00 6.826172005846454782e-01 7.300708855220373605e-01 3.209765690903744473e-02 1.706452989760164574e+00 1.800523028474269524e-02 -6.071179587601777117e-02 9.979929305981591892e-01 9.834407721958421389e-02
7.195372799560955102e-01 -6.935981463906285560e-01 -3.446322789391330355e-02 4.109539925623127310e+00 6.943649127688816813e-01 7.177646466642465528e-01 5.168442622698529720e-02 1.813784080379775787e+00 -1.111173563611609662e-02 -6.111892769374768775e-02 9.980686379246266338e-01 3.272848127974505722e-02
7.107890324150301087e-01 -7.031792249712481846e-01 -1.783056273200543315e-02 4.138016487872535620e+00 7.028519145570312210e-01 7.089963939666168447e-01 5.764806628022800528e-02 1.869288541492090339e+00 -2.789511788863447903e-02 -5.350785840574005803e-02 9.981777254010482103e-01 4.215986516112606164e-02
6.926384465129367118e-01 -7.210887912941289501e-01 -1.682074558745344853e-02 4.181061050276016822e+00 7.206471128658838987e-01 6.908572087070646850e-01 5.817263871915533124e-02 1.933660992092935071e+00 -3.032690439546599850e-02 -5.241442785584395081e-02 9.981648193671889269e-01 9.048939169603464894e-02
6.647749891897664076e-01 -7.462826898947922949e-01 -3.370994676856041428e-02 4.341037928788638034e+00 7.467384534030621079e-01 6.625367912878226129e-01 5.853787149563127734e-02 2.041073699768747307e+00 -2.135172023395007571e-02 -6.408702640495457514e-02 9.977158699196990721e-01 1.026553564683076181e-01
6.482639917074373148e-01 -7.604447149203340528e-01 -3.843998706128407689e-02 4.405073044476498723e+00 7.609313491080370584e-01 6.452251898589578261e-01 6.832229735667944004e-02 2.118842186837509800e+00 -2.715288198630947530e-02 -7.354107642130189304e-02 9.969224799745634025e-01 6.157011011888634255e-02
6.399179133626385907e-01 -7.681802723847702685e-01 -2.010306634487688676e-02 4.517759727946096149e+00 7.669872179297775316e-01 6.368770999131858623e-01 7.821871348027763238e-02 2.191534019715734694e+00 -4.728289003377842553e-02 -6.547235084392420690e-02 9.967335148298284153e-01 7.315967267574639832e-02
6.358884693101609642e-01 -7.717699724617470558e-01 -4.118762529549836043e-03 4.567821241539469668e+00 7.699332524501087960e-01 6.339880032983453706e-01 7.253963361759145634e-02 2.289421907552952273e+00 -5.337266500726442486e-02 -4.929828881585607281e-02 9.973570260191937376e-01 9.004328871739530893e-02
6.427991070725123102e-01 -7.659958966363102917e-01 7.719733357820883490e-03 4.648490471092608267e+00 7.647590383821605275e-01 6.422773637918509637e-01 5.121914850310954614e-02 2.377410546797567026e+00 -4.419186757282493605e-02 -2.701988706351943562e-02 9.986576012545543835e-01 9.103771417528565280e-02
6.499823657449539382e-01 -7.597502109080104260e-01 1.739371282465002749e-02 4.725846526927956148e+00 7.589309124083599700e-01 6.501258176147821644e-01 3.688212930031511960e-02 2.490331003365849227e+00 -3.932930728613324989e-02 -1.077210731214946551e-02 9.991682377319889286e-01 1.132131918628630773e-01
6.732527341706464608e-01 -7.389801097966792742e-01 2.528148050721845674e-02 4.783583474659281798e+00 7.375248938633640616e-01 6.735829482414976699e-01 4.840498703775675260e-02 2.562946984196857514e+00 -5.279949681183047916e-02 -1.394306864286943767e-02 9.985077886392462743e-01 1.186393233691100113e-01
6.916254969552149134e-01 -7.218681550069078190e-01 2.367569953295683288e-02 4.912702813730552620e+00 7.195342225386028856e-01 6.914918627584532018e-01 6.410543139713592575e-02 2.685734461827247177e+00 -6.264722306072617597e-02 -2.730147479106891442e-02 9.976622449090735145e-01 9.490043274321185995e-02
6.828306053496076000e-01 -7.303244094939381759e-01 1.919951289014956708e-02 5.061181123916995261e+00 7.281722839742629239e-01 6.824786159186888579e-01 6.315111768936537695e-02 2.800961449985640339e+00 -5.922405971895025600e-02 -2.914096276792016785e-02 9.978192797492765331e-01 4.876726992013126483e-02
6.620177338685278023e-01 -7.492887276473259028e-01 1.728938009966007883e-02 5.091244505156657496e+00 7.475060999940299489e-01 6.617678434097672424e-01 5.742779728059323185e-02 2.859332397796914726e+00 -5.447155693840806390e-02 -2.509430312714823474e-02 9.981999426143384202e-01 4.460360251891115624e-02
6.410802463361542358e-01 -7.672286843117058774e-01 1.939751857595405082e-02 5.074261153971620253e+00 7.654863306245515142e-01 6.410335568859983901e-01 5.573738936338222538e-02 2.936876048830900920e+00 -5.519778423574306370e-02 -2.088360398528258180e-02 9.982570208618871677e-01 1.174445690077875887e-01
6.130177022780195495e-01 -7.899528154568754568e-01 1.355898394176923219e-02 5.182949914905276678e+00 7.877266784618944806e-01 6.124307089039114915e-01 6.644777521364990391e-02 3.028429612031752871e+00 -6.079454525834281087e-02 -3.005288909918997151e-02 9.976977734382407315e-01 1.575618475024128662e-01
5.939955819277058513e-01 -8.044345195626562139e-01 7.372407094329881672e-03 5.257492326259174398e+00 8.009830765272557551e-01 5.922494881558304503e-01 8.755943636233184946e-02 3.102815386799769648e+00 -7.480213745140268378e-02 -4.610474503947752795e-02 9.961320157075297388e-01 1.050189794094227719e-01
5.954970579827982835e-01 -8.033574863181700554e-01 5.577080808054357686e-05 5.348279699741096849e+00 7.996507717309200292e-01 5.927560757336507447e-01 9.591078120308740851e-02 3.193481470712852488e+00 -7.708370258346260162e-02 -5.706999086554877948e-02 9.953899331109544724e-01 6.931347964598466582e-02
6.024203476355994846e-01 -7.980877767868702621e-01 -1.206753073309219451e-02 5.460159384900356905e+00 7.956899480251974355e-01 5.992800503526498623e-01 8.798254293315267704e-02 3.298867530424893335e+00 -6.298596166021554199e-02 -6.260448700146049872e-02 9.960489178956131173e-01 6.864888920540512807e-02
6.130741544314810554e-01 -7.898651964646725698e-01 -1.590762653411310901e-02 5.509318091427997111e+00 7.888041781338437364e-01 6.108832508420554142e-01 6.789420004119549323e-02 3.432375831336249572e+00 -4.390956304401030103e-02 -5.417218155535897389e-02 9.975656996001903698e-01 1.093575536458529784e-01
6.369422222029137437e-01 -7.706720769801825854e-01 -1.921341558041121667e-02 5.600963265045617590e+00 7.703284000096412010e-01 6.352935081234916126e-01 5.473860314927123799e-02 3.485335273631766650e+00 -2.997935479292882649e-02 -4.966596721295871847e-02 9.983158468075126191e-01 1.154791737282496733e-01
6.526227642869337764e-01 -7.575163573382381887e-01 -1.589011955550194422e-02 5.678935867609912869e+00 7.570527471602279679e-01 6.510812669843013545e-01 5.444558567293658613e-02 3.583740285548548954e+00 -3.089766255938165146e-02 -4.756208728729015289e-02 9.983902955764557552e-01 1.278524730747887528e-01
6.802842029294824400e-01 -7.329281473671983571e-01 -5.452892946415075631e-03 5.718790159394566253e+00 7.315839064908621348e-01 6.785451770307229236e-01 6.604112727622363233e-02 3.650799200086444429e+00 -4.470336685494913365e-02 -4.891598435308510545e-02 9.978020021359952363e-01 1.680791968828843075e-01
6.873584651038324722e-01 -7.263183183612530458e-01 2.021459500753768068e-04 5.842991202873635714e+00 7.241825737983297318e-01 6.853585570734125332e-01 7.644114110265975981e-02 3.784004615003757177e+00 -5.565914351596097653e-02 -5.239607484470120563e-02 9.970740750234849958e-01 1.278267147604026932e-01
6.852776595606697718e-01 -7.282817441846378692e-01 -4.799942003801578594e-04 5.936851902749237908e+00 7.262891284473218523e-01 6.833536853839743408e-01 7.437635761026305248e-02 3.859669169273063805e+00 -5.383893764071003007e-02 -5.131707083926235341e-02 9.972301274200443544e-01 5.113743456387870312e-02
6.759029524455704152e-01 -7.369855331307890722e-01 -2.742778023757854594e-03 5.985908428692171768e+00 7.359149507445130745e-01 6.747107534585363720e-01 5.652065496891584689e-02 3.919031534971637587e+00 -3.980432320818864944e-02 -4.022092892190452101e-02 9.983976626227633044e-01 5.452372666879935076e-02
6.656847391734305175e-01 -7.461751186079951248e-01 -9.301634369640668365e-03 6.064473941662805068e+00 7.460980629428123345e-01 6.652754643706813020e-01 2.731733843839438680e-02 4.010402992821730628e+00 -1.419536912465468523e-02 -2.512466669866608021e-02 9.995835345876280531e-01 1.284427688112063093e-01
6.289401327769621464e-01 -7.773563579805666812e-01 -1.230455564766344198e-02 6.098665457726063721e+00 7.774519169826121789e-01 6.288941102196254906e-01 7.791977356684447881e-03 4.124500952660047126e+00 1.681119436225903506e-03 -1.446688764920336934e-02 9.998939358747939155e-01 1.948641598769318695e-01
6.309561398826450951e-01 -7.758179479219973196e-01 9.280228947259275968e-04 6.103623354758933139e+00 7.756714453640691787e-01 6.308593791584353738e-01 1.871503605792457919e-02 4.143576539512835666e+00 -1.510491281695684578e-02 -1.108852604878960042e-02 9.998244276866100622e-01 2.056559493016017204e-01
6.345095747248261642e-01 -7.728556071445791265e-01 9.581758069597089492e-03 6.251989365144320132e+00 7.722619785406759085e-01 6.344342600166923418e-01 3.323561670125423084e-02 4.274076439255778403e+00 -3.176532831501614751e-02 -1.368868957410501914e-02 9.994016128137791499e-01 1.532152241671987380e-01
6.463381152712200928e-01 -7.630385572608699984e-01 4.381880977029949456e-03 6.361668120407941274e+00 7.624518655436396397e-01 6.460474028123684986e-01 3.591526205413210493e-02 4.375605128648689224e+00 -3.023563256607415817e-02 -1.987242946001303856e-02 9.993452321748906853e-01 7.746191261933754735e-02
6.643179467304269892e-01 -7.474494749508290292e-01 -9.736773591246267873e-04 6.432949968136202124e+00 7.473635635073904160e-01 6.642206403239834245e-01 1.608244101908999982e-02 4.487478557201749041e+00 -1.137407549669977071e-02 -1.141154517703690807e-02 9.998701950969774987e-01 6.709645387592315380e-02
6.762945894723246809e-01 -7.366240812504756263e-01 -3.254408141664195432e-03 6.484932374445896208e+00 7.366004430863672958e-01 6.763001054229866860e-01 -6.160734519882323998e-03 4.583850536123610375e+00 6.739101974833328589e-03 1.769272943838067283e-03 9.999757267943172323e-01 1.163729156799456349e-01
6.980772922412931125e-01 -7.160208118791523413e-01 -1.513609257266978949e-03 6.547363649191549229e+00 7.159934769099712826e-01 6.980665269413168783e-01 -7.514318762073823182e-03 4.658627953581651937e+00 6.437008578105432588e-03 4.161840939672737175e-03 9.999706215687330646e-01 1.792400455289329397e-01
7.037729378816173220e-01 -7.104138519823542941e-01 3.976281814826191675e-03 6.701303726457727983e+00 7.104235903881809255e-01 7.037716074059794380e-01 -1.961333518342079762e-03 4.780704638047351018e+00 -1.405035744531893610e-03 4.205177855653349436e-03 9.999901711285761330e-01 1.720791666063132275e-01
6.997452222646912690e-01 -7.143231562516823008e-01 9.952505230971846195e-03 6.771844472576477258e+00 7.143703431836438966e-01 6.997653142274686822e-01 -1.875575595675575691e-03 4.849701074978437276e+00 -5.624650871009932718e-03 8.422199639456603992e-03 9.999487136127593878e-01 1.162253824058718382e-01
6.935863418159091687e-01 -7.203420971762111158e-01 6.726773535861793434e-03 6.851207063395316155e+00 7.203628530013768128e-01 6.934950664608382498e-01 -1.191439508302857310e-02 4.925820796142906133e+00 3.917456080375255646e-03 1.310937947637480332e-02 9.999063944728040498e-01 1.191944987980111670e-01
6.865489621892819638e-01 -7.270750802252609057e-01 -3.514289721994892125e-03 6.880949050926161270e+00 7.270509423687584460e-01 6.865559228380631041e-01 -6.155649167699762947e-03 5.026567998876718235e+00 6.888375535648389759e-03 1.671086893552362323e-03 9.999748785599936740e-01 1.693347524069438725e-01
6.765768590352669865e-01 -7.363252145935028636e-01 -8.302540081476378342e-03 6.989017088756101614e+00 7.362598320321536161e-01 6.762339739652173387e-01 2.508131159239125607e-02 5.114457799447795772e+00 -1.285354246725172941e-02 -2.308226178349293001e-02 9.996509368959751729e-01 1.528901040344603501e-01
6.693185687286860031e-01 -7.428705414466676427e-01 -1.249048460701093245e-02 7.074648103034279600e+00 7.422300915277426636e-01 6.677996358178771574e-01 5.601908275069557297e-02 5.210655427923319927e+00 -3.327378526260420244e-02 -4.676542582127696246e-02 9.983515664143832735e-01 1.344221551062979303e-01
6.733516700930297638e-01 -7.391087433968740461e-01 -1.777058854460145804e-02 7.170572647434468649e+00 7.382336594429673715e-01 6.708619372528752400e-01 7.039407084949855786e-02 5.316156479722019768e+00 -4.010726179100830568e-02 -6.051881178289333224e-02 9.973609582152362929e-01 1.231462935975774914e-01
6.667300452560833701e-01 -7.448451797347196424e-01 -2.601355375134987991e-02 7.286943945551459301e+00 7.447189786954279134e-01 6.644278612265830386e-01 6.268380968565431810e-02 5.418043056358968990e+00 -2.940560360985598753e-02 -6.116596645048392317e-02 9.976943595232551365e-01 1.043247242176272016e-01
6.704917758469097766e-01 -7.416093562047058052e-01 -2.136214669219742984e-02 7.301954921300226609e+00 7.417444977120238869e-01 6.694371878287177502e-01 4.085280487207006150e-02 5.509372363639085890e+00 -1.599620691272315987e-02 -4.323672445525610086e-02 9.989367883018352989e-01 1.137173794599957433e-01
6.880025342539977107e-01 -7.255508945944288968e-01 -1.511331245294802311e-02 7.363726327336882704e+00 7.256532792263388210e-01 6.875447853152272248e-01 2.663618842663215483e-02 5.586745388590240502e+00 -8.934831175664636332e-03 -2.929278988184392737e-02 9.995309406180483691e-01 1.857356753457465870e-01
7.162319860145487382e-01 -6.976237202901768297e-01 -1.824519383696157279e-02 7.426663041928906139e+00 6.978257617164725923e-01 7.156823006682613286e-01 2.894910698120337078e-02 5.677938254521356143e+00 -7.137821409930382964e-03 -3.346624267343732695e-02 9.994143595660623935e-01 2.599086035190100175e-01
7.232188393252454439e-01 -6.899872384297426331e-01 -2.953169905614084351e-02 7.643116334098292164e+00 6.905273105774155651e-01 7.217649496927467379e-01 4.719524066840055654e-02 5.784873861665669637e+00 -1.124916849221994225e-02 -5.452493190389480493e-02 9.984490412680605553e-01 2.204960864930413100e-01
7.158479356471845190e-01 -6.976228066034324549e-01 -2.973470592446563268e-02 7.693645181317332771e+00 6.980108960650419636e-01 7.138186114790139314e-01 5.695418229287213530e-02 5.878627188791230473e+00 -1.850735000321809473e-02 -6.152568254739271270e-02 9.979338998064630761e-01 1.445542901124619861e-01
7.138713860678405076e-01 -6.998174954122440283e-01 -2.535975687016884389e-02 7.770696917980330021e+00 7.000923319471703543e-01 7.123839281829864589e-01 4.878386634278487899e-02 5.965394399622277355e+00 -1.607391994359701204e-02 -5.257957760872189468e-02 9.984873645250275098e-01 1.503792195451966185e-01
7.018089336286721380e-01 -7.119103049529815763e-01 -2.545463377734843297e-02 7.796793869701204471e+00 7.122875959232455312e-01 7.007567921365305263e-01 3.982836888955836041e-02 6.052607449613260471e+00 -1.051671873112046407e-02 -4.608292499692448474e-02 9.988822566503312572e-01 1.990518506783356123e-01
6.947757404632355360e-01 -7.182155388109777716e-01 -3.811968355351036397e-02 7.895879995334424528e+00 7.192107723829020971e-01 6.934342695809720958e-01 4.341403758109925459e-02 6.150897855803380665e+00 -4.747141471682980729e-03 -5.757910715841896288e-02 9.983296605163481940e-01 2.725687884532247973e-01
6.861902903503569462e-01 -7.262227155328224715e-01 -4.175467486433115383e-02 7.977235005446162930e+00 7.273196409075488589e-01 6.839991296526579667e-01 5.613671333913791694e-02 6.240885398471555767e+00 -1.220759513610412961e-02 -6.888946275403459718e-02 9.975496060559863043e-01 2.359546489643739586e-01
6.873082586948024986e-01 -7.257221719275078753e-01 -3.057264631560815266e-02 8.090668469858339762e+00 7.258500508200468326e-01 6.846256296743179481e-01 6.655412021489792718e-02 6.282266297441646330e+00 -2.736898343844672288e-02 -6.793435335575354062e-02 9.973143247641044207e-01 1.679392209278776082e-01
6.873638389852601005e-01 -7.260168705139992129e-01 -2.074744766240812707e-02 8.205548206579839743e+00 7.259089973047966327e-01 6.857479746814472144e-01 5.297020721347257127e-02 6.362225835578345645e+00 -2.422974385729771349e-02 -5.147056391134965242e-02 9.983805389545898912e-01 1.447255798060872456e-01
6.979401373699291034e-01 -7.159446621847773695e-01 -1.740130274346102929e-02 8.286176880905225417e+00 7.161498241227699513e-01 6.976262039925034131e-01 2.114495003389209316e-02 6.448189879051357210e+00 -2.999009331483814753e-03 -2.721984923057162165e-02 9.996249725526541452e-01 1.828823655586900299e-01
7.078185267275328707e-01 -7.062269330563436531e-01 -1.537700384000942333e-02 8.373240503636392162e+00 7.062139724447794586e-01 7.079619969833430559e-01 -7.185815967668551102e-03 6.554831894017178584e+00 1.596115111854747026e-02 -5.773201294581345802e-03 9.998559455250456418e-01 2.420616298855119974e-01
7.349111339076557226e-01 -6.779738623158566568e-01 -1.603331765678578033e-02 8.418147425717519283e+00 6.781082779226217383e-01 7.349474628576748714e-01 4.624959662849579579e-03 6.608815530801964044e+00 8.648044367368696791e-03 -1.427125977573132434e-02 9.998607615428428685e-01 2.492268579093891434e-01
