1.000000000000000000e+00 0.000000000000000000e+00 0.000000000000000000e+00 0.000000000000000000e+00 0.000000000000000000e+00 1.000000000000000000e+00 0.000000000000000000e+00 0.000000000000000000e+00 0.000000000000000000e+00 0.000000000000000000e+00 1.000000000000000000e+00 0.000000000000000000e+00
9.999985869211177603e-01 -1.657619456682655600e-03 -2.800955273911650352e-04 1.276326907141611851e-02 1.657780389611015950e-03 9.999984603886982182e-01 5.753124480458889339e-04 -4.905845392962745327e-02 2.791414470453728908e-04 -5.757759719565447038e-04 9.999997952810203428e-01 -1.389142266222603839e-02
9.999938537152848195e-01 -3.500404326115643533e-03 -1.992516181246421899e-04 1.467613637834371855e-02 3.500469352857286769e-03 9.999938198908508991e-01 3.269471122890975205e-04 -9.670137686020409407e-02 1.981059396416262413e-04 -3.276425769618111230e-04 9.999999267021865146e-01 -2.140003327862243995e-02
9.999945072194145190e-01 -3.302170196014556254e-03 -2.849613954150191121e-04 1.341154193498701047e-02 3.302281037982699244e-03 9.999944716455313465e-01 3.893819728367728947e-04 -1.049144155182962779e-01 2.836740145018484338e-04 -3.903208566596683225e-04 9.999998835893344484e-01 -1.877904804737118294e-02
9.999979811770308702e-01 -1.997447103655751802e-03 2.187394128312910918e-04 -2.121991859536890429e-02 1.997463412672686491e-03 9.999980023028073317e-01 -7.436605126705594796e-05 -6.664973574421895197e-02 -2.185904336024664381e-04 7.480282510920354300e-05 9.999999733113794642e-01 -1.193619816387702162e-03
9.999994796685521825e-01 -8.636062377312220218e-04 5.429980581317498962e-04 -5.859603986706331952e-02 8.636471491242887029e-04 9.999996242357060972e-01 -7.511357006230147881e-05 -2.199343960600181128e-02 -5.429329855448240122e-04 7.558248970323432547e-05 9.999998497555189214e-01 1.063915202959675108e-02
9.999982976737452622e-01 1.558037474628805189e-03 9.885185072642363371e-04 -9.527043213137827149e-02 -1.558108810429461059e-03 9.999987835988655149e-01 7.139834930066021065e-05 2.103020444368397177e-02 -9.884060635253655736e-04 -7.293844715281664422e-05 9.999995088665976084e-01 1.885774515189511322e-02
9.999993362540732234e-01 5.992892821708982205e-04 9.840445971809638585e-04 -4.937920798156139601e-02 -6.004357529931180198e-04 9.999991409181885338e-01 1.165178008437150288e-03 -8.122905060592808257e-03 -9.833454731138710492e-04 -1.165768090613680591e-03 9.999988370075434396e-01 2.285352865552191248e-02
9.999987171928096386e-01 -1.501866331377234819e-03 5.567856478929107244e-04 -4.434610893257890513e-02 1.501168983035790997e-03 9.999980910396170097e-01 1.250763289458696166e-03 -1.449144326058650692e-02 -5.586630642841277587e-04 -1.249925855625738701e-03 9.999990627900288143e-01 1.810848619494027922e-02
9.999969030564415107e-01 -2.416405646147750264e-03 5.957023410387574927e-04 -7.649852019601044439e-02 2.415988063078538476e-03 9.999968359925417438e-01 7.007186200863289860e-04 -1.030135188627223468e-02 -5.973936766620449633e-04 -6.992772402552146962e-04 9.999995770659787508e-01 1.694265195553656608e-02
9.999993786939483931e-01 -6.845399048926233566e-04 8.797822661405270027e-04 -7.524784408041404471e-02 6.841122361959412358e-04 9.999996477433076292e-01 4.863164699473347197e-04 -4.676532207098392860e-03 -8.801148592614214386e-04 -4.857142979825140351e-04 9.999994947395999256e-01 2.530050134899463482e-02
9.999998448590261546e-01 1.654154570188246410e-04 5.319019178482252549e-04 -3.583899542233080771e-02 -1.656071939609267895e-04 9.999999213248769170e-01 3.604504087856160951e-04 6.181889216842657853e-03 -5.318422519316744505e-04 -3.605384396490658879e-04 9.999997935779050273e-01 1.130435918378537921e-02
9.999999666039079971e-01 -2.508463037435684816e-04 6.219577727708547885e-05 -7.190623689712516420e-03 2.508143159992750606e-04 9.999998365596808325e-01 5.137828243392397265e-04 1.161829038968290040e-03 -6.232464763420020998e-05 -5.137672075895654807e-04 9.999998660794383598e-01 -3.874262355046601339e-03
9.999996264263293355e-01 -8.623396810683970444e-04 5.930831513596523778e-05 -8.308374686410810450e-03 8.623138136201251259e-04 9.999995336803145785e-01 4.348034500839439553e-04 -3.122665632399184397e-03 -5.968323574780321416e-05 -4.347521452734187837e-04 9.999999037142371927e-01 -7.394819868154748135e-03
9.999995571006959905e-01 -9.398610403815082018e-04 4.959472388148516970e-05 -1.030060178003121968e-02 9.398481343327247037e-04 9.999995246426406359e-01 2.596150557577926840e-04 -9.347956187625348565e-03 -4.983870238267140636e-05 -2.595683292657523645e-04 9.999999650701925091e-01 -3.318607803882592765e-03
9.999999438330943180e-01 -3.443732352353918525e-05 3.333884805400698132e-04 -1.689299518024125688e-02 3.447045109894782816e-05 9.999999944695847631e-01 -9.936105083506961960e-05 -1.504056291621025734e-02 -3.333850569676398141e-04 9.937253730558226602e-05 9.999999394897495231e-01 6.590732976547095112e-03
9.999999551352521943e-01 -2.670566294731910187e-04 1.356843772296732905e-04 1.307501775381386677e-02 2.670826465406120386e-04 9.999999459465129803e-01 -1.917650410366568924e-04 -3.000784099406751670e-02 -1.356331577699495237e-04 1.918012713757313913e-04 9.999999724079590147e-01 2.217993165962002522e-03
9.999997527950511556e-01 -6.477036563315953163e-04 -2.736600265715513343e-04 3.897629758408086009e-02 6.477289088525810604e-04 9.999997859733320560e-01 9.219843089811337431e-05 -3.554966718003838705e-02 2.736002507402070087e-04 -9.237566561661275330e-05 9.999999583048186924e-01 -1.138968967883806360e-02
9.999997633550562481e-01 -5.527170612981781089e-04 -4.096262706097438802e-04 2.914253690179766793e-02 5.525763814729426878e-04 9.999997883444415869e-01 -3.434682150498236369e-04 -6.212659981932295433e-02 4.098160246525384956e-04 3.432417839674373975e-04 9.999998571179415929e-01 -2.949021665447916843e-02
9.999900452668882833e-01 4.455206011019222610e-03 -2.459807435098520199e-04 1.563561587540299516e-02 -4.455340564419484582e-03 9.999899241109065917e-01 -5.491967938180715566e-04 -7.666416217293654800e-02 2.435314801781105539e-04 5.502872546951888743e-04 9.999998189381613667e-01 -2.315080996521077725e-02
9.999822173014326632e-01 5.961639255242508900e-03 -1.547200720411283077e-04 -5.402714174140498329e-03 -5.961708069195305326e-03 9.999821284257131015e-01 -4.481808543802246717e-04 -6.680881481574187097e-02 1.520454143749459081e-04 4.490952804171416510e-04 9.999998875978042268e-01 -1.647724546333240517e-02
9.999855427237803740e-01 5.377061567021701981e-03 -3.939962932456384247e-05 -1.018201454632227873e-02 -5.377067675892670089e-03 9.999855312021576070e-01 -1.566191162747130694e-04 -7.904130676087378626e-02 3.855690862851041237e-05 1.568287064621710946e-04 9.999999869590607826e-01 -9.521681157632001791e-03
9.999906914475190645e-01 4.309432025225422638e-03 -2.140418948399502050e-04 2.506996833343877809e-02 -4.309416396757833126e-03 9.999907117265157686e-01 7.342353738767154415e-05 -8.716802651971816696e-02 2.143563205037176333e-04 -7.250045826960402763e-05 9.999999743975254152e-01 -1.300125663441182265e-02
9.999874348005054481e-01 5.003103751450560695e-03 -3.149507217529009737e-04 3.746736261462010886e-02 -5.003127149989139606e-03 9.999874815762984648e-01 -7.354871358052653086e-05 -7.438573480755752976e-02 3.145788072214918346e-04 7.512352793317844820e-05 9.999999476983134628e-01 -1.902931847607790619e-02
9.999821292041062293e-01 5.964586382692198263e-03 -4.061794007982959752e-04 6.875354681262002554e-02 -5.964736173890584220e-03 9.999821428785409250e-01 -3.685734895889847197e-04 -7.262581591695908834e-02 4.039737591863779508e-04 3.709896558524112338e-04 9.999998495859272474e-01 -2.408282294989047209e-02
9.999325744442222330e-01 1.160279192870208864e-02 -4.709403456051050683e-04 1.076105209054913636e-01 -1.160286818255864064e-02 9.999326717366484596e-01 -1.595103329277306544e-04 -7.787417209963473641e-02 4.690578728060547983e-04 1.649638366067853802e-04 9.999998763858146678e-01 -3.331877624978688002e-02
9.999101617156825883e-01 1.339095278234953869e-02 -5.923523431157390372e-04 7.756765024617785775e-02 -1.339084628414377413e-02 9.999103217806848409e-01 1.833909535376552114e-04 -3.428001899127546687e-02 5.947550016119339819e-04 -1.754423788363147947e-04 9.999998077432113996e-01 -5.496479060204251949e-02
9.999348187502620222e-01 1.139317814680651693e-02 -7.441388282738200643e-04 7.463013988638651786e-02 -1.139329577555219138e-02 9.999350824365097479e-01 -1.540261705706392700e-04 -2.125594524645564934e-02 7.423356729936083243e-04 1.624943247209455872e-04 9.999997112666297872e-01 -6.490270327075885193e-02
9.999567361261595400e-01 9.265171818826687875e-03 -8.261156611825079283e-04 9.629684348572535579e-02 -9.265276078002768548e-03 9.999570689090557796e-01 -1.224663560645324891e-04 -1.657776741671198456e-02 8.249455233049637036e-04 1.301152473687717441e-04 9.999996512673922089e-01 -6.220687491338471042e-02
9.999981224560723359e-01 -1.785043984475593107e-03 -7.541235334816436160e-04 1.308033747951524717e-01 1.785531946595462962e-03 9.999981967082866019e-01 6.468816295639338377e-04 -2.706169108087495140e-03 7.529674614154039346e-04 -6.482269266759691515e-04 9.999995064208049289e-01 -4.673199804624194459e-02
9.997164019283564240e-01 -2.380527765877091945e-02 -6.515143971835999845e-04 1.690635298744403991e-01 2.380580680969256180e-02 9.997162679049192979e-01 8.168527401646954490e-04 4.773115036134666089e-02 6.318841353527633771e-04 -8.321309081758541167e-04 9.999994541401465709e-01 -2.810638853641591814e-02
9.986161437576412947e-01 -5.258300838711754688e-02 -9.081054884456314690e-04 1.929976969288953736e-01 5.258448017133174335e-02 9.986150643549864814e-01 1.680978404712521164e-03 7.406060135327835470e-02 8.184569192316886637e-04 -1.726404427304536549e-03 9.999981748263467862e-01 -3.069013411824063342e-02
9.978499525966202377e-01 -6.552337913080767684e-02 -1.469316236605213962e-03 2.156164478909594062e-01 6.552725472864324996e-02 9.978469459815302312e-01 2.766095273220305420e-03 2.599717400091794417e-02 1.284908810078438978e-03 -2.856428296573578461e-03 9.999950949013381996e-01 -6.059445170512590961e-02
9.974574774950217826e-01 -7.125231085183586499e-02 -1.299533586116711874e-03 2.567991992893945419e-01 7.125425491007042478e-02 9.974570322349485263e-01 1.516575833782668600e-03 -3.559213737851469467e-02 1.188169381358550412e-03 -1.605317203004128250e-03 9.999980056031106956e-01 -4.183511631907520928e-02
9.969222964676129894e-01 -7.839013178728228282e-02 -9.602312811545043840e-04 2.752284031283946941e-01 7.838914462907330127e-02 9.969223086988516780e-01 -1.025876636639435398e-03 -7.000663438113899351e-02 1.037694590437063854e-03 9.474475837152760089e-04 9.999990127660192130e-01 -3.510780393145458700e-03
9.968692709944492192e-01 -7.903788196494289375e-02 -2.160963093397514235e-03 3.094621236897605598e-01 7.903092905275514723e-02 9.968672406505844075e-01 -3.133172632995851522e-03 -1.823522179390062448e-01 2.401832644805446896e-03 2.952580597634412666e-03 9.999927567076477564e-01 -4.053458582792664883e-02
9.964445775310520892e-01 -8.400981444964113198e-02 -6.368279602843081137e-03 3.811755030698252278e-01 8.382531347373380071e-02 9.961629452602617230e-01 -2.515359440380296463e-02 -1.797552259457984303e-01 8.456992964014031777e-03 2.453033971508817440e-02 9.996633141730614236e-01 -8.815416366637836287e-02
9.959397800996475647e-01 -8.954596320016605659e-02 -9.245263090914114870e-03 3.847165364163404599e-01 8.886451808513215478e-02 9.943519235523576860e-01 -5.802886827453566931e-02 -7.559197884189852723e-02 1.438929604125691909e-02 5.697168245962812294e-02 9.982720949506483921e-01 -2.897468383894694077e-02
9.987474625814191098e-01 -4.896062140574138077e-02 -1.031327003139654620e-02 4.523744879174613209e-01 4.818831181625672644e-02 9.967125333522196540e-01 -6.513073362783143583e-02 -5.422575436424618978e-02 1.346820669116922074e-02 6.455217587474475216e-02 9.978234432996450076e-01 2.800616401870506880e-02
9.991719210672982410e-01 -3.982153568455020637e-02 -8.349697384267011982e-03 6.890996347800557587e-01 3.928718700878585518e-02 9.976254782277996780e-01 -5.656785419026130052e-02 -7.140475663374171167e-02 1.058248967027270761e-02 5.619297541933573198e-02 9.983638417059687020e-01 -6.812192613361994775e-04
9.982917540503745135e-01 -5.808973549270953635e-02 -6.257509521649085547e-03 7.668718286118261229e-01 5.773923207933779472e-02 9.972569582705854696e-01 -4.631134050951245945e-02 -2.155769800083458254e-02 8.930558432419376247e-03 4.587092555515619868e-02 9.989074548299249345e-01 -4.306230103978972434e-02
9.982066849599255942e-01 -5.986069870755605926e-02 3.329437775852465585e-04 7.388823865284703807e-01 5.984435938078168371e-02 9.977697751016411098e-01 -2.956566494980967033e-02 -7.646909977044508144e-03 1.437620123566385119e-03 2.953256920526478244e-02 9.995627847236593366e-01 -1.564292387231741577e-02
9.978178756719466858e-01 -6.601318805828038094e-02 1.321359869830931490e-03 7.534006708433356181e-01 6.601806330892370789e-02 9.978101345567300662e-01 -4.068254271684125165e-03 -1.882718318651922795e-02 -1.049907835208278503e-03 4.146610454605546142e-03 9.999908516157911542e-01 -2.857599177625695999e-02
9.955234144609039770e-01 -9.449673388081644698e-02 -1.870440044820290398e-03 8.650792134248451726e-01 9.450884510290133433e-02 9.954913412595559619e-01 8.066453654864387882e-03 2.311840011182447752e-02 1.099753344578075463e-03 -8.207116613551420151e-03 9.999657163020503337e-01 5.891493759478534653e-02
9.853614947181678074e-01 -1.698267074810696498e-01 -1.488671061441580214e-02 9.309224721295460414e-01 1.699584715345964780e-01 9.854181378143790360e-01 8.075371202944799445e-03 1.260873525723480715e-01 1.329822094875561002e-02 -1.048728242114170019e-02 9.998565768284055633e-01 1.530988031734678012e-01
9.733755087242270676e-01 -2.271970550986434356e-01 -3.035814833543187125e-02 9.634400889892817954e-01 2.275736472101967112e-01 9.737141339215465985e-01 9.540466281122806508e-03 1.402459530567615187e-01 2.739259227055788198e-02 -1.619517075909664150e-02 9.994935529220699832e-01 1.294776722265278401e-01
9.629758083529709189e-01 -2.666351575870360424e-01 -3.979051728086228923e-02 1.146426105131622020e+00 2.675402473069834475e-01 9.633516555603259812e-01 1.938565965081289269e-02 1.079937017953215839e-01 3.316336228219730897e-02 -2.931348610649181161e-02 9.990199752429499425e-01 2.429654415771774489e-02
9.574403487580375183e-01 -2.866289964952786762e-01 -3.393813398224848621e-02 1.355521858137865410e+00 2.876243551912993079e-01 9.572946874192768130e-01 2.931060797080888708e-02 1.244836402129889941e-01 2.408752521279063086e-02 -3.782459262092151969e-02 9.989940396830125913e-01 -1.075229864695443627e-01
9.534056096105687494e-01 -3.007412226457855664e-01 -2.392614813583202049e-02 1.441257867559884165e+00 3.012479346306995986e-01 9.533041944908405840e-01 2.146612789739496888e-02 1.496789058695844332e-01 1.635314782656450278e-02 -2.767362946358184819e-02 9.994832388732063366e-01 -1.513180105984963109e-01
9.498280106718460791e-01 -3.125778112547814569e-01 -1.103911474411049462e-02 1.379383865953424104e+00 3.125429975614671951e-01 9.498915176879179079e-01 -4.793672896291481696e-03 2.054515985801494971e-01 1.198435724000835104e-02 1.102966778346802955e-03 9.999275767003477089e-01 3.503445560710971574e-02
9.550132017708728993e-01 -2.957926095668411137e-01 -2.136624836007347886e-02 1.362451291382873464e+00 2.954526048657399317e-01 9.551935342774691140e-01 -1.769379418232533072e-02 2.298048733034783464e-01 2.564259583963736724e-02 1.058509329934530577e-02 9.996151324777197145e-01 2.081497590845273193e-01
9.600413245323929923e-01 -2.778978602419661659e-01 -3.306712057354219830e-02 1.603348581544375318e+00 2.778163990523405680e-01 9.606077639946912772e-01 -7.125459333278939822e-03 2.622463806815805709e-01 3.374468265785258297e-02 -2.345852948548244558e-03 9.994277329383374209e-01 1.965201610150638378e-01
9.554082558133364378e-01 -2.919304473622660878e-01 -4.440358799224949915e-02 1.902905997214803913e+00 2.928322000499979372e-01 9.560425032098737175e-01 1.523268427023196162e-02 3.489306681062753213e-01 3.800483308207312783e-02 -2.755623267186165307e-02 9.988975356378341219e-01 6.721108264199610050e-03
9.456965044699852108e-01 -3.227551781100914674e-01 -3.856444523617903047e-02 2.008985029702448522e+00 3.238668697674119690e-01 9.457140389172278283e-01 2.711470563960285268e-02 3.718228263412898804e-01 2.771952561479639615e-02 -3.813202850606309952e-02 9.988881700679528297e-01 -1.219702226933557510e-01
9.235604327392704649e-01 -3.824186711445730080e-01 -2.814404090514426374e-02 2.005331197851662584e+00 3.831370910790148909e-01 9.232890843511174506e-01 2.726235788749498817e-02 3.823642283768443062e-01 1.555945108164743726e-02 -3.596146101167351644e-02 9.992320435233968956e-01 -8.480164774100706904e-02
8.983146613083158316e-01 -4.389835574485363434e-01 -1.800570932658343559e-02 1.983190213496453635e+00 4.393206069168192895e-01 8.979895704947067347e-01 2.474137467825351933e-02 4.015750226311013971e-01 5.307882512204329176e-03 -3.013581876371992235e-02 9.995317197621478300e-01 5.448751266058497050e-02
8.577852829920846744e-01 -5.138572626559571033e-01 -1.245479417396559187e-02 2.096655439303750423e+00 5.139574624871737774e-01 8.571084410784408636e-01 3.482595276270767509e-02 4.755564355854378644e-01 -7.220459537630135108e-03 -3.627442415547956628e-02 9.993157814806358230e-01 9.239276601289038438e-02
8.335213140193455938e-01 -5.524660781070981352e-01 -4.842686901410092962e-03 2.209154950974330234e+00 5.519969142555397612e-01 8.323802631970989019e-01 4.942169657438343772e-02 5.124369459791279224e-01 -2.327285388227174484e-02 -4.386718569602956336e-02 9.987662610897929394e-01 1.300739658097245510e-02
8.116653053523158468e-01 -5.840942808397225905e-01 5.770890542987088326e-03 2.343154264343584092e+00 5.830317667902321643e-01 8.107132950427279328e-01 5.308401034608516839e-02 5.750709340701561922e-01 -3.568460453462098808e-02 -3.972183695764990724e-02 9.985733747040913544e-01 1.395181796263779417e-02
8.089235879386449390e-01 -5.878794346344118349e-01 6.356037318476151846e-03 2.400954443247965475e+00 5.869487272363203001e-01 8.081677342147292054e-01 4.853972568829224843e-02 6.455983781224865492e-01 -3.367225077319981053e-02 -3.553426104698484411e-02 9.988010291442993571e-01 6.580827847806228204e-02
8.050279836044720305e-01 -5.931667486395059141e-01 -9.118877242025483915e-03 2.536164837550400009e+00 5.932136843433329920e-01 8.047656510620664339e-01 2.120781880478838158e-02 7.210678498714548912e-01 -5.241213745538396418e-03 -2.248233037488430244e-02 9.997335017390325262e-01 6.489061641788770873e-02
8.073494773615257358e-01 -5.891857526365852360e-01 -3.235692034375005355e-02 2.564999501892708089e+00 5.894848893056151562e-01 8.077793222146837371e-01 -3.631566230367141296e-04 7.556964162723075473e-01 2.635121789249778024e-02 -1.878072129729703443e-02 9.994763117868954438e-01 5.210806531575570832e-02
8.330625192364087273e-01 -5.498191494043238592e-01 -6.087480588711485785e-02 2.676553226228646665e+00 5.496832843023526927e-01 8.351224421592495784e-01 -2.046444625563748065e-02 8.114945662077799327e-01 6.208966099172272268e-02 -1.641370007879803389e-02 9.979356013529411262e-01 9.783619593937087355e-02
8.332318517742092201e-01 -5.474721562813886777e-01 -7.745269062808105009e-02 2.925544532466188841e+00 5.482853694781963938e-01 8.362016784706194361e-01 -1.224363259316602406e-02 9.051927260839218725e-01 7.146911784176468441e-02 -3.226439244005105400e-02 9.969208464945420456e-01 1.741887759481666187e-01
8.340147194431438704e-01 -5.468247071074590071e-01 -7.349957448186793252e-02 2.992479138466518140e+00 5.485741859114885433e-01 8.360902546802357893e-01 4.410054453858183732e-03 9.482721538523072313e-01 5.904075121237496726e-02 -4.399801956429504057e-02 9.972854977240460661e-01 8.747202025020331395e-02
8.160502925040150624e-01 -5.731801441686544818e-01 -7.434004597060676900e-02 3.080532410954711420e+00 5.748762651403512836e-01 8.182384902930133208e-01 1.747221019465422520e-03 9.961368687518383780e-01 5.982641458747080254e-02 -4.416214820194836604e-02 9.972314198739413715e-01 -5.982865114871772222e-03
7.931609583527564622e-01 -6.041961702492407715e-01 -7.643743847806153124e-02 3.025340106813378505e+00 6.053285971545964150e-01 7.959128474707347634e-01 -1.000143479083380298e-02 1.036971034802025127e+00 6.688036791006235493e-02 -3.833701980041540752e-02 9.970242170083117861e-01 6.650582081279861335e-02
7.694816997062975394e-01 -6.324422081748832802e-01 -8.896497701896564914e-02 3.100875062436292406e+00 6.340058573483897675e-01 7.732183154006312398e-01 -1.303877206424643512e-02 1.097653103048009893e+00 7.703561945646149323e-02 -4.637122003880975174e-02 9.959494079957432744e-01 2.095584980013756871e-01
7.456778543599398290e-01 -6.575038028918617217e-01 -1.079503899941836043e-01 3.185998729563272569e+00 6.614136478285471687e-01 7.500211196296010518e-01 5.536927796229301757e-04 1.171276950930434602e+00 8.060101725965382324e-02 -7.181273767445109368e-02 9.941561279418889008e-01 2.008941376217349140e-01
7.419558188219157469e-01 -6.606749502542995645e-01 -1.140621454417699854e-01 3.398454942616878860e+00 6.672166915535001630e-01 7.442998704836927271e-01 2.897566755675955175e-02 1.232089550964895697e+00 6.575294235775427931e-02 -9.760283246113905797e-02 9.930509743547210055e-01 6.742634747393549954e-02
7.232781117755615607e-01 -6.834138491799034432e-01 -9.906706705806064828e-02 3.567364344880114224e+00 6.894085234710701782e-01 7.228762032000098925e-01 4.653904395856072601e-02 1.333016087620393364e+00 3.980779812821893388e-02 -1.019583522632947492e-01 9.939918679807883128e-01 -3.566888023950927356e-02
7.164020725289192981e-01 -6.933888104499857929e-01 -7.733064088071837927e-02 3.619109157656723585e+00 6.972594830187007764e-01 7.154335357533880835e-01 4.454289236118030848e-02 1.365797670925108509e+00 2.443939067904728202e-02 -8.583014308597664010e-02 9.960099912757289786e-01 -2.246388634401962070e-02
7.150472937375871307e-01 -6.961434002070525651e-01 -6.396666371412773611e-02 3.637494754758547000e+00 6.985788186019907808e-01 7.149917475841889303e-01 2.782867383032302036e-02 1.441600702483067042e+00 2.636288905260023019e-02 -6.458457427800466666e-02 9.975639482489978560e-01 5.349365384690576986e-02
7.141771622009867038e-01 -6.975635620361352318e-01 -5.793149324853105742e-02 3.705983652198716616e+00 6.991062168375127284e-01 7.149522350821615468e-01 9.684995103897486163e-03 1.544893484433335074e+00 3.466235089670717529e-02 -4.741706939996040426e-02 9.982735812190127733e-01 1.421782764827482781e-01
7.233547396173893862e-01 -6.879153753183230302e-01 -5.941680800673882629e-02 3.795435388901889251e+00 6.896346656829140942e-01 7.240410263852554706e-01 1.298537636732734202e-02 1.626932739810621475e+00 3.408736659635518834e-02 -5.036892406669508937e-02 9.981487979890018014e-01 1.645249657561957957e-01
7.300291406372543257e-01 -6.810190919175440616e-01 -5.718785066983952947e-02 4.015971933631666602e+00 6.830878513549940578e-01 7.297123118194425162e-01 3.018160549643668367e-02 1.711569529521707711e+00 2.117642915247679170e-02 -6.109777756128723092e-02 9.979071201396558788e-01 1.101311424546697615e-01
7.192971031360996248e-01 -6.935754685423299870e-01 -3.955688127624251704e-02 4.135730018109014416e+00 6.946683556140084148e-01 7.175294908453023757e-01 5.086556276903582419e-02 1.815842977416620707e+00 -6.895877648632940671e-03 -6.406636561854085754e-02 9.979218144062622642e-01 7.404655493967376989e-03
7.112442055664343066e-01 -7.026971829411696735e-01 -1.866411355291604582e-02 4.136044840747629792e+00 7.023818992708330544e-01 7.093613571522308092e-01 5.887386989015391120e-02 1.864024511636728221e+00 -2.813090160071622312e-02 -5.498303434414780061e-02 9.980909368937487258e-01 1.288356425347310374e-02
6.926457557803231690e-01 -7.210821434204873759e-01 -1.680474455684027174e-02 4.176832504043433758e+00 7.206737816402192243e-01 6.909243270858294039e-01 5.703397844600559263e-02 1.948589138587301983e+00 -2.951537660085946230e-02 -5.161508191516817057e-02 9.982307978934530368e-01 8.168464301333763777e-02
6.642709958031032258e-01 -7.468762216918116703e-01 -3.033073698605651125e-02 4.326189506572046817e+00 7.471363118482234889e-01 6.621569114353034191e-01 5.775427392231443496e-02 2.053446970783101566e+00 -2.305158676940842477e-02 -6.102568401766177847e-02 9.978699766189926823e-01 1.201268836290053932e-01
6.478008864825359758e-01 -7.610145934526401090e-01 -3.479655190609481225e-02 4.393222545654578148e+00 7.612821275226727691e-01 6.449770355357619112e-01 6.673938826550190884e-02 2.119652548176088835e+00 -2.834667153288953495e-02 -6.972382794721926347e-02 9.971635041603723604e-01 7.718921378686365020e-02
6.399106888925059078e-01 -7.682100493656658369e-01 -1.917368756186344642e-02 4.508704125671487262e+00 7.669719010385787072e-01 6.369351327766233917e-01 7.789569726303197106e-02 2.196035065062705183e+00 -4.762786220677376475e-02 -6.455196889659103876e-02 9.967771215538537843e-01 8.381494112795771778e-02
6.352561910314025173e-01 -7.722933520536261476e-01 -3.542616271679496776e-03 4.579554431596272401e+00 7.704776911357615887e-01 6.334343120345008460e-01 7.158980234282522059e-02 2.294380460757647899e+00 -5.304431372334349193e-02 -4.820737195857772300e-02 9.974278671014094044e-01 8.616209520213351236e-02
6.422156256350519676e-01 -7.664541256108569067e-01 1.035198165936527734e-02 4.634055792244065053e+00 7.651838987928866187e-01 6.418325988443158714e-01 5.044319665593229030e-02 2.385517256491274996e+00 -4.530663547755818532e-02 -2.447423941307593984e-02 9.986732801005817617e-01 1.079786023474151174e-01
6.490342729638038932e-01 -7.604057338208117800e-01 2.318690343231318007e-02 4.709137204724895831e+00 7.594622108948719807e-01 6.494057246841292708e-01 3.859216203005526313e-02 2.486386078476621631e+00 -4.440340911483810216e-02 -7.438058880767775549e-03 9.989859921635870776e-01 1.373628281784354255e-01
6.733503043406501298e-01 -7.387389950985799869e-01 2.939497856937421660e-02 4.778814154103458556e+00 7.371007014576128613e-01 6.738757840095970231e-01 5.073444230644620634e-02 2.561204573698736109e+00 -5.728807515573330900e-02 -1.249499284478147731e-02 9.982794957319116591e-01 1.238416969479937263e-01
6.904297822001539409e-01 -7.230324890310042552e-01 2.303770076805970388e-02 4.936183731740392489e+00 7.206657502329916198e-01 6.902378039539820431e-01 6.490493381788153826e-02 2.672286806098262968e+00 -6.282986783502997330e-02 -2.820981741193844677e-02 9.976254878006163285e-01 8.098892605515380094e-02
6.823852383494497520e-01 -7.308152376627707891e-01 1.610822406947972837e-02 5.086294755951079161e+00 7.287634634074080520e-01 6.818586677207831848e-01 6.302834010568561518e-02 2.778098617324045616e+00 -5.704560355718987785e-02 -3.127052372357185667e-02 9.978817332033137477e-01 3.392770420320920938e-02
6.618260041715857689e-01 -7.494736408110239667e-01 1.660126295617960976e-02 5.105302952274970885e+00 7.477027688793097537e-01 6.615365899506082670e-01 5.753181351855861381e-02 2.844309601656691111e+00 -5.410092062511942523e-02 -2.566323997450345451e-02 9.982056343767679030e-01 5.722665319369468762e-02
6.416071835677495949e-01 -7.667946659408467758e-01 1.913536722734462958e-02 5.095546164432534830e+00 7.651502400022075490e-01 6.415798238216467997e-01 5.404109445180358545e-02 2.948497476295879771e+00 -5.371528850173075409e-02 -2.003172358160731220e-02 9.983553464731512728e-01 1.135419925660211549e-01
6.129901205143686305e-01 -7.900307902641801050e-01 9.719186505832009410e-03 5.203774964360775357e+00 7.881331891301917025e-01 6.122905853454154723e-01 6.281970462237315700e-02 3.059751665431636347e+00 -5.558046728171296691e-02 -3.084784485055305780e-02 9.979775659426531886e-01 1.285690053826131496e-01
5.951314841987895843e-01 -8.036108749853649869e-01 5.298879183552124283e-03 5.277751861656578392e+00 8.002275365433662024e-01 5.932060785877757425e-01 8.799112503115878725e-02 3.112783026623368698e+00 -7.385395231862151855e-02 -4.812597980061995850e-02 9.961071648146845314e-01 8.948315752848527704e-02
5.955146238176003415e-01 -8.033388029920957019e-01 3.016691334673457514e-03 5.351751276169651739e+00 7.992581918155622356e-01 5.928595859170859850e-01 9.850814282047705428e-02 3.179168156523322963e+00 -8.092388791389060199e-02 -5.625192435329008644e-02 9.951316723788122820e-01 6.902920205106158336e-02
6.011930153243321140e-01 -7.990614494980043947e-01 -8.231540037294270834e-03 5.453758681919152806e+00 7.964615160575412300e-01 5.983363080057331196e-01 8.742262842875164752e-02 3.296770779927729045e+00 -6.493082291608769097e-02 -5.911397845025163217e-02 9.961373026783119089e-01 9.142622059173263760e-02
6.128843242567799665e-01 -7.899701482023318011e-01 -1.788770609933308664e-02 5.510462890181019979e+00 7.889601402027035526e-01 6.105334397914760070e-01 6.921572124682706662e-02 3.424629692324233865e+00 -4.375731083648246728e-02 -5.653391765634183802e-02 9.974413335644284340e-01 1.033479600930856113e-01
6.380021413767762439e-01 -7.697609952215055396e-01 -2.052505381833178572e-02 5.607043318063199777e+00 7.694769629422656410e-01 6.362994026830959271e-01 5.502975237344412407e-02 3.479997192162308295e+00 -2.929967746913243742e-02 -5.090265593004758560e-02 9.982737342630386701e-01 1.142860975539630730e-01
6.527130240715981468e-01 -7.574242455414966768e-01 -1.655960365479880458e-02 5.688632439299365906e+00 7.570208885517931696e-01 6.511954195587170702e-01 5.351541686280891774e-02 3.579219580982620386e+00 -2.975033619243895588e-02 -4.746617544779752063e-02 9.984297069322385365e-01 1.092374620270221280e-01
6.799028091469657697e-01 -7.332613936611488414e-01 -7.739423762433850912e-03 5.738656930533552192e+00 7.320478337518517842e-01 6.780848824127576613e-01 6.562668163557940082e-02 3.660604972928906520e+00 -4.287352578556900828e-02 -5.028539359880133952e-02 9.978142311960317423e-01 1.451903574994506951e-01
6.867162261290238323e-01 -7.269255917571376679e-01 -9.391297339524096177e-05 5.858459114249709110e+00 7.248314022258383060e-01 6.847280643150335244e-01 7.594021521376116690e-02 3.784345879599924078e+00 -5.513858103394073118e-02 -5.221744907521321671e-02 9.971123682382246889e-01 1.214138764665421699e-01
6.852802893053697719e-01 -7.282749779336364915e-01 2.545899705390111678e-03 5.927659107674835504e+00 7.262280431527928792e-01 6.836080435902454067e-01 7.261454452919526015e-02 3.866872666176425000e+00 -5.462375333143944939e-02 -4.791241232163585828e-02 9.973568299848893925e-01 8.550600817197220871e-02
6.752884986682832213e-01 -7.375524276579268346e-01 1.363826321309598993e-03 5.972655700067103446e+00 7.363984141075745615e-01 6.743330572794701272e-01 5.470195206729018544e-02 3.924115280514805182e+00 -4.126523071770434037e-02 -3.593527954561423488e-02 9.985017959011356359e-01 8.338264726974228824e-02
6.655113042094378262e-01 -7.463657618723298359e-01 -5.731795023344689495e-03 6.041265423962977721e+00 7.461668278948883071e-01 6.651078457256376364e-01 2.943838486536545090e-02 3.995880175249665989e+00 -1.815954070821163696e-02 -2.386845321628154604e-02 9.995501628344267697e-01 1.311408434031121617e-01
6.285394495936629244e-01 -7.776802165469243189e-01 -1.231426392538045866e-02 6.090859474541915120e+00 7.777775044955435035e-01 6.284490997918636968e-01 1.067157305558825986e-02 4.103691949106138104e+00 -5.601831662614331284e-04 -1.628526212023992045e-02 9.998672294022318274e-01 1.593117689260320213e-01
6.304723641758407382e-01 -7.762093833341092708e-01 1.895055304711474459e-03 6.103948181710595833e+00 7.760753642394118135e-01 6.304055064174093337e-01 1.720251432999958877e-02 4.159109035208961025e+00 -1.454740633894079441e-02 -9.375004143545830754e-03 9.998502299175203722e-01 1.966057908910224528e-01
6.346771167655633761e-01 -7.727101771433108057e-01 1.019507691510423801e-02 6.272114828268250619e+00 7.721127814495424291e-01 6.346231067918832736e-01 3.309629961293591993e-02 4.274586492463976484e+00 -3.204387892254546150e-02 -1.313371481993424843e-02 9.994001677799668748e-01 1.597142565660810976e-01
6.473300816765288346e-01 -7.621960594653915955e-01 4.575182191737437246e-03 6.371652351353128907e+00 7.616859964526443427e-01 6.470960728592136668e-01 3.318305739568695734e-02 4.382944434101220921e+00 -2.825257801689522869e-02 -1.799553904756105369e-02 9.994388187426916925e-01 9.063387726258473331e-02
6.643638287014490551e-01 -7.474059689415708529e-01 -2.240692674929650220e-03 6.440082986130888365e+00 7.473269707799332640e-01 6.642431334930656295e-01 1.683622143482160077e-02 4.484838904352437261e+00 -1.109512767121744597e-02 -1.285990660250744405e-02 9.998557500680456123e-01 7.194081344616817808e-02
6.770340881060210592e-01 -7.359379085106221297e-01 -4.498706420700569752e-03 6.487300313707578425e+00 7.359481290528013808e-01 6.770371233451826232e-01 1.041612289323494119e-03 4.555421623477127646e+00 2.279229284161922962e-03 -4.016021599934566262e-03 9.999893382853534129e-01 1.140428692184829451e-01
6.988988000344582563e-01 -7.152172892762730383e-01 -2.167124983541646004e-03 6.542594711481069858e+00 7.151949790182797750e-01 6.988962154641035207e-01 -6.342081440320032452e-03 4.660582388936356679e+00 6.050561745550019598e-03 2.882556201226421470e-03 9.999775405339411671e-01 1.718311290786946888e-01
7.029767987905438664e-01 -7.111847405148586931e-01 6.315474725808411377e-03 6.683327828426822492e+00 7.112113978010953241e-01 7.029652305665168299e-01 -4.269924165124834407e-03 4.785751572544135080e+00 -1.402854237372490407e-03 7.493295228197531695e-03 9.999709408410885070e-01 1.817223416891679821e-01
6.985267539882042964e-01 -7.154353449638898299e-01 1.458221996482745274e-02 6.743308070295881862e+00 7.155575024182802002e-01 6.985310657108956267e-01 -5.640121427197100287e-03 4.856615037651349276e+00 -6.150991433556634788e-03 1.437419261038522071e-02 9.998777664750746474e-01 1.503418624245831670e-01
6.927972649149654050e-01 -7.210728525664105160e-01 9.267740721612292495e-03 6.831156382610575228e+00 7.211304274130265757e-01 6.927080273364112362e-01 -1.124702284177299047e-02 4.924037736494515372e+00 1.690084450263444702e-03 1.447515649094585286e-02 9.998938010904525608e-01 1.425802845238443584e-01
6.872666080249507647e-01 -7.264045206081399808e-01 -1.040160534141182066e-03 6.881501726822765619e+00 7.263941247134899637e-01 6.872632935707435609e-01 -4.554216948794870615e-03 5.028141084400804317e+00 4.023067933970977776e-03 2.374394733848991714e-03 9.999890885274931307e-01 1.832582978896310222e-01
6.776353614235488543e-01 -7.353622699135173857e-01 -7.255958655861921916e-03 7.014139140100193792e+00 7.353049244255036587e-01 6.773595222789539072e-01 2.259968348521094669e-02 5.137415675458363751e+00 -1.170406185820128085e-02 -2.064968681764186090e-02 9.997182629973070389e-01 1.693500445477988947e-01
6.699477847159450716e-01 -7.423415415019961605e-01 -9.949950484190948560e-03 7.087885465172656829e+00 7.417031359680851255e-01 6.686674358478416069e-01 5.253873172984682011e-02 5.232987868191747438e+00 -3.234847522381737589e-02 -4.257811641104779915e-02 9.985693166493657680e-01 1.458176441561863657e-01
6.737429084161188353e-01 -7.388289078933872878e-01 -1.422456396709127248e-02 7.169180245094303849e+00 7.377044319467579436e-01 6.713439898918036608e-01 7.134015925315095874e-02 5.295600312263482046e+00 -4.315859642180761707e-02 -5.855845026312040541e-02 9.973506121007201797e-01 1.337751171691218821e-01
6.663820816965968508e-01 -7.451866619658069624e-01 -2.513483682000476616e-02 7.294594294462800832e+00 7.449376174515689453e-01 6.639705838403500149e-01 6.489229461411183397e-02 5.400804331502747857e+00 -3.166808013268121447e-02 -6.196694782674902480e-02 9.975756763663331528e-01 1.007997355699967179e-01
6.708272760483877661e-01 -7.413010851100888532e-01 -2.152828195897421928e-02 7.307445654901532528e+00 7.414068747699728013e-01 6.696722275185589268e-01 4.306917382715273745e-02 5.492048579721456214e+00 -1.751033275874949377e-02 -4.485319280649324725e-02 9.988401170065914769e-01 1.156862213765394026e-01
6.879483905580672243e-01 -7.255896633750311686e-01 -1.570516895400282664e-02 7.374936176777332264e+00 7.257135642569438883e-01 6.874999035026867489e-01 2.614775969904582775e-02 5.602970387553119380e+00 -8.175242017671537076e-03 -2.938576334052456218e-02 9.995347129193898894e-01 1.913356132942347632e-01
7.163959408120320616e-01 -6.974727562250725432e-01 -1.756730804204543334e-02 7.447711860121566829e+00 6.976803981083107287e-01 7.159979261584933363e-01 2.426997800093371946e-02 5.703355694567466827e+00 -4.349492323541160818e-03 -2.964328019193182215e-02 9.995510781625870367e-01 2.775587008743561901e-01
7.233355949201119017e-01 -6.900561947766882254e-01 -2.465897751094061827e-02 7.629408118437777553e+00 6.903906670170546489e-01 7.221375882355461906e-01 4.333624987346289259e-02 5.796136762249008534e+00 -1.209727313546830538e-02 -4.837098001556475180e-02 9.987561785916618806e-01 2.748470258418201362e-01
7.163858080819651697e-01 -6.971786750599423543e-01 -2.707894053343248147e-02 7.684723339071399373e+00 6.973905777975776266e-01 7.143602354609150940e-01 5.775669650687084711e-02 5.876695537589709417e+00 -2.092261881100446197e-02 -6.026067568397620866e-02 9.979633735704933617e-01 1.559128080650208914e-01
7.133467381474796198e-01 -7.003215229641912565e-01 -2.619533636865244847e-02 7.766436645814422945e+00 7.005972528086841233e-01 7.117068578967313819e-01 5.135014877959567098e-02 5.947249842804718689e+00 -1.731821385928263707e-02 -5.498284183158966970e-02 9.983371006693313454e-01 1.130250336212203222e-01
7.010868106556532586e-01 -7.126029026647475728e-01 -2.596896298392824959e-02 7.796727773665647732e+00 7.130142740155418490e-01 7.000822499297120194e-01 3.867154488046836702e-02 6.063520693726998978e+00 -9.377045098221910291e-03 -4.562835135229660610e-02 9.989144731047284731e-01 1.776490232107307554e-01
6.954679934813772224e-01 -7.177503629056892764e-01 -3.403948577370633638e-02 7.886495747735600581e+00 7.185228781066398396e-01 6.941919801412672619e-01 4.268920642149689332e-02 6.161473067443691498e+00 -7.010255368945573703e-03 -5.414712602066427266e-02 9.985083600367923307e-01 2.890480308763581641e-01
6.872205722916380211e-01 -7.254207557774685622e-01 -3.863433843616125712e-02 7.993709801740822130e+00 7.262749448173837497e-01 6.849202616953472544e-01 5.838612548956396281e-02 6.229857064116419707e+00 -1.589306608743542432e-02 -6.818329858860869286e-02 9.975462135880808212e-01 2.605868999320878898e-01
6.881044483725821115e-01 -7.249662947594424089e-01 -3.059639836042508249e-02 8.121737736068679325e+00 7.250200677885052514e-01 6.852295978148745803e-01 6.932748071592062522e-02 6.280932217478317092e+00 -2.929452907652989324e-02 -6.988755068844890173e-02 9.971246465838430328e-01 1.667640572849196645e-01
6.877618884783858189e-01 -7.256396856372592241e-01 -2.075165981082450692e-02 8.215505748996728030e+00 7.255384713439877453e-01 6.861577068082189701e-01 5.274019328288202801e-02 6.381668382574869902e+00 -2.403146596597917004e-02 -5.132882246794609471e-02 9.983926284922080008e-01 1.304240539176241276e-01
6.966829795372996292e-01 -7.172135572641408219e-01 -1.541231000037347754e-02 8.252649587605823456e+00 7.173657102695188970e-01 6.963776966241856936e-01 2.108414982640292520e-02 6.451973487041130717e+00 -4.389049161166571310e-03 -2.574523103238115715e-02 9.996589014891780201e-01 1.816793414872355239e-01
7.068992595230854104e-01 -7.071966198360253308e-01 -1.289875103310015279e-02 8.349918990024262300e+00 7.071656362698295339e-01 7.070070123104930104e-01 -7.605749330450310534e-03 6.548789859647698108e+00 1.449826764826359603e-02 -3.745054911594860626e-03 9.998878811141319600e-01 2.644951781154424308e-01
7.349545119607339139e-01 -6.779582790532006076e-01 -1.464367480457755798e-02 8.412927941242591245e+00 6.780618695888747105e-01 7.349979080105893958e-01 3.190020328628614781e-03 6.618995866997063438e+00 8.600369654810103778e-03 -1.227383734941541946e-02 9.998876869721522453e-01 2.725235153992290327e-01
