1.000000000000000000e+00 0.000000000000000000e+00 0.000000000000000000e+00 0.000000000000000000e+00 0.000000000000000000e+00 1.000000000000000000e+00 0.000000000000000000e+00 0.000000000000000000e+00 0.000000000000000000e+00 0.000000000000000000e+00 1.000000000000000000e+00 0.000000000000000000e+00
9.999984190850336185e-01 -1.743797149227345163e-03 -3.478490128072041459e-04 1.439313373576180458e-02 1.744023657215549488e-03 9.999982666825353306e-01 6.519305238973129024e-04 -4.854362909645513341e-02 3.467115752853687483e-04 -6.525361501580654536e-04 9.999997269937909161e-01 -1.332317086311215516e-02
9.999928670009785581e-01 -3.754515917877879541e-03 -4.117734639896815179e-04 1.479338258149732327e-02 3.754671815903962671e-03 9.999928795693043826e-01 3.784841416758024952e-04 -9.876255645920076209e-02 4.103495072506827663e-04 -3.800275161685694875e-04 9.999998435961722221e-01 -2.342590600827459957e-02
9.999944981554742540e-01 -3.300838204313626296e-03 -3.288250753788456724e-04 1.340031922945858836e-02 3.300899918828231749e-03 9.999945344712253270e-01 1.873163187815767450e-04 -1.073022507438575190e-01 3.282049773146087073e-04 -1.884007068609404117e-04 9.999999283933307392e-01 -1.853128660201143127e-02
9.999982845964330291e-01 -1.810717446487674189e-03 3.900083592778860438e-04 -2.164882406608739651e-02 1.810827473628506519e-03 9.999983207035477717e-01 -2.819467062511040270e-04 -6.457603417743112972e-02 -3.894971785182433071e-04 2.826524604506435866e-04 9.999998841997606025e-01 3.960048324829424510e-03
9.999996083147452142e-01 -7.334957109436569421e-04 4.953326136929342731e-04 -5.680422740315854702e-02 7.335728015096222793e-04 9.999997188499419876e-01 -1.554701962854476130e-04 -1.851707539695551449e-02 -4.952184377079862443e-04 1.558334979231699774e-04 9.999998652373008889e-01 1.208526756465931433e-02
9.999985475001468282e-01 1.491049596265053108e-03 8.256928593496985465e-04 -9.423275744413776855e-02 -1.491187058122821164e-03 9.999988744201961932e-01 1.658900189655206135e-04 2.172627632640643236e-02 -8.254445797206889273e-04 -1.671210405161391375e-04 9.999996453558389620e-01 1.604543754189043797e-02
9.999992962176700306e-01 7.968820179122388086e-04 8.789443748719132348e-04 -5.520405978357703636e-02 -7.977852609748771993e-04 9.999991536094081646e-01 1.027773878230950040e-03 3.167665664466357001e-05 -8.781246164196213847e-04 -1.028474363769344866e-03 9.999990855684024460e-01 1.849950677153934520e-02
9.999990147055023426e-01 -1.297808900495733874e-03 5.350514762348799113e-04 -4.864959813205901873e-02 1.297246434907901305e-03 9.999986070659098170e-01 1.050246603002351949e-03 -5.962390912465944520e-03 -5.364137503325304987e-04 -1.049551474580114920e-03 9.999993053507540974e-01 1.636455067195238117e-02
9.999967707597847699e-01 -2.453573583554581085e-03 6.621530582546375108e-04 -7.668486676189867346e-02 2.453205632575019245e-03 9.999968363569844421e-01 5.559299837502686744e-04 -4.191026083488291407e-03 -6.635149785611751559e-04 -5.543037909066712322e-04 9.999996262475204789e-01 1.889335046332507248e-02
9.999990817341786187e-01 -9.686857829289701903e-04 9.477228780598155209e-04 -7.715957825392652514e-02 9.681365483327862695e-04 9.999993632611408056e-01 5.798180203599642138e-04 -1.018656754405549737e-02 -9.482839360808399719e-04 -5.788999627769525784e-04 9.999993828160144149e-01 2.820892304698606121e-02
9.999998876114850610e-01 -1.646897345997100359e-05 4.738204197067483734e-04 -3.787052491037062874e-02 1.624888093454460159e-05 9.999998919849271140e-01 4.645063056861278329e-04 1.919187993796468011e-03 -4.738280184690215366e-04 -4.644985544293697482e-04 9.999997798640266611e-01 1.059870987810535362e-02
9.999999803870709414e-01 -1.879308966021684573e-04 -6.251268473423728805e-05 -7.412576088559169260e-03 1.879546735351292775e-04 9.999999099214418319e-01 3.805655646450414702e-04 8.091757980368697450e-03 6.244115907540511822e-05 -3.805773067322871378e-04 9.999999256310048157e-01 -6.039307452811731522e-03
9.999995953066364018e-01 -8.982247485605339638e-04 5.078252220708759948e-05 -6.325059474775216600e-03 8.982143057599420400e-04 9.999995755338848547e-01 2.052878734258104789e-04 4.822818509091868905e-03 -5.096689530011810622e-05 -2.052421767592414780e-04 9.999999776390119388e-01 -5.749826273310991442e-03
9.999995791070107609e-01 -9.174882712522917276e-04 1.036021925164919780e-06 -6.754321710279988233e-03 9.174881332702971909e-04 9.999995711520733854e-01 1.261395840301560438e-04 -5.370152700207197344e-03 -1.151753069757376458e-06 -1.261385804010672993e-04 9.999999920438659151e-01 -3.438724438267028779e-03
9.999999535398791384e-01 -1.494585748147328854e-04 2.656734346791890349e-04 -1.457277272779554031e-02 1.494771276365060113e-04 9.999999863912479858e-01 -6.981469944417723842e-05 -1.616298628524358988e-02 -2.656629966582250849e-04 6.985440830248304989e-05 9.999999622717662406e-01 5.441745112225559143e-03
9.999999193595922042e-01 -3.865313598372274685e-04 1.089693397778022683e-04 1.303821110387183915e-02 3.865381812686849222e-04 9.999999233356456907e-01 -6.258543964688375661e-05 -3.482538722311523394e-02 -1.089451401886454632e-04 6.262755541038013114e-05 9.999999921043728479e-01 2.184409216412944860e-03
9.999996310055054849e-01 -8.117847898953566618e-04 -2.810592600787631661e-04 3.835104804348486718e-02 8.117971227812794538e-04 9.999996695348106757e-01 4.376871932506365751e-05 -3.895461683674655839e-02 2.810236364178403390e-04 -4.399686627331016869e-05 9.999999595449949874e-01 -1.189523152105743595e-02
9.999997430822716860e-01 -5.615410718252326471e-04 -4.455412610264711444e-04 2.810491375029851302e-02 5.613866544289605482e-04 9.999997823451919343e-01 -3.466332253629406026e-04 -6.203765976757724676e-02 4.457358128451740912e-04 3.463830153887820663e-04 9.999998406691832376e-01 -3.017468918993885391e-02
9.999891749914456840e-01 4.646016252509076357e-03 -2.538363826960354655e-04 8.136216807623010069e-03 -4.646177818912719353e-03 9.999890018729368224e-01 -6.396599430202206098e-04 -7.118370318131964081e-02 2.508617204798942874e-04 6.408323876667808717e-04 9.999997632010960702e-01 -2.319112123508564743e-02
9.999820525677350913e-01 5.988278388605056644e-03 -1.872547995509521728e-04 -1.010003032014195057e-02 -5.988372392862670833e-03 9.999819417458354343e-01 -5.055475378632040247e-04 -6.545756246707645776e-02 1.842240586607896352e-04 5.066598160550734664e-04 9.999998546786529330e-01 -1.572990789846903312e-02
9.999853558085309846e-01 5.411636258298308140e-03 -4.859520017381140322e-05 -1.459809745761439861e-02 -5.411644109746174998e-03 9.999853436756108715e-01 -1.629171566609755051e-04 -7.744409848870591195e-02 4.771283955470849572e-05 1.631777507997223063e-04 9.999999855482532007e-01 -8.442983915278005555e-03
9.999906915448398825e-01 4.307009699009373485e-03 -2.578587319325589648e-04 2.092007144122203649e-02 -4.306987641967505165e-03 9.999907211847939292e-01 8.603352678919219112e-05 -8.579779406657198071e-02 2.582268865433571354e-04 -8.492213157815884793e-05 9.999999630535526540e-01 -1.388387483779114119e-02
9.999882786640478249e-01 4.829837989804059047e-03 -3.394105284442959763e-04 3.665455540953199698e-02 -4.829862834455403951e-03 9.999883335222693459e-01 -7.241791797930861060e-05 -7.715066057985002501e-02 3.390568019075254234e-04 7.405637544151898958e-05 9.999999397780673371e-01 -1.879346749879511058e-02
9.999825249535141403e-01 5.886815553813708538e-03 -5.433141170040442936e-04 6.238838773069147609e-02 -5.886995766392450272e-03 9.999826168113158387e-01 -3.306902470599649545e-04 -7.237624033630205012e-02 5.413579599823465597e-04 3.338829561391492727e-04 9.999997977268448857e-01 -2.873830569284133163e-02
9.999321509937747487e-01 1.163784617469940975e-02 -5.039299324634116803e-04 1.016849084744917558e-01 -1.163795970749119911e-02 9.999322517983254555e-01 -2.229515129200292448e-04 -7.097882548760875432e-02 5.013011167049374927e-04 2.288011021308491814e-04 9.999998481736115385e-01 -3.624120681699979224e-02
9.999083376268930179e-01 1.352942689113187207e-02 -5.205307108385310005e-04 7.864075023242772522e-02 -1.352943161691800948e-02 9.999084730360208173e-01 -5.558452182738770054e-06 -2.452387877911983011e-02 5.204078655704758288e-04 1.260042733861652770e-05 9.999998645084321458e-01 -5.092253605734576444e-02
9.999342553888311835e-01 1.144672830182338549e-02 -6.762478598521349605e-04 7.339093874979465970e-02 -1.144683242228692124e-02 9.999344715719432619e-01 -1.502984850135221729e-04 -2.295797622525685977e-02 6.744831204707767191e-04 1.580294996257232409e-04 9.999997600495699190e-01 -5.909379266154076576e-02
9.999571860057100414e-01 9.207737842499348624e-03 -9.185419781856522022e-04 9.655276486711177053e-02 -9.207836866498460282e-03 9.999576016012049484e-01 -1.036349643157504787e-04 -2.035575891243648558e-02 9.175487898938148711e-04 1.120883119791443022e-04 9.999995727701229686e-01 -6.248519375408882748e-02
9.999976612779274410e-01 -1.923336069065953360e-03 -9.890485533853438094e-04 1.306906855121024169e-01 1.924052978452056670e-03 9.999978866246470588e-01 7.244076031707115566e-04 -6.342033462419826781e-03 9.876531838826246336e-04 -7.263088907976352534e-04 9.999992485080093640e-01 -5.172877316592153218e-02
9.997079544999337708e-01 -2.415114336862370439e-02 -8.532195184327268740e-04 1.755463547846739247e-01 2.415205147648987957e-02 9.997077234422407921e-01 1.070560324855493331e-03 3.325197145051284053e-02 8.271148864785210107e-04 -1.090854674260003125e-03 9.999990629580830515e-01 -3.359761643524896563e-02
9.986154159583072731e-01 -5.259644976900840208e-02 -9.297753024773399225e-04 2.089282631612066621e-01 5.259810696695529919e-02 9.986140327744497114e-01 1.858141394755427568e-03 5.680512794706932267e-02 8.307550238480113178e-04 -1.904473062647976710e-03 9.999978414118922965e-01 -3.174549975997519730e-02
9.979138598586774211e-01 -6.454630017793681895e-02 -1.305157191911634953e-03 2.255221590613416260e-01 6.455006753690607779e-02 9.979096968461994566e-01 3.086376728020069193e-03 1.730475095763536059e-02 1.103214818968194840e-03 -3.164186098520677549e-03 9.999943854059367698e-01 -5.914285437797989903e-02
9.974992273208210802e-01 -7.066550172398680663e-02 -1.295515519812182352e-03 2.529898002861686868e-01 7.066732287012572611e-02 9.974989311816552240e-01 1.418368719680993114e-03 -2.960859319623364294e-02 1.192045609136032280e-03 -1.506372315459639276e-03 9.999981549331543595e-01 -4.458429482961398516e-02
9.969062575422974470e-01 -7.859152951630050954e-02 -1.133649548585342762e-03 2.639218978611279631e-01 7.859041289297251376e-02 9.969064905135778254e-01 -9.980847729107080856e-04 -6.728397209262823586e-02 1.208583601842497550e-03 9.059029695731137324e-04 9.999988593320929819e-01 -9.969723323335306225e-03
9.968467365911948264e-01 -7.930936495383139606e-02 -2.570676585059028171e-03 3.155603385828834040e-01 7.929832841121639553e-02 9.968423182252053039e-01 -4.143393124651434563e-03 -1.833069772953771215e-01 2.891169083927671961e-03 3.926477558642141492e-03 9.999881118869912155e-01 -5.888923014743924211e-02
9.964913173021925363e-01 -8.342306839821772568e-02 -6.756197182382462675e-03 3.791129002333176179e-01 8.322462344274880741e-02 9.962000620189671585e-01 -2.567291347351840017e-02 -1.854337983613990604e-01 8.872237268784631536e-03 2.502055339980282025e-02 9.996475655516868786e-01 -1.005133840928851691e-01
9.960175508322666182e-01 -8.842925428290346335e-02 -1.137125415522887567e-02 3.869617713950131432e-01 8.764280451441802677e-02 9.945103748565398138e-01 -5.716513902329060925e-02 -7.524506246809815890e-02 1.636390084731374761e-02 5.594087315795345794e-02 9.982999756883624842e-01 -3.793728917640697140e-02
9.987513582678498869e-01 -4.845018968016694821e-02 -1.217799154544168400e-02 4.671883814362943199e-01 4.755788371422500077e-02 9.967397634988427457e-01 -6.517738531803303481e-02 -4.795210241714549515e-02 1.529614509441048001e-02 6.451684260894156864e-02 9.977993811207861441e-01 1.124225302044327794e-02
9.991630121040563361e-01 -3.984267258345258744e-02 -9.264808932580597192e-03 7.067353709656516436e-01 3.924718653929980261e-02 9.975790367011410087e-01 -5.740839558089857325e-02 -6.640686819496294246e-02 1.152968307885494752e-02 5.699672776424385273e-02 9.983077879252819642e-01 -1.666884079772663202e-02
9.983001442114854962e-01 -5.785143260437256019e-02 -7.073458344324461654e-03 7.692001625017910182e-01 5.746455038194092646e-02 9.972765741796348893e-01 -4.623050986018436420e-02 -3.336393268638217224e-02 9.728695530672487601e-03 4.574545155699056426e-02 9.989057543858271826e-01 -5.465986965444528944e-02
9.982330024550379877e-01 -5.939893439461838009e-02 1.624623766890162437e-03 7.224447990095704819e-01 5.942074711387267116e-02 9.977526937998471013e-01 -3.096347570247585251e-02 -5.307794060852176823e-03 2.182247220548092165e-04 3.100529967493365763e-02 9.995191962989196099e-01 -1.124217857016684974e-02
9.978754536533698261e-01 -6.512144010969471430e-02 1.943459318007098331e-03 7.432994153725782649e-01 6.513005354693372773e-02 9.978654399601867286e-01 -4.758135983400953693e-03 -5.232543398825534320e-03 -1.629454219931048865e-03 4.874604712428739529e-03 9.999867914666886737e-01 -2.983908585222214832e-02
9.955929751329288813e-01 -9.375317789236219113e-02 -2.229237772493761031e-03 8.645501312097196855e-01 9.376810028837996580e-02 9.955622816536700004e-01 7.955294893778573628e-03 2.594648089649749176e-02 1.473510865769810151e-03 -8.129267102374646004e-03 9.999658713086695405e-01 5.766963362654496661e-02
9.855085763605332394e-01 -1.671317395785807403e-01 -2.897977821296228440e-02 9.795392198200533196e-01 1.675162732624416173e-01 9.858036886539711663e-01 1.137478037094392068e-02 1.243965452536704708e-01 2.666728542799205737e-02 -1.606452805599022093e-02 9.995152759344102522e-01 7.726113859201722001e-02
9.730782103981614473e-01 -2.255031975845204761e-01 -4.761411899288113536e-02 1.047488668327827721e+00 2.265411640392262504e-01 9.738427101669192565e-01 1.759195414108478961e-02 1.090181461197879398e-01 4.240162077166267918e-02 -2.790490519436283207e-02 9.987108784938860673e-01 -8.754345071835006875e-03
9.626418506089507998e-01 -2.674177936184229387e-01 -4.252518209754074102e-02 1.159434064522728569e+00 2.684748476595950062e-01 9.630497728669642488e-01 2.136331329747050145e-02 9.289287709503524226e-02 3.524093685377422541e-02 -3.198216123314959886e-02 9.988669669843552867e-01 -3.880917973877207050e-02
9.571181283564998976e-01 -2.879429326584602711e-01 -3.183953365544062858e-02 1.334325038394085450e+00 2.888086402205132242e-01 9.570046262701712436e-01 2.705022424062234962e-02 1.321010229838967820e-01 2.268166010962772983e-02 -3.508579241709116475e-02 9.991268835664147696e-01 -1.012488776941507795e-01
9.531331168789454189e-01 -3.019362547846471956e-01 -1.928106727458712977e-02 1.412660181184191233e+00 3.022979004535088499e-01 9.530066254406477366e-01 1.985827907018877445e-02 1.555625526789405355e-01 1.237905044932724463e-02 -2.475620958163149768e-02 9.996168712047247551e-01 -1.021045509131704582e-01
9.500329859264337040e-01 -3.119671504103127546e-01 -1.066877296477813930e-02 1.383626731193204895e+00 3.119173963126004034e-01 9.500897112026814861e-01 -6.089215415255181188e-03 2.048999857508854716e-01 1.203592660632474623e-02 2.457179617880288908e-03 9.999245465229127383e-01 5.565903092286200726e-02
9.552208858025524885e-01 -2.949777040622995061e-01 -2.326399434150378670e-02 1.380800878013981325e+00 2.945695823350211739e-01 9.554323165724378786e-01 -1.943835414833267397e-02 2.358304276164882030e-01 2.796105308385609528e-02 1.171505677149299075e-02 9.995403628444838873e-01 2.100832455328290882e-01
9.599506055077343669e-01 -2.764450260310579721e-01 -4.553001831782965692e-02 1.653487867418347967e+00 2.763906711794578697e-01 9.610152354252993190e-01 -7.610135703476542286e-03 2.883901651476398764e-01 4.585882543527471100e-02 -5.278717945129616541e-03 9.989339834376207428e-01 1.406197538226856558e-01
9.551940650412618083e-01 -2.922167525143943845e-01 -4.704962975296322902e-02 1.889970982677027234e+00 2.933759627369888490e-01 9.557916082504444022e-01 1.982286775857669200e-02 3.300514254708234452e-01 3.917706724723911405e-02 -3.273791606028469969e-02 9.986958427138540317e-01 -5.012240320794972281e-02
9.453697024464077225e-01 -3.238077443918046527e-01 -3.774480584507382275e-02 1.998595206137607772e+00 3.250376319478111564e-01 9.451300027676621252e-01 3.286054908485631920e-02 3.294182797493494519e-01 2.503324817417598713e-02 -4.333384982078888892e-02 9.987469719331114604e-01 -1.914992252008804186e-01
9.238950576140959603e-01 -3.821345578214492833e-01 -1.977630488366790076e-02 1.968192465001882940e+00 3.825536348673414522e-01 9.235729150449252245e-01 2.580284955589437143e-02 3.928193667188845661e-01 8.404699044651277318e-03 -3.140462249454278876e-02 9.994714156592694465e-01 -4.517695486365780333e-02
8.991430867751790679e-01 -4.373924577481143050e-01 -1.515082207231092243e-02 1.969775336387310949e+00 4.376260670413159026e-01 8.989417510962822710e-01 1.967621868905325422e-02 4.448900237030474214e-01 5.013476872637002806e-03 -2.432213068408699969e-02 9.996916019496381312e-01 1.060776200124612656e-01
8.586112239773882049e-01 -5.124535828069743948e-01 -1.334509379310016078e-02 2.108176713491813015e+00 5.126132138750710832e-01 8.581035168449125949e-01 2.976654731512257124e-02 5.111323014257481701e-01 -3.802501902943423821e-03 -3.239876304256356782e-02 9.994677889419898431e-01 1.464143662097594778e-01
8.336355369998549314e-01 -5.522194973182309452e-01 -1.026733814403679723e-02 2.232298916157705815e+00 5.519847247142201097e-01 8.323504357619956329e-01 5.005612618833807370e-02 5.146244598760774114e-01 -1.909594546311719002e-02 -4.739597945413166757e-02 9.986936296975430505e-01 -3.589202101085819940e-03
8.114200626518095483e-01 -5.844616434364636737e-01 -1.438498412041033098e-03 2.362640481966454598e+00 5.835280114281707897e-01 8.099797829441358621e-01 5.854751147961021612e-02 5.515186326841809983e-01 -3.305362014693773165e-02 -4.834602955071374414e-02 9.982835867737500646e-01 -4.696433165704481938e-02
8.080022955281364050e-01 -5.891743073657285112e-01 2.434329759150569497e-03 2.423409621026696215e+00 5.883202987629867486e-01 8.070403559235395097e-01 5.064671730958214546e-02 6.123840216908550405e-01 -3.180434694648105742e-02 -3.949049823591588293e-02 9.987136647029453140e-01 6.019086935714901276e-03
8.049779479409582272e-01 -5.932120483242659947e-01 -1.048661297525205552e-02 2.552213694921449338e+00 5.932903114165728464e-01 8.047094134313749203e-01 2.119826205514408618e-02 7.118617098584979486e-01 -4.136388278449660422e-03 -2.328573936685693346e-02 9.997202931991271413e-01 5.254237272943224069e-02
8.076039796473997168e-01 -5.888530982947618453e-01 -3.205995455926135412e-02 2.572398764200615418e+00 5.891260678127557826e-01 8.080403333228849405e-01 -1.138396644947071296e-03 7.559999038489186862e-01 2.657608475984753194e-02 -1.796798130287677320e-02 9.994852992249244616e-01 5.968809553156705083e-02
8.334120187271021329e-01 -5.495286733658976130e-01 -5.867405039651876070e-02 2.667375125022989568e+00 5.493647499887978070e-01 8.353350730574204963e-01 -2.033930160796366265e-02 8.110620940699819759e-01 6.018952160436390891e-02 -1.528243661432125700e-02 9.980699718056680325e-01 1.105554281027415625e-01
8.331771897221446066e-01 -5.478112651080960793e-01 -7.562134848954217559e-02 2.906220627811474611e+00 5.486302208420065218e-01 8.359882044171073057e-01 -1.134031985051405997e-02 9.069652332795008487e-01 6.943091030341326519e-02 -3.203966129858630552e-02 9.970721181531009281e-01 1.623415797181261833e-01
8.342625127854164102e-01 -5.466182134537811432e-01 -7.221210758286690512e-02 2.966620312840492879e+00 5.484185304555730944e-01 8.361803997175761838e-01 6.281288172363053840e-03 9.557336301753592833e-01 5.694888246412481425e-02 -4.484270117590051508e-02 9.973695187528723860e-01 7.506180233323717088e-02
8.171347155820951613e-01 -5.717216415289142484e-01 -7.365610088819672663e-02 3.062408910671349904e+00 5.736336406656318276e-01 8.190897424602557875e-01 6.036563019196288654e-03 9.899899232184250497e-01 5.687972298861203313e-02 -4.718430251551571086e-02 9.972654304190349261e-01 3.483960002113217769e-02
7.935641470670246056e-01 -6.029090316745929767e-01 -8.219880786842619080e-02 3.034570260335777370e+00 6.043892087394838741e-01 7.966458252051213940e-01 -8.313455509697240120e-03 1.037641148958315940e+00 7.049559453644098361e-02 -4.308281221619441465e-02 9.965812773891038479e-01 7.524858671273006172e-02
7.694030631187962488e-01 -6.313619064927166180e-01 -9.695911248199279298e-02 3.122677893171849295e+00 6.333130855530072489e-01 7.737855818053183121e-01 -1.305408202572670359e-02 1.099646963296702085e+00 8.326741337848120317e-02 -5.136162400165379671e-02 9.952027539397033662e-01 1.575723654918690098e-01
7.449608047686320234e-01 -6.568396934654894270e-01 -1.165976691303647339e-01 3.228340505434226237e+00 6.616691700401553522e-01 7.497869358359184888e-01 3.668823811008532776e-03 1.167128221422958578e+00 8.501357995546471313e-02 -7.988221290090832816e-02 9.931724539500729199e-01 1.336811716563656716e-01
7.413443599869823375e-01 -6.607195059698093287e-01 -1.177211720401331874e-01 3.414317639827547435e+00 6.677980509354718430e-01 7.436761136657712434e-01 3.148969878801141653e-02 1.226065823204835148e+00 6.674056549263290838e-02 -1.019586798364214841e-01 9.925472908248441639e-01 4.594891335900786605e-02
7.235300785545288882e-01 -6.835050544170450104e-01 -9.656638138208181732e-02 3.547691837903037104e+00 6.892929521446581331e-01 7.229045430363323366e-01 4.779380484051798383e-02 1.314573258317887960e+00 3.714096862737018001e-02 -1.011427814714619400e-01 9.941783975754234781e-01 -1.440107650683646046e-02
7.173861084404872246e-01 -6.927975201686433770e-01 -7.340822477618982878e-02 3.593770954511838145e+00 6.963433723305467726e-01 7.163068314953833227e-01 4.483782961257352928e-02 1.362474502792280884e+00 2.151927572979832337e-02 -8.328336689413258498e-02 9.962935318322819755e-01 8.705235558916432637e-03
7.152725900891669930e-01 -6.958670013214414141e-01 -6.445338112961639110e-02 3.646043949339005330e+00 6.982841162642692279e-01 7.153480243575059960e-01 2.600955633688849938e-02 1.459043337440514287e+00 2.800740688038075646e-02 -6.361069501049462782e-02 9.975817082525715307e-01 7.306656273479916752e-02
7.139052970144090793e-01 -6.973137621380260942e-01 -6.397455765912576919e-02 3.739368897298930960e+00 6.991402628840173161e-01 7.149243869443246968e-01 9.274360719130046032e-03 1.538660915935964768e+00 3.926983205000314503e-02 -5.134820430349922027e-02 9.979084337781551906e-01 1.258314484850205639e-01
7.229812300420876969e-01 -6.879104664736815922e-01 -6.385398282638098111e-02 3.799597003071248480e+00 6.898627565332303702e-01 7.238227445851170838e-01 1.303884847834115013e-02 1.620404627208026804e+00 3.724940476306670689e-02 -5.347732731943621864e-02 9.978740688621822175e-01 1.400422527454270316e-01
7.305542889808911422e-01 -6.806692147839338292e-01 -5.458801056136394769e-02 3.993522362273069781e+00 6.826172005846454782e-01 7.300708855220373605e-01 3.209765690903741003e-02 1.706452989760163463e+00 1.800523028474269871e-02 -6.071179587601772260e-02 9.979929305981591892e-01 9.834407721958389470e-02
7.195372799560955102e-01 -6.935981463906284450e-01 -3.446322789391328273e-02 4.109539925623127310e+00 6.943649127688815703e-01 7.177646466642466638e-01 5.168442622698527639e-02 1.813784080379775343e+00 -1.111173563611608968e-02 -6.111892769374765305e-02 9.980686379246266338e-01 3.272848127974468946e-02
7.107890324150301087e-01 -7.031792249712480736e-01 -1.783056273200542621e-02 4.138016487872536509e+00 7.028519145570311100e-01 7.089963939666168447e-01 5.764806628022802609e-02 1.869288541492091227e+00 -2.789511788863449984e-02 -5.350785840574006497e-02 9.981777254010482103e-01 4.215986516112560367e-02
6.926384465129367118e-01 -7.210887912941289501e-01 -1.682074558745344159e-02 4.181061050276016822e+00 7.206471128658838987e-01 6.908572087070646850e-01 5.817263871915537982e-02 1.933660992092936848e+00 -3.032690439546603320e-02 -5.241442785584397163e-02 9.981648193671889269e-01 9.048939169603420485e-02
6.647749891897664076e-01 -7.462826898947922949e-01 -3.370994676856040040e-02 4.341037928788638922e+00 7.467384534030621079e-01 6.625367912878226129e-01 5.853787149563131204e-02 2.041073699768747307e+00 -2.135172023395011040e-02 -6.408702640495458902e-02 9.977158699196990721e-01 1.026553564683073128e-01
6.482639917074373148e-01 -7.604447149203339418e-01 -3.843998706128408382e-02 4.405073044476498723e+00 7.609313491080369474e-01 6.452251898589580481e-01 6.832229735667945392e-02 2.118842186837510244e+00 -2.715288198630946837e-02 -7.354107642130190692e-02 9.969224799745634025e-01 6.157011011888640500e-02
6.399179133626384797e-01 -7.681802723847704906e-01 -2.010306634487690758e-02 4.517759727946097925e+00 7.669872179297777537e-01 6.368770999131856403e-01 7.821871348027763238e-02 2.191534019715733361e+00 -4.728289003377841859e-02 -6.547235084392423465e-02 9.967335148298284153e-01 7.315967267574589872e-02
6.358884693101609642e-01 -7.717699724617469448e-01 -4.118762529549856860e-03 4.567821241539466115e+00 7.699332524501086850e-01 6.339880032983453706e-01 7.253963361759144246e-02 2.289421907552950053e+00 -5.337266500726439711e-02 -4.929828881585608669e-02 9.973570260191937376e-01 9.004328871739476770e-02
6.427991070725121991e-01 -7.659958966363104027e-01 7.719733357820859204e-03 4.648490471092607379e+00 7.647590383821606386e-01 6.422773637918508527e-01 5.121914850310955308e-02 2.377410546797565694e+00 -4.419186757282492217e-02 -2.701988706351945296e-02 9.986576012545543835e-01 9.103771417528651322e-02
6.499823657449539382e-01 -7.597502109080105370e-01 1.739371282465001708e-02 4.725846526927954372e+00 7.589309124083600810e-01 6.501258176147821644e-01 3.688212930031510572e-02 2.490331003365849671e+00 -3.932930728613323601e-02 -1.077210731214947245e-02 9.991682377319889286e-01 1.132131918628633827e-01
6.732527341706464608e-01 -7.389801097966792742e-01 2.528148050721846368e-02 4.783583474659281798e+00 7.375248938633640616e-01 6.735829482414976699e-01 4.840498703775675260e-02 2.562946984196857514e+00 -5.279949681183048610e-02 -1.394306864286942726e-02 9.985077886392462743e-01 1.186393233691102334e-01
6.916254969552149134e-01 -7.218681550069079300e-01 2.367569953295687105e-02 4.912702813730554396e+00 7.195342225386029966e-01 6.914918627584532018e-01 6.410543139713592575e-02 2.685734461827245401e+00 -6.264722306072620372e-02 -2.730147479106889361e-02 9.976622449090735145e-01 9.490043274321219302e-02
6.828306053496076000e-01 -7.303244094939382869e-01 1.919951289014959483e-02 5.061181123916997926e+00 7.281722839742630349e-01 6.824786159186888579e-01 6.315111768936536307e-02 2.800961449985641227e+00 -5.922405971895026988e-02 -2.914096276792013315e-02 9.978192797492765331e-01 4.876726992013129258e-02
6.620177338685276913e-01 -7.492887276473260139e-01 1.728938009966008924e-02 5.091244505156659272e+00 7.475060999940300599e-01 6.617678434097671314e-01 5.742779728059325961e-02 2.859332397796916503e+00 -5.447155693840809165e-02 -2.509430312714823821e-02 9.981999426143384202e-01 4.460360251891149624e-02
6.410802463361544579e-01 -7.672286843117056554e-01 1.939751857595403695e-02 5.074261153971619365e+00 7.654863306245512922e-01 6.410335568859986122e-01 5.573738936338221844e-02 2.936876048830901365e+00 -5.519778423574304982e-02 -2.088360398528259915e-02 9.982570208618871677e-01 1.174445690077876026e-01
6.130177022780196605e-01 -7.899528154568753457e-01 1.355898394176919403e-02 5.182949914905275790e+00 7.877266784618943696e-01 6.124307089039116025e-01 6.644777521364990391e-02 3.028429612031752871e+00 -6.079454525834277617e-02 -3.005288909919000620e-02 9.976977734382407315e-01 1.575618475024122556e-01
5.939955819277058513e-01 -8.044345195626562139e-01 7.372407094329895549e-03 5.257492326259175286e+00 8.009830765272557551e-01 5.922494881558304503e-01 8.755943636233187721e-02 3.102815386799771868e+00 -7.480213745140271153e-02 -4.610474503947753488e-02 9.961320157075297388e-01 1.050189794094226331e-01
5.954970579827982835e-01 -8.033574863181701664e-01 5.577080808058521022e-05 5.348279699741097737e+00 7.996507717309201402e-01 5.927560757336507447e-01 9.591078120308738075e-02 3.193481470712849823e+00 -7.708370258346260162e-02 -5.706999086554870315e-02 9.953899331109544724e-01 6.931347964598447153e-02
6.024203476355993736e-01 -7.980877767868703732e-01 -1.206753073309220492e-02 5.460159384900356905e+00 7.956899480251975465e-01 5.992800503526498623e-01 8.798254293315267704e-02 3.298867530424891559e+00 -6.298596166021554199e-02 -6.260448700146049872e-02 9.960489178956131173e-01 6.864888920540526684e-02
6.130741544314810554e-01 -7.898651964646725698e-01 -1.590762653411311595e-02 5.509318091427996222e+00 7.888041781338437364e-01 6.108832508420553031e-01 6.789420004119550711e-02 3.432375831336250016e+00 -4.390956304401031490e-02 -5.417218155535896695e-02 9.975656996001903698e-01 1.093575536458526731e-01
6.369422222029137437e-01 -7.706720769801825854e-01 -1.921341558041120973e-02 5.600963265045618478e+00 7.703284000096412010e-01 6.352935081234916126e-01 5.473860314927121024e-02 3.485335273631767095e+00 -2.997935479292881261e-02 -4.966596721295870459e-02 9.983158468075126191e-01 1.154791737282500341e-01
6.526227642869337764e-01 -7.575163573382381887e-01 -1.589011955550197197e-02 5.678935867609911980e+00 7.570527471602279679e-01 6.510812669843013545e-01 5.444558567293656531e-02 3.583740285548549398e+00 -3.089766255938161676e-02 -4.756208728729015983e-02 9.983902955764557552e-01 1.278524730747891414e-01
6.802842029294824400e-01 -7.329281473671983571e-01 -5.452892946415099917e-03 5.718790159394563588e+00 7.315839064908621348e-01 6.785451770307229236e-01 6.604112727622360457e-02 3.650799200086444429e+00 -4.470336685494909895e-02 -4.891598435308510545e-02 9.978020021359952363e-01 1.680791968828841410e-01
6.873584651038324722e-01 -7.263183183612530458e-01 2.021459500753906846e-04 5.842991202873635714e+00 7.241825737983297318e-01 6.853585570734125332e-01 7.644114110265973205e-02 3.784004615003754957e+00 -5.565914351596097653e-02 -5.239607484470117788e-02 9.970740750234849958e-01 1.278267147604038589e-01
6.852776595606697718e-01 -7.282817441846378692e-01 -4.799942003801162260e-04 5.936851902749241461e+00 7.262891284473218523e-01 6.833536853839743408e-01 7.437635761026308023e-02 3.859669169273064249e+00 -5.383893764071007171e-02 -5.131707083926233259e-02 9.972301274200443544e-01 5.113743456387939701e-02
6.759029524455704152e-01 -7.369855331307890722e-01 -2.742778023757875411e-03 5.985908428692173544e+00 7.359149507445130745e-01 6.747107534585362609e-01 5.652065496891588159e-02 3.919031534971639363e+00 -3.980432320818866332e-02 -4.022092892190455571e-02 9.983976626227633044e-01 5.452372666879989199e-02
6.656847391734305175e-01 -7.461751186079951248e-01 -9.301634369640703059e-03 6.064473941662805956e+00 7.460980629428123345e-01 6.652754643706813020e-01 2.731733843839440068e-02 4.010402992821730628e+00 -1.419536912465467135e-02 -2.512466669866612184e-02 9.995835345876280531e-01 1.284427688112064203e-01
6.289401327769621464e-01 -7.773563579805667922e-01 -1.230455564766343851e-02 6.098665457726062833e+00 7.774519169826122900e-01 6.288941102196254906e-01 7.791977356684437472e-03 4.124500952660044462e+00 1.681119436225910445e-03 -1.446688764920335893e-02 9.998939358747939155e-01 1.948641598769318140e-01
6.309561398826450951e-01 -7.758179479219974306e-01 9.280228947259275968e-04 6.103623354758931363e+00 7.756714453640692897e-01 6.308593791584353738e-01 1.871503605792455491e-02 4.143576539512829449e+00 -1.510491281695682496e-02 -1.108852604878958654e-02 9.998244276866100622e-01 2.056559493016018869e-01
6.345095747248263862e-01 -7.728556071445786824e-01 9.581758069597082553e-03 6.251989365144318356e+00 7.722619785406756865e-01 6.344342600166924528e-01 3.323561670125420309e-02 4.274076439255775739e+00 -3.176532831501611975e-02 -1.368868957410500700e-02 9.994016128137791499e-01 1.532152241671987103e-01
6.463381152712199818e-01 -7.630385572608701095e-01 4.381880977029965069e-03 6.361668120407943050e+00 7.624518655436397507e-01 6.460474028123683876e-01 3.591526205413210493e-02 4.375605128648688336e+00 -3.023563256607416858e-02 -1.987242946001303162e-02 9.993452321748906853e-01 7.746191261933757510e-02
6.643179467304267671e-01 -7.474494749508291402e-01 -9.736773591246129095e-04 6.432949968136203900e+00 7.473635635073905270e-01 6.642206403239832024e-01 1.608244101909001023e-02 4.487478557201749041e+00 -1.137407549669978979e-02 -1.141154517703690460e-02 9.998701950969774987e-01 6.709645387592369503e-02
6.762945894723243478e-01 -7.366240812504760704e-01 -3.254408141664166809e-03 6.484932374445896208e+00 7.366004430863677399e-01 6.763001054229863529e-01 -6.160734519882327467e-03 4.583850536123612152e+00 6.739101974833312109e-03 1.769272943838088533e-03 9.999757267943172323e-01 1.163729156799455100e-01
6.980772922412930015e-01 -7.160208118791525633e-01 -1.513609257266964638e-03 6.547363649191544788e+00 7.159934769099715046e-01 6.980665269413168783e-01 -7.514318762073804100e-03 4.658627953581651937e+00 6.437008578105409169e-03 4.161840939672733705e-03 9.999706215687330646e-01 1.792400455289328010e-01
7.037729378816175441e-01 -7.104138519823540721e-01 3.976281814826181267e-03 6.701303726457728871e+00 7.104235903881807035e-01 7.037716074059796600e-01 -1.961333518342081497e-03 4.780704638047349242e+00 -1.405035744531886238e-03 4.205177855653342497e-03 9.999901711285761330e-01 1.720791666063138659e-01
6.997452222646913800e-01 -7.143231562516821898e-01 9.952505230971844460e-03 6.771844472576481699e+00 7.143703431836437856e-01 6.997653142274686822e-01 -1.875575595675572655e-03 4.849701074978435500e+00 -5.624650871009934452e-03 8.422199639456600523e-03 9.999487136127593878e-01 1.162253824058726570e-01
6.935863418159091687e-01 -7.203420971762112268e-01 6.726773535861791699e-03 6.851207063395317043e+00 7.203628530013769238e-01 6.934950664608381388e-01 -1.191439508302855228e-02 4.925820796142906133e+00 3.917456080375245238e-03 1.310937947637478944e-02 9.999063944728040498e-01 1.191944987980111947e-01
6.865489621892819638e-01 -7.270750802252610168e-01 -3.514289721994903835e-03 6.880949050926162158e+00 7.270509423687585571e-01 6.865559228380631041e-01 -6.155649167699788968e-03 5.026567998876719123e+00 6.888375535648416648e-03 1.671086893552370129e-03 9.999748785599936740e-01 1.693347524069437338e-01
6.765768590352669865e-01 -7.363252145935028636e-01 -8.302540081476367934e-03 6.989017088756101614e+00 7.362598320321536161e-01 6.762339739652173387e-01 2.508131159239126995e-02 5.114457799447798436e+00 -1.285354246725174676e-02 -2.308226178349293001e-02 9.996509368959751729e-01 1.528901040344599060e-01
6.693185687286860031e-01 -7.428705414466676427e-01 -1.249048460701093245e-02 7.074648103034278712e+00 7.422300915277426636e-01 6.677996358178771574e-01 5.601908275069554521e-02 5.210655427923317262e+00 -3.327378526260418856e-02 -4.676542582127694858e-02 9.983515664143832735e-01 1.344221551062977915e-01
6.733516700930297638e-01 -7.391087433968740461e-01 -1.777058854460147885e-02 7.170572647434467761e+00 7.382336594429673715e-01 6.708619372528752400e-01 7.039407084949854398e-02 5.316156479722017103e+00 -4.010726179100827793e-02 -6.051881178289333224e-02 9.973609582152362929e-01 1.231462935975775191e-01
6.667300452560833701e-01 -7.448451797347196424e-01 -2.601355375134987644e-02 7.286943945551460189e+00 7.447189786954279134e-01 6.644278612265830386e-01 6.268380968565430422e-02 5.418043056358969878e+00 -2.940560360985597713e-02 -6.116596645048390929e-02 9.976943595232551365e-01 1.043247242176274792e-01
6.704917758469097766e-01 -7.416093562047058052e-01 -2.136214669219739168e-02 7.301954921300227497e+00 7.417444977120238869e-01 6.694371878287177502e-01 4.085280487207003375e-02 5.509372363639087666e+00 -1.599620691272316333e-02 -4.323672445525604535e-02 9.989367883018352989e-01 1.137173794599960625e-01
6.880025342539977107e-01 -7.255508945944288968e-01 -1.511331245294800750e-02 7.363726327336880040e+00 7.256532792263388210e-01 6.875447853152272248e-01 2.663618842663217218e-02 5.586745388590243167e+00 -8.934831175664658884e-03 -2.929278988184392390e-02 9.995309406180483691e-01 1.857356753457468090e-01
7.162319860145487382e-01 -6.976237202901768297e-01 -1.824519383696159708e-02 7.426663041928907916e+00 6.978257617164725923e-01 7.156823006682613286e-01 2.894910698120337425e-02 5.677938254521356143e+00 -7.137821409930371688e-03 -3.346624267343734777e-02 9.994143595660623935e-01 2.599086035190105171e-01
7.232188393252454439e-01 -6.899872384297426331e-01 -2.953169905614085738e-02 7.643116334098297493e+00 6.905273105774155651e-01 7.217649496927467379e-01 4.719524066840055654e-02 5.784873861665668748e+00 -1.124916849221993531e-02 -5.452493190389481881e-02 9.984490412680605553e-01 2.204960864930420317e-01
7.158479356471845190e-01 -6.976228066034324549e-01 -2.973470592446563962e-02 7.693645181317334547e+00 6.980108960650419636e-01 7.138186114790139314e-01 5.695418229287212836e-02 5.878627188791230473e+00 -1.850735000321808779e-02 -6.152568254739271963e-02 9.979338998064630761e-01 1.445542901124618473e-01
7.138713860678405076e-01 -6.998174954122440283e-01 -2.535975687016886471e-02 7.770696917980329133e+00 7.000923319471703543e-01 7.123839281829864589e-01 4.878386634278486511e-02 5.965394399622276467e+00 -1.607391994359699122e-02 -5.257957760872190855e-02 9.984873645250275098e-01 1.503792195451964242e-01
7.018089336286721380e-01 -7.119103049529815763e-01 -2.545463377734845378e-02 7.796793869701205359e+00 7.122875959232455312e-01 7.007567921365305263e-01 3.982836888955833959e-02 6.052607449613257806e+00 -1.051671873112043631e-02 -4.608292499692449168e-02 9.988822566503312572e-01 1.990518506783354735e-01
6.947757404632355360e-01 -7.182155388109777716e-01 -3.811968355351033622e-02 7.895879995334427193e+00 7.192107723829020971e-01 6.934342695809720958e-01 4.341403758109925459e-02 6.150897855803378889e+00 -4.747141471683001546e-03 -5.757910715841894900e-02 9.983296605163481940e-01 2.725687884532254635e-01
6.861902903503569462e-01 -7.262227155328224715e-01 -4.175467486433114689e-02 7.977235005446162930e+00 7.273196409075488589e-01 6.839991296526579667e-01 5.613671333913793776e-02 6.240885398471557544e+00 -1.220759513610414869e-02 -6.888946275403459718e-02 9.975496060559863043e-01 2.359546489643737643e-01
6.873082586948024986e-01 -7.257221719275078753e-01 -3.057264631560814225e-02 8.090668469858337986e+00 7.258500508200468326e-01 6.846256296743179481e-01 6.655412021489789942e-02 6.282266297441644554e+00 -2.736898343844671247e-02 -6.793435335575351286e-02 9.973143247641044207e-01 1.679392209278772474e-01
6.873638389852601005e-01 -7.260168705139992129e-01 -2.074744766240813401e-02 8.205548206579841519e+00 7.259089973047966327e-01 6.857479746814472144e-01 5.297020721347254352e-02 6.362225835578343869e+00 -2.422974385729769267e-02 -5.147056391134963854e-02 9.983805389545898912e-01 1.447255798060881615e-01
6.979401373699291034e-01 -7.159446621847773695e-01 -1.740130274346104317e-02 8.286176880905228970e+00 7.161498241227699513e-01 6.976262039925034131e-01 2.114495003389208622e-02 6.448189879051356321e+00 -2.999009331483800875e-03 -2.721984923057162858e-02 9.996249725526541452e-01 1.828823655586908348e-01
7.078185267275328707e-01 -7.062269330563436531e-01 -1.537700384000943027e-02 8.373240503636392162e+00 7.062139724447794586e-01 7.079619969833430559e-01 -7.185815967668533755e-03 6.554831894017178584e+00 1.596115111854746332e-02 -5.773201294581363149e-03 9.998559455250456418e-01 2.420616298855121085e-01
7.349111339076557226e-01 -6.779738623158566568e-01 -1.603331765678575604e-02 8.418147425717519283e+00 6.781082779226217383e-01 7.349474628576748714e-01 4.624959662849589988e-03 6.608815530801964044e+00 8.648044367368674240e-03 -1.427125977573131740e-02 9.998607615428428685e-01 2.492268579093874503e-01
