1.000000000000000000e+00 0.000000000000000000e+00 0.000000000000000000e+00 0.000000000000000000e+00 0.000000000000000000e+00 1.000000000000000000e+00 0.000000000000000000e+00 0.000000000000000000e+00 0.000000000000000000e+00 0.000000000000000000e+00 1.000000000000000000e+00 0.000000000000000000e+00
9.999989235062088921e-01 -1.439159285669849722e-03 -2.860191844796345717e-04 1.475655534309892013e-02 1.439320177654054888e-03 9.999988056292173910e-01 5.631141668545808004e-04 -4.683721251069809105e-02 2.852084318845563406e-04 -5.635252338490941105e-04 9.999998005477107599e-01 -1.266816690462629728e-02
9.999946995766362257e-01 -3.252054870307953625e-03 -1.579802317377759704e-04 1.276259661696953554e-02 3.252113448983347515e-03 9.999946426851087367e-01 3.719666607960101369e-04 -9.278372598450344844e-02 1.567697293970940909e-04 -3.724784588515386136e-04 9.999999183415214654e-01 -1.894129558562723109e-02
9.999951634843688986e-01 -3.082125576109855797e-03 -4.165450798110204131e-04 1.104852708819556613e-02 3.082286933955734852e-03 9.999951747465070095e-01 3.872866634708136400e-04 -9.930877929320482134e-02 4.153494037446493910e-04 -3.885687018097171088e-04 9.999998382496052551e-01 -2.054872912098410290e-02
9.999982488527648927e-01 -1.862286781031756086e-03 1.848765776485602206e-04 -1.921110310940326443e-02 1.862302978825417996e-03 9.999982620858660631e-01 -8.748064072409594057e-05 -6.689770987555362924e-02 -1.847133423081262125e-04 8.782478373388375858e-05 9.999999790838940417e-01 -1.488047386095512487e-03
9.999997105248137341e-01 -4.943552043653480282e-04 5.784144022081174740e-04 -5.537321053518752534e-02 4.944649056565386018e-04 9.999998597912158615e-01 -1.895310151225519993e-04 -1.800083124531614079e-02 -5.783206254656228767e-04 1.898169658808442864e-04 9.999998147573696539e-01 1.117323722203902164e-02
9.999978946861403095e-01 1.817681196616792970e-03 9.521860923858531389e-04 -9.409080826413367127e-02 -1.817729100020528451e-03 9.999983467066455578e-01 4.944587417049577479e-05 2.635128577929426313e-02 -9.520946413071843407e-04 -5.117658644017618422e-05 9.999995454482721868e-01 1.850300530132297644e-02
9.999990976924207908e-01 8.534729012627059351e-04 1.037399802871110787e-03 -5.618502944230603646e-02 -8.546218214114464180e-04 9.999990214639590258e-01 1.107561586003344986e-03 -4.318629315055666495e-03 -1.036453513937881515e-03 -1.108447171151193079e-03 9.999988485538281457e-01 2.189067573706501846e-02
9.999991262187325480e-01 -1.165514050933703092e-03 6.238098816607227448e-04 -5.421713075987517894e-02 1.164684447748166049e-03 9.999984391481270274e-01 1.328612602278659736e-03 -1.060863672531260973e-02 -6.253574246421039198e-04 -1.327884899694334103e-03 9.999989228243121309e-01 1.705482291562848696e-02
9.999974102595119430e-01 -2.195893582975526771e-03 5.979344793091968769e-04 -7.804389016447996208e-02 2.195496508327631196e-03 9.999973694953713244e-01 6.639257637710679807e-04 -6.626840541469275828e-03 -5.993908167640184985e-04 -6.626112813141044056e-04 9.999996008383896795e-01 1.658606597769499147e-02
9.999995255718517884e-01 -6.202409874198295875e-04 7.511039800052432243e-04 -6.898426898855661293e-02 6.198862445304472628e-04 9.999996962725655747e-01 4.724360489462695240e-04 -4.802497622564088145e-03 -7.513967760758496215e-04 -4.719702257838923379e-04 9.999996063234179999e-01 2.377746103894620364e-02
9.999998385696838854e-01 3.404090111766671896e-04 4.549530869441960573e-04 -3.658179955906040032e-02 -3.405421982856694525e-04 9.999998991777698798e-01 2.927037089860934729e-04 1.155638073970844878e-02 -4.548534020946675836e-04 -2.928585924591860473e-04 9.999998536711030006e-01 1.042509499035721571e-02
9.999999794978460255e-01 -1.470559369083845273e-04 1.392079702766085944e-04 -1.209700174067123921e-02 1.469955528437816837e-04 9.999998951571389405e-01 4.336796265559667973e-04 5.647086491065309022e-03 -1.392717308454479645e-04 -4.336591547120492458e-04 9.999998962715558326e-01 -2.010990149995891835e-03
9.999998221168071577e-01 -5.778563412116204459e-04 1.478120528887446401e-04 -1.089801912475469800e-02 5.778006119968653528e-04 9.999997620867939752e-01 3.767927921281091254e-04 3.667134920816531810e-03 -1.480297498265592841e-04 -3.767073192083845480e-04 9.999999180893910378e-01 -5.049249299448475142e-03
9.999998772235427769e-01 -4.917021550372991908e-04 6.149707343813918007e-05 -1.254255899342814062e-02 4.916838526041379274e-04 9.999998349368044437e-01 2.972765598711943455e-04 -6.300589215638805959e-03 -6.164323481236646976e-05 -2.972462862546395462e-04 9.999999539223773937e-01 -3.479268258505313280e-03
9.999999516818764977e-01 1.778116920394798349e-04 2.549887188563486253e-04 -1.523459141080753601e-02 -1.777990740796833019e-04 9.999999829683126062e-01 -4.950619908827990934e-05 -1.434649327437949838e-02 -2.549975172944868394e-04 4.946085993811984199e-05 9.999999662649441401e-01 4.063180608774251065e-03
9.999999934895785758e-01 -7.395962227926345181e-05 8.689543786432005223e-05 1.112942296451795848e-02 7.397601658428048263e-05 9.999999794638962936e-01 -1.886789761053408814e-04 -2.591331713340759221e-02 -8.688148145402153130e-05 1.886854030553138020e-04 9.999999784247132206e-01 8.388550227127009734e-04
9.999997813411406478e-01 -5.854483230849153981e-04 -3.075189944361828194e-04 3.925450705583910516e-02 5.854679716605096446e-04 9.999998265778990980e-01 6.380772527387130924e-05 -3.490171870937834597e-02 3.074815849798312505e-04 -6.398775384366650859e-05 9.999999506803198823e-01 -1.228967963257337342e-02
9.999998712700096659e-01 -2.655212492330415478e-04 -4.323868989539506025e-04 3.020411656545392981e-02 2.653863717265083494e-04 9.999999161240826773e-01 -3.119645835854097842e-04 -5.839746470667548511e-02 4.324696959130528199e-04 3.118497938359164915e-04 9.999998578598240373e-01 -3.124654731671524036e-02
9.999884481585026297e-01 4.801377425622630792e-03 -2.243309306807223641e-04 1.470631892846388511e-02 -4.801529080319769625e-03 9.999882410802950483e-01 -6.804554566558695342e-04 -7.005615124992257969e-02 2.210611693225919344e-04 6.815247276295668174e-04 9.999997433279695924e-01 -2.470950984329770700e-02
9.999822680775465322e-01 5.954555932018434049e-03 -8.242656282938972930e-05 -4.559832368108814905e-03 -5.954589485580081935e-03 9.999821859909362454e-01 -4.129949717917815637e-04 -7.074971276216068805e-02 7.996589282267585518e-05 4.134784649413244823e-04 9.999999113205035872e-01 -1.311293460172662656e-02
9.999841601427472693e-01 5.628242027872740021e-03 -4.853122699091812729e-05 -1.350573212169307695e-02 -5.628252750465142541e-03 9.999841362363333097e-01 -2.237110890392785272e-04 -7.383473432882529941e-02 4.727135694957063832e-05 2.239806914993573749e-04 9.999999737990339366e-01 -8.689488164639208936e-03
9.999887879469890883e-01 4.720567516247764321e-03 -3.744631306258907016e-04 2.359446391504603502e-02 -4.720548535208043441e-03 9.999888568196505512e-01 5.155633057926904282e-05 -7.680560957500821850e-02 3.747023330550813759e-04 -4.978808114419207872e-05 9.999999285596516962e-01 -1.770216459018617017e-02
9.999860025129911900e-01 5.276073914148821792e-03 -3.972683480655948927e-04 3.741967264626612499e-02 -5.276109369921788694e-03 9.999860773436664019e-01 -8.825385830976718307e-05 -6.699777866658143677e-02 3.967971831552614135e-04 9.034865423113425640e-05 9.999999171945546106e-01 -2.128108775953487658e-02
9.999799649962303194e-01 6.311021680303951185e-03 -4.905216494802351656e-04 5.901691514413372197e-02 -6.311189067252825739e-03 9.999800262946441087e-01 -3.404472357869859798e-04 -6.448271908812035214e-02 4.883632820592865307e-04 3.435361897967841634e-04 9.999998217420795754e-01 -2.731211013670771168e-02
9.999283244258461156e-01 1.196070824334781110e-02 -5.361615776110214638e-04 9.975303950213081083e-02 -1.196080591652460071e-02 9.999284509205318416e-01 -1.793362560711468092e-04 -7.345086674868246679e-02 5.339782271073758224e-04 1.857363266117293462e-04 9.999998401846221796e-01 -3.752192795987029095e-02
9.998273147992984278e-01 1.857275105380223543e-02 -6.272953994744002179e-04 1.082903696568351393e-01 -1.857294264314288471e-02 9.998274627190587571e-01 -3.009889428159640522e-04 -1.775511684896052822e-02 6.215969749269598848e-04 3.125876879547103641e-04 9.999997579530397473e-01 -5.073082059910333924e-02
9.998218567417118674e-01 1.884871733514269579e-02 -9.902708597919025139e-04 1.104715982203078317e-01 -1.884914207063942762e-02 9.998222503604780043e-01 -4.213398990619801501e-04 -1.392145021750147704e-03 9.821531228441087325e-04 4.399305963241463102e-04 9.999994209179892124e-01 -6.768074743323249098e-02
9.999413102054987013e-01 1.076646234975391428e-02 -1.208069940865121473e-03 1.009862392560850752e-01 -1.076665326615573390e-02 9.999420264105990386e-01 -1.516420494619479203e-04 -6.628569576991857892e-03 1.206367256298230758e-03 1.646400197957872383e-04 9.999992587855787152e-01 -7.255590365499386962e-02
9.999904918879015669e-01 -4.241245799103435590e-03 -1.013887500795814531e-03 1.027143977157453092e-01 4.241690176923154296e-03 9.999909087058814761e-01 4.365432719809709053e-04 1.393352887502517096e-02 1.012026795927925419e-03 -4.408397179312358895e-04 9.999993907308680763e-01 -5.569224489946943135e-02
9.996650685655477098e-01 -2.586898286867026983e-02 -7.391990119765169545e-04 1.516841395052773434e-01 2.586954318502677000e-02 9.996650394013081309e-01 7.587714932844922362e-04 4.614266724096995759e-02 7.193227626719011060e-04 -7.776400976224805356e-04 9.999994389251634086e-01 -3.031643965756641856e-02
9.986250630121850103e-01 -5.240925359847434933e-02 -1.119670112238869367e-03 2.198600494105107106e-01 5.241144208868205728e-02 9.986235249617764209e-01 2.023890091123658076e-03 5.168011217303879190e-02 1.012058345237188371e-03 -2.079790895024135732e-03 9.999973251002918229e-01 -3.450539203782211628e-02
9.980853613618798637e-01 -6.182803771658936659e-02 -1.704460982714293927e-03 2.665289410514799506e-01 6.183353950648253633e-02 9.980807184347698646e-01 3.390115165285855284e-03 8.657598402551272554e-03 1.491585473868640857e-03 -3.489017175314644385e-03 9.999928009400490536e-01 -6.931399755367440019e-02
9.974240429890116610e-01 -7.171233270797031101e-02 -1.618581179766041258e-03 2.978352755728886914e-01 7.171498065220985318e-02 9.974238145342152473e-01 1.641873950231479296e-03 -5.055624359498893383e-02 1.496668803471985819e-03 -1.753721071509174202e-03 9.999973422189161187e-01 -5.061834377034048205e-02
9.967934223235607183e-01 -8.000740631864129704e-02 -1.299286976543270050e-03 2.668084097221929962e-01 8.000650488724754539e-02 9.967940729628251839e-01 -7.316296254277845652e-04 -8.416709632660909768e-02 1.353657346012476781e-03 6.253321883647200170e-04 9.999988882851039707e-01 -1.655769184550013456e-02
9.967995927446092752e-01 -7.990309851849350387e-02 -2.463077612454716431e-03 2.952645671172923203e-01 7.989275041558002721e-02 9.967952500408625571e-01 -4.046965160224379361e-03 -1.899702157500255395e-01 2.778549120475169720e-03 3.837231178617236428e-03 9.999887775978623106e-01 -6.073766723944670765e-02
9.965440211969297524e-01 -8.280477380271483723e-02 -6.586596399840231354e-03 3.726387180018262968e-01 8.260529166861679817e-02 9.962352584038274284e-01 -2.629972816213216671e-02 -1.824570592757027154e-01 8.739542607934795704e-03 2.566474914236506824e-02 9.996324029594396698e-01 -9.888593633332339039e-02
9.962188224436608897e-01 -8.606979024298012926e-02 -1.183423070989955521e-02 3.989342590956352352e-01 8.526643693490053300e-02 9.947355859757261998e-01 -5.683967563203826123e-02 -6.747984657111902318e-02 1.666410937891242908e-02 5.561569203973008857e-02 9.983131784452961011e-01 -3.735258544322508922e-02
9.987855944429553379e-01 -4.777345422049443513e-02 -1.204298156913709977e-02 4.911813197312823176e-01 4.689543296353453072e-02 9.967892789581983548e-01 -6.489955100890722195e-02 -5.920974785525759398e-02 1.510479064386171383e-02 6.425597579865575948e-02 9.978191293384626182e-01 2.219058083330011089e-02
9.991901079495953963e-01 -3.944242831829543328e-02 -7.963857358851687482e-03 6.967724640923115276e-01 3.891797070853748874e-02 9.975704852128114419e-01 -5.777991509344264365e-02 -6.645777492308618806e-02 1.022348920894560441e-02 5.742318243211665119e-02 9.982975800770842456e-01 1.725826553600721958e-02
9.983950728465814661e-01 -5.634387203899297175e-02 -5.713720269913748727e-03 7.535734696853713110e-01 5.601347215996031054e-02 9.973179261891128577e-01 -4.711098638781229669e-02 -1.370225865779808871e-02 8.352811039080714275e-03 4.671533137526554663e-02 9.988733194766213908e-01 -4.277534121624063101e-02
9.983088766273456871e-01 -5.813200547017861181e-02 2.383003611048961938e-04 7.248766210237357344e-01 5.811326952534897478e-02 9.978649367844824036e-01 -2.980630539290593170e-02 -3.040710489840212083e-04 1.494908733376565293e-03 2.976974766631639360e-02 9.995556649690715556e-01 -2.698329630088780462e-02
9.978868738352839607e-01 -6.496004099189987835e-02 1.407160820498005657e-03 7.524322771613520811e-01 6.496500972480932778e-02 9.978801831411655554e-01 -3.832441207551660553e-03 -2.080236712441883504e-02 -1.155222359326020781e-03 3.915758992149270812e-03 9.999916661116811101e-01 -2.752084045543220364e-02
9.955692199841710277e-01 -9.401610728243882387e-02 -1.702877437246903391e-03 8.720865665162924607e-01 9.402736040592203637e-02 9.955323345971607285e-01 8.615466709454257938e-03 8.026657971378272499e-03 8.852769081909079478e-04 -8.737410542250096529e-03 9.999614362273236967e-01 6.720008870394536538e-02
9.854398293035974143e-01 -1.693721998632195247e-01 -1.487954083936512788e-02 9.386661564853099327e-01 1.695113843754390281e-01 9.854903287649555699e-01 8.643059519746098401e-03 1.070541431120254072e-01 1.319974958924938387e-02 -1.103946666435109275e-02 9.998519374320118391e-01 1.518378520434025825e-01
9.735534424482724658e-01 -2.264433378408335917e-01 -3.028381489542363372e-02 9.743065285222239913e-01 2.268206266675618088e-01 9.738890428444605396e-01 9.619539782916205692e-03 1.345331635541853754e-01 2.731479480524670253e-02 -1.623412994289060926e-02 9.994950500176299490e-01 1.228325348839072184e-01
9.635862063465010507e-01 -2.648840122928442509e-01 -3.657981643478716571e-02 1.138078663240812416e+00 2.658180467720427376e-01 9.637363238905845009e-01 2.351731328529086534e-02 1.054955946138343703e-01 2.902393751809851166e-02 -3.238453404801058116e-02 9.990539790248766927e-01 -2.920187201952875733e-03
9.579122053744661969e-01 -2.851357190878939796e-01 -3.319380205484229185e-02 1.353460249261142057e+00 2.861687610328754183e-01 9.576395975848808195e-01 3.215340334049553161e-02 1.150219388390419373e-01 2.261961545949607924e-02 -4.029916671219353763e-02 9.989315943340502102e-01 -1.407677410485269343e-01
9.532830591256994390e-01 -3.010478639293653336e-01 -2.493176302459635535e-02 1.443145122977212758e+00 3.015470631483242459e-01 9.532528448009301991e-01 1.945205864565904136e-02 1.477691218254549854e-01 1.791027332479472323e-02 -2.606141789120337143e-02 9.994998872470828299e-01 -1.312383995847699880e-01
9.498215622729864194e-01 -3.125716556512948552e-01 -1.174563428308092808e-02 1.380333468434483679e+00 3.124873686267848338e-01 9.498840691524673696e-01 -8.479364307454231864e-03 2.113881936819633212e-01 1.380739982804109894e-02 4.383520703615466363e-03 9.998950647224085220e-01 6.900006525623980647e-02
9.551521082870118029e-01 -2.953663137688410933e-01 -2.105209551287281350e-02 1.362394856304490531e+00 2.949864971970534433e-01 9.553049296449069860e-01 -1.937673521396280144e-02 2.340354452065425972e-01 2.583440547582591118e-02 1.229764557733559541e-02 9.995905918959846481e-01 2.263844488804034882e-01
9.606494032692518559e-01 -2.758909529595339749e-01 -3.220102596984304733e-02 1.604427926853652320e+00 2.759069890144055237e-01 9.611758807229263679e-01 -4.032335490936686875e-03 2.542814138254916867e-01 3.206333437799278874e-02 -5.010827435364321666e-03 9.994732783806569154e-01 1.941644998005595812e-01
9.557837636398731629e-01 -2.907360806669361253e-01 -4.415799543489207224e-02 1.897251414689192117e+00 2.918456252245288374e-01 9.562337001137184433e-01 2.105330862670009434e-02 3.053639158270404774e-01 3.610440692911334737e-02 -3.300972834265718941e-02 9.988026980515426478e-01 -4.132963683877469152e-02
9.460480174723331359e-01 -3.215856381262669483e-01 -3.969667476741367551e-02 1.999844849794437884e+00 3.228654601805183155e-01 9.459190019484208234e-01 3.154578221134513721e-02 3.498474755851406770e-01 2.740516847403533587e-02 -4.266050988707444785e-02 9.987136915237943002e-01 -1.818073994031195184e-01
9.238768427465364752e-01 -3.815663288838643807e-01 -2.930385808698518849e-02 2.002237761282810169e+00 3.823355682624228202e-01 9.236058278597103488e-01 2.778107242402938493e-02 3.731714873488236051e-01 1.646489229061976964e-02 -3.687019671319401171e-02 9.991844153689490859e-01 -8.678619843740748019e-02
8.988626416489491344e-01 -4.378676255080903301e-01 -1.782958159295016179e-02 1.983709234062609017e+00 4.381903761287684329e-01 8.985865965783039755e-01 2.305043856304819436e-02 4.096674259271050333e-01 5.928382241502233412e-03 -2.853192916238170632e-02 9.995753014667136949e-01 7.410166776885140916e-02
8.583717885047560392e-01 -5.129136024957813289e-01 -1.084016023617591362e-02 2.100211316875365331e+00 5.129822960179711844e-01 8.578209933269184129e-01 3.150091077650836457e-02 4.839810309600712235e-01 -6.858328606657695774e-03 -3.260030340991645903e-02 9.994449377260883338e-01 1.477532214580077330e-01
8.339109963704497419e-01 -5.518816978223127778e-01 -4.363684361320362137e-03 2.213912769499744471e+00 5.514319578213723316e-01 8.328541416581594081e-01 4.771555947632666328e-02 5.226423398667910947e-01 -2.269903138312209800e-02 -4.219680475595441460e-02 9.988514322173522864e-01 4.457784082594545838e-02
8.126862561333625390e-01 -5.826654495745369200e-01 6.482512170573816526e-03 2.319563836003010415e+00 5.814913347996588655e-01 8.116648711832071816e-01 5.538920869681070169e-02 5.770348972017347311e-01 -3.753500559277741372e-02 -4.124452399107857159e-02 9.984437954115892300e-01 8.185828958140503597e-03
8.095136947664653970e-01 -5.870683415434100327e-01 6.191957930746365066e-03 2.399574757604530983e+00 5.861012141714231349e-01 8.087054538661898606e-01 4.980818842181883310e-02 6.317535335092774318e-01 -3.424828072078344582e-02 -3.669129657766202757e-02 9.987396077172069342e-01 3.231570510234890031e-02
8.053628146591943482e-01 -5.927228765727629023e-01 -8.386200064965085299e-03 2.538426669191151230e+00 5.927092364348890419e-01 8.049611357856514271e-01 2.708008344604639211e-02 6.882145172284470647e-01 -9.300419828751071982e-03 -2.677987046240944830e-02 9.995980895985273618e-01 6.767231140837358383e-02
8.077890039579679327e-01 -5.885694410201740556e-01 -3.260273273506292951e-02 2.564211012131823342e+00 5.888967066223371738e-01 8.082081259699354092e-01 5.422596517226114382e-04 7.526473476847029831e-01 2.603063606520170797e-02 -1.963767331851842823e-02 9.994682425033204476e-01 6.178608189967486897e-02
8.331479054904691317e-01 -5.496045991537096276e-01 -6.163888517757647872e-02 2.672046764108901407e+00 5.494843888395396503e-01 8.352546604962830523e-01 -2.040976582120672747e-02 8.172028139654449186e-01 6.270146727535141906e-02 -1.686525150506182000e-02 9.978898182130074845e-01 1.079813904973950106e-01
8.338403464528141296e-01 -5.466814496685643565e-01 -7.648313026888943489e-02 2.901490944623658752e+00 5.474602897429974302e-01 8.367420083185728163e-01 -1.224919056569302375e-02 9.144193808268965551e-01 7.069305327940113293e-02 -3.165760735239360468e-02 9.969956309406563522e-01 1.882532250111254579e-01
8.341472142448139726e-01 -5.467089981038614210e-01 -7.285393853381212648e-02 2.990286516701360142e+00 5.483711846910602761e-01 8.362280626740038469e-01 3.416284093180146225e-03 9.616244973866221457e-01 5.905479462448000316e-02 -4.280068444259133020e-02 9.973367699243351758e-01 1.063609057226403559e-01
8.165867381365465860e-01 -5.722483713211513612e-01 -7.561680117410948809e-02 3.088942998925601646e+00 5.742630568045371531e-01 8.186476623720893020e-01 6.160071608570644869e-03 9.731571066744346687e-01 5.837842657201357949e-02 -4.845416816955527839e-02 9.971179232658354818e-01 1.292995153510195783e-02
7.939599677969385594e-01 -6.020718608098509783e-01 -8.448102720047716285e-02 3.047351330296958594e+00 6.039266115059576112e-01 7.970276113467315016e-01 -4.431102103962580863e-03 1.009633381471649383e+00 7.000155320288577177e-02 -4.750222280995972796e-02 9.964152354201015749e-01 1.163286553320450056e-02
7.700893602218156220e-01 -6.306222996945248793e-01 -9.632181684926613419e-02 3.124241637047763476e+00 6.327253199804715456e-01 7.743015026920274657e-01 -1.076347455416394247e-02 1.095944849330312998e+00 8.136981460446338077e-02 -5.265641515387237126e-02 9.952920451879329056e-01 1.315099952397111305e-01
7.458128904382214097e-01 -6.566975719954650792e-01 -1.118545099289544181e-01 3.209051226187773054e+00 6.609377466806642953e-01 7.504399174021424423e-01 1.106969806095543796e-03 1.182069587398574484e+00 8.321314480820644899e-02 -7.475446009922506740e-02 9.937239773832580170e-01 1.732055297650071934e-01
7.420468763543611734e-01 -6.607993407093606386e-01 -1.127415833258065686e-01 3.398639493872703365e+00 6.671475119813123911e-01 7.443994544274764591e-01 2.799374046496984347e-02 1.232951214368043891e+00 6.542652787577928064e-02 -9.598793448215120483e-02 9.932299259909409539e-01 9.549886615874922380e-02
7.238973353062350125e-01 -6.830789276968535217e-01 -9.682885144960180768e-02 3.552616531741494832e+00 6.888678728252851657e-01 7.233547165361714493e-01 4.710634621833727914e-02 1.322910761322641182e+00 3.786425393031121744e-02 -1.008024434296700134e-01 9.941856796760397685e-01 7.683471281106496464e-04
7.175371593316082208e-01 -6.922027379125950119e-01 -7.743251645551442464e-02 3.616389663977651381e+00 6.961077382671563285e-01 7.164925126451505699e-01 4.552467515560259387e-02 1.375337666175506124e+00 2.396751349035888823e-02 -8.656701998882782023e-02 9.959576845164374026e-01 -1.302975733673190917e-02
7.153031356992429757e-01 -6.957419722376703142e-01 -6.545633755158569711e-02 3.640589771686169929e+00 6.982509362382247620e-01 7.153445650365267694e-01 2.697745939010297647e-02 1.446914175176130302e+00 2.805448451269123081e-02 -6.500201027305964330e-02 9.974906939712210319e-01 5.816499103843521257e-02
7.147680279347394805e-01 -6.967924138979265658e-01 -5.989155346611105268e-02 3.721350348569962829e+00 6.984615196330853371e-01 7.155691097469925044e-01 1.059975319230521337e-02 1.529678812015322631e+00 3.547071798152087729e-02 -4.940831013298506436e-02 9.981486097048265504e-01 1.209826885882098330e-01
7.244646599284971789e-01 -6.865867248133579182e-01 -6.123418836526953873e-02 3.785814878954222973e+00 6.884350307222830700e-01 7.251619314373694003e-01 1.404925864354480275e-02 1.627204346786796707e+00 3.475866782683136730e-02 -5.233395173394158467e-02 9.980245450422616793e-01 1.659227945359520451e-01
7.315834642025584866e-01 -6.795751923678252648e-01 -5.443521675916457303e-02 3.998079564383422380e+00 6.815301825572710470e-01 7.310466551076177932e-01 3.297572318261503266e-02 1.706459377069505345e+00 1.738519970655164060e-02 -6.122373701594018003e-02 9.979726493531605458e-01 1.235816940611609155e-01
7.187294092719940242e-01 -6.945125403870037184e-01 -3.286894419845418774e-02 4.105907255124624733e+00 6.951652758042908831e-01 7.169021759470171062e-01 5.288203322846268123e-02 1.786552767733108338e+00 -1.316341762137666731e-02 -6.085722116250919661e-02 9.980596791118768740e-01 4.377349642967291038e-02
7.100163682089073447e-01 -7.040339453228039446e-01 -1.459317335744968538e-02 4.122186907680600143e+00 7.034998406885852873e-01 7.082589614061487460e-01 5.879810999529377219e-02 1.840581857615493755e+00 -3.106011955174367220e-02 -5.201391564851309129e-02 9.981632239029550879e-01 4.427756421557432764e-02
6.922524933874953934e-01 -7.215048189230149900e-01 -1.474047725357432483e-02 4.167467513893878817e+00 7.209751153314033489e-01 6.905689754442634332e-01 5.752715208256065083e-02 1.944202922557674906e+00 -3.132680117192436497e-02 -5.045083175456993585e-02 9.982351151425232771e-01 1.107197980418948291e-01
6.648309223066983797e-01 -7.463096723760943574e-01 -3.196431858668986881e-02 4.338886912845211441e+00 7.466758326709631577e-01 6.626906502375329300e-01 5.758735097987686957e-02 2.050129323849078311e+00 -2.179554197418590022e-02 -6.215283586162768936e-02 9.978286322532586849e-01 1.222663360306652514e-01
6.488069738232757899e-01 -7.600951670218094591e-01 -3.612267692697780641e-02 4.398075015451693659e+00 7.603798578668592434e-01 6.457452723119636584e-01 6.953786764866384806e-02 2.110890319820471372e+00 -2.952934927590325498e-02 -7.258360942275890459e-02 9.969250910547422517e-01 9.126582688717693737e-02
6.407550687119518695e-01 -7.674992144830614649e-01 -1.943959073194052520e-02 4.504456678447019691e+00 7.661860846107677592e-01 6.376357521723650112e-01 7.987196817659925063e-02 2.180479988976913752e+00 -4.890629477647218115e-02 -6.607271236649697732e-02 9.966155582830176218e-01 8.383761296739102031e-02
6.355935123312930202e-01 -7.720093227848652262e-01 -4.742638044846515799e-03 4.576445573318210336e+00 7.702008947833196562e-01 6.336587927071531956e-01 7.257489993025742492e-02 2.277838487223904362e+00 -5.302328504859293856e-02 -4.978091961953862860e-02 9.973516888663139790e-01 8.940478120783085236e-02
6.430635948199971974e-01 -7.657619315592932852e-01 8.824805480175102607e-03 4.647726477212453133e+00 7.645095722901432689e-01 6.425986315760165990e-01 5.091279380836528923e-02 2.381716861534213692e+00 -4.465788725325887942e-02 -2.599351594554430087e-02 9.986641128201533268e-01 1.091450969248766861e-01
6.502220682941296515e-01 -7.594557669819831380e-01 2.093322481396602680e-02 4.723694181474956899e+00 7.586209209859552383e-01 6.505119493977860046e-01 3.644862045555957719e-02 2.514196262361402923e+00 -4.129842788442734253e-02 -7.819315091504708617e-03 9.991162585834415522e-01 1.362036652016719307e-01
6.738864482727083827e-01 -7.382331917650709618e-01 2.981290678129974725e-02 4.781294733067912972e+00 7.366637055723416205e-01 6.744500889741298355e-01 4.943341355009563121e-02 2.575031130834872339e+00 -5.660070429615485232e-02 -1.135042109987486128e-02 9.983323736181426433e-01 1.345690006083188339e-01
6.918937241064881949e-01 -7.214983383859288057e-01 2.689279175538828587e-02 4.903659390308493293e+00 7.190810106925009659e-01 6.919644822314706678e-01 6.409099306130321139e-02 2.683037952707432172e+00 -6.485040172201037012e-02 -2.500605999506061092e-02 9.975816369400638539e-01 1.031965752118144258e-01
6.827571493574935424e-01 -7.303104000789696348e-01 2.212226339515119961e-02 5.042999453152920530e+00 7.278997623936475092e-01 6.825020179752809835e-01 6.597674868421972427e-02 2.771210887136028145e+00 -6.328199513685353605e-02 -2.894330658657337865e-02 9.975758989146313871e-01 5.294581651330305255e-02
6.609938513709909813e-01 -7.501769658620596193e-01 1.793455713806297452e-02 5.093965928623914508e+00 7.482900717533447210e-01 6.607419949428372519e-01 5.900834376877481247e-02 2.845084177420247773e+00 -5.611681535082489042e-02 -2.558390136304027410e-02 9.980963716124449103e-01 6.047834222498345291e-02
6.414829549591103408e-01 -7.669121292921058375e-01 1.858505963337740013e-02 5.091541578536542545e+00 7.652811789032240020e-01 6.414273034249355909e-01 5.399751510493013690e-02 2.954910330524130657e+00 -5.333231397023351777e-02 -2.041568920374198931e-02 9.983681004123261538e-01 1.118634106241342407e-01
6.129961635316746316e-01 -7.899677324461703565e-01 1.366327886359099131e-02 5.190448694556128117e+00 7.879647411251974320e-01 6.125253749352719268e-01 6.264368925841815039e-02 3.054241401533030587e+00 -5.785559816430134450e-02 -2.763415919220984368e-02 9.979424246953280120e-01 1.404305111208861978e-01
5.942639211157135781e-01 -8.042206392435639062e-01 8.919387582703844353e-03 5.259158285867738591e+00 8.008356494282725668e-01 5.927136570551233552e-01 8.574837225941243923e-02 3.115532103911157424e+00 -7.424725358539618902e-02 -4.381420038087123492e-02 9.962768998526517761e-01 1.153277617267758626e-01
5.959483829809069100e-01 -8.030187056111594002e-01 2.546224856628455380e-03 5.347305218139164928e+00 7.990385352377528116e-01 5.933040621025937877e-01 9.760998462077521975e-02 3.190885331691759141e+00 -7.989332905536433715e-02 -5.613598071771583320e-02 9.952214867261013342e-01 9.529664961657391409e-02
6.028556439908541176e-01 -7.977702365609630197e-01 -1.130142317753774633e-02 5.460735292748478464e+00 7.950225138029601846e-01 5.994671904888646541e-01 9.261905891234857580e-02 3.273468922106763657e+00 -6.711389613779381036e-02 -6.482080827058785133e-02 9.956374780814315484e-01 8.271334946714713199e-02
6.134749493743257842e-01 -7.894918409698579165e-01 -1.873818380187718818e-02 5.526687036003787412e+00 7.884935623204303301e-01 6.110355403283943554e-01 7.009615278190857446e-02 3.407106426279743250e+00 -4.389064444054064512e-02 -5.777717107657349971e-02 9.973642312781135777e-01 8.747086020280253615e-02
6.370803743295005983e-01 -7.705431667178653798e-01 -1.979456664307786135e-02 5.615630891865821539e+00 7.702829054928964636e-01 6.355070613934817869e-01 5.286795271658388529e-02 3.489093268812996307e+00 -2.815745282522706672e-02 -4.892855141351838688e-02 9.984053058287349902e-01 1.227001886547642029e-01
6.529195158429217383e-01 -7.573296683199689516e-01 -1.216056387715240029e-02 5.667499774493326647e+00 7.566595352372241789e-01 6.514509173624285499e-01 5.548017666012071414e-02 3.581252313436004364e+00 -3.409477329492716785e-02 -4.542549669531449619e-02 9.983857324120529730e-01 1.409106605048821292e-01
6.801322145506409900e-01 -7.330866279433599919e-01 -2.041240082456558663e-03 5.711860957108692460e+00 7.316080226428559596e-01 6.785782253730247016e-01 6.543159217233497638e-02 3.662259940230723654e+00 -4.658188419386855017e-02 -4.599552130620995771e-02 9.978549694643601420e-01 1.854382748120548541e-01
6.871458105925862814e-01 -7.265134891567951447e-01 2.963959898014855571e-03 5.845250248479196387e+00 7.244245748297036824e-01 6.854682776490435003e-01 7.309087302568560707e-02 3.780637084577444185e+00 -5.513320567372019532e-02 -4.807692180322282322e-02 9.973208807711116952e-01 1.432137878599094583e-01
6.838503933019755010e-01 -7.296154459766710509e-01 3.152867424566978966e-03 5.925132117778201923e+00 7.275858588757961876e-01 6.822580056118532355e-01 7.171353946436090365e-02 3.841591842366027354e+00 -5.447437511989892955e-02 -4.674735041475485547e-02 9.974202863810704978e-01 8.494761647463787424e-02
6.752437231642731685e-01 -7.375946417962303547e-01 -2.423236291244704188e-04 5.975705627098419903e+00 7.364265439128540036e-01 6.741558126341338220e-01 5.647907322345181030e-02 3.910470504407734360e+00 -4.149529790012213004e-02 -3.831559323697576042e-02 9.984037537825459774e-01 8.105436506768035065e-02
6.658109075913833941e-01 -7.460666699949145553e-01 -8.964332381034825423e-03 6.061068547495030323e+00 7.459635306158831636e-01 6.653763120511959617e-01 2.850919767787141179e-02 4.010311139960564653e+00 -1.530510775606220251e-02 -2.566879981317674725e-02 9.995533334408556181e-01 1.211478287749460925e-01
6.285486742352923706e-01 -7.776581005908129729e-01 -1.320767589492371878e-02 6.120556310188861815e+00 7.777700661424440387e-01 6.284696144258066219e-01 9.983384008248247232e-03 4.112559963142659036e+00 5.369635318207034713e-04 -1.654757773714904054e-02 9.998629352772301360e-01 1.721475097083627337e-01
6.312574621422362142e-01 -7.755726826938200702e-01 1.015061010164134553e-03 6.127220395690529564e+00 7.754272099958052777e-01 6.311633830537638490e-01 1.858563666516099486e-02 4.144023611946319186e+00 -1.505518142915270030e-02 -1.094521590646012690e-02 9.998267568738578026e-01 2.087440086101794712e-01
6.347505523758502077e-01 -7.726520610197183947e-01 1.002640815719418356e-02 6.284928332059668499e+00 7.720522656783425086e-01 6.346891632496872715e-01 3.324101554330182590e-02 4.260986322850336627e+00 -3.204739177361005942e-02 -1.335884184326747819e-02 9.993970712510195087e-01 1.589312176567193313e-01
6.470434413897265813e-01 -7.624325518888857012e-01 5.602568584238224250e-03 6.362979682418132832e+00 7.618616701955733816e-01 6.468134247471104548e-01 3.462930917193663555e-02 4.384066796909737995e+00 -3.002632913546054300e-02 -1.813828512058572595e-02 9.993845216789848385e-01 9.575639970979243909e-02
6.642329984906838458e-01 -7.475250613523420906e-01 -8.979789821695885119e-04 6.439397936806240175e+00 7.474077555555163066e-01 6.641064754732677322e-01 1.855360261349466022e-02 4.471840153575156407e+00 -1.327292927506185105e-02 -1.299507155236554606e-02 9.998274638475420639e-01 7.459472379958113908e-02
6.774613705085590354e-01 -7.355431464588815249e-01 -4.729816701860466849e-03 6.507341298073368918e+00 7.355563493959453858e-01 6.774605293232458525e-01 2.021898211464580927e-03 4.543535317461397938e+00 1.717070754164077987e-03 -4.848804639900054780e-03 9.999867702932820901e-01 1.084382687523579858e-01
6.994907381082731135e-01 -7.146343144264331038e-01 -3.240979019600535773e-03 6.572403014447969483e+00 7.146136824401481125e-01 6.994962888092461917e-01 -5.676866338308956400e-03 4.654316876446884521e+00 6.323936280087118916e-03 1.654867473217742305e-03 9.999786343935411770e-01 1.544733848116247588e-01
7.039818109598525719e-01 -7.102121873145688102e-01 2.873817590302313839e-03 6.708780069512782163e+00 7.102178858242831350e-01 7.039736221806642824e-01 -3.419638741283718020e-03 4.782794172976425173e+00 4.055773317411198817e-04 4.448400127146527605e-03 9.999900235719038077e-01 1.499364846566962339e-01
6.991399383538068335e-01 -7.149140684503445531e-01 1.006088119457822921e-02 6.777647620865574041e+00 7.149639114208821145e-01 6.991579477581464364e-01 -2.183907591923038485e-03 4.833874706472505167e+00 -5.472838786978548135e-03 8.720023990403931100e-03 9.999470032042790946e-01 1.039249503954867704e-01
6.931855759053420218e-01 -7.207139989179220940e-01 8.067782874922685421e-03 6.843983212000500416e+00 7.207553975232319221e-01 6.931024003012947743e-01 -1.098724886910614970e-02 4.919046348644561029e+00 2.326864393841314264e-03 1.343110048809268570e-02 9.999070913048728748e-01 1.395035335165750179e-01
6.883317981879939484e-01 -7.253958003487904760e-01 -5.181115911022174392e-04 6.880587029626970441e+00 7.253794720510268190e-01 6.883207724106996661e-01 -6.255860844969110546e-03 5.042228423841486951e+00 4.894602155089441790e-03 3.930280432214206671e-03 9.999802976886432715e-01 1.945345710911944859e-01
6.777892779746981233e-01 -7.352286933029837934e-01 -6.361069605380543016e-03 6.997252003507254514e+00 7.351418390950509307e-01 6.775058929041332112e-01 2.349981898056935706e-02 5.126648139811920579e+00 -1.296807905912196988e-02 -2.060421374768729372e-02 9.997036037253022034e-01 1.557161037473528686e-01
6.696441606819065750e-01 -7.426183182481125300e-01 -9.733009142603863545e-03 7.074670611547630550e+00 7.419242368910363705e-01 6.683114915114061194e-01 5.392751642207345431e-02 5.222490906360039986e+00 -3.354287969566992211e-02 -4.333340185289896729e-02 9.984974168747643430e-01 1.306539504397762341e-01
6.740158105435651859e-01 -7.385329937136465572e-01 -1.648345636266208142e-02 7.179003725805422675e+00 7.375691915375480745e-01 6.715576913748370069e-01 7.072449964437217684e-02 5.297823198792817934e+00 -4.116278455047069074e-02 -5.982712053624272136e-02 9.973596847759556017e-01 1.287323025750238270e-01
6.669847241730111342e-01 -7.445943758038257032e-01 -2.665695483665644558e-02 7.303443975167625446e+00 7.444540378504821421e-01 6.645492559396442012e-01 6.451722218274799636e-02 5.409427942617608842e+00 -3.032430127744323647e-02 -6.287687930691587823e-02 9.975604918002007881e-01 1.023541201815977297e-01
6.707753396627734732e-01 -7.413344964950513427e-01 -2.199108925723667826e-02 7.313295095935156809e+00 7.414589596858479625e-01 6.696067463092310046e-01 4.319046652613610371e-02 5.490912344221333896e+00 -1.729320103020532892e-02 -4.527659001729192334e-02 9.988247972465116309e-01 1.343861368371676024e-01
6.880884329632650509e-01 -7.254643085614894682e-01 -1.535725970211868595e-02 7.374683444959642564e+00 7.255763278510606318e-01 6.876367113391688157e-01 2.635802877346665046e-02 5.598459712229550966e+00 -8.561593562440386954e-03 -2.927951881525366756e-02 9.995345961464359164e-01 1.867848364071340583e-01
7.170946113655636278e-01 -6.967330924227133071e-01 -1.839337580636215760e-02 7.448522617646254673e+00 6.969480878269431745e-01 7.165808261050198302e-01 2.784389579450045893e-02 5.692378023267661291e+00 -6.219423191815007419e-03 -3.278593573058702360e-02 9.994430454975565814e-01 2.441772320313412847e-01
7.246580188216528162e-01 -6.885896954275354531e-01 -2.673924285560785874e-02 7.646719301262853818e+00 6.889914938758134877e-01 7.232736163876691826e-01 4.654027507737502206e-02 5.791090835963886185e+00 -1.270736496099973689e-02 -5.214889441317876323e-02 9.985584688375693796e-01 2.267279802757579121e-01
7.168156082285612740e-01 -6.966358903080593912e-01 -2.956044882296586518e-02 7.705380445404664158e+00 6.970173232489871307e-01 7.147942142603833648e-01 5.688657443279541287e-02 5.868175714804375609e+00 -1.849959163696997255e-02 -6.138132936470590967e-02 9.979429329950119110e-01 1.421508242580306058e-01
7.131797617129522759e-01 -7.004577944589130967e-01 -2.708330970933476439e-02 7.773132126265641872e+00 7.008367600597028568e-01 7.117161625115331347e-01 4.783241337080593181e-02 5.956474463768125283e+00 -1.422895751892266220e-02 -5.309408819833047466e-02 9.984881344143817783e-01 1.481135633484422787e-01
7.014958081590989547e-01 -7.122155632955784466e-01 -2.554647793287215946e-02 7.802167471284777278e+00 7.125827459382052531e-01 7.003833291430393571e-01 4.109771830260611214e-02 6.054471752587653910e+00 -1.137810732854941526e-02 -4.703385650863747824e-02 9.988284912914453528e-01 1.924180573204826716e-01
6.961582795888623387e-01 -7.169904337461987520e-01 -3.589383897430176856e-02 7.903432604997655098e+00 7.178300952135516777e-01 6.945943419156640486e-01 4.752530467497149969e-02 6.127641944990064538e+00 -9.143531351646111416e-03 -5.885081218796761604e-02 9.982249134034063554e-01 2.416742403373829673e-01
6.871977823865422774e-01 -7.252578089704975195e-01 -4.195614865942481203e-02 8.011199335248646136e+00 7.263075502843758802e-01 6.846742942679761024e-01 6.081490909766833208e-02 6.213496406402763128e+00 -1.538019125132092206e-02 -7.226493822015077340e-02 9.972668792359999923e-01 2.143284204440470686e-01
6.883134314364198758e-01 -7.247331985135271326e-01 -3.140718192664692515e-02 8.117429317187740523e+00 7.249089547705919179e-01 6.855754261722881715e-01 6.703239755590875704e-02 6.293782590239636043e+00 -2.704861175049252595e-02 -6.890664700185328284e-02 9.972563595191223929e-01 1.592190074141943690e-01
6.878830249964678067e-01 -7.255525394668674855e-01 -1.975996950626670787e-02 8.205510630298537222e+00 7.254373283707699072e-01 6.863783204051898679e-01 5.123947583680426437e-02 6.382546006604506772e+00 -2.361411713337541532e-02 -4.958138512516833268e-02 9.984908911557885958e-01 1.513291784909294169e-01
6.978303120098439116e-01 -7.160969034767051822e-01 -1.542985649053000771e-02 8.270719629323908251e+00 7.162481256469971358e-01 6.975143851721786747e-01 2.150127868386085203e-02 6.452768937196641019e+00 -4.634452223015453169e-03 -2.605584980291349509e-02 9.996497459328644863e-01 1.975706707475370916e-01
7.072696380965605156e-01 -7.068259368049800706e-01 -1.291332979997127789e-02 8.355833474124587212e+00 7.068230361593981215e-01 7.073684870333922792e-01 -5.569479912867168585e-03 6.550264405889938857e+00 1.307113542009775628e-02 -5.188314933783705167e-03 9.999011085137256005e-01 2.499416012475704219e-01
7.366393922015190832e-01 -6.761007166787984524e-01 -1.581855756356834175e-02 8.427164128201743765e+00 6.762349183476172865e-01 7.366692662345508680e-01 4.972664561362181469e-03 6.603175462389574868e+00 8.291023119502664504e-03 -1.436012158248059153e-02 9.998625134706112805e-01 2.522016054921189521e-01
