1.000000000000000000e+00 0.000000000000000000e+00 0.000000000000000000e+00 0.000000000000000000e+00 0.000000000000000000e+00 1.000000000000000000e+00 0.000000000000000000e+00 0.000000000000000000e+00 0.000000000000000000e+00 0.000000000000000000e+00 1.000000000000000000e+00 0.000000000000000000e+00
9.999985221735259167e-01 -1.689810088672115797e-03 -3.165321919235858676e-04 1.258135428407363386e-02 1.689996673567810285e-03 9.999983978283806252e-01 5.901287275079659641e-04 -4.782752189127238013e-02 3.155344793073332080e-04 -5.906627937515373074e-04 9.999997757777030483e-01 -1.456562226321371500e-02
9.999941117375678035e-01 -3.419442133484831663e-03 -2.896647866365201066e-04 1.314752260276799180e-02 3.419551408266026729e-03 9.999940820279017428e-01 3.775941477391446251e-04 -9.631609193858101103e-02 2.883719110702584010e-04 -3.785824479947778594e-04 9.999998867584790618e-01 -2.258536539494041331e-02
9.999938648136077468e-01 -3.486708295503561979e-03 -3.364526801265753896e-04 1.357590043308316147e-02 3.486883146657894245e-03 9.999937853380020947e-01 5.205106102169077811e-04 -1.064860516972250815e-01 3.346357205243491797e-04 -5.216805879672761640e-04 9.999998079341309021e-01 -1.882473623685156777e-02
9.999982479305520311e-01 -1.856925905407074339e-03 2.365629049348822398e-04 -2.248226403827817410e-02 1.856937444201560211e-03 9.999982747108207004e-01 -4.856655483571824489e-05 -6.396938811542982051e-02 -2.364723123016513316e-04 4.900575225982399519e-05 9.999999708396404285e-01 -8.662295770177873278e-05
9.999997334282449968e-01 -5.368741271005447258e-04 4.948834312821056214e-04 -5.970665953906032636e-02 5.369399395004462476e-04 9.999998470215312185e-01 -1.328623932531852541e-04 -1.717733505660385893e-02 -4.948120251941937010e-04 1.331280805154762747e-04 9.999998687189782798e-01 1.147692366208192052e-02
9.999981470970447095e-01 1.644198731553557025e-03 1.001205777270158196e-03 -9.464124792548367360e-02 -1.644260846208627945e-03 9.999986463282812821e-01 6.121988706417473048e-05 2.407736812520461581e-02 -1.001103764305556060e-03 -6.286601708822827045e-05 9.999994969194319072e-01 1.993935869932616720e-02
9.999991644648452693e-01 6.985459799896026655e-04 1.087705440402156809e-03 -5.408648625730355652e-02 -6.996270464017648920e-04 9.999992614085005949e-01 9.938332099293874147e-04 1.750677114022158865e-04 -1.087010398838588474e-03 -9.945933676914263475e-04 9.999989145956238445e-01 2.287381400638862847e-02
9.999988992374710950e-01 -1.377190823409492858e-03 5.521496917805366516e-04 -4.751068921772526321e-02 1.376558416951891364e-03 9.999983980575390952e-01 1.144101953641884876e-03 -8.638345790705635047e-03 -5.537244539801010291e-04 -1.143340627951687245e-03 9.999991930803932005e-01 1.670848760025019086e-02
9.999971307781019281e-01 -2.334135437099240252e-03 5.387460673302210375e-04 -7.555362811181362548e-02 2.333764668652339985e-03 9.999970402241717959e-01 6.878120146332321197e-04 -9.087193256521630680e-03 -5.403499191600514293e-04 -6.865527346106272072e-04 9.999996183335808642e-01 1.597751423794642467e-02
9.999993610424638968e-01 -6.845164356398446498e-04 8.996398797334938810e-04 -7.540986793550204237e-02 6.840478978506354382e-04 9.999996303132056008e-01 5.210104850184228047e-04 -5.795233045724506975e-03 -8.999961873886465043e-04 -5.203947553462927615e-04 9.999994595979346812e-01 2.654397078434540813e-02
9.999998416009444613e-01 2.028186037157228756e-04 5.250359034162808882e-04 -3.730690221668135631e-02 -2.029962010586861313e-04 9.999999221977420305e-01 3.382263329928245142e-04 8.042148000001709401e-03 -5.249672639747046069e-04 -3.383328597119057766e-04 9.999998049701048775e-01 1.162162799033038610e-02
9.999999813020293837e-01 -1.874589409790867166e-04 4.748774936126224565e-05 -1.057070808278929956e-02 1.874380134635422149e-04 9.999998854949608829e-01 4.403147241724079930e-04 7.786974541290249061e-03 -4.757028485556650312e-05 -4.403058149300120828e-04 9.999999019339238515e-01 -3.885580996052260226e-03
9.999997061472071236e-01 -7.625093386304465735e-04 7.927804228638566514e-05 -9.768771790440687608e-03 7.624824013754368836e-04 9.999996517619479386e-01 3.392588546633711587e-04 4.290969318686587916e-03 -7.953670272364853685e-05 -3.391983068591503678e-04 9.999999393092089406e-01 -5.923904686644292442e-03
9.999995849433277462e-01 -9.110151196901518237e-04 -1.283058522538302206e-05 -9.199470648918971899e-03 9.110182738472084570e-04 9.999995542685140570e-01 2.480090277008497961e-04 -8.422008363678156959e-03 1.260463953233207527e-05 -2.480206136606525670e-04 9.999999691634486876e-01 -4.495942675592648832e-03
9.999999664985899095e-01 -1.211003132614223388e-04 2.287739784309690712e-04 -1.304830462394893607e-02 1.211079447651378717e-04 9.999999921104979483e-01 -3.334470949050195740e-05 -1.742325253536231716e-02 -2.287699385712913837e-04 3.337241471975068606e-05 9.999999732752982151e-01 4.354408437945201521e-03
9.999999374169197264e-01 -3.471346530561785523e-04 6.829120940137740979e-05 1.462133512483180034e-02 3.471415676763751749e-04 9.999999346189425431e-01 -1.012661966202022727e-04 -3.377921413163076370e-02 -6.825605193039586103e-05 1.012898970001418738e-04 9.999999925407340173e-01 7.791070285900324882e-04
9.999996998577238561e-01 -7.207222781427335924e-04 -2.843305468953947579e-04 3.837206867937471150e-02 7.207530041952605422e-04 9.999997344280140421e-01 1.079768883850816964e-04 -3.650175587217169282e-02 2.842526500361830587e-04 -1.081817880725119787e-04 9.999999537485647627e-01 -1.143282445742681980e-02
9.999997652078760346e-01 -5.304374991141628994e-04 -4.338435804948952081e-04 3.072965382697552539e-02 5.303031821021085470e-04 9.999998114463735099e-01 -3.096542468080441899e-04 -5.942827508819807647e-02 4.340077509163816813e-04 3.094241054723949075e-04 9.999998579469874249e-01 -2.953956779240245190e-02
9.999893211920044545e-01 4.616034495705950008e-03 -2.229966112289628606e-04 1.429737492489483418e-02 -4.616159581981841079e-03 9.999891865902695853e-01 -5.637137967147790854e-04 -7.217033254556808053e-02 2.203920775438963800e-04 5.647371648670535460e-04 9.999998162496165355e-01 -2.230480562034968528e-02
9.999817917852694693e-01 6.033004531787456749e-03 -1.376744038444503227e-04 -9.388571007326049558e-03 -6.033068446973423489e-03 9.999816910564599537e-01 -4.686544321079955870e-04 -6.592977063162983042e-02 1.348444888588136035e-04 4.694764978492511659e-04 9.999998807043837257e-01 -1.536511855860670135e-02
9.999849460228831255e-01 5.487040664094643312e-03 1.060009751210164123e-05 -1.358931001953469705e-02 -5.487038879452802755e-03 9.999849330263957947e-01 -1.616308452238487113e-04 -7.825198728506310708e-02 -1.148681282102746981e-05 1.615702488896284569e-04 9.999999868815537818e-01 -7.635743267196954190e-03
9.999905754751555742e-01 4.335441379806712764e-03 -2.300193674809539049e-04 2.570384665809643046e-02 -4.335414639058895320e-03 9.999905952449333890e-01 1.166258598393444753e-04 -8.838726289057938224e-02 2.305228287838451953e-04 -1.156275313629869319e-04 9.999999667447491136e-01 -1.294441857553337363e-02
9.999876830902282299e-01 4.948094399052982602e-03 -3.873366176894411060e-04 3.769537218891357011e-02 -4.948114956478831018e-03 9.999877566452877176e-01 -5.213350440890683829e-05 -7.396585706927337467e-02 3.870739138886689903e-04 5.404944839641798811e-05 9.999999236262182567e-01 -2.058253138845832567e-02
9.999814845175998279e-01 6.065143576888605732e-03 -4.946264943469255541e-04 6.902031632617462720e-02 -6.065314717028601026e-03 9.999815462145439371e-01 -3.452357938362552998e-04 -6.885819057055431180e-02 4.925234619582200771e-04 3.482294669845853083e-04 9.999998180784223090e-01 -2.570613458470401985e-02
9.999315867239433331e-01 1.168895767529404099e-02 -4.360506877290484611e-04 1.051653115230929691e-01 -1.168904189038753351e-02 9.999316625580284557e-01 -1.910853783617667942e-04 -7.347830730202702110e-02 4.337873002404408931e-04 1.961693203402236924e-04 9.999998866730814839e-01 -3.313616235217264200e-02
9.999093251307293873e-01 1.345512927515156790e-02 -5.486463326272544806e-04 8.319875056672994262e-02 -1.345510204778891175e-02 9.999094745972393339e-01 5.328748830352886425e-05 -3.108007929635608207e-02 5.493136562408923061e-04 -4.590056407384833758e-05 9.999998480738111484e-01 -5.158274140449600059e-02
9.999334197076513719e-01 1.151775983430380727e-02 -7.052376630125788094e-04 7.585582205600389927e-02 -1.151788054787597666e-02 9.999336530106088805e-01 -1.673455826017751231e-04 -1.984202051092345820e-02 7.032634263870939052e-04 1.754572838444043447e-04 9.999997373176128246e-01 -6.190782151259071470e-02
9.999566306068955468e-01 9.272715273193008964e-03 -8.681340720456775899e-04 9.596732050594394825e-02 -9.272772630107747535e-03 9.999570049934071170e-01 -6.206742646579545828e-05 -1.539313917466523379e-02 8.675212130421694132e-04 7.011474450170723197e-05 9.999996212453620137e-01 -6.255915800997564891e-02
9.999978166874491370e-01 -1.924523328276660445e-03 -8.141439023247547648e-04 1.335906257727260682e-01 1.925189673456134285e-03 9.999978118727619325e-01 8.184707748948928966e-04 -9.949712939425869873e-03 8.125669547745085044e-04 -8.200363693508405010e-04 9.999993336374264352e-01 -4.751649771870371936e-02
9.997131052838892362e-01 -2.394284438523387043e-02 -6.688246317011145321e-04 1.744869520331768231e-01 2.394341661512169178e-02 9.997129444645530549e-01 8.610869922161583584e-04 3.873130243770904479e-02 6.480157700315609167e-04 -8.768538977072549154e-04 9.999994056012252441e-01 -2.656173474902745815e-02
9.986110314666492016e-01 -5.267954704681477446e-02 -9.344281981310897196e-04 1.983804070703141798e-01 5.268112376808497394e-02 9.986098491563454305e-01 1.751675333124746384e-03 6.569102671492038636e-02 8.408517388610331099e-04 -1.798469038764521997e-03 9.999980292367929291e-01 -3.282659116649609687e-02
9.979661893829151476e-01 -6.372730819224001197e-02 -1.521525259302519261e-03 2.209297914114174421e-01 6.373210584003421997e-02 9.979614337632402021e-01 3.345953737357694469e-03 2.709042185824793447e-02 1.305194904262957020e-03 -3.436118709986535867e-03 9.999932447544197522e-01 -7.284291950187875286e-02
9.977333110322323950e-01 -6.727486439041834021e-02 -1.527310678764927983e-03 2.223885438194881381e-01 6.727756219890686229e-02 9.977326931546363076e-01 1.789590726538600306e-03 -2.557563757326075660e-03 1.403453323365732881e-03 -1.888288020169597882e-03 9.999972323397310348e-01 -6.044741598263443649e-02
9.969723851942542403e-01 -7.774772686963972446e-02 -1.163669490679199734e-03 2.608597024794631070e-01 7.774665003295670729e-02 9.969727016324079205e-01 -9.437205256976993447e-04 -6.468508103054801395e-02 1.233518841602867329e-03 8.503918988157461523e-04 9.999988776318130546e-01 -9.222098230318331868e-03
9.966777425888440067e-01 -8.141762510322160529e-02 -2.155864225167548193e-03 3.261366857119019080e-01 8.141022761508291683e-02 9.966751430395621725e-01 -3.321759583200847941e-03 -2.019780843322450115e-01 2.419146061420821177e-03 3.135214445529375862e-03 9.999921590506167801e-01 -3.500988325983653976e-02
9.959502275906415569e-01 -8.988781279478946784e-02 -1.823533141533074334e-03 3.807771189655034805e-01 8.975620400418735101e-02 9.952544360148336544e-01 -3.758232876704179631e-02 -1.726456058722718179e-01 5.193072780934941679e-03 3.726645547626174920e-02 9.992918709222684548e-01 -6.175411509998073728e-02
9.957577682126104168e-01 -9.160864685338236668e-02 -8.621071043299474365e-03 3.892556063533983979e-01 9.088125543888365965e-02 9.938318988136025656e-01 -6.355119440578309298e-02 -7.315626273340054830e-02 1.438973433019931185e-02 6.249810174910543775e-02 9.979413423762264479e-01 -1.143446664058246631e-02
9.987521178848675074e-01 -4.818967753385262898e-02 -1.311342821976590155e-02 4.742929301390635399e-01 4.727922871552818485e-02 9.969180662257620673e-01 -6.260226645059947803e-02 -7.843301276854527937e-02 1.608979653558206824e-02 6.190415342988204311e-02 9.979524007865170354e-01 3.695838720931203525e-03
9.992002419118289902e-01 -3.848107837849151086e-02 -1.086660803428501562e-02 7.080370530359919590e-01 3.786666395076288688e-02 9.979291668871300702e-01 -5.199513089894521739e-02 -8.791151549820044875e-02 1.284493380996527823e-02 5.154206517774435198e-02 9.985882150279117297e-01 -3.984634071405368516e-02
9.982995413176828370e-01 -5.794236571558615545e-02 -6.380286841935578317e-03 7.672234933033461601e-01 5.759160178186858992e-02 9.972921375175555214e-01 -4.573401195897736082e-02 -3.037453371915518202e-02 9.012946749137124708e-03 4.528879222220967560e-02 9.989332770960984709e-01 -6.216804237968569236e-02
9.981529668200641581e-01 -6.073239950449067087e-02 1.493478734656500037e-03 7.253164772797329185e-01 6.074791871169087781e-02 9.975668767532128722e-01 -3.420550799269046066e-02 8.793507309967361560e-03 5.875376598375009994e-04 3.423305500926195760e-02 9.994137045009093834e-01 -7.745051746750608590e-03
9.976981535092730446e-01 -6.775884640020830851e-02 2.670808622878624757e-03 7.571936995677770454e-01 6.777830945851355537e-02 9.976680582184616064e-01 -8.034076023432789801e-03 -1.122173682529824246e-02 -2.120200729421062649e-03 8.196605707077952649e-03 9.999641595596062693e-01 -8.773836602833692822e-03
9.955513622716921640e-01 -9.420614313066109913e-02 -1.639413133796127544e-03 8.662982017644106358e-01 9.421645186268896854e-02 9.955182901813681706e-01 8.160521599189457173e-03 1.053461902549780206e-02 8.632944940635060545e-04 -8.278678083523996131e-03 9.999653585058864147e-01 6.671224061228595015e-02
9.852660456758595142e-01 -1.686447796863728144e-01 -2.845623873230274797e-02 1.003457768074309531e+00 1.691315810055467050e-01 9.854692062307592870e-01 1.565093854953732155e-02 7.476993870250171759e-02 2.540329791226370038e-02 -2.023318698208415034e-02 9.994725061749967221e-01 8.125092623190459384e-02
9.728852372114221714e-01 -2.265659084190986827e-01 -4.649950922647781704e-02 1.056905493146260033e+00 2.276291693352986978e-01 9.735636708526350658e-01 1.894043462183254284e-02 9.447947988792533558e-02 4.097897611942767637e-02 -2.901151388967118661e-02 9.987387323910256187e-01 5.071114411043492476e-03
9.630212129320754322e-01 -2.666756867310769996e-01 -3.839559283749398311e-02 1.150738813896251767e+00 2.676825378385493392e-01 9.632095777622352584e-01 2.394510896634431674e-02 8.816669698592857762e-02 3.059742438748294657e-02 -3.333747761311563196e-02 9.989756804883926922e-01 -4.545302941964803750e-02
9.569717226414731215e-01 -2.888725397854173815e-01 -2.752776457567858784e-02 1.322828417120846867e+00 2.896003892403243851e-01 9.567482433527207952e-01 2.764802693386040483e-02 1.167414305172042310e-01 1.835038464076786321e-02 -3.443043129856677292e-02 9.992386145381545459e-01 -8.291346803878332783e-02
9.527152566410287404e-01 -3.034623336363642121e-01 -1.562855807138483280e-02 1.402857899177884393e+00 3.036906743356097005e-01 9.526494793963705687e-01 1.519683280841336963e-02 1.505311722546558428e-01 1.027687136249792396e-02 -1.922450180879044582e-02 9.997623739895408201e-01 -4.863036601763087718e-02
9.498853165986261837e-01 -3.124124320962970436e-01 -1.078691716869211760e-02 1.384455545632310436e+00 3.123415605868254397e-01 9.499380953463517629e-01 -7.769462010465226325e-03 2.116659223088418196e-01 1.267418007265547729e-02 4.010895339221645130e-03 9.999116350348483673e-01 8.333712012238435329e-02
9.552480218855247118e-01 -2.947422295485764843e-01 -2.506461259478029099e-02 1.392816020343026873e+00 2.943615209964347001e-01 9.555282729904225336e-01 -1.780490024139749425e-02 2.411700466212081118e-01 2.919780197990388612e-02 9.630038248878140805e-03 9.995272636215919437e-01 1.910615197236178731e-01
9.599261823260828441e-01 -2.766415512178976299e-01 -4.484614392149391393e-02 1.663185040741570919e+00 2.766751794657497654e-01 9.609473024516772544e-01 -5.579155710315416433e-03 2.734920440526058538e-01 4.463820731690711086e-02 -7.052237276220328990e-03 9.989783262898813687e-01 1.168995002657652604e-01
9.549366600171885766e-01 -2.929202457318797470e-01 -4.789264030716592485e-02 1.915030190925844700e+00 2.940403345591014461e-01 9.556206656413054334e-01 1.815007029297746946e-02 3.159145797384037002e-01 4.045067375938366655e-02 -3.141453548349087271e-02 9.986875737450469082e-01 -4.746643574335937532e-02
9.450422422012512147e-01 -3.248760010816422183e-01 -3.675247442598123665e-02 2.006925937962984907e+00 3.259874911263613284e-01 9.449042903907800550e-01 2.979996023884847606e-02 3.366487175008550103e-01 2.504627885279805954e-02 -4.014306817244087805e-02 9.988799817762545885e-01 -1.368067761493768075e-01
9.228823329217010762e-01 -3.844862270931237447e-01 -2.141356478247660039e-02 1.979848512665638216e+00 3.849296550768306346e-01 9.226540224780743760e-01 2.321024445070047140e-02 3.840833262242310808e-01 1.083329236338793217e-02 -2.966304065202950493e-02 9.995012475209049674e-01 -2.617557193922118164e-02
8.980921626941367197e-01 -4.394902126836230383e-01 -1.669791192550794390e-02 1.968626531113553568e+00 4.397439536570005303e-01 8.979597726809223079e-01 1.713189624461116875e-02 4.568301782029752234e-01 7.464752472657250858e-03 -2.272882755731364321e-02 9.997137979783973227e-01 9.870928606452883391e-02
8.581411291952039111e-01 -5.132230781095958871e-01 -1.399551639961981939e-02 2.107190540865715889e+00 5.133938136238038741e-01 8.575477681696023202e-01 3.222758818374075324e-02 5.034641955165294336e-01 -4.538118154832824352e-03 -3.484103045326860520e-02 9.993825634263223678e-01 9.204818194141135834e-02
8.331593163062913643e-01 -5.529615682221546979e-01 -8.891440902834703286e-03 2.246872950513480571e+00 5.526470812044854686e-01 8.318696661662012826e-01 5.073521606040169718e-02 5.009939435895403026e-01 -2.065810466127195391e-02 -4.718434678819002914e-02 9.986725590152037979e-01 -1.536098883648866209e-02
8.111377521671200297e-01 -5.848497016441536189e-01 2.524578383852317531e-03 2.358033114567844368e+00 5.838745214057619037e-01 8.100200326671322948e-01 5.438832532014990784e-02 5.535857092067799634e-01 -3.385395490137362712e-02 -4.264238694869734725e-02 9.985166681497376073e-01 -1.511901244595771632e-02
8.081656993674763978e-01 -5.889397124964080854e-01 4.268185858886594519e-03 2.410187330180590948e+00 5.880690727856167088e-01 8.073259798547052224e-01 4.898497611212161013e-02 6.261852165388872571e-01 -3.229501507884392775e-02 -3.707798937763976538e-02 9.987903957812013234e-01 3.995393805444956425e-02
8.046927652298488942e-01 -5.936193858460333539e-01 -9.250855880276076526e-03 2.546488768026494043e+00 5.936566765926808431e-01 8.043792496492440103e-01 2.336178654667826066e-02 7.142870770962292948e-01 -6.426812870515500459e-03 -2.429089297447856871e-02 9.996842744561054150e-01 7.692271955090729252e-02
8.068375607319852039e-01 -5.899496460700272005e-01 -3.118598553693190112e-02 2.557454891171186961e+00 5.902421470143549564e-01 8.072262145960609203e-01 2.153062910295287791e-04 7.424959553218613006e-01 2.504712518323552045e-02 -1.858100026274182165e-02 9.995135756703313890e-01 7.335499915961685158e-02
8.321401156534266041e-01 -5.512256221614565410e-01 -6.077122175024071704e-02 2.674124220159597165e+00 5.510151525982854848e-01 8.342133751805000941e-01 -2.168746820277328916e-02 7.932507949349396625e-01 6.265085416329144175e-02 -1.543885172780735775e-02 9.979160848137165196e-01 9.196361204545865087e-02
8.323740638499920186e-01 -5.490049908147327518e-01 -7.580856079866335473e-02 2.913274568486666105e+00 5.496752314903308179e-01 8.352677775914320035e-01 -1.359704392584708786e-02 9.013458215199510182e-01 7.078529307632169809e-02 -3.035226149704990661e-02 9.970296798521666171e-01 1.323902738794781875e-01
8.334250953738128187e-01 -5.476957757425807705e-01 -7.370174784144316316e-02 2.993635804437979608e+00 5.494263160197166984e-01 8.355330510092725538e-01 3.904348362880751683e-03 9.553363216336786534e-01 5.944185113329981951e-02 -4.374766170744470717e-02 9.972726850911828311e-01 6.439323029423107969e-02
8.164323435510587590e-01 -5.722259619275903431e-01 -7.743175640375184188e-02 3.085246670547499459e+00 5.742040787204264474e-01 8.187020196392766902e-01 4.083995518574683181e-03 9.946706619195242460e-01 6.105656708784375913e-02 -4.779593638180275328e-02 9.969892898526213632e-01 2.537935315073056031e-03
7.930901981353178920e-01 -6.029448347529505758e-01 -8.640291584442830186e-02 3.063759156074857160e+00 6.045589858992040933e-01 7.965090599966121454e-01 -9.041565784716817239e-03 1.033331632387321619e+00 7.427227066818598011e-02 -4.506488198198725648e-02 9.962192460606958955e-01 3.796452542497321531e-02
7.688192542765661663e-01 -6.320188764134545556e-01 -9.730927042527448556e-02 3.147219758940020817e+00 6.340168574103345334e-01 7.732139807413255239e-01 -1.275791933179748136e-02 1.086588347348670158e+00 8.330413419001675424e-02 -5.188718380513179795e-02 9.951724179174300522e-01 1.524566798672646883e-01
7.447928235655090212e-01 -6.571864309302293261e-01 -1.157136334513067522e-01 3.220485331750689184e+00 6.619157074216599490e-01 7.495710025786413988e-01 3.302780909125342668e-03 1.168455987562246001e+00 8.456504144030083103e-02 -7.905255906317809611e-02 9.932771248104744766e-01 1.388966408851162460e-01
7.416863267155544559e-01 -6.611022394130591229e-01 -1.133367628187178511e-01 3.387193303797814359e+00 6.676303048081974056e-01 7.438947931923056700e-01 2.983810924121139962e-02 1.219196949360166204e+00 6.458458689889917670e-02 -9.779757514588648115e-02 9.931084862343505515e-01 7.500495154760122851e-02
7.233218485342338688e-01 -6.837747807671770151e-01 -9.621617649760372259e-02 3.538873578708770395e+00 6.894284181474266138e-01 7.229421635377817346e-01 4.520049148016477142e-02 1.330679540426069174e+00 3.865177465209240076e-02 -9.902866941502519449e-02 9.943336275869048002e-01 9.314890631627277540e-03
7.170340789206880450e-01 -6.929716892195302291e-01 -7.518222932709209272e-02 3.611002184426291173e+00 6.966216851466470183e-01 7.161529055614472838e-01 4.293301339695225483e-02 1.377394211435116977e+00 2.409060916221334933e-02 -8.315800500329377509e-02 9.962451449086543454e-01 -9.716305180906895100e-04
7.148862088743734855e-01 -6.963374193088333053e-01 -6.365459002726849003e-02 3.641199163434518660e+00 6.987016620707916514e-01 7.149430976915986946e-01 2.592979912483637378e-02 1.448839832749024392e+00 2.745352037059908476e-02 -6.301242364371564819e-02 9.976350729028155007e-01 7.659957871679740071e-02
7.137723756258083085e-01 -6.976554865804890371e-01 -6.169131087625731591e-02 3.730942712878349887e+00 6.994279320459243499e-01 7.146196111878871937e-01 1.092607796213831972e-02 1.531759310795405282e+00 3.646318235497011950e-02 -5.094735861469115029e-02 9.980354718058542796e-01 1.336214247067116501e-01
7.228704976694233508e-01 -6.881608251191050352e-01 -6.239328786458295945e-02 3.787778513829434868e+00 6.900050178276130319e-01 7.237018006615147936e-01 1.219750351492128460e-02 1.627165533255342966e+00 3.676029069356951534e-02 -5.186889714148064379e-02 9.979771032130200226e-01 1.468229535808922293e-01
7.306574729826236236e-01 -6.806433209756365121e-01 -5.351940569460275632e-02 3.990181790307640863e+00 6.825037954611844482e-01 7.302327421517939010e-01 3.080116021434046308e-02 1.709451873600900784e+00 1.811701840051276394e-02 -5.903229540453622942e-02 9.980916599909784859e-01 1.143377463509094027e-01
7.188433880094314832e-01 -6.943984084234547938e-01 -3.278770949753672531e-02 4.104744098726147428e+00 6.950809507732117476e-01 7.171857487066664039e-01 5.007068727575397088e-02 1.808083659457869974e+00 -1.125412756858453107e-02 -5.878309477248740839e-02 9.982073393747608048e-01 4.319406693511648743e-02
7.106885997674763367e-01 -7.033184422514587864e-01 -1.627522502226321291e-02 4.141303002825961421e+00 7.029276078510277026e-01 7.089750200195409358e-01 5.698420052192926938e-02 1.875983309096034946e+00 -2.853931115804646604e-02 -5.193832666993567632e-02 9.982424144171351266e-01 5.047089337188350594e-02
6.924212371376869957e-01 -7.212851535385390589e-01 -1.733659844379093970e-02 4.186457385084739968e+00 7.208538748539087271e-01 6.905961149036262681e-01 5.870857848834956649e-02 1.943609352366425513e+00 -3.037303851807230878e-02 -5.314822071249095115e-02 9.981246140469014483e-01 9.036136709621851726e-02
6.632286539927128022e-01 -7.476633348121993761e-01 -3.357514408778604353e-02 4.342546515339830826e+00 7.480470930000270302e-01 6.608236287012969612e-01 6.113655538431359698e-02 2.021758754295027494e+00 -2.352231232730694552e-02 -6.566330426921464236e-02 9.975645499391130322e-01 1.005459008661016146e-01
6.472947471641812278e-01 -7.613352772293301429e-01 -3.712284929524728438e-02 4.401427872511719741e+00 7.616388523734226590e-01 6.440833782138137842e-01 7.115378039132529142e-02 2.083250773889365970e+00 -3.026167293713935558e-02 -7.433167262224223137e-02 9.967743142739109441e-01 6.011738546946167328e-02
6.404223678300371425e-01 -7.677698659092158096e-01 -1.971354318009214263e-02 4.516608927290536535e+00 7.666172663665140607e-01 6.374874084188220102e-01 7.686202583973025804e-02 2.195295925369483481e+00 -4.644521171985089431e-02 -6.433690316761403460e-02 9.968468313633239708e-01 7.201631986954173947e-02
6.352492509094301854e-01 -7.722971052809066705e-01 -3.945933823584053812e-03 4.580430380359818976e+00 7.705571634935306502e-01 6.334577645691028547e-01 7.051892154535083224e-02 2.295305799362758137e+00 -5.196197655798063392e-02 -4.783765966105910095e-02 9.975026372448047018e-01 9.748447797452861052e-02
6.418522558847350457e-01 -7.668042524094217383e-01 6.076191447349041375e-03 4.646839326071620313e+00 7.655786278905402087e-01 6.412383075736999283e-01 5.198843541841754318e-02 2.378877899671864249e+00 -4.376124007514704123e-02 -2.871709224216744544e-02 9.986292016961251239e-01 9.021828045615158664e-02
6.498243432917981677e-01 -7.598993030731353571e-01 1.677414839407029637e-02 4.725836925934766342e+00 7.588655143529294822e-01 6.498735679631713058e-01 4.227856180951786169e-02 2.484134600889585265e+00 -4.302852532038527189e-02 -1.474431591429311954e-02 9.989650400073930570e-01 1.197166735417530270e-01
6.740677384128732630e-01 -7.381318697407572849e-01 2.817848299621451835e-02 4.778433084555365085e+00 7.364609260219703302e-01 6.745108686250442798e-01 5.157899329717680753e-02 2.552861523655775233e+00 -5.707879180410380116e-02 -1.401538368015423780e-02 9.982712960645927502e-01 1.354293028702043822e-01
6.910913479021184580e-01 -7.222040709959601790e-01 2.853118805264329844e-02 4.899885296305949822e+00 7.198177375136153300e-01 6.912971872793745032e-01 6.301288455867937177e-02 2.670589592762509401e+00 -6.523169180400792411e-02 -2.301040409222912878e-02 9.976048053652805114e-01 1.206729044466399448e-01
6.824750774400651920e-01 -7.305423402786964671e-01 2.314428079034543118e-02 5.045841566654426735e+00 7.283485136163246887e-01 6.823914416846542652e-01 6.205129352745041016e-02 2.798482720108123267e+00 -6.112455632614222090e-02 -2.549135884303599039e-02 9.978045796839518644e-01 8.109286646879286520e-02
6.603310333275663746e-01 -7.507922080250556407e-01 1.655254643279585602e-02 5.100469085305779693e+00 7.490108629816195629e-01 6.600372355494736887e-01 5.773711824933880354e-02 2.849902888026833558e+00 -5.427387548423169561e-02 -2.572757386677003086e-02 9.981945894377769468e-01 5.013560598452550948e-02
6.403938614756303771e-01 -7.678752446229681894e-01 1.622685673653441116e-02 5.100126959154479778e+00 7.660738392674568686e-01 6.401196757418238237e-01 5.811775561909816867e-02 2.904503177326077434e+00 -5.501431608545231944e-02 -2.478728350181138088e-02 9.981778476815896806e-01 9.650774863403321913e-02
6.128520340751315576e-01 -7.901548251096535136e-01 8.230230003266586492e-03 5.205376422610295428e+00 7.880251735630339205e-01 6.119057533930765125e-01 6.773237627162966012e-02 3.018016816611509334e+00 -5.855518901791792463e-02 -3.502429614402256808e-02 9.976695788279262844e-01 1.403996564243471246e-01
5.939716945015278693e-01 -8.044554810054206362e-01 7.000372227329493269e-03 5.259727736710501311e+00 8.011091699968403423e-01 5.922525893089621851e-01 8.637689623854030718e-02 3.116584336677453493e+00 -7.363235618909266811e-02 -4.569736903988358412e-02 9.962379367324230017e-01 1.167551387344693270e-01
5.952818770099125301e-01 -8.035096160610144533e-01 3.432754147438640824e-03 5.340400029411370930e+00 7.997069542056844949e-01 5.928693923602459392e-01 9.473474018257643792e-02 3.209847423589260007e+00 -7.815544957725599484e-02 -5.364867659014541101e-02 9.954966324410660095e-01 8.666926413015528519e-02
6.017215091977046182e-01 -7.986554744923538562e-01 -8.981003965582254334e-03 5.453202458200800073e+00 7.960847459258931780e-01 5.987986025744691521e-01 8.768871568776176462e-02 3.321537026452708208e+00 -6.465526021092805886e-02 -5.991382660334843707e-02 9.961074393401552207e-01 9.720354820325399769e-02
6.131184362517803077e-01 -7.898396444894500990e-01 -1.546347700068874571e-02 5.498052589659984335e+00 7.886911332316078882e-01 6.108698893652159123e-01 6.931287491347620788e-02 3.433386489806475428e+00 -4.529988399558947110e-02 -5.469290867843990683e-02 9.974751156045337241e-01 1.138223498344023699e-01
6.368288043020625677e-01 -7.707666102623804694e-01 -1.918088933926193063e-02 5.606902308477375030e+00 7.704129522217522119e-01 6.351677044890406965e-01 5.500791055009063291e-02 3.481518477336831285e+00 -3.021517930063227775e-02 -4.980782748486854705e-02 9.983016694672348645e-01 1.190058642098214964e-01
6.521766086755866887e-01 -7.578802228888390502e-01 -1.682970143449636843e-02 5.683412371066991930e+00 7.575026177095225410e-01 6.506738231695831098e-01 5.304111617508578541e-02 3.577445295380137225e+00 -2.924816677386045741e-02 -4.734071815933595800e-02 9.984505000972890842e-01 1.277075230296345065e-01
6.804548014393523303e-01 -7.327309421390622024e-01 -9.307503969052787623e-03 5.746187719400083438e+00 7.315556182456184331e-01 6.785167938053486836e-01 6.664336379101028218e-02 3.639375293025598257e+00 -4.251635698649096351e-02 -5.215675369606637829e-02 9.977334475863205432e-01 1.482053830560027541e-01
6.864625593207136500e-01 -7.271627404384150006e-01 -1.871782292380028828e-03 5.870382673257728889e+00 7.250908012418181281e-01 6.843077630738113593e-01 7.724128009953459828e-02 3.770347652484548728e+00 -5.488610575868903274e-02 -5.438045894446671275e-02 9.970106725003675674e-01 9.554107915441209520e-02
6.844072523584933121e-01 -7.290988424335543838e-01 1.261301371096049118e-03 5.930470176250209668e+00 7.270349249900095456e-01 6.825979132229501589e-01 7.402909366218858589e-02 3.848688306613400556e+00 -5.483548817936228365e-02 -4.974903844020343163e-02 9.972552844735425026e-01 5.995565125796583489e-02
6.755558452512229195e-01 -7.373081452134736535e-01 -9.994742482374169290e-04 5.975880553599147937e+00 7.361932973101504851e-01 6.744585907659038648e-01 5.590204233907124926e-02 3.910474276165953889e+00 -4.054292715769267780e-02 -3.850075770602742059e-02 9.984357579301473828e-01 8.259537283172022071e-02
6.655424762454706933e-01 -7.463091481216019840e-01 -8.710209128138201445e-03 6.057331466397816833e+00 7.462068420405256752e-01 6.651242186808472567e-01 2.802003954491356572e-02 4.002323801619387389e+00 -1.511824080219833707e-02 -2.514814415023835029e-02 9.995694121174605318e-01 1.338841187250751907e-01
6.272876208739961434e-01 -7.786733680884083686e-01 -1.334265820951330284e-02 6.114544407060250819e+00 7.787875191663182761e-01 6.271846342977041022e-01 1.137692803996870512e-02 4.087479092440934991e+00 -4.906006656890220252e-04 -1.752770180911759901e-02 9.998462576717870309e-01 1.611096115078189950e-01
6.305754018326360510e-01 -7.761277504361245860e-01 -6.144970060789553545e-04 6.142862665402693878e+00 7.760005425577911620e-01 6.304573069511685279e-01 1.862101130159179649e-02 4.128317234836407223e+00 -1.406486948476799552e-02 -1.221880169414871209e-02 9.998264251016450999e-01 1.828590390319537462e-01
6.348823089712541945e-01 -7.725440198250881352e-01 1.000955482641026177e-02 6.264360758299881482e+00 7.719270568056233461e-01 6.348129645591801262e-01 3.378045291278843065e-02 4.265301610821198075e+00 -3.245108205802882395e-02 -1.371996574628045473e-02 9.993791521805845957e-01 1.536398662273656401e-01
6.466372996384729399e-01 -7.627888730005462081e-01 3.652114842179492518e-03 6.353781797211433435e+00 7.622450021351622196e-01 6.463436452103430430e-01 3.496353838175904338e-02 4.379890308910284524e+00 -2.903031925815440645e-02 -1.982492175931181017e-02 9.993819155062827475e-01 8.411130615277884193e-02
6.640112930343744502e-01 -7.477200153828302831e-01 -1.944561317694226861e-03 6.424474051353946003e+00 7.476240985428830310e-01 6.638794242045484850e-01 1.795320015425217602e-02 4.485459986784694486e+00 -1.213301284758718651e-02 -1.337492855073242615e-02 9.998369373480373579e-01 8.213976918370244351e-02
6.755786936938419363e-01 -7.372725705406708574e-01 -4.752405209303435171e-03 6.514003384426976240e+00 7.372470236871280225e-01 6.755950796807075331e-01 -6.173684126163083916e-03 4.591696232738950556e+00 7.762389541456757650e-03 6.671128613175048190e-04 9.999696496739473028e-01 1.226450761315776433e-01
6.977127658932624765e-01 -7.163714243833511075e-01 -2.979704103116567054e-03 6.565825131149045646e+00 7.163152662020596528e-01 6.977008789081253770e-01 -1.029188887919441422e-02 4.676324963903132570e+00 9.451757267614250071e-03 5.046374718341532263e-03 9.999425975458572369e-01 1.844065462933398292e-01
7.029084571649246715e-01 -7.112782645354137623e-01 1.712088057149815327e-03 6.702557388260676596e+00 7.112802326228896410e-01 7.029051022058702136e-01 -2.201811273305374992e-03 4.771880054524732628e+00 3.626650705148152035e-04 2.765446156647811005e-03 9.999961103832361031e-01 1.654369554423722188e-01
6.982818465758688919e-01 -7.157545447125970295e-01 9.894163221696665456e-03 6.765099635824636692e+00 7.157992044412677668e-01 6.983045295041671041e-01 -1.510958375354857618e-03 4.836834554714026346e+00 -5.827663669332523722e-03 8.137308967144587721e-03 9.999499100149619180e-01 1.102593140889966961e-01
6.923776493312852054e-01 -7.214910472556514964e-01 7.991209947633005906e-03 6.836510556591809618e+00 7.215328623921986040e-01 6.923040487030405199e-01 -1.026803961322876428e-02 4.920822230138177211e+00 1.875951653028592406e-03 1.287528171814050597e-02 9.999153503802579168e-01 1.301098660468102131e-01
6.859603431524368133e-01 -7.276347600020511841e-01 -2.462449785998607147e-03 6.880640895976191551e+00 7.276135945087662815e-01 6.859607725631833297e-01 -6.022922094242608507e-03 5.016100074907769546e+00 6.071631430156921444e-03 2.339773766459265700e-03 9.999788301511678412e-01 1.914535752617440023e-01
6.764507572921450995e-01 -7.364321232192527766e-01 -9.060951918354759674e-03 6.998886173588401149e+00 7.364049905515874794e-01 6.761388908248854301e-01 2.332145374564061763e-02 5.135617463488930667e+00 -1.104820571856770899e-02 -2.244834525921675372e-02 9.996869554743240682e-01 1.574521349937911263e-01
6.695228915760302879e-01 -7.426959188770932974e-01 -1.191090840286662851e-02 7.091331815633110658e+00 7.420266144673678399e-01 6.680200438674033236e-01 5.608675791565177066e-02 5.228211003292372538e+00 -3.369868065321847406e-02 -4.638957937622203292e-02 9.983548496639507164e-01 1.304535487619158662e-01
6.730802999569969192e-01 -7.393706200202829759e-01 -1.714631332449126008e-02 7.175995019949026776e+00 7.384071595774488461e-01 6.705426472863107445e-01 7.160603923573989615e-02 5.302306418426304901e+00 -4.144606729912080068e-02 -6.085757488668684656e-02 9.972856055736230019e-01 1.285721811942331372e-01
6.656911239031403360e-01 -7.457644276799684224e-01 -2.628204641467549868e-02 7.291844457998097440e+00 7.456227071111132254e-01 6.633214529460951248e-01 6.365083425829250185e-02 5.403771622807926889e+00 -3.003508276780877256e-02 -6.196828599090551531e-02 9.976260949546579271e-01 1.080897312680370870e-01
6.695739677576449944e-01 -7.423810680758683445e-01 -2.326051297407900204e-02 7.316625758387848677e+00 7.425218063340407459e-01 6.682757538465009528e-01 4.548498586703248608e-02 5.471574249507412446e+00 -1.822275554677438292e-02 -4.772700057015887704e-02 9.986941797151210887e-01 1.309714970410472690e-01
6.880211364873282109e-01 -7.254823233094879198e-01 -1.738718816120210856e-02 7.392069429681138892e+00 7.256511390844665454e-01 6.875361704972438037e-01 2.691539714366196143e-02 5.591428673968339425e+00 -7.572324088513516897e-03 -3.113539502644235499e-02 9.994864916968342339e-01 1.749884293959128589e-01
7.167551752472847149e-01 -6.970104268596315489e-01 -2.094000012388980841e-02 7.466500452013430156e+00 6.973178432894098222e-01 7.162895730050544696e-01 2.602062709549321853e-02 5.697463689786804508e+00 -3.137544651518197822e-03 -3.325225485874530595e-02 9.994420660350297192e-01 2.417038942448449523e-01
7.230654923150896529e-01 -6.902227830068889958e-01 -2.772730858489733108e-02 7.631037911205828195e+00 6.907126574964850274e-01 7.218545735123302887e-01 4.291852133374631645e-02 5.810233918627884186e+00 -9.608256724323081463e-03 -5.018450475552049123e-02 9.986937452919001368e-01 2.242742610811284121e-01
7.152584322862081123e-01 -6.983404815694561618e-01 -2.694340076560718458e-02 7.675629067039460907e+00 6.985479101740287300e-01 7.132552827254243777e-01 5.742576822100020628e-02 5.875084179371511617e+00 -2.088521570329167007e-02 -5.989552124837997649e-02 9.979861393323115060e-01 1.604076550485881714e-01
7.136852237965877199e-01 -7.000124925364584749e-01 -2.521728826240684021e-02 7.781275249605122291e+00 7.002627421703672139e-01 7.121466551438893067e-01 4.979190190591539777e-02 5.949373063975445852e+00 -1.689654587341837474e-02 -5.319447208371459734e-02 9.984412125294520601e-01 1.452565215164015600e-01
7.015975570379299198e-01 -7.120740901235573794e-01 -2.667129792710919156e-02 7.816731790332810625e+00 7.125046615407559791e-01 7.005183537106699498e-01 4.013905077584112996e-02 6.043593864534158477e+00 -9.898244344405006737e-03 -4.716488406855915555e-02 9.988380741990654510e-01 1.954819780563287757e-01
6.947426323340546439e-01 -7.183023412596669655e-01 -3.707318921309062099e-02 7.896207594132613750e+00 7.192408876228462145e-01 6.934423421664236420e-01 4.278158087594339382e-02 6.154205105225524441e+00 -5.021990546475375850e-03 -5.638674162979818300e-02 9.983963716777648489e-01 2.695233234505023945e-01
6.859060088418758028e-01 -7.265091672987863403e-01 -4.144124594450262350e-02 7.982431271355930669e+00 7.275417736830248616e-01 6.835032635552575897e-01 5.921364923284441750e-02 6.232189484201855478e+00 -1.469403214801256845e-02 -7.076523539236101445e-02 9.973847637091198814e-01 2.244968617370914632e-01
6.878447483238623317e-01 -7.251133774672187116e-01 -3.286627483249789788e-02 8.112878158023006492e+00 7.254180945148316351e-01 6.851471092280774222e-01 6.589405790266537888e-02 6.300142437281702534e+00 -2.526242968824072427e-02 -6.916667213688827698e-02 9.972852055012922934e-01 1.478726100257966025e-01
6.877031427755184723e-01 -7.256365236548382169e-01 -2.271613864185870191e-02 8.229661929739521042e+00 7.256596998982339786e-01 6.861051844444306935e-01 5.174626384656814959e-02 6.378945870353340375e+00 -2.196331851701203292e-02 -5.207025462387396275e-02 9.984018736075794820e-01 1.307740624070007907e-01
6.971784239424732021e-01 -7.166901275547931105e-01 -1.724836962102618138e-02 8.285396935287526077e+00 7.168859343334600398e-01 6.968276449147658980e-01 2.248978517868151575e-02 6.451038882226566962e+00 -4.099066226750080685e-03 -2.804450655717619437e-02 9.995982709609061434e-01 1.746264145282975244e-01
7.071151054351069165e-01 -7.069530345185751630e-01 -1.433996689243233376e-02 8.347446360133170984e+00 7.069523446374753606e-01 7.072358473771658272e-01 -5.986534580086297526e-03 6.551605721894898871e+00 1.437393742417227872e-02 -5.904504185840171900e-03 9.998792560870763957e-01 2.448204841442618296e-01
7.349391690809330413e-01 -6.779453534268985448e-01 -1.595354247512261250e-02 8.411246572680541433e+00 6.780784780444121251e-01 7.349750687770847390e-01 4.607156291390594217e-03 6.608307104077012717e+00 8.602055777631631775e-03 -1.420373341756862168e-02 9.998621197912246350e-01 2.536657441303741267e-01
