1.000000000000000000e+00 0.000000000000000000e+00 0.000000000000000000e+00 0.000000000000000000e+00 0.000000000000000000e+00 1.000000000000000000e+00 0.000000000000000000e+00 0.000000000000000000e+00 0.000000000000000000e+00 0.000000000000000000e+00 1.000000000000000000e+00 0.000000000000000000e+00
9.999985869211177603e-01 -1.657619456682655817e-03 -2.800955273911642763e-04 1.276326907141611157e-02 1.657780389611016167e-03 9.999984603886982182e-01 5.753124480458891507e-04 -4.905845392962742552e-02 2.791414470453721318e-04 -5.757759719565449207e-04 9.999997952810203428e-01 -1.389142266222602104e-02
9.999938537152848195e-01 -3.500404326115644834e-03 -1.992516181246411599e-04 1.467613637834366998e-02 3.500469352857288070e-03 9.999938198908508991e-01 3.269471122890966531e-04 -9.670137686020406631e-02 1.981059396416252113e-04 -3.276425769618102556e-04 9.999999267021865146e-01 -2.140003327862233587e-02
9.999945072194145190e-01 -3.302170196014557989e-03 -2.849613954150187868e-04 1.341154193498690118e-02 3.302281037982700979e-03 9.999944716455313465e-01 3.893819728367695337e-04 -1.049144155182961669e-01 2.836740145018481086e-04 -3.903208566596648530e-04 9.999998835893344484e-01 -1.877904804737103722e-02
9.999979811770308702e-01 -1.997447103655760909e-03 2.187394128312868092e-04 -2.121991859536978900e-02 1.997463412672695598e-03 9.999980023028073317e-01 -7.436605126706341540e-05 -6.664973574421911851e-02 -2.185904336024621555e-04 7.480282510921101044e-05 9.999999733113794642e-01 -1.193619816387769816e-03
9.999994796685521825e-01 -8.636062377312276597e-04 5.429980581317477278e-04 -5.859603986706338891e-02 8.636471491242943407e-04 9.999996242357060972e-01 -7.511357006230256301e-05 -2.199343960600239414e-02 -5.429329855448218438e-04 7.558248970323540967e-05 9.999998497555189214e-01 1.063915202959678924e-02
9.999982976737452622e-01 1.558037474628807574e-03 9.885185072642293982e-04 -9.527043213137835476e-02 -1.558108810429463444e-03 9.999987835988655149e-01 7.139834930066136262e-05 2.103020444368373237e-02 -9.884060635253586347e-04 -7.293844715281776908e-05 9.999995088665976084e-01 1.885774515189510975e-02
9.999993362540732234e-01 5.992892821709016899e-04 9.840445971809523660e-04 -4.937920798156128499e-02 -6.004357529931214892e-04 9.999991409181885338e-01 1.165178008437155925e-03 -8.122905060592433557e-03 -9.833454731138595566e-04 -1.165768090613686228e-03 9.999988370075434396e-01 2.285352865552153778e-02
9.999987171928096386e-01 -1.501866331377236120e-03 5.567856478928864383e-04 -4.434610893257830144e-02 1.501168983035792298e-03 9.999980910396170097e-01 1.250763289458703539e-03 -1.449144326058578180e-02 -5.586630642841034725e-04 -1.249925855625746074e-03 9.999990627900288143e-01 1.810848619494032086e-02
9.999969030564415107e-01 -2.416405646147748530e-03 5.957023410387560832e-04 -7.649852019601047215e-02 2.415988063078536741e-03 9.999968359925417438e-01 7.007186200863320218e-04 -1.030135188627279326e-02 -5.973936766620435539e-04 -6.992772402552177319e-04 9.999995770659787508e-01 1.694265195553671874e-02
9.999993786939483931e-01 -6.845399048926294281e-04 8.797822661405309058e-04 -7.524784408041529371e-02 6.841122361959473073e-04 9.999996477433076292e-01 4.863164699473302203e-04 -4.676532207097969587e-03 -8.801148592614253417e-04 -4.857142979825095357e-04 9.999994947395999256e-01 2.530050134899444747e-02
9.999998448590261546e-01 1.654154570188179460e-04 5.319019178482165813e-04 -3.583899542233041219e-02 -1.656071939609200946e-04 9.999999213248769170e-01 3.604504087856231966e-04 6.181889216844190481e-03 -5.318422519316657769e-04 -3.605384396490729894e-04 9.999997935779050273e-01 1.130435918378546248e-02
9.999999666039079971e-01 -2.508463037435788899e-04 6.219577727705025583e-05 -7.190623689713794911e-03 2.508143159992854690e-04 9.999998365596808325e-01 5.137828243392167414e-04 1.161829038967002875e-03 -6.232464763416498696e-05 -5.137672075895424956e-04 9.999998660794383598e-01 -3.874262355046628227e-03
9.999996264263293355e-01 -8.623396810683910813e-04 5.930831513596559692e-05 -8.308374686411008209e-03 8.623138136201191628e-04 9.999995336803145785e-01 4.348034500839247649e-04 -3.122665632401552295e-03 -5.968323574780354620e-05 -4.347521452733995933e-04 9.999999037142371927e-01 -7.394819868154399456e-03
9.999995571006959905e-01 -9.398610403814934566e-04 4.959472388149389752e-05 -1.030060178003029854e-02 9.398481343327099585e-04 9.999995246426406359e-01 2.596150557578011408e-04 -9.347956187626363378e-03 -4.983870238268013419e-05 -2.595683292657608213e-04 9.999999650701925091e-01 -3.318607803882446181e-03
9.999999438330943180e-01 -3.443732352352944098e-05 3.333884805400611395e-04 -1.689299518024106259e-02 3.447045109893808390e-05 9.999999944695847631e-01 -9.936105083504541478e-05 -1.504056291620966060e-02 -3.333850569676311405e-04 9.937253730555806121e-05 9.999999394897495231e-01 6.590732976546961538e-03
9.999999551352521943e-01 -2.670566294731970903e-04 1.356843772296865177e-04 1.307501775381417208e-02 2.670826465406181101e-04 9.999999459465129803e-01 -1.917650410366585458e-04 -3.000784099406725997e-02 -1.356331577699627510e-04 1.918012713757330447e-04 9.999999724079590147e-01 2.217993165962077115e-03
9.999997527950511556e-01 -6.477036563316058331e-04 -2.736600265715332823e-04 3.897629758407980538e-02 6.477289088525915771e-04 9.999997859733320560e-01 9.219843089809864271e-05 -3.554966718003908788e-02 2.736002507401889567e-04 -9.237566561659799459e-05 9.999999583048186924e-01 -1.138968967883796993e-02
9.999997633550562481e-01 -5.527170612981971909e-04 -4.096262706097181304e-04 2.914253690179535727e-02 5.525763814729617697e-04 9.999997883444415869e-01 -3.434682150498324731e-04 -6.212659981932333597e-02 4.098160246525127458e-04 3.432417839674462338e-04 9.999998571179415929e-01 -2.949021665447894985e-02
9.999900452668882833e-01 4.455206011019200926e-03 -2.459807435098793960e-04 1.563561587539956041e-02 -4.455340564419462898e-03 9.999899241109065917e-01 -5.491967938180855428e-04 -7.666416217293696433e-02 2.435314801781378487e-04 5.502872546952028605e-04 9.999998189381613667e-01 -2.315080996521098888e-02
9.999822173014326632e-01 5.961639255242492420e-03 -1.547200720411755789e-04 -5.402714174142211369e-03 -5.961708069195288846e-03 9.999821284257131015e-01 -4.481808543802249969e-04 -6.680881481574096892e-02 1.520454143749931793e-04 4.490952804171421931e-04 9.999998875978042268e-01 -1.647724546333278334e-02
9.999855427237803740e-01 5.377061567021700246e-03 -3.939962932455306821e-05 -1.018201454632365957e-02 -5.377067675892668354e-03 9.999855312021576070e-01 -1.566191162746985953e-04 -7.904130676087320340e-02 3.855690862849971942e-05 1.568287064621565663e-04 9.999999869590607826e-01 -9.521681157632496187e-03
9.999906914475190645e-01 4.309432025225424373e-03 -2.140418948399103335e-04 2.506996833343704684e-02 -4.309416396757834861e-03 9.999907117265157686e-01 7.342353738767476966e-05 -8.716802651971866656e-02 2.143563205036777618e-04 -7.250045826960744286e-05 9.999999743975254152e-01 -1.300125663441189031e-02
9.999874348005054481e-01 5.003103751450562429e-03 -3.149507217528944142e-04 3.746736261461900558e-02 -5.003127149989141341e-03 9.999874815762984648e-01 -7.354871358054038155e-05 -7.438573480755931999e-02 3.145788072214852752e-04 7.512352793319224467e-05 9.999999476983134628e-01 -1.902931847607773619e-02
9.999821292041062293e-01 5.964586382692203467e-03 -4.061794007983237308e-04 6.875354681261967860e-02 -5.964736173890589424e-03 9.999821428785409250e-01 -3.685734895890122043e-04 -7.262581591695957406e-02 4.039737591864054895e-04 3.709896558524388268e-04 9.999998495859272474e-01 -2.408282294989067332e-02
9.999325744442222330e-01 1.160279192870208517e-02 -4.709403456051212771e-04 1.076105209054914608e-01 -1.160286818255863717e-02 9.999326717366484596e-01 -1.595103329277262633e-04 -7.787417209963333475e-02 4.690578728060711155e-04 1.649638366067811518e-04 9.999998763858146678e-01 -3.331877624978710900e-02
9.999101617156825883e-01 1.339095278234954042e-02 -5.923523431157084627e-04 7.756765024617746918e-02 -1.339084628414377587e-02 9.999103217806848409e-01 1.833909535376493838e-04 -3.428001899127677832e-02 5.947550016119034074e-04 -1.754423788363094008e-04 9.999998077432113996e-01 -5.496479060204270684e-02
9.999348187502620222e-01 1.139317814680652560e-02 -7.441388282737984887e-04 7.463013988638536600e-02 -1.139329577555220005e-02 9.999350824365097479e-01 -1.540261705706288346e-04 -2.125594524645720018e-02 7.423356729935869655e-04 1.624943247209349349e-04 9.999997112666297872e-01 -6.490270327075885193e-02
9.999567361261595400e-01 9.265171818826677466e-03 -8.261156611825108556e-04 9.629684348572434271e-02 -9.265276078002758139e-03 9.999570689090557796e-01 -1.224663560645619794e-04 -1.657776741671346601e-02 8.249455233049664141e-04 1.301152473688012344e-04 9.999996512673922089e-01 -6.220687491338458552e-02
9.999981224560723359e-01 -1.785043984475608719e-03 -7.541235334816758168e-04 1.308033747951498904e-01 1.785531946595478574e-03 9.999981967082866019e-01 6.468816295639296093e-04 -2.706169108085486330e-03 7.529674614154361354e-04 -6.482269266759651399e-04 9.999995064208049289e-01 -4.673199804624206255e-02
9.997164019283564240e-01 -2.380527765877093679e-02 -6.515143971836313179e-04 1.690635298744374571e-01 2.380580680969257915e-02 9.997162679049192979e-01 8.168527401647122542e-04 4.773115036134983891e-02 6.318841353527942769e-04 -8.321309081758715724e-04 9.999994541401465709e-01 -2.810638853641670917e-02
9.986161437576412947e-01 -5.258300838711756076e-02 -9.081054884456871970e-04 1.929976969288930699e-01 5.258448017133175723e-02 9.986150643549864814e-01 1.680978404712496011e-03 7.406060135327703631e-02 8.184569192317456927e-04 -1.726404427304514431e-03 9.999981748263467862e-01 -3.069013411824162915e-02
9.978499525966202377e-01 -6.552337913080767684e-02 -1.469316236605231092e-03 2.156164478909589344e-01 6.552725472864324996e-02 9.978469459815302312e-01 2.766095273220278965e-03 2.599717400091536290e-02 1.284908810078457843e-03 -2.856428296573552874e-03 9.999950949013381996e-01 -6.059445170512577777e-02
9.974574774950217826e-01 -7.125231085183586499e-02 -1.299533586116737678e-03 2.567991992893937092e-01 7.125425491007042478e-02 9.974570322349485263e-01 1.516575833782675105e-03 -3.559213737851336240e-02 1.188169381358575782e-03 -1.605317203004136490e-03 9.999980056031106956e-01 -4.183511631907501499e-02
9.969222964676129894e-01 -7.839013178728228282e-02 -9.602312811545167439e-04 2.752284031283936949e-01 7.838914462907330127e-02 9.969223086988516780e-01 -1.025876636639427809e-03 -7.000663438113775838e-02 1.037694590437075780e-03 9.474475837152675521e-04 9.999990127660192130e-01 -3.510780393145458700e-03
9.968692709944492192e-01 -7.903788196494286600e-02 -2.160963093397504694e-03 3.094621236897600047e-01 7.903092905275511948e-02 9.968672406505844075e-01 -3.133172632995815526e-03 -1.823522179390040243e-01 2.401832644805433885e-03 2.952580597634377538e-03 9.999927567076477564e-01 -4.053458582792711373e-02
9.964445775310520892e-01 -8.400981444964111811e-02 -6.368279602843098484e-03 3.811755030698249502e-01 8.382531347373378683e-02 9.961629452602617230e-01 -2.515359440380293340e-02 -1.797552259457966817e-01 8.456992964014045655e-03 2.453033971508814318e-02 9.996633141730614236e-01 -8.815416366637837675e-02
9.959397800996475647e-01 -8.954596320016605659e-02 -9.245263090914135687e-03 3.847165364163389611e-01 8.886451808513215478e-02 9.943519235523576860e-01 -5.802886827453569013e-02 -7.559197884189909622e-02 1.438929604125694338e-02 5.697168245962814376e-02 9.982720949506483921e-01 -2.897468383894691302e-02
9.987474625814191098e-01 -4.896062140574142241e-02 -1.031327003139656182e-02 4.523744879174593225e-01 4.818831181625676807e-02 9.967125333522196540e-01 -6.513073362783143583e-02 -5.422575436424722367e-02 1.346820669116923982e-02 6.455217587474475216e-02 9.978234432996450076e-01 2.800616401870559269e-02
9.991719210672982410e-01 -3.982153568455022025e-02 -8.349697384266975553e-03 6.890996347800573130e-01 3.928718700878586906e-02 9.976254782277996780e-01 -5.656785419026131440e-02 -7.140475663374173942e-02 1.058248967027267465e-02 5.619297541933574586e-02 9.983638417059687020e-01 -6.812192613358108995e-04
9.982917540503745135e-01 -5.808973549270952247e-02 -6.257509521649062129e-03 7.668718286118259009e-01 5.773923207933778085e-02 9.972569582705854696e-01 -4.631134050951248027e-02 -2.155769800083678217e-02 8.930558432419353695e-03 4.587092555515621950e-02 9.989074548299249345e-01 -4.306230103978948842e-02
9.982066849599255942e-01 -5.986069870755605232e-02 3.329437775852214050e-04 7.388823865284682713e-01 5.984435938078167677e-02 9.977697751016411098e-01 -2.956566494980965645e-02 -7.646909977046046844e-03 1.437620123566408972e-03 2.953256920526476856e-02 9.995627847236593366e-01 -1.564292387231785986e-02
9.978178756719466858e-01 -6.601318805828039482e-02 1.321359869830931923e-03 7.534006708433340638e-01 6.601806330892372177e-02 9.978101345567300662e-01 -4.068254271684131236e-03 -1.882718318651977613e-02 -1.049907835208278503e-03 4.146610454605552214e-03 9.999908516157911542e-01 -2.857599177625683509e-02
9.955234144609039770e-01 -9.449673388081646086e-02 -1.870440044820300589e-03 8.650792134248449505e-01 9.450884510290134821e-02 9.954913412595559619e-01 8.066453654864360126e-03 2.311840011182317994e-02 1.099753344578088257e-03 -8.207116613551392395e-03 9.999657163020503337e-01 5.891493759478567266e-02
9.853614947181678074e-01 -1.698267074810696498e-01 -1.488671061441584724e-02 9.309224721295469296e-01 1.699584715345964780e-01 9.854181378143790360e-01 8.075371202944809854e-03 1.260873525723492650e-01 1.329822094875565165e-02 -1.048728242114171753e-02 9.998565768284055633e-01 1.530988031734681065e-01
9.733755087242270676e-01 -2.271970550986434356e-01 -3.035814833543187471e-02 9.634400889892821285e-01 2.275736472101967112e-01 9.737141339215465985e-01 9.540466281122815181e-03 1.402459530567617407e-01 2.739259227055787851e-02 -1.619517075909664844e-02 9.994935529220699832e-01 1.294776722265272850e-01
9.629758083529709189e-01 -2.666351575870360424e-01 -3.979051728086226841e-02 1.146426105131621132e+00 2.675402473069834475e-01 9.633516555603259812e-01 1.938565965081286840e-02 1.079937017953176009e-01 3.316336228219728816e-02 -2.931348610649178038e-02 9.990199752429499425e-01 2.429654415771728693e-02
9.574403487580375183e-01 -2.866289964952786762e-01 -3.393813398224848621e-02 1.355521858137864966e+00 2.876243551912993079e-01 9.572946874192768130e-01 2.931060797080888014e-02 1.244836402129872177e-01 2.408752521279063086e-02 -3.782459262092151275e-02 9.989940396830125913e-01 -1.075229864695442655e-01
9.534056096105687494e-01 -3.007412226457855664e-01 -2.392614813583204478e-02 1.441257867559882833e+00 3.012479346306995986e-01 9.533041944908405840e-01 2.146612789739497928e-02 1.496789058695850994e-01 1.635314782656452012e-02 -2.767362946358186554e-02 9.994832388732063366e-01 -1.513180105984958945e-01
9.498280106718460791e-01 -3.125778112547814569e-01 -1.103911474411048768e-02 1.379383865953422106e+00 3.125429975614671951e-01 9.498915176879179079e-01 -4.793672896291489502e-03 2.054515985801496636e-01 1.198435724000834410e-02 1.102966778346812279e-03 9.999275767003477089e-01 3.503445560710957696e-02
9.550132017708728993e-01 -2.957926095668411137e-01 -2.136624836007349620e-02 1.362451291382872798e+00 2.954526048657399317e-01 9.551935342774691140e-01 -1.769379418232533072e-02 2.298048733034780411e-01 2.564259583963738459e-02 1.058509329934530056e-02 9.996151324777197145e-01 2.081497590845269308e-01
9.600413245323929923e-01 -2.778978602419661659e-01 -3.306712057354222606e-02 1.603348581544374429e+00 2.778163990523405680e-01 9.606077639946912772e-01 -7.125459333278930281e-03 2.622463806815805709e-01 3.374468265785261073e-02 -2.345852948548260604e-03 9.994277329383374209e-01 1.965201610150635603e-01
9.554082558133364378e-01 -2.919304473622660323e-01 -4.440358799224947139e-02 1.902905997214803691e+00 2.928322000499978817e-01 9.560425032098737175e-01 1.523268427023194774e-02 3.489306681062734339e-01 3.800483308207311395e-02 -2.755623267186163225e-02 9.988975356378341219e-01 6.721108264199332494e-03
9.456965044699852108e-01 -3.227551781100914674e-01 -3.856444523617899578e-02 2.008985029702448077e+00 3.238668697674119690e-01 9.457140389172278283e-01 2.711470563960287350e-02 3.718228263412894918e-01 2.771952561479635799e-02 -3.813202850606310645e-02 9.988881700679528297e-01 -1.219702226933565697e-01
9.235604327392703539e-01 -3.824186711445732301e-01 -2.814404090514424986e-02 2.005331197851663472e+00 3.831370910790151130e-01 9.232890843511173395e-01 2.726235788749499164e-02 3.823642283768419192e-01 1.555945108164741644e-02 -3.596146101167350950e-02 9.992320435233968956e-01 -8.480164774100751313e-02
8.983146613083158316e-01 -4.389835574485364544e-01 -1.800570932658344947e-02 1.983190213496454746e+00 4.393206069168194006e-01 8.979895704947066237e-01 2.474137467825350892e-02 4.015750226311012305e-01 5.307882512204341319e-03 -3.013581876371991888e-02 9.995317197621478300e-01 5.448751266058541459e-02
8.577852829920846744e-01 -5.138572626559571033e-01 -1.245479417396562309e-02 2.096655439303749979e+00 5.139574624871737774e-01 8.571084410784408636e-01 3.482595276270764734e-02 4.755564355854369207e-01 -7.220459537630093474e-03 -3.627442415547956628e-02 9.993157814806358230e-01 9.239276601289143909e-02
8.335213140193455938e-01 -5.524660781070981352e-01 -4.842686901410118983e-03 2.209154950974328901e+00 5.519969142555397612e-01 8.323802631970989019e-01 4.942169657438340996e-02 5.124369459791260351e-01 -2.327285388227171362e-02 -4.386718569602956336e-02 9.987662610897929394e-01 1.300739658097282980e-02
8.116653053523158468e-01 -5.840942808397225905e-01 5.770890542987096999e-03 2.343154264343583204e+00 5.830317667902321643e-01 8.107132950427279328e-01 5.308401034608518226e-02 5.750709340701555261e-01 -3.568460453462100890e-02 -3.972183695764992112e-02 9.985733747040913544e-01 1.395181796263751661e-02
8.089235879386449390e-01 -5.878794346344118349e-01 6.356037318476144907e-03 2.400954443247965031e+00 5.869487272363203001e-01 8.081677342147292054e-01 4.853972568829227618e-02 6.455983781224869933e-01 -3.367225077319982440e-02 -3.553426104698487187e-02 9.988010291442993571e-01 6.580827847806153263e-02
8.050279836044720305e-01 -5.931667486395059141e-01 -9.118877242025539426e-03 2.536164837550397344e+00 5.932136843433329920e-01 8.047656510620664339e-01 2.120781880478842668e-02 7.210678498714577778e-01 -5.241213745538379938e-03 -2.248233037488436836e-02 9.997335017390325262e-01 6.489061641788784751e-02
8.073494773615257358e-01 -5.891857526365852360e-01 -3.235692034375009518e-02 2.564999501892706757e+00 5.894848893056151562e-01 8.077793222146837371e-01 -3.631566230367332115e-04 7.556964162723084355e-01 2.635121789249782187e-02 -1.878072129729704484e-02 9.994763117868954438e-01 5.210806531575622874e-02
8.330625192364087273e-01 -5.498191494043238592e-01 -6.087480588711485785e-02 2.676553226228647109e+00 5.496832843023526927e-01 8.351224421592495784e-01 -2.046444625563753963e-02 8.114945662077758248e-01 6.208966099172275044e-02 -1.641370007879798185e-02 9.979356013529411262e-01 9.783619593937153969e-02
8.332318517742092201e-01 -5.474721562813885667e-01 -7.745269062808105009e-02 2.925544532466189285e+00 5.482853694781962828e-01 8.362016784706195471e-01 -1.224363259316604315e-02 9.051927260839195410e-01 7.146911784176471216e-02 -3.226439244005104012e-02 9.969208464945420456e-01 1.741887759481664522e-01
8.340147194431438704e-01 -5.468247071074590071e-01 -7.349957448186796027e-02 2.992479138466518140e+00 5.485741859114885433e-01 8.360902546802357893e-01 4.410054453858183732e-03 9.482721538523077864e-01 5.904075121237499502e-02 -4.399801956429506139e-02 9.972854977240460661e-01 8.747202025020325844e-02
8.160502925040150624e-01 -5.731801441686544818e-01 -7.434004597060679675e-02 3.080532410954711420e+00 5.748762651403512836e-01 8.182384902930133208e-01 1.747221019465457215e-03 9.961368687518414866e-01 5.982641458747080254e-02 -4.416214820194840768e-02 9.972314198739413715e-01 -5.982865114871803447e-03
7.931609583527564622e-01 -6.041961702492407715e-01 -7.643743847806153124e-02 3.025340106813379393e+00 6.053285971545964150e-01 7.959128474707347634e-01 -1.000143479083380645e-02 1.036971034802025349e+00 6.688036791006235493e-02 -3.833701980041540752e-02 9.970242170083117861e-01 6.650582081279858560e-02
7.694816997062975394e-01 -6.324422081748832802e-01 -8.896497701896562138e-02 3.100875062436293295e+00 6.340058573483897675e-01 7.732183154006312398e-01 -1.303877206424644553e-02 1.097653103048008782e+00 7.703561945646146547e-02 -4.637122003880973092e-02 9.959494079957432744e-01 2.095584980013757703e-01
7.456778543599398290e-01 -6.575038028918617217e-01 -1.079503899941836043e-01 3.185998729563269904e+00 6.614136478285471687e-01 7.500211196296010518e-01 5.536927796228816034e-04 1.171276950930431715e+00 8.060101725965385100e-02 -7.181273767445106593e-02 9.941561279418889008e-01 2.008941376217347474e-01
7.419558188219157469e-01 -6.606749502542995645e-01 -1.140621454417699854e-01 3.398454942616876640e+00 6.672166915535001630e-01 7.442998704836927271e-01 2.897566755675952399e-02 1.232089550964893920e+00 6.575294235775430707e-02 -9.760283246113903022e-02 9.930509743547210055e-01 6.742634747393567995e-02
7.232781117755615607e-01 -6.834138491799034432e-01 -9.906706705806064828e-02 3.567364344880113336e+00 6.894085234710701782e-01 7.228762032000098925e-01 4.653904395856069826e-02 1.333016087620393142e+00 3.980779812821894081e-02 -1.019583522632947215e-01 9.939918679807883128e-01 -3.566888023950910702e-02
7.164020725289192981e-01 -6.933888104499857929e-01 -7.733064088071836539e-02 3.619109157656723585e+00 6.972594830187007764e-01 7.154335357533880835e-01 4.454289236118028072e-02 1.365797670925108065e+00 2.443939067904729243e-02 -8.583014308597661235e-02 9.960099912757289786e-01 -2.246388634401977336e-02
7.150472937375871307e-01 -6.961434002070525651e-01 -6.396666371412773611e-02 3.637494754758547000e+00 6.985788186019907808e-01 7.149917475841889303e-01 2.782867383032302730e-02 1.441600702483067264e+00 2.636288905260023019e-02 -6.458457427800466666e-02 9.975639482489978560e-01 5.349365384690559638e-02
7.141771622009867038e-01 -6.975635620361352318e-01 -5.793149324853107129e-02 3.705983652198717060e+00 6.991062168375127284e-01 7.149522350821615468e-01 9.684995103897486163e-03 1.544893484433334852e+00 3.466235089670717529e-02 -4.741706939996041814e-02 9.982735812190127733e-01 1.421782764827480561e-01
7.233547396173893862e-01 -6.879153753183230302e-01 -5.941680800673884710e-02 3.795435388901888363e+00 6.896346656829140942e-01 7.240410263852554706e-01 1.298537636732734549e-02 1.626932739810621031e+00 3.408736659635519528e-02 -5.036892406669510325e-02 9.981487979890018014e-01 1.645249657561963230e-01
7.300291406372543257e-01 -6.810190919175440616e-01 -5.718785066983950865e-02 4.015971933631666602e+00 6.830878513549940578e-01 7.297123118194425162e-01 3.018160549643667673e-02 1.711569529521708155e+00 2.117642915247678476e-02 -6.109777756128721010e-02 9.979071201396558788e-01 1.101311424546700668e-01
7.192971031360996248e-01 -6.935754685423299870e-01 -3.955688127624247541e-02 4.135730018109016193e+00 6.946683556140084148e-01 7.175294908453023757e-01 5.086556276903580337e-02 1.815842977416618043e+00 -6.895877648632961487e-03 -6.406636561854081591e-02 9.979218144062622642e-01 7.404655493967633728e-03
7.112442055664343066e-01 -7.026971829411696735e-01 -1.866411355291603888e-02 4.136044840747629792e+00 7.023818992708330544e-01 7.093613571522308092e-01 5.887386989015390426e-02 1.864024511636727333e+00 -2.813090160071622312e-02 -5.498303434414779367e-02 9.980909368937487258e-01 1.288356425347339518e-02
6.926457557803231690e-01 -7.210821434204873759e-01 -1.680474455684026827e-02 4.176832504043434646e+00 7.206737816402192243e-01 6.909243270858294039e-01 5.703397844600555794e-02 1.948589138587300207e+00 -2.951537660085943801e-02 -5.161508191516814975e-02 9.982307978934530368e-01 8.168464301333758226e-02
6.642709958031032258e-01 -7.468762216918116703e-01 -3.033073698605650778e-02 4.326189506572047705e+00 7.471363118482234889e-01 6.621569114353034191e-01 5.775427392231442109e-02 2.053446970783101122e+00 -2.305158676940842130e-02 -6.102568401766176459e-02 9.978699766189926823e-01 1.201268836290056569e-01
6.478008864825359758e-01 -7.610145934526401090e-01 -3.479655190609478449e-02 4.393222545654579037e+00 7.612821275226727691e-01 6.449770355357619112e-01 6.673938826550192271e-02 2.119652548176089724e+00 -2.834667153288957658e-02 -6.972382794721924959e-02 9.971635041603723604e-01 7.718921378686377510e-02
6.399106888925059078e-01 -7.682100493656658369e-01 -1.917368756186342560e-02 4.508704125671485485e+00 7.669719010385787072e-01 6.369351327766233917e-01 7.789569726303197106e-02 2.196035065062705183e+00 -4.762786220677377169e-02 -6.455196889659101100e-02 9.967771215538537843e-01 8.381494112795730145e-02
6.352561910314024063e-01 -7.722933520536261476e-01 -3.542616271679489837e-03 4.579554431596271513e+00 7.704776911357615887e-01 6.334343120345008460e-01 7.158980234282523447e-02 2.294380460757646567e+00 -5.304431372334349887e-02 -4.820737195857772300e-02 9.974278671014094044e-01 8.616209520213385931e-02
6.422156256350519676e-01 -7.664541256108569067e-01 1.035198165936526346e-02 4.634055792244065941e+00 7.651838987928866187e-01 6.418325988443158714e-01 5.044319665593229030e-02 2.385517256491274551e+00 -4.530663547755818532e-02 -2.447423941307595371e-02 9.986732801005817617e-01 1.079786023474157419e-01
6.490342729638038932e-01 -7.604057338208117800e-01 2.318690343231314191e-02 4.709137204724896719e+00 7.594622108948719807e-01 6.494057246841292708e-01 3.859216203005524926e-02 2.486386078476622963e+00 -4.440340911483807440e-02 -7.438058880767796366e-03 9.989859921635870776e-01 1.373628281784360083e-01
6.733503043406501298e-01 -7.387389950985799869e-01 2.939497856937423742e-02 4.778814154103459444e+00 7.371007014576128613e-01 6.738757840095970231e-01 5.073444230644617164e-02 2.561204573698735221e+00 -5.728807515573328818e-02 -1.249499284478144262e-02 9.982794957319116591e-01 1.238416969479937679e-01
6.904297822001539409e-01 -7.230324890310042552e-01 2.303770076805972122e-02 4.936183731740391600e+00 7.206657502329916198e-01 6.902378039539820431e-01 6.490493381788151050e-02 2.672286806098260747e+00 -6.282986783502997330e-02 -2.820981741193841555e-02 9.976254878006163285e-01 8.098892605515350951e-02
6.823852383494497520e-01 -7.308152376627707891e-01 1.610822406947974225e-02 5.086294755951078272e+00 7.287634634074080520e-01 6.818586677207831848e-01 6.302834010568562906e-02 2.778098617324045616e+00 -5.704560355718989173e-02 -3.127052372357184973e-02 9.978817332033137477e-01 3.392770420320918162e-02
6.618260041715857689e-01 -7.494736408110239667e-01 1.660126295617958894e-02 5.105302952274969108e+00 7.477027688793097537e-01 6.615365899506082670e-01 5.753181351855862075e-02 2.844309601656693332e+00 -5.410092062511942523e-02 -2.566323997450347533e-02 9.982056343767679030e-01 5.722665319369493742e-02
6.416071835677495949e-01 -7.667946659408467758e-01 1.913536722734462958e-02 5.095546164432534830e+00 7.651502400022075490e-01 6.415798238216467997e-01 5.404109445180358545e-02 2.948497476295879771e+00 -5.371528850173075409e-02 -2.003172358160731220e-02 9.983553464731512728e-01 1.135419925660213353e-01
6.129901205143686305e-01 -7.900307902641801050e-01 9.719186505832040635e-03 5.203774964360774469e+00 7.881331891301917025e-01 6.122905853454154723e-01 6.281970462237314312e-02 3.059751665431635459e+00 -5.558046728171297385e-02 -3.084784485055301964e-02 9.979775659426531886e-01 1.285690053826129553e-01
5.951314841987895843e-01 -8.036108749853649869e-01 5.298879183552138161e-03 5.277751861656578392e+00 8.002275365433662024e-01 5.932060785877757425e-01 8.799112503115880113e-02 3.112783026623370475e+00 -7.385395231862153242e-02 -4.812597980061995157e-02 9.961071648146845314e-01 8.948315752848540194e-02
5.955146238176003415e-01 -8.033388029920958129e-01 3.016691334673464453e-03 5.351751276169655291e+00 7.992581918155623466e-01 5.928595859170858740e-01 9.850814282047704040e-02 3.179168156523322519e+00 -8.092388791389060199e-02 -5.625192435329005175e-02 9.951316723788122820e-01 6.902920205106176377e-02
6.011930153243323360e-01 -7.990614494980042837e-01 -8.231540037294260426e-03 5.453758681919151918e+00 7.964615160575411190e-01 5.983363080057331196e-01 8.742262842875160589e-02 3.296770779927728601e+00 -6.493082291608766321e-02 -5.911397845025161135e-02 9.961373026783119089e-01 9.142622059173224902e-02
6.128843242567800775e-01 -7.899701482023316901e-01 -1.788770609933310052e-02 5.510462890181018203e+00 7.889601402027034416e-01 6.105334397914761180e-01 6.921572124682702498e-02 3.424629692324230312e+00 -4.375731083648241870e-02 -5.653391765634183802e-02 9.974413335644284340e-01 1.033479600930862496e-01
6.380021413767764660e-01 -7.697609952215054285e-01 -2.052505381833176490e-02 5.607043318063200665e+00 7.694769629422655299e-01 6.362994026830960381e-01 5.502975237344411713e-02 3.479997192162306963e+00 -2.929967746913243742e-02 -5.090265593004756478e-02 9.982737342630386701e-01 1.142860975539636281e-01
6.527130240715981468e-01 -7.574242455414966768e-01 -1.655960365479881499e-02 5.688632439299367682e+00 7.570208885517931696e-01 6.511954195587170702e-01 5.351541686280892468e-02 3.579219580982622162e+00 -2.975033619243895242e-02 -4.746617544779752756e-02 9.984297069322385365e-01 1.092374620270224195e-01
6.799028091469656587e-01 -7.332613936611489525e-01 -7.739423762433899484e-03 5.738656930533547751e+00 7.320478337518518952e-01 6.780848824127576613e-01 6.562668163557942858e-02 3.660604972928909628e+00 -4.287352578556899441e-02 -5.028539359880138115e-02 9.978142311960317423e-01 1.451903574994501400e-01
6.867162261290238323e-01 -7.269255917571377790e-01 -9.391297339526871735e-05 5.858459114249704669e+00 7.248314022258384171e-01 6.847280643150335244e-01 7.594021521376116690e-02 3.784345879599923634e+00 -5.513858103394070342e-02 -5.221744907521324447e-02 9.971123682382246889e-01 1.214138764665419479e-01
6.852802893053697719e-01 -7.282749779336364915e-01 2.545899705390122086e-03 5.927659107674833727e+00 7.262280431527928792e-01 6.836080435902454067e-01 7.261454452919523239e-02 3.866872666176423223e+00 -5.462375333143944245e-02 -4.791241232163583053e-02 9.973568299848893925e-01 8.550600817197190340e-02
6.752884986682832213e-01 -7.375524276579268346e-01 1.363826321309598993e-03 5.972655700067102558e+00 7.363984141075745615e-01 6.743330572794701272e-01 5.470195206729015769e-02 3.924115280514804738e+00 -4.126523071770431261e-02 -3.593527954561420712e-02 9.985017959011356359e-01 8.338264726974230212e-02
6.655113042094378262e-01 -7.463657618723298359e-01 -5.731795023344699036e-03 6.041265423962978609e+00 7.461668278948883071e-01 6.651078457256376364e-01 2.943838486536545784e-02 3.995880175249666433e+00 -1.815954070821163349e-02 -2.386845321628155991e-02 9.995501628344267697e-01 1.311408434031127168e-01
6.285394495936629244e-01 -7.776802165469243189e-01 -1.231426392538045866e-02 6.090859474541916896e+00 7.777775044955435035e-01 6.284490997918636968e-01 1.067157305558828415e-02 4.103691949106140768e+00 -5.601831662614522103e-04 -1.628526212023993433e-02 9.998672294022318274e-01 1.593117689260326875e-01
6.304723641758407382e-01 -7.762093833341092708e-01 1.895055304711469255e-03 6.103948181710594056e+00 7.760753642394118135e-01 6.304055064174093337e-01 1.720251432999958530e-02 4.159109035208960137e+00 -1.454740633894078920e-02 -9.375004143545834223e-03 9.998502299175203722e-01 1.966057908910225638e-01
6.346771167655633761e-01 -7.727101771433108057e-01 1.019507691510423975e-02 6.272114828268249731e+00 7.721127814495424291e-01 6.346231067918832736e-01 3.309629961293590605e-02 4.274586492463972931e+00 -3.204387892254544762e-02 -1.313371481993423802e-02 9.994001677799668748e-01 1.597142565660811808e-01
6.473300816765288346e-01 -7.621960594653915955e-01 4.575182191737433776e-03 6.371652351353128907e+00 7.616859964526443427e-01 6.470960728592136668e-01 3.318305739568695734e-02 4.382944434101220033e+00 -2.825257801689522175e-02 -1.799553904756105716e-02 9.994388187426916925e-01 9.063387726258462229e-02
6.643638287014490551e-01 -7.474059689415708529e-01 -2.240692674929658026e-03 6.440082986130888365e+00 7.473269707799332640e-01 6.642431334930656295e-01 1.683622143482159383e-02 4.484838904352438149e+00 -1.109512767121743730e-02 -1.285990660250744579e-02 9.998557500680456123e-01 7.194081344616801155e-02
6.770340881060210592e-01 -7.359379085106221297e-01 -4.498706420700581028e-03 6.487300313707578425e+00 7.359481290528013808e-01 6.770371233451826232e-01 1.041612289323472218e-03 4.555421623477127646e+00 2.279229284161946381e-03 -4.016021599934559323e-03 9.999893382853534129e-01 1.140428692184828341e-01
6.988988000344581453e-01 -7.152172892762731493e-01 -2.167124983541621717e-03 6.542594711481068082e+00 7.151949790182798861e-01 6.988962154641034097e-01 -6.342081440320062810e-03 4.660582388936355791e+00 6.050561745550024802e-03 2.882556201226460068e-03 9.999775405339411671e-01 1.718311290786943557e-01
7.029767987905438664e-01 -7.111847405148586931e-01 6.315474725808394030e-03 6.683327828426819828e+00 7.112113978010953241e-01 7.029652305665168299e-01 -4.269924165124845683e-03 4.785751572544135080e+00 -1.402854237372468723e-03 7.493295228197527358e-03 9.999709408410885070e-01 1.817223416891682597e-01
6.985267539882042964e-01 -7.154353449638898299e-01 1.458221996482746141e-02 6.743308070295881862e+00 7.155575024182802002e-01 6.985310657108956267e-01 -5.640121427197080338e-03 4.856615037651351052e+00 -6.150991433556654737e-03 1.437419261038521204e-02 9.998777664750746474e-01 1.503418624245838608e-01
6.927972649149654050e-01 -7.210728525664105160e-01 9.267740721612273413e-03 6.831156382610576117e+00 7.211304274130265757e-01 6.927080273364112362e-01 -1.124702284177299567e-02 4.924037736494513595e+00 1.690084450263460748e-03 1.447515649094584418e-02 9.998938010904525608e-01 1.425802845238453298e-01
6.872666080249507647e-01 -7.264045206081399808e-01 -1.040160534141186836e-03 6.881501726822763843e+00 7.263941247134899637e-01 6.872632935707435609e-01 -4.554216948794879288e-03 5.028141084400804317e+00 4.023067933970986450e-03 2.374394733848993449e-03 9.999890885274931307e-01 1.832582978896309389e-01
6.776353614235488543e-01 -7.353622699135173857e-01 -7.255958655861928855e-03 7.014139140100192016e+00 7.353049244255036587e-01 6.773595222789539072e-01 2.259968348521095016e-02 5.137415675458364639e+00 -1.170406185820127738e-02 -2.064968681764186437e-02 9.997182629973070389e-01 1.693500445477985616e-01
6.699477847159450716e-01 -7.423415415019961605e-01 -9.949950484190936417e-03 7.087885465172655941e+00 7.417031359680851255e-01 6.686674358478416069e-01 5.253873172984681317e-02 5.232987868191746550e+00 -3.234847522381737589e-02 -4.257811641104779221e-02 9.985693166493657680e-01 1.458176441561860881e-01
6.737429084161188353e-01 -7.388289078933872878e-01 -1.422456396709127942e-02 7.169180245094305626e+00 7.377044319467579436e-01 6.713439898918036608e-01 7.134015925315094486e-02 5.295600312263482046e+00 -4.315859642180761013e-02 -5.855845026312040541e-02 9.973506121007201797e-01 1.337751171691222429e-01
6.663820816965968508e-01 -7.451866619658069624e-01 -2.513483682000477656e-02 7.294594294462802608e+00 7.449376174515689453e-01 6.639705838403500149e-01 6.489229461411183397e-02 5.400804331502747857e+00 -3.166808013268120753e-02 -6.196694782674903174e-02 9.975756763663331528e-01 1.007997355699976061e-01
6.708272760483877661e-01 -7.413010851100888532e-01 -2.152828195897422969e-02 7.307445654901532528e+00 7.414068747699728013e-01 6.696722275185589268e-01 4.306917382715270970e-02 5.492048579721452661e+00 -1.751033275874946255e-02 -4.485319280649323337e-02 9.988401170065914769e-01 1.156862213765399716e-01
6.879483905580672243e-01 -7.255896633750311686e-01 -1.570516895400282317e-02 7.374936176777330488e+00 7.257135642569438883e-01 6.874999035026867489e-01 2.614775969904580347e-02 5.602970387553117604e+00 -8.175242017671523198e-03 -2.938576334052454483e-02 9.995347129193898894e-01 1.913356132942347632e-01
7.163959408120320616e-01 -6.974727562250725432e-01 -1.756730804204543334e-02 7.447711860121565941e+00 6.976803981083107287e-01 7.159979261584933363e-01 2.426997800093372987e-02 5.703355694567466827e+00 -4.349492323541171226e-03 -2.964328019193182562e-02 9.995510781625870367e-01 2.775587008743559125e-01
7.233355949201119017e-01 -6.900561947766882254e-01 -2.465897751094061480e-02 7.629408118437778441e+00 6.903906670170546489e-01 7.221375882355461906e-01 4.333624987346287871e-02 5.796136762249009422e+00 -1.209727313546830191e-02 -4.837098001556473792e-02 9.987561785916619916e-01 2.748470258418199696e-01
7.163858080819653917e-01 -6.971786750599420213e-01 -2.707894053343249188e-02 7.684723339071396708e+00 6.973905777975772935e-01 7.143602354609153160e-01 5.775669650687081935e-02 5.876695537589708529e+00 -2.092261881100443074e-02 -6.026067568397619478e-02 9.979633735704933617e-01 1.559128080650203363e-01
7.133467381474796198e-01 -7.003215229641912565e-01 -2.619533636865246928e-02 7.766436645814420281e+00 7.005972528086841233e-01 7.117068578967313819e-01 5.135014877959569179e-02 5.947249842804715136e+00 -1.731821385928263707e-02 -5.498284183158970440e-02 9.983371006693313454e-01 1.130250336212202389e-01
7.010868106556531476e-01 -7.126029026647475728e-01 -2.596896298392826000e-02 7.796727773665647732e+00 7.130142740155418490e-01 7.000822499297119084e-01 3.867154488046837396e-02 6.063520693726997202e+00 -9.377045098221920699e-03 -4.562835135229661304e-02 9.989144731047284731e-01 1.776490232107304501e-01
6.954679934813772224e-01 -7.177503629056892764e-01 -3.403948577370632944e-02 7.886495747735600581e+00 7.185228781066398396e-01 6.941919801412672619e-01 4.268920642149687250e-02 6.161473067443690610e+00 -7.010255368945566765e-03 -5.414712602066425184e-02 9.985083600367923307e-01 2.890480308763583306e-01
6.872205722916381321e-01 -7.254207557774685622e-01 -3.863433843616126406e-02 7.993709801740820353e+00 7.262749448173837497e-01 6.849202616953473655e-01 5.838612548956396975e-02 6.229857064116418819e+00 -1.589306608743542432e-02 -6.818329858860870674e-02 9.975462135880808212e-01 2.605868999320877788e-01
6.881044483725821115e-01 -7.249662947594424089e-01 -3.059639836042508249e-02 8.121737736068679325e+00 7.250200677885052514e-01 6.852295978148745803e-01 6.932748071592061134e-02 6.280932217478317092e+00 -2.929452907652987936e-02 -6.988755068844888785e-02 9.971246465838430328e-01 1.667640572849198588e-01
6.877618884783855968e-01 -7.256396856372593351e-01 -2.075165981082452427e-02 8.215505748996731583e+00 7.255384713439878563e-01 6.861577068082187481e-01 5.274019328288202801e-02 6.381668382574869902e+00 -2.403146596597918044e-02 -5.132882246794610859e-02 9.983926284922080008e-01 1.304240539176251823e-01
6.966829795372996292e-01 -7.172135572641408219e-01 -1.541231000037349315e-02 8.252649587605827008e+00 7.173657102695188970e-01 6.963776966241856936e-01 2.108414982640291480e-02 6.451973487041131605e+00 -4.389049161166553095e-03 -2.574523103238116062e-02 9.996589014891780201e-01 1.816793414872357459e-01
7.068992595230856324e-01 -7.071966198360252198e-01 -1.289875103310015279e-02 8.349918990024264076e+00 7.071656362698294229e-01 7.070070123104930104e-01 -7.605749330450321810e-03 6.548789859647696332e+00 1.449826764826360297e-02 -3.745054911594853254e-03 9.998878811141319600e-01 2.644951781154423753e-01
7.349545119607340249e-01 -6.779582790532004966e-01 -1.464367480457753196e-02 8.412927941242591245e+00 6.780618695888745995e-01 7.349979080105895068e-01 3.190020328628593096e-03 6.618995866997062549e+00 8.600369654810098574e-03 -1.227383734941538650e-02 9.998876869721522453e-01 2.725235153992292547e-01
