1.000000000000000000e+00 0.000000000000000000e+00 0.000000000000000000e+00 0.000000000000000000e+00 0.000000000000000000e+00 1.000000000000000000e+00 0.000000000000000000e+00 0.000000000000000000e+00 0.000000000000000000e+00 0.000000000000000000e+00 1.000000000000000000e+00 0.000000000000000000e+00
9.999985221735259167e-01 -1.689810088672116231e-03 -3.165321919235864097e-04 1.258135428407365121e-02 1.689996673567810718e-03 9.999983978283806252e-01 5.901287275079659641e-04 -4.782752189127240788e-02 3.155344793073337501e-04 -5.906627937515373074e-04 9.999997757777030483e-01 -1.456562226321372888e-02
9.999941117375678035e-01 -3.419442133484831229e-03 -2.896647866365193477e-04 1.314752260276808721e-02 3.419551408266026295e-03 9.999940820279017428e-01 3.775941477391444082e-04 -9.631609193858098328e-02 2.883719110702576420e-04 -3.785824479947776425e-04 9.999998867584790618e-01 -2.258536539494042719e-02
9.999938648136077468e-01 -3.486708295503563714e-03 -3.364526801265738717e-04 1.357590043308279197e-02 3.486883146657895980e-03 9.999937853380020947e-01 5.205106102169062632e-04 -1.064860516972250815e-01 3.346357205243476619e-04 -5.216805879672746461e-04 9.999998079341309021e-01 -1.882473623685149491e-02
9.999982479305520311e-01 -1.856925905407079977e-03 2.365629049348822398e-04 -2.248226403827914555e-02 1.856937444201565849e-03 9.999982747108207004e-01 -4.856655483572180920e-05 -6.396938811543009806e-02 -2.364723123016513316e-04 4.900575225982757306e-05 9.999999708396404285e-01 -8.662295770139535889e-05
9.999997334282449968e-01 -5.368741271005488458e-04 4.948834312820965141e-04 -5.970665953906148515e-02 5.369399395004503675e-04 9.999998470215312185e-01 -1.328623932531887777e-04 -1.717733505660471241e-02 -4.948120251941845937e-04 1.331280805154797984e-04 9.999998687189782798e-01 1.147692366208225706e-02
9.999981470970447095e-01 1.644198731553542280e-03 1.001205777270136512e-03 -9.464124792548533893e-02 -1.644260846208613200e-03 9.999986463282812821e-01 6.121988706417612639e-05 2.407736812520424458e-02 -1.001103764305534376e-03 -6.286601708822961215e-05 9.999994969194319072e-01 1.993935869932601107e-02
9.999991644648452693e-01 6.985459799895983287e-04 1.087705440402116693e-03 -5.408648625730509696e-02 -6.996270464017605552e-04 9.999992614085005949e-01 9.938332099293976062e-04 1.750677114029514092e-04 -1.087010398838548358e-03 -9.945933676914365390e-04 9.999989145956238445e-01 2.287381400638832316e-02
9.999988992374710950e-01 -1.377190823409486136e-03 5.521496917805281948e-04 -4.751068921772627629e-02 1.376558416951884642e-03 9.999983980575390952e-01 1.144101953641891165e-03 -8.638345790704984525e-03 -5.537244539800925723e-04 -1.143340627951693533e-03 9.999991930803932005e-01 1.670848760025023597e-02
9.999971307781019281e-01 -2.334135437099231578e-03 5.387460673302320964e-04 -7.555362811181393079e-02 2.333764668652331311e-03 9.999970402241717959e-01 6.878120146332306018e-04 -9.087193256521507514e-03 -5.403499191600624882e-04 -6.865527346106256893e-04 9.999996183335808642e-01 1.597751423794664671e-02
9.999993610424638968e-01 -6.845164356398368436e-04 8.996398797334947484e-04 -7.540986793550200074e-02 6.840478978506276319e-04 9.999996303132056008e-01 5.210104850184113122e-04 -5.795233045725937254e-03 -8.999961873886473717e-04 -5.203947553462812689e-04 9.999994595979346812e-01 2.654397078434555732e-02
9.999998416009444613e-01 2.028186037157317931e-04 5.250359034162554095e-04 -3.730690221668177264e-02 -2.029962010586950489e-04 9.999999221977420305e-01 3.382263329928369825e-04 8.042148000002125735e-03 -5.249672639746791282e-04 -3.383328597119182450e-04 9.999998049701048775e-01 1.162162799033026814e-02
9.999999813020293837e-01 -1.874589409790819732e-04 4.748774936124754116e-05 -1.057070808278999172e-02 1.874380134635374715e-04 9.999998854949608829e-01 4.403147241724252861e-04 7.786974541292027152e-03 -4.757028485555179863e-05 -4.403058149300293758e-04 9.999999019339238515e-01 -3.885580996052596763e-03
9.999997061472071236e-01 -7.625093386304362736e-04 7.927804228639362047e-05 -9.768771790440083924e-03 7.624824013754265837e-04 9.999996517619479386e-01 3.392588546634149062e-04 4.290969318689987974e-03 -7.953670272365651929e-05 -3.391983068591941154e-04 9.999999393092089406e-01 -5.923904686644304585e-03
9.999995849433277462e-01 -9.110151196901487879e-04 -1.283058522536882748e-05 -9.199470648918024740e-03 9.110182738472054212e-04 9.999995542685140570e-01 2.480090277008483867e-04 -8.422008363677945322e-03 1.260463953231788408e-05 -2.480206136606511575e-04 9.999999691634486876e-01 -4.495942675592610668e-03
9.999999664985899095e-01 -1.211003132614219999e-04 2.287739784309677702e-04 -1.304830462394927088e-02 1.211079447651375329e-04 9.999999921104979483e-01 -3.334470949053440893e-05 -1.742325253536448210e-02 -2.287699385712900827e-04 3.337241471978313759e-05 9.999999732752982151e-01 4.354408437945355044e-03
9.999999374169197264e-01 -3.471346530561969838e-04 6.829120940136708276e-05 1.462133512482998235e-02 3.471415676763936063e-04 9.999999346189425431e-01 -1.012661966202330099e-04 -3.377921413163205433e-02 -6.825605193038550690e-05 1.012898970001726109e-04 9.999999925407340173e-01 7.791070285904280052e-04
9.999996998577238561e-01 -7.207222781427400976e-04 -2.843305468954036483e-04 3.837206867937434374e-02 7.207530041952670474e-04 9.999997344280140421e-01 1.079768883850723316e-04 -3.650175587217167894e-02 2.842526500361919491e-04 -1.081817880725026410e-04 9.999999537485647627e-01 -1.143282445742664633e-02
9.999997652078760346e-01 -5.304374991141601889e-04 -4.338435804948951539e-04 3.072965382697592784e-02 5.303031821021058365e-04 9.999998114463735099e-01 -3.096542468080484183e-04 -5.942827508819786830e-02 4.340077509163816271e-04 3.094241054723991359e-04 9.999998579469874249e-01 -2.953956779240230618e-02
9.999893211920044545e-01 4.616034495705940467e-03 -2.229966112289271632e-04 1.429737492489357477e-02 -4.616159581981831538e-03 9.999891865902695853e-01 -5.637137967147891685e-04 -7.217033254556830257e-02 2.203920775438606284e-04 5.647371648670634122e-04 9.999998162496165355e-01 -2.230480562034919609e-02
9.999817917852694693e-01 6.033004531787446341e-03 -1.376744038444445764e-04 -9.388571007327184068e-03 -6.033068446973413081e-03 9.999816910564599537e-01 -4.686544321079935270e-04 -6.592977063163017737e-02 1.348444888588079115e-04 4.694764978492491059e-04 9.999998807043837257e-01 -1.536511855860639951e-02
9.999849460228831255e-01 5.487040664094638975e-03 1.060009751206787342e-05 -1.358931001953572054e-02 -5.487038879452798418e-03 9.999849330263957947e-01 -1.616308452238489281e-04 -7.825198728506316259e-02 -1.148681282099370199e-05 1.615702488896288364e-04 9.999999868815537818e-01 -7.635743267197031385e-03
9.999905754751555742e-01 4.335441379806698886e-03 -2.300193674810060551e-04 2.570384665809399838e-02 -4.335414639058881442e-03 9.999905952449333890e-01 1.166258598393424154e-04 -8.838726289058033980e-02 2.305228287838973454e-04 -1.156275313629846280e-04 9.999999667447491136e-01 -1.294441857553392007e-02
9.999876830902282299e-01 4.948094399052979132e-03 -3.873366176894596459e-04 3.769537218891277908e-02 -4.948114956478827549e-03 9.999877566452877176e-01 -5.213350440891450225e-05 -7.396585706927413795e-02 3.870739138886874217e-04 5.404944839642574693e-05 9.999999236262182567e-01 -2.058253138845781219e-02
9.999814845175998279e-01 6.065143576888615273e-03 -4.946264943469186152e-04 6.902031632617569579e-02 -6.065314717028610567e-03 9.999815462145439371e-01 -3.452357938362929216e-04 -6.885819057055558856e-02 4.925234619582127046e-04 3.482294669846229302e-04 9.999998180784223090e-01 -2.570613458470315249e-02
9.999315867239433331e-01 1.168895767529403405e-02 -4.360506877290522558e-04 1.051653115230927749e-01 -1.168904189038752657e-02 9.999316625580284557e-01 -1.910853783618210043e-04 -7.347830730202940808e-02 4.337873002404440373e-04 1.961693203402779025e-04 9.999998866730814839e-01 -3.313616235217228118e-02
9.999093251307293873e-01 1.345512927515154188e-02 -5.486463326272747552e-04 8.319875056672831892e-02 -1.345510204778888573e-02 9.999094745972393339e-01 5.328748830350513377e-05 -3.108007929635685229e-02 5.493136562409123638e-04 -4.590056407382434961e-05 9.999998480738111484e-01 -5.158274140449643774e-02
9.999334197076513719e-01 1.151775983430378646e-02 -7.052376630125942051e-04 7.585582205600202577e-02 -1.151788054787595585e-02 9.999336530106088805e-01 -1.673455826017588330e-04 -1.984202051092298982e-02 7.032634263871095177e-04 1.754572838443882172e-04 9.999997373176128246e-01 -6.190782151259093674e-02
9.999566306068955468e-01 9.272715273193008964e-03 -8.681340720456864803e-04 9.596732050594380947e-02 -9.272772630107747535e-03 9.999570049934071170e-01 -6.206742646575181914e-05 -1.539313917466272885e-02 8.675212130421787373e-04 7.011474450166367415e-05 9.999996212453620137e-01 -6.255915800997573217e-02
9.999978166874491370e-01 -1.924523328276641363e-03 -8.141439023247515122e-04 1.335906257727268731e-01 1.925189673456115204e-03 9.999978118727619325e-01 8.184707748949101355e-04 -9.949712939424064026e-03 8.125669547745052517e-04 -8.200363693508577398e-04 9.999993336374264352e-01 -4.751649771870344874e-02
9.997131052838892362e-01 -2.394284438523386696e-02 -6.688246317011339393e-04 1.744869520331779889e-01 2.394341661512168831e-02 9.997129444645530549e-01 8.610869922161467575e-04 3.873130243771007869e-02 6.480157700315805408e-04 -8.768538977072437481e-04 9.999994056012252441e-01 -2.656173474902701059e-02
9.986110314666492016e-01 -5.267954704681478834e-02 -9.344281981310762755e-04 1.983804070703143740e-01 5.268112376808498781e-02 9.986098491563454305e-01 1.751675333124722749e-03 6.569102671491969248e-02 8.408517388610209668e-04 -1.798469038764497494e-03 9.999980292367929291e-01 -3.282659116649583320e-02
9.979661893829151476e-01 -6.372730819224003973e-02 -1.521525259302499962e-03 2.209297914114166650e-01 6.373210584003424772e-02 9.979614337632402021e-01 3.345953737357687530e-03 2.709042185824644261e-02 1.305194904262938155e-03 -3.436118709986527194e-03 9.999932447544197522e-01 -7.284291950187921083e-02
9.977333110322323950e-01 -6.727486439041834021e-02 -1.527310678764911720e-03 2.223885438194861675e-01 6.727756219890686229e-02 9.977326931546363076e-01 1.789590726538604426e-03 -2.557563757328597948e-03 1.403453323365716184e-03 -1.888288020169601135e-03 9.999972323397310348e-01 -6.044741598263455445e-02
9.969723851942542403e-01 -7.774772686963972446e-02 -1.163669490679242885e-03 2.608597024794610530e-01 7.774665003295670729e-02 9.969727016324079205e-01 -9.437205256977164751e-04 -6.468508103055004010e-02 1.233518841602911781e-03 8.503918988157598132e-04 9.999988776318130546e-01 -9.222098230317839207e-03
9.966777425888440067e-01 -8.141762510322160529e-02 -2.155864225167576816e-03 3.261366857119004092e-01 8.141022761508291683e-02 9.966751430395621725e-01 -3.321759583200841002e-03 -2.019780843322445119e-01 2.419146061420848932e-03 3.135214445529366321e-03 9.999921590506167801e-01 -3.500988325983631771e-02
9.959502275906415569e-01 -8.988781279478945396e-02 -1.823533141533061758e-03 3.807771189655031474e-01 8.975620400418733713e-02 9.952544360148336544e-01 -3.758232876704178244e-02 -1.726456058722713183e-01 5.193072780934926934e-03 3.726645547626173532e-02 9.992918709222684548e-01 -6.175411509998103565e-02
9.957577682126104168e-01 -9.160864685338236668e-02 -8.621071043299463957e-03 3.892556063533957333e-01 9.088125543888365965e-02 9.938318988136025656e-01 -6.355119440578307910e-02 -7.315626273340207486e-02 1.438973433019930144e-02 6.249810174910542387e-02 9.979413423762264479e-01 -1.143446664058368756e-02
9.987521178848675074e-01 -4.818967753385264285e-02 -1.311342821976591022e-02 4.742929301390619301e-01 4.727922871552819872e-02 9.969180662257620673e-01 -6.260226645059950579e-02 -7.843301276854716675e-02 1.608979653558207865e-02 6.190415342988207087e-02 9.979524007865170354e-01 3.695838720931113319e-03
9.992002419118289902e-01 -3.848107837849149698e-02 -1.086660803428502603e-02 7.080370530359952896e-01 3.786666395076287300e-02 9.979291668871300702e-01 -5.199513089894522433e-02 -8.791151549819925526e-02 1.284493380996528517e-02 5.154206517774435892e-02 9.985882150279117297e-01 -3.984634071405254024e-02
9.982995413176828370e-01 -5.794236571558616239e-02 -6.380286841935595664e-03 7.672234933033446058e-01 5.759160178186859685e-02 9.972921375175555214e-01 -4.573401195897736776e-02 -3.037453371915376649e-02 9.012946749137142055e-03 4.528879222220968254e-02 9.989332770960984709e-01 -6.216804237968541480e-02
9.981529668200641581e-01 -6.073239950449071944e-02 1.493478734656454934e-03 7.253164772797273674e-01 6.074791871169092639e-02 9.975668767532128722e-01 -3.420550799269047454e-02 8.793507309965673674e-03 5.875376598375482706e-04 3.423305500926195760e-02 9.994137045009093834e-01 -7.745051746751316357e-03
9.976981535092730446e-01 -6.775884640020835015e-02 2.670808622878610445e-03 7.571936995677709392e-01 6.777830945851359701e-02 9.976680582184616064e-01 -8.034076023432734290e-03 -1.122173682529673672e-02 -2.120200729421051807e-03 8.196605707077893668e-03 9.999641595596062693e-01 -8.773836602834809983e-03
9.955513622716921640e-01 -9.420614313066108525e-02 -1.639413133796118003e-03 8.662982017644104138e-01 9.421645186268895467e-02 9.955182901813681706e-01 8.160521599189533501e-03 1.053461902550246326e-02 8.632944940634897915e-04 -8.278678083524068990e-03 9.999653585058864147e-01 6.671224061228575586e-02
9.852660456758595142e-01 -1.686447796863727588e-01 -2.845623873230274450e-02 1.003457768074311529e+00 1.691315810055466495e-01 9.854692062307592870e-01 1.565093854953730074e-02 7.476993870250013552e-02 2.540329791226369691e-02 -2.023318698208412258e-02 9.994725061749967221e-01 8.125092623190546814e-02
9.728852372114222824e-01 -2.265659084190986550e-01 -4.649950922647783091e-02 1.056905493146262032e+00 2.276291693352986700e-01 9.735636708526350658e-01 1.894043462183249080e-02 9.447947988792317064e-02 4.097897611942770413e-02 -2.901151388967114150e-02 9.987387323910256187e-01 5.071114411044727599e-03
9.630212129320754322e-01 -2.666756867310769996e-01 -3.839559283749396229e-02 1.150738813896253099e+00 2.676825378385493392e-01 9.632095777622352584e-01 2.394510896634424735e-02 8.816669698592499715e-02 3.059742438748293963e-02 -3.333747761311556257e-02 9.989756804883926922e-01 -4.545302941964726035e-02
9.569717226414731215e-01 -2.888725397854173815e-01 -2.752776457567858090e-02 1.322828417120844868e+00 2.896003892403243851e-01 9.567482433527207952e-01 2.764802693386038748e-02 1.167414305172031486e-01 1.835038464076786321e-02 -3.443043129856675211e-02 9.992386145381545459e-01 -8.291346803878386906e-02
9.527152566410287404e-01 -3.034623336363642121e-01 -1.562855807138487790e-02 1.402857899177880618e+00 3.036906743356097005e-01 9.526494793963705687e-01 1.519683280841338004e-02 1.505311722546572029e-01 1.027687136249796039e-02 -1.922450180879046663e-02 9.997623739895408201e-01 -4.863036601763168210e-02
9.498853165986261837e-01 -3.124124320962970436e-01 -1.078691716869215576e-02 1.384455545632309992e+00 3.123415605868254397e-01 9.499380953463517629e-01 -7.769462010465217651e-03 2.116659223088420416e-01 1.267418007265551198e-02 4.010895339221624313e-03 9.999116350348483673e-01 8.333712012238411737e-02
9.552480218855247118e-01 -2.947422295485764288e-01 -2.506461259478028406e-02 1.392816020343029315e+00 2.943615209964346446e-01 9.555282729904225336e-01 -1.780490024139750813e-02 2.411700466212082228e-01 2.919780197990388612e-02 9.630038248878154683e-03 9.995272636215919437e-01 1.910615197236184282e-01
9.599261823260828441e-01 -2.766415512178976299e-01 -4.484614392149390005e-02 1.663185040741572251e+00 2.766751794657497654e-01 9.609473024516772544e-01 -5.579155710315408627e-03 2.734920440526075192e-01 4.463820731690709698e-02 -7.052237276220333327e-03 9.989783262898813687e-01 1.168995002657661764e-01
9.549366600171885766e-01 -2.929202457318797470e-01 -4.789264030716591097e-02 1.915030190925841147e+00 2.940403345591014461e-01 9.556206656413054334e-01 1.815007029297743824e-02 3.159145797384022569e-01 4.045067375938366655e-02 -3.141453548349083802e-02 9.986875737450469082e-01 -4.746643574335983329e-02
9.450422422012512147e-01 -3.248760010816422739e-01 -3.675247442598122971e-02 2.006925937962983575e+00 3.259874911263613839e-01 9.449042903907800550e-01 2.979996023884846912e-02 3.366487175008525123e-01 2.504627885279805261e-02 -4.014306817244087111e-02 9.988799817762545885e-01 -1.368067761493769185e-01
9.228823329217010762e-01 -3.844862270931237447e-01 -2.141356478247661774e-02 1.979848512665636884e+00 3.849296550768306346e-01 9.226540224780743760e-01 2.321024445070046446e-02 3.840833262242286383e-01 1.083329236338794951e-02 -2.966304065202950493e-02 9.995012475209049674e-01 -2.617557193922087633e-02
8.980921626941367197e-01 -4.394902126836230383e-01 -1.669791192550792308e-02 1.968626531113555345e+00 4.397439536570005303e-01 8.979597726809223079e-01 1.713189624461119998e-02 4.568301782029775548e-01 7.464752472657219633e-03 -2.272882755731366056e-02 9.997137979783973227e-01 9.870928606452886167e-02
8.581411291952039111e-01 -5.132230781095957761e-01 -1.399551639961977081e-02 2.107190540865719885e+00 5.133938136238037631e-01 8.575477681696024312e-01 3.222758818374079487e-02 5.034641955165330973e-01 -4.538118154832886803e-03 -3.484103045326861908e-02 9.993825634263223678e-01 9.204818194141142773e-02
8.331593163062913643e-01 -5.529615682221546979e-01 -8.891440902834708490e-03 2.246872950513480571e+00 5.526470812044854686e-01 8.318696661662012826e-01 5.073521606040171106e-02 5.009939435895417459e-01 -2.065810466127195738e-02 -4.718434678819004302e-02 9.986725590152037979e-01 -1.536098883648867597e-02
8.111377521671200297e-01 -5.848497016441536189e-01 2.524578383852307123e-03 2.358033114567843480e+00 5.838745214057619037e-01 8.100200326671322948e-01 5.438832532014990784e-02 5.535857092067781871e-01 -3.385395490137362018e-02 -4.264238694869736113e-02 9.985166681497376073e-01 -1.511901244595693916e-02
8.081656993674763978e-01 -5.889397124964080854e-01 4.268185858886613601e-03 2.410187330180591836e+00 5.880690727856167088e-01 8.073259798547052224e-01 4.898497611212160319e-02 6.261852165388860358e-01 -3.229501507884394162e-02 -3.707798937763975844e-02 9.987903957812013234e-01 3.995393805445059121e-02
8.046927652298488942e-01 -5.936193858460333539e-01 -9.250855880276083465e-03 2.546488768026492266e+00 5.936566765926808431e-01 8.043792496492440103e-01 2.336178654667825025e-02 7.142870770962290727e-01 -6.426812870515490918e-03 -2.429089297447855830e-02 9.996842744561054150e-01 7.692271955090698721e-02
8.068375607319852039e-01 -5.899496460700272005e-01 -3.118598553693190112e-02 2.557454891171186961e+00 5.902421470143549564e-01 8.072262145960609203e-01 2.153062910295096971e-04 7.424959553218596353e-01 2.504712518323553433e-02 -1.858100026274180777e-02 9.995135756703313890e-01 7.335499915961635198e-02
8.321401156534266041e-01 -5.512256221614565410e-01 -6.077122175024073092e-02 2.674124220159595833e+00 5.510151525982854848e-01 8.342133751805000941e-01 -2.168746820277328916e-02 7.932507949349384413e-01 6.265085416329145562e-02 -1.543885172780736295e-02 9.979160848137165196e-01 9.196361204545817902e-02
8.323740638499920186e-01 -5.490049908147327518e-01 -7.580856079866338249e-02 2.913274568486664329e+00 5.496752314903308179e-01 8.352677775914320035e-01 -1.359704392584707398e-02 9.013458215199553480e-01 7.078529307632169809e-02 -3.035226149704992743e-02 9.970296798521666171e-01 1.323902738794777156e-01
8.334250953738128187e-01 -5.476957757425808815e-01 -7.370174784144317703e-02 2.993635804437977832e+00 5.494263160197168094e-01 8.355330510092725538e-01 3.904348362880748213e-03 9.553363216336818731e-01 5.944185113329983339e-02 -4.374766170744471411e-02 9.972726850911828311e-01 6.439323029423107969e-02
8.164323435510587590e-01 -5.722259619275903431e-01 -7.743175640375184188e-02 3.085246670547498127e+00 5.742040787204264474e-01 8.187020196392766902e-01 4.083995518574683181e-03 9.946706619195232468e-01 6.105656708784375913e-02 -4.779593638180275328e-02 9.969892898526213632e-01 2.537935315073625020e-03
7.930901981353177810e-01 -6.029448347529506869e-01 -8.640291584442830186e-02 3.063759156074856715e+00 6.045589858992042043e-01 7.965090599966121454e-01 -9.041565784716799892e-03 1.033331632387320953e+00 7.427227066818598011e-02 -4.506488198198728423e-02 9.962192460606958955e-01 3.796452542497334715e-02
7.688192542765661663e-01 -6.320188764134545556e-01 -9.730927042527448556e-02 3.147219758940021261e+00 6.340168574103345334e-01 7.732139807413255239e-01 -1.275791933179747442e-02 1.086588347348670380e+00 8.330413419001675424e-02 -5.188718380513181183e-02 9.951724179174300522e-01 1.524566798672645773e-01
7.447928235655090212e-01 -6.571864309302293261e-01 -1.157136334513067660e-01 3.220485331750688740e+00 6.619157074216599490e-01 7.495710025786413988e-01 3.302780909125342668e-03 1.168455987562246223e+00 8.456504144030084491e-02 -7.905255906317812387e-02 9.932771248104744766e-01 1.388966408851164680e-01
7.416863267155544559e-01 -6.611022394130591229e-01 -1.133367628187178788e-01 3.387193303797813027e+00 6.676303048081974056e-01 7.438947931923056700e-01 2.983810924121137187e-02 1.219196949360164872e+00 6.458458689889920445e-02 -9.779757514588648115e-02 9.931084862343505515e-01 7.500495154760139505e-02
7.233218485342336468e-01 -6.837747807671771261e-01 -9.621617649760370872e-02 3.538873578708770395e+00 6.894284181474267248e-01 7.229421635377816235e-01 4.520049148016474366e-02 1.330679540426068952e+00 3.865177465209239382e-02 -9.902866941502516673e-02 9.943336275869048002e-01 9.314890631627090190e-03
7.170340789206879339e-01 -6.929716892195302291e-01 -7.518222932709212047e-02 3.611002184426288952e+00 6.966216851466470183e-01 7.161529055614471728e-01 4.293301339695228258e-02 1.377394211435118088e+00 2.409060916221333545e-02 -8.315800500329380285e-02 9.962451449086543454e-01 -9.716305180902592986e-04
7.148862088743734855e-01 -6.963374193088334163e-01 -6.365459002726853166e-02 3.641199163434518216e+00 6.987016620707917625e-01 7.149430976915986946e-01 2.592979912483636337e-02 1.448839832749025058e+00 2.745352037059912292e-02 -6.301242364371567595e-02 9.976350729028155007e-01 7.659957871679741459e-02
7.137723756258085306e-01 -6.976554865804887040e-01 -6.169131087625733673e-02 3.730942712878347667e+00 6.994279320459240168e-01 7.146196111878875268e-01 1.092607796213834054e-02 1.531759310795406170e+00 3.646318235497012644e-02 -5.094735861469117111e-02 9.980354718058542796e-01 1.336214247067115390e-01
7.228704976694233508e-01 -6.881608251191049241e-01 -6.239328786458295945e-02 3.787778513829435312e+00 6.900050178276129209e-01 7.237018006615149046e-01 1.219750351492130541e-02 1.627165533255341412e+00 3.676029069356951534e-02 -5.186889714148065073e-02 9.979771032130200226e-01 1.468229535808925623e-01
7.306574729826234016e-01 -6.806433209756367342e-01 -5.351940569460275632e-02 3.990181790307638643e+00 6.825037954611846702e-01 7.302327421517937900e-01 3.080116021434044574e-02 1.709451873600898120e+00 1.811701840051276394e-02 -5.903229540453622248e-02 9.980916599909784859e-01 1.143377463509089725e-01
7.188433880094313722e-01 -6.943984084234549048e-01 -3.278770949753671837e-02 4.104744098726146539e+00 6.950809507732118586e-01 7.171857487066662928e-01 5.007068727575397782e-02 1.808083659457870418e+00 -1.125412756858455363e-02 -5.878309477248740145e-02 9.982073393747608048e-01 4.319406693511650130e-02
7.106885997674763367e-01 -7.033184422514587864e-01 -1.627522502226321638e-02 4.141303002825961421e+00 7.029276078510277026e-01 7.089750200195409358e-01 5.698420052192926938e-02 1.875983309096036278e+00 -2.853931115804646257e-02 -5.193832666993567632e-02 9.982424144171351266e-01 5.047089337188412350e-02
6.924212371376867736e-01 -7.212851535385393920e-01 -1.733659844379098133e-02 4.186457385084741745e+00 7.208538748539090601e-01 6.905961149036259350e-01 5.870857848834962200e-02 1.943609352366429288e+00 -3.037303851807232960e-02 -5.314822071249100666e-02 9.981246140469014483e-01 9.036136709621986340e-02
6.632286539927126912e-01 -7.476633348121994871e-01 -3.357514408778606435e-02 4.342546515339830826e+00 7.480470930000271412e-01 6.608236287012969612e-01 6.113655538431361086e-02 2.021758754295027050e+00 -2.352231232730694899e-02 -6.566330426921467012e-02 9.975645499391130322e-01 1.005459008661020587e-01
6.472947471641813388e-01 -7.613352772293301429e-01 -3.712284929524726357e-02 4.401427872511717077e+00 7.616388523734226590e-01 6.440833782138138952e-01 7.115378039132531918e-02 2.083250773889365970e+00 -3.026167293713937292e-02 -7.433167262224225913e-02 9.967743142739109441e-01 6.011738546946118755e-02
6.404223678300371425e-01 -7.677698659092159206e-01 -1.971354318009210099e-02 4.516608927290537423e+00 7.666172663665141718e-01 6.374874084188220102e-01 7.686202583973023028e-02 2.195295925369481260e+00 -4.644521171985089431e-02 -6.433690316761397909e-02 9.968468313633239708e-01 7.201631986954135090e-02
6.352492509094302964e-01 -7.722971052809065595e-01 -3.945933823584032996e-03 4.580430380359818976e+00 7.705571634935305392e-01 6.334577645691029657e-01 7.051892154535079060e-02 2.295305799362757693e+00 -5.196197655798061310e-02 -4.783765966105907319e-02 9.975026372448048129e-01 9.748447797452852726e-02
6.418522558847350457e-01 -7.668042524094217383e-01 6.076191447348996272e-03 4.646839326071619425e+00 7.655786278905402087e-01 6.412383075736999283e-01 5.198843541841753624e-02 2.378877899671865581e+00 -4.376124007514700653e-02 -2.871709224216747666e-02 9.986292016961251239e-01 9.021828045615143399e-02
6.498243432917981677e-01 -7.598993030731353571e-01 1.677414839407027902e-02 4.725836925934767230e+00 7.588655143529294822e-01 6.498735679631713058e-01 4.227856180951789639e-02 2.484134600889585265e+00 -4.302852532038528577e-02 -1.474431591429315423e-02 9.989650400073930570e-01 1.197166735417526384e-01
6.740677384128732630e-01 -7.381318697407572849e-01 2.817848299621452876e-02 4.778433084555362420e+00 7.364609260219703302e-01 6.745108686250442798e-01 5.157899329717688386e-02 2.552861523655777454e+00 -5.707879180410385667e-02 -1.401538368015427596e-02 9.982712960645927502e-01 1.354293028702042156e-01
6.910913479021184580e-01 -7.222040709959601790e-01 2.853118805264330538e-02 4.899885296305948046e+00 7.198177375136153300e-01 6.912971872793745032e-01 6.301288455867941340e-02 2.670589592762509845e+00 -6.523169180400795186e-02 -2.301040409222915306e-02 9.976048053652805114e-01 1.206729044466398476e-01
6.824750774400651920e-01 -7.305423402786963560e-01 2.314428079034539995e-02 5.045841566654427623e+00 7.283485136163245777e-01 6.823914416846543762e-01 6.205129352745039628e-02 2.798482720108123711e+00 -6.112455632614217926e-02 -2.549135884303601121e-02 9.978045796839518644e-01 8.109286646879296234e-02
6.603310333275663746e-01 -7.507922080250557517e-01 1.655254643279583521e-02 5.100469085305777917e+00 7.490108629816196739e-01 6.600372355494736887e-01 5.773711824933881048e-02 2.849902888026836667e+00 -5.427387548423168867e-02 -2.572757386677005514e-02 9.981945894377769468e-01 5.013560598452560663e-02
6.403938614756303771e-01 -7.678752446229681894e-01 1.622685673653443544e-02 5.100126959154478890e+00 7.660738392674568686e-01 6.401196757418238237e-01 5.811775561909818255e-02 2.904503177326080099e+00 -5.501431608545235413e-02 -2.478728350181137394e-02 9.981778476815896806e-01 9.650774863403314974e-02
6.128520340751315576e-01 -7.901548251096535136e-01 8.230230003266583022e-03 5.205376422610295428e+00 7.880251735630339205e-01 6.119057533930765125e-01 6.773237627162964625e-02 3.018016816611511999e+00 -5.855518901791791075e-02 -3.502429614402256808e-02 9.976695788279262844e-01 1.403996564243473744e-01
5.939716945015278693e-01 -8.044554810054206362e-01 7.000372227329458574e-03 5.259727736710499535e+00 8.011091699968403423e-01 5.922525893089621851e-01 8.637689623854030718e-02 3.116584336677454381e+00 -7.363235618909264035e-02 -4.569736903988361187e-02 9.962379367324230017e-01 1.167551387344689939e-01
5.952818770099126411e-01 -8.035096160610143423e-01 3.432754147438620007e-03 5.340400029411368266e+00 7.997069542056843838e-01 5.928693923602461613e-01 9.473474018257642404e-02 3.209847423589256898e+00 -7.815544957725595321e-02 -5.364867659014542489e-02 9.954966324410660095e-01 8.666926413015457742e-02
6.017215091977048402e-01 -7.986554744923537452e-01 -8.981003965582275150e-03 5.453202458200797409e+00 7.960847459258930670e-01 5.987986025744692631e-01 8.768871568776176462e-02 3.321537026452706876e+00 -6.465526021092804498e-02 -5.991382660334845789e-02 9.961074393401552207e-01 9.720354820325413647e-02
6.131184362517803077e-01 -7.898396444894500990e-01 -1.546347700068875265e-02 5.498052589659985223e+00 7.886911332316078882e-01 6.108698893652159123e-01 6.931287491347624952e-02 3.433386489806476760e+00 -4.529988399558949191e-02 -5.469290867843992765e-02 9.974751156045337241e-01 1.138223498344018841e-01
6.368288043020625677e-01 -7.707666102623804694e-01 -1.918088933926193063e-02 5.606902308477375030e+00 7.704129522217522119e-01 6.351677044890406965e-01 5.500791055009066760e-02 3.481518477336835282e+00 -3.021517930063230550e-02 -4.980782748486856787e-02 9.983016694672348645e-01 1.190058642098208025e-01
6.521766086755866887e-01 -7.578802228888390502e-01 -1.682970143449637537e-02 5.683412371066990154e+00 7.575026177095225410e-01 6.506738231695831098e-01 5.304111617508578541e-02 3.577445295380138557e+00 -2.924816677386045047e-02 -4.734071815933595800e-02 9.984505000972890842e-01 1.277075230296348396e-01
6.804548014393523303e-01 -7.327309421390622024e-01 -9.307503969052777215e-03 5.746187719400083438e+00 7.315556182456184331e-01 6.785167938053486836e-01 6.664336379101026830e-02 3.639375293025598701e+00 -4.251635698649097045e-02 -5.215675369606635747e-02 9.977334475863205432e-01 1.482053830560032259e-01
6.864625593207136500e-01 -7.271627404384150006e-01 -1.871782292380042706e-03 5.870382673257728001e+00 7.250908012418181281e-01 6.843077630738113593e-01 7.724128009953459828e-02 3.770347652484549617e+00 -5.488610575868901886e-02 -5.438045894446671968e-02 9.970106725003675674e-01 9.554107915441224785e-02
6.844072523584933121e-01 -7.290988424335543838e-01 1.261301371096021362e-03 5.930470176250209668e+00 7.270349249900095456e-01 6.825979132229501589e-01 7.402909366218859977e-02 3.848688306613401444e+00 -5.483548817936226977e-02 -4.974903844020345939e-02 9.972552844735425026e-01 5.995565125796615408e-02
6.755558452512229195e-01 -7.373081452134736535e-01 -9.994742482374169290e-04 5.975880553599147049e+00 7.361932973101504851e-01 6.744585907659038648e-01 5.590204233907129089e-02 3.910474276165955665e+00 -4.054292715769270555e-02 -3.850075770602744835e-02 9.984357579301473828e-01 8.259537283172008193e-02
6.655424762454706933e-01 -7.463091481216019840e-01 -8.710209128138184098e-03 6.057331466397816833e+00 7.462068420405256752e-01 6.651242186808472567e-01 2.802003954491362123e-02 4.002323801619390053e+00 -1.511824080219838912e-02 -2.514814415023837804e-02 9.995694121174605318e-01 1.338841187250742748e-01
6.272876208739961434e-01 -7.786733680884083686e-01 -1.334265820951330284e-02 6.114544407060249931e+00 7.787875191663182761e-01 6.271846342977041022e-01 1.137692803996869992e-02 4.087479092440934991e+00 -4.906006656890176884e-04 -1.752770180911759901e-02 9.998462576717870309e-01 1.611096115078183011e-01
6.305754018326360510e-01 -7.761277504361245860e-01 -6.144970060789744365e-04 6.142862665402692990e+00 7.760005425577911620e-01 6.304573069511685279e-01 1.862101130159175139e-02 4.128317234836405447e+00 -1.406486948476794868e-02 -1.221880169414870168e-02 9.998264251016450999e-01 1.828590390319543846e-01
6.348823089712541945e-01 -7.725440198250881352e-01 1.000955482641024269e-02 6.264360758299879706e+00 7.719270568056233461e-01 6.348129645591801262e-01 3.378045291278843065e-02 4.265301610821199851e+00 -3.245108205802881007e-02 -1.371996574628047035e-02 9.993791521805845957e-01 1.536398662273661953e-01
6.466372996384729399e-01 -7.627888730005462081e-01 3.652114842179528947e-03 6.353781797211432547e+00 7.622450021351622196e-01 6.463436452103430430e-01 3.496353838175905726e-02 4.379890308910288077e+00 -2.903031925815444461e-02 -1.982492175931179282e-02 9.993819155062827475e-01 8.411130615277812028e-02
6.640112930343744502e-01 -7.477200153828302831e-01 -1.944561317694219055e-03 6.424474051353946891e+00 7.476240985428830310e-01 6.638794242045484850e-01 1.795320015425221419e-02 4.485459986784696262e+00 -1.213301284758721947e-02 -1.337492855073244349e-02 9.998369373480373579e-01 8.213976918370230473e-02
6.755786936938421583e-01 -7.372725705406707464e-01 -4.752405209303463794e-03 6.514003384426975352e+00 7.372470236871279115e-01 6.755950796807077552e-01 -6.173684126163071773e-03 4.591696232738950556e+00 7.762389541456767190e-03 6.671128613174757624e-04 9.999696496739473028e-01 1.226450761315782401e-01
6.977127658932626986e-01 -7.163714243833509965e-01 -2.979704103116590473e-03 6.565825131149044758e+00 7.163152662020595418e-01 6.977008789081255991e-01 -1.029188887919438994e-02 4.676324963903134346e+00 9.451757267614248337e-03 5.046374718341500171e-03 9.999425975458572369e-01 1.844065462933401345e-01
7.029084571649246715e-01 -7.112782645354137623e-01 1.712088057149830072e-03 6.702557388260677484e+00 7.112802326228896410e-01 7.029051022058702136e-01 -2.201811273305367619e-03 4.771880054524734405e+00 3.626650705148001331e-04 2.765446156647816643e-03 9.999961103832361031e-01 1.654369554423720523e-01
6.982818465758688919e-01 -7.157545447125970295e-01 9.894163221696672395e-03 6.765099635824636692e+00 7.157992044412677668e-01 6.983045295041669931e-01 -1.510958375354866292e-03 4.836834554714027234e+00 -5.827663669332520252e-03 8.137308967144599864e-03 9.999499100149619180e-01 1.102593140889958911e-01
6.923776493312852054e-01 -7.214910472556514964e-01 7.991209947633019783e-03 6.836510556591808729e+00 7.215328623921986040e-01 6.923040487030404089e-01 -1.026803961322869316e-02 4.920822230138178988e+00 1.875951653028532558e-03 1.287528171814046607e-02 9.999153503802579168e-01 1.301098660468106849e-01
6.859603431524368133e-01 -7.276347600020511841e-01 -2.462449785998602810e-03 6.880640895976190663e+00 7.276135945087662815e-01 6.859607725631833297e-01 -6.022922094242594629e-03 5.016100074907769546e+00 6.071631430156907566e-03 2.339773766459258761e-03 9.999788301511678412e-01 1.914535752617441688e-01
6.764507572921449885e-01 -7.364321232192527766e-01 -9.060951918354761409e-03 6.998886173588402038e+00 7.364049905515874794e-01 6.761388908248853191e-01 2.332145374564062457e-02 5.135617463488931556e+00 -1.104820571856771766e-02 -2.244834525921676066e-02 9.996869554743240682e-01 1.574521349937911818e-01
6.695228915760302879e-01 -7.426959188770932974e-01 -1.191090840286659382e-02 7.091331815633113322e+00 7.420266144673678399e-01 6.680200438674033236e-01 5.608675791565176372e-02 5.228211003292371650e+00 -3.369868065321850181e-02 -4.638957937622199823e-02 9.983548496639507164e-01 1.304535487619161716e-01
6.730802999569969192e-01 -7.393706200202829759e-01 -1.714631332449123580e-02 7.175995019949029441e+00 7.384071595774488461e-01 6.705426472863108556e-01 7.160603923573986840e-02 5.302306418426304901e+00 -4.144606729912077986e-02 -6.085757488668681880e-02 9.972856055736230019e-01 1.285721811942334425e-01
6.656911239031403360e-01 -7.457644276799684224e-01 -2.628204641467551603e-02 7.291844457998098328e+00 7.456227071111132254e-01 6.633214529460951248e-01 6.365083425829251573e-02 5.403771622807927777e+00 -3.003508276780876216e-02 -6.196828599090553613e-02 9.976260949546579271e-01 1.080897312680373645e-01
6.695739677576449944e-01 -7.423810680758683445e-01 -2.326051297407904020e-02 7.316625758387846012e+00 7.425218063340407459e-01 6.682757538465009528e-01 4.548498586703248608e-02 5.471574249507409782e+00 -1.822275554677436557e-02 -4.772700057015890479e-02 9.986941797151210887e-01 1.309714970410472967e-01
6.880211364873282109e-01 -7.254823233094879198e-01 -1.738718816120211202e-02 7.392069429681139781e+00 7.256511390844665454e-01 6.875361704972438037e-01 2.691539714366195102e-02 5.591428673968334095e+00 -7.572324088513505622e-03 -3.113539502644234458e-02 9.994864916968342339e-01 1.749884293959140247e-01
7.167551752472847149e-01 -6.970104268596315489e-01 -2.094000012388981535e-02 7.466500452013431044e+00 6.973178432894098222e-01 7.162895730050544696e-01 2.602062709549317343e-02 5.697463689786803620e+00 -3.137544651518161393e-03 -3.325225485874527126e-02 9.994420660350297192e-01 2.417038942448451744e-01
7.230654923150896529e-01 -6.902227830068889958e-01 -2.772730858489735883e-02 7.631037911205828195e+00 6.907126574964850274e-01 7.218545735123302887e-01 4.291852133374635114e-02 5.810233918627886851e+00 -9.608256724323091871e-03 -5.018450475552053980e-02 9.986937452919001368e-01 2.242742610811276072e-01
7.152584322862081123e-01 -6.983404815694561618e-01 -2.694340076560717417e-02 7.675629067039462683e+00 6.985479101740287300e-01 7.132552827254243777e-01 5.742576822100026873e-02 5.875084179371515170e+00 -2.088521570329172211e-02 -5.989552124838002506e-02 9.979861393323115060e-01 1.604076550485878105e-01
7.136852237965877199e-01 -7.000124925364584749e-01 -2.521728826240681592e-02 7.781275249605126731e+00 7.002627421703672139e-01 7.121466551438893067e-01 4.979190190591539084e-02 5.949373063975446740e+00 -1.689654587341837821e-02 -5.319447208371457653e-02 9.984412125294520601e-01 1.452565215164026702e-01
7.015975570379299198e-01 -7.120740901235573794e-01 -2.667129792710918809e-02 7.816731790332810625e+00 7.125046615407559791e-01 7.005183537106699498e-01 4.013905077584109526e-02 6.043593864534156701e+00 -9.898244344404980716e-03 -4.716488406855913473e-02 9.988380741990654510e-01 1.954819780563300802e-01
6.947426323340546439e-01 -7.183023412596669655e-01 -3.707318921309063486e-02 7.896207594132611085e+00 7.192408876228462145e-01 6.934423421664236420e-01 4.278158087594339382e-02 6.154205105225526218e+00 -5.021990546475368911e-03 -5.638674162979819687e-02 9.983963716777648489e-01 2.695233234505027831e-01
6.859060088418758028e-01 -7.265091672987863403e-01 -4.144124594450263738e-02 7.982431271355932445e+00 7.275417736830248616e-01 6.835032635552575897e-01 5.921364923284443138e-02 6.232189484201853702e+00 -1.469403214801257886e-02 -7.076523539236102833e-02 9.973847637091198814e-01 2.244968617370911024e-01
6.878447483238623317e-01 -7.251133774672186005e-01 -3.286627483249789788e-02 8.112878158023008268e+00 7.254180945148315240e-01 6.851471092280774222e-01 6.589405790266537888e-02 6.300142437281700758e+00 -2.526242968824071386e-02 -6.916667213688827698e-02 9.972852055012922934e-01 1.478726100257953813e-01
6.877031427755183612e-01 -7.256365236548385500e-01 -2.271613864185871579e-02 8.229661929739519266e+00 7.256596998982343116e-01 6.861051844444305825e-01 5.174626384656819816e-02 6.378945870353340375e+00 -2.196331851701206067e-02 -5.207025462387401132e-02 9.984018736075794820e-01 1.307740624070001800e-01
6.971784239424732021e-01 -7.166901275547932215e-01 -1.724836962102618831e-02 8.285396935287524300e+00 7.168859343334601508e-01 6.968276449147656759e-01 2.248978517868152269e-02 6.451038882226566962e+00 -4.099066226750080685e-03 -2.804450655717620131e-02 9.995982709609061434e-01 1.746264145282982461e-01
7.071151054351069165e-01 -7.069530345185750519e-01 -1.433996689243231468e-02 8.347446360133174537e+00 7.069523446374752496e-01 7.072358473771658272e-01 -5.986534580086333088e-03 6.551605721894897094e+00 1.437393742417228740e-02 -5.904504185840132868e-03 9.998792560870763957e-01 2.448204841442628843e-01
7.349391690809330413e-01 -6.779453534268985448e-01 -1.595354247512258475e-02 8.411246572680543210e+00 6.780784780444121251e-01 7.349750687770847390e-01 4.607156291390543910e-03 6.608307104077010052e+00 8.602055777631642183e-03 -1.420373341756856270e-02 9.998621197912246350e-01 2.536657441303744598e-01
