1.000000000000000000e+00 0.000000000000000000e+00 0.000000000000000000e+00 0.000000000000000000e+00 0.000000000000000000e+00 1.000000000000000000e+00 0.000000000000000000e+00 0.000000000000000000e+00 0.000000000000000000e+00 0.000000000000000000e+00 1.000000000000000000e+00 0.000000000000000000e+00
9.999985926858503404e-01 -1.651841808864999532e-03 -2.933342075690292057e-04 1.258288226721078831e-02 1.652017846521920685e-03 9.999984548758449332e-01 6.009017869758136567e-04 -4.789372804463135069e-02 2.923411596365112024e-04 -6.013855346641256523e-04 9.999997764360175623e-01 -1.379158619961003834e-02
9.999940972721348409e-01 -3.431789579866932009e-03 -1.680510861650407676e-04 1.304535188536534371e-02 3.431847874331087154e-03 9.999940506979935195e-01 3.478344237199153190e-04 -9.604720649792437837e-02 1.668563918275356439e-04 -3.484090963108044830e-04 9.999999253850202496e-01 -1.904521498829208487e-02
9.999944533303306571e-01 -3.315705142432042243e-03 -3.152903130688521722e-04 1.232104046367583916e-02 3.315843091332007671e-03 9.999944066466422976e-01 4.380182911736886552e-04 -1.062592032037958656e-01 3.138362100381970757e-04 -4.390613148372716264e-04 9.999998543659869288e-01 -1.890675673984250696e-02
9.999984009390869844e-01 -1.774409259405110252e-03 2.226904782258206489e-04 -2.343481562049966327e-02 1.774424568257638784e-03 9.999984233568178782e-01 -6.856624468621945413e-05 -6.394274771509082800e-02 -2.225684625429425606e-04 6.896128250029856424e-05 9.999999728538101484e-01 -1.206766316273918255e-03
9.999996872110108459e-01 -6.069272269992974497e-04 5.071658718843999238e-04 -5.981866569231340802e-02 6.070063749913009185e-04 9.999998036160832049e-01 -1.559200297632305744e-04 -1.676524177113417752e-02 -5.070711401738816140e-04 1.562278339105739155e-04 9.999998592358514404e-01 1.120257697274057440e-02
9.999982656232577760e-01 1.543322434349069265e-03 1.042548003690797363e-03 -9.408838008052713975e-02 -1.543355940808905117e-03 9.999988085345609123e-01 3.133526169854017519e-05 2.351985759547116708e-02 -1.042498401118516866e-03 -3.294423000646573200e-05 9.999994560557327050e-01 2.096942221618031815e-02
9.999990538441878574e-01 8.092768161744500139e-04 1.112376628600406743e-03 -5.480424530894568991e-02 -8.103862713616096858e-04 9.999991743479379469e-01 9.972850813548736742e-04 8.289749634232956854e-04 -1.111568630468892432e-03 -9.981855925161990401e-04 9.999988840197285844e-01 2.425527275119892037e-02
9.999989709417628214e-01 -1.237621658920106792e-03 7.255398298697772605e-04 -5.137756240256820262e-02 1.236832217022572431e-03 9.999986437765814307e-01 1.087516006640010984e-03 -6.428779130680477641e-03 -7.268847792399089425e-04 -1.086617516486390123e-03 9.999991454500801735e-01 2.069625565280861987e-02
9.999969973523665789e-01 -2.363393027969095013e-03 6.478114280058061255e-04 -7.681176497049449492e-02 2.362988436671530426e-03 9.999970130717183991e-01 6.246065077475794307e-04 -9.011157908330499899e-03 -6.492856837051653876e-04 -6.230738613608058449e-04 9.999995951034501562e-01 1.821469103491937802e-02
9.999992987380507126e-01 -7.820737816923801957e-04 8.893165953947444876e-04 -7.300191658822495488e-02 7.815511266462001581e-04 9.999995217756748600e-01 5.878998708082589604e-04 -1.016322244388333934e-02 -8.897759511771351952e-04 -5.872044121493735737e-04 9.999994317447060688e-01 2.720694972730329508e-02
9.999998838535600898e-01 8.173426530226660612e-05 4.749867115210856978e-04 -3.517510944767046621e-02 -8.195687278465234326e-05 9.999998868204886815e-01 4.686598774901781349e-04 3.871479725545015280e-03 -4.749483521915584625e-04 -4.686987514824923675e-04 9.999997773727468120e-01 1.113071694224505512e-02
9.999999867228857031e-01 -1.528565020278513798e-04 5.647227892966822581e-05 -1.033982939371106552e-02 1.528298676836401307e-04 9.999998772411033965e-01 4.713393785383547226e-04 6.369431590691899958e-03 -5.654431928586493118e-05 -4.713307416294112593e-04 9.999998873250296461e-01 -4.279422908967354250e-03
9.999997224881302937e-01 -7.367661277135579634e-04 1.104506016888144013e-04 -1.004350040721000564e-02 7.367331956675519803e-04 9.999996842381684292e-01 2.979056255696986371e-04 4.517203352919999665e-03 -1.106700535869051862e-04 -2.978241702726058837e-04 9.999999495264501048e-01 -5.940226464997649600e-03
9.999997071259365544e-01 -7.650888619573545900e-04 1.967420903603753180e-05 -9.212272409719848842e-03 7.650846414889666235e-04 9.999996845021066338e-01 2.136379614490809952e-04 -6.100719361607392574e-03 -1.983765485366199209e-05 -2.136228464448961981e-04 9.999999769858731735e-01 -3.890221385652512659e-03
9.999999651835381753e-01 7.328608529796774775e-05 2.534996491152160798e-04 -1.405336226589954177e-02 -7.326993783091506477e-05 9.999999952864745412e-01 -6.370688351336314047e-05 -1.502195569294010810e-02 -2.535043167484382870e-04 6.368830739178402806e-05 9.999999658396798718e-01 4.882933500385301662e-03
9.999999276234389223e-01 -3.656951176170080667e-04 1.049771299071684995e-04 1.357233809108455980e-02 3.657067952676248501e-04 9.999999269418409220e-01 -1.112423157217316122e-04 -3.339237637739882192e-02 -1.049364414660007859e-04 1.112806985201500931e-04 9.999999883024746072e-01 1.687987181536433623e-03
9.999996412750520314e-01 -8.094664958344841531e-04 -2.494268616239723318e-04 3.843176846651771839e-02 8.094981237313639885e-04 9.999996643264161822e-01 1.267274343327892520e-04 -3.870251258600632127e-02 2.493241962857683331e-04 -1.269292994489897919e-04 9.999999608631983117e-01 -1.055995834706158383e-02
9.999998143635875358e-01 -4.735178927068381524e-04 -3.834756782170091753e-04 2.927022803605527218e-02 4.733928319536339106e-04 9.999998347628611395e-01 -3.261494705244390971e-04 -5.929356498903144701e-02 3.836300524625755009e-04 3.259678753419250068e-04 9.999998732864555651e-01 -2.831128376123578927e-02
9.999888788580484356e-01 4.714212353932999838e-03 -1.355068459624706476e-04 1.119869396576413101e-02 -4.714289762328384426e-03 9.999887213674328867e-01 -5.767234722686410920e-04 -7.113588587415603515e-02 1.327865207127727580e-04 5.773558769816853958e-04 9.999998245139501973e-01 -1.980448789195963719e-02
9.999816809823465213e-01 6.052393835842704607e-03 -7.892133002525373317e-05 -9.968342540344617836e-03 -6.052431247052428472e-03 9.999815673504713898e-01 -4.827372934056383910e-04 -6.633044126828492593e-02 7.599815907709736042e-05 4.832061160565422737e-04 9.999998803680574255e-01 -1.386760566068332562e-02
9.999848287110345568e-01 5.508347195518925078e-03 2.142280447914069889e-05 -1.265693572975748818e-02 -5.508342560728349442e-03 9.999848067678202002e-01 -2.107030114480379845e-04 -7.780991014231297687e-02 -2.258310433969549748e-05 2.105818106660827871e-04 9.999999775726519102e-01 -7.027187133766593131e-03
9.999901328642624154e-01 4.437559043774042325e-03 -2.055330821338629556e-04 2.390073061023506584e-02 -4.437550278877171531e-03 9.999901530972890029e-01 4.308112127259431219e-05 -8.430978544151471188e-02 2.057222332889184361e-04 -4.216863279938137642e-05 9.999999779500843289e-01 -1.258468008621475148e-02
9.999875756178594477e-01 4.974899689310984668e-03 -3.146156337853503416e-04 3.638407026016335366e-02 -4.974936191206671271e-03 9.999876182761021637e-01 -1.153446230855140778e-04 -7.190294382148849917e-02 3.140379103718870081e-04 1.169083827026771652e-04 9.999999438563088594e-01 -1.821090666680889869e-02
9.999815419450955867e-01 6.059535943448271338e-03 -4.447395406499115981e-04 6.959824224497124234e-02 -6.059699350429793678e-03 9.999815725081363516e-01 -3.669985521526795882e-04 -6.924326194484917152e-02 4.425075042976821965e-04 3.696867659788408318e-04 9.999998337593880571e-01 -2.459735880139752792e-02
9.999312388743472058e-01 1.171991659683445722e-02 -4.013454577529310466e-04 1.055811647073861270e-01 -1.171995270446048176e-02 9.999313151469598759e-01 -8.773298385519393548e-05 -7.541274487959916117e-02 4.002896681455726845e-04 9.243070101948156663e-05 9.999999156123700050e-01 -3.259136356260405876e-02
9.999078648378603162e-01 1.356577787190537190e-02 -4.811508302137919323e-04 8.025430539951373954e-02 -1.356571439347227515e-02 9.999079723562444011e-01 1.349496892488760301e-04 -3.106300760050656473e-02 4.829372485448292095e-04 -1.284101008945139879e-04 9.999998751412222386e-01 -4.970978249441840996e-02
9.999327974260726615e-01 1.157583198095148320e-02 -6.330447199093828994e-04 7.349194088210525555e-02 -1.157591299666232455e-02 9.999329891282991989e-01 -1.244638034786180614e-04 -1.898692638120519360e-02 6.315615269540974294e-04 1.317835097913310112e-04 9.999997918815504150e-01 -5.886210140862976198e-02
9.999548850749874207e-01 9.462453994414620970e-03 -8.305293928409150607e-04 9.456656529918405774e-02 -9.462606425042005207e-03 9.999552123733735920e-01 -1.797970136310695396e-04 -1.368973772335803363e-02 8.287908744307490938e-04 1.876478748711647314e-04 9.999996389469155700e-01 -6.110917399056398081e-02
9.999984318913186510e-01 -1.590956681354963259e-03 -7.778635753478796390e-04 1.226703780486794737e-01 1.591546290169819486e-03 9.999984462416182662e-01 7.579543229244873085e-04 -6.871012424138189974e-03 7.766564942416109884e-04 -7.591911402573366585e-04 9.999994102165773446e-01 -4.794788839275273412e-02
9.997196233632434925e-01 -2.367066480094784722e-02 -6.117927229492389936e-04 1.619359308132726494e-01 2.367119534722884541e-02 9.997194150654586942e-01 8.750154344409861529e-04 4.496588542904799563e-02 5.909088660838090687e-04 -8.892519656133120480e-04 9.999994300286644267e-01 -2.670317665827687606e-02
9.985985487634413404e-01 -5.291868270026754001e-02 -7.425825323127965838e-04 1.876117628877969068e-01 5.291985482401704438e-02 9.985973843256915616e-01 1.659211647761374116e-03 7.117167888627394523e-02 6.537376796930346491e-04 -1.696183703350750667e-03 9.999983477925804554e-01 -2.613005747696504205e-02
9.978389157469168547e-01 -6.569314332752432262e-02 -1.381716601425731980e-03 2.167675439789320535e-01 6.569677528515288634e-02 9.978357834269652171e-01 2.771827885477408989e-03 2.812188352361687238e-02 1.196636180897792893e-03 -2.856612056953478519e-03 9.999952039032020679e-01 -5.782491434323542429e-02
9.974865261089325141e-01 -7.084296804985579232e-02 -1.379894568821761827e-03 2.594274671331973092e-01 7.084502953766458333e-02 9.974861955179080697e-01 1.507163235052633990e-03 -2.808423605826835048e-02 1.269653866763092217e-03 -1.601133691098792803e-03 9.999979121728014286e-01 -4.426369281108078618e-02
9.969370977112413934e-01 -7.819991632041681240e-02 -1.093752516134990568e-03 2.782273281627355987e-01 7.819893095546545658e-02 9.969373537572722155e-01 -9.164501458951844655e-04 -7.181804143217607184e-02 1.162069063821812801e-03 8.281128711541822004e-04 9.999989819117635070e-01 -7.783235268176619259e-03
9.968476911142695185e-01 -7.930836430351753674e-02 -2.205464044228850912e-03 3.173625764383858350e-01 7.930077475414609722e-02 9.968451432744852569e-01 -3.338780235839662863e-03 -1.863553571325870517e-01 2.463299320429390444e-03 3.153360361834964352e-03 9.999919942053968613e-01 -4.431054662050038645e-02
9.960477560245835082e-01 -8.863866619940014013e-02 -5.661675792831500666e-03 3.812594171680925292e-01 8.842331923094656765e-02 9.956029259159547840e-01 -3.092136031567747564e-02 -1.817644027022932152e-01 8.377609120383289545e-03 3.029852738964649086e-02 9.995057853276512194e-01 -6.696471162547311395e-02
9.957119150665859619e-01 -9.194759611213237926e-02 -1.016964914007153706e-02 3.822515372091791486e-01 9.117153032841646132e-02 9.939969812268131255e-01 -6.047936317089621511e-02 -8.122439943413045649e-02 1.566953260332350217e-02 5.929284004989723161e-02 9.981176407953176177e-01 -8.940182375195809827e-03
9.987822001012125472e-01 -4.789047786737382628e-02 -1.185828362858241079e-02 4.614380122134990048e-01 4.703468772366360684e-02 9.968286240682457944e-01 -6.419059424047461604e-02 -5.784211701376127529e-02 1.489479478605783454e-02 6.355467227389645368e-02 9.978671999421760974e-01 9.427836398368104331e-03
9.992319304330066210e-01 -3.808691847439667211e-02 -9.216064466548660322e-03 7.013641730368087579e-01 3.754005527868953251e-02 9.978562142806105539e-01 -5.360708788249179957e-02 -7.410596836619240402e-02 1.123803598498658227e-02 5.321994234018791181e-02 9.985195763151102355e-01 -2.861258769610555697e-02
9.982994920012623341e-01 -5.785888839555831248e-02 -7.104456604964620378e-03 7.796523979063562093e-01 5.748025461083260818e-02 9.973212086050038394e-01 -4.523745347086123580e-02 -2.629333277824802417e-02 9.702814019414940719e-03 4.475216084486653700e-02 9.989509995489367356e-01 -6.887991956023756246e-02
9.981628688798440674e-01 -6.058735874674846256e-02 2.432070146500658328e-04 7.290098342471477144e-01 6.056512393637444869e-02 9.976705507929127803e-01 -3.139009148023828855e-02 -6.347001766393704260e-03 1.659202257343818376e-03 3.134715362929987870e-02 9.995071800678624330e-01 -9.545001076582529387e-03
9.977179802467509573e-01 -6.750194328929777499e-02 1.523005092697768967e-03 7.421557488825540894e-01 6.750926655935417242e-02 9.977039224287921337e-01 -5.420525695988225208e-03 -2.188754362267951101e-02 -1.153612136734811664e-03 5.510972906051173591e-03 9.999841490527071608e-01 -2.228621207664251147e-02
9.955428537877596407e-01 -9.429495959718708908e-02 -1.699078187787406418e-03 8.521866631422998495e-01 9.430570117320671852e-02 9.955103544498850043e-01 8.097463139407247087e-03 1.887257770350475941e-02 9.278999693921913434e-04 -8.221604322094075781e-03 9.999657715262146862e-01 5.576960383956967165e-02
9.855124644908503928e-01 -1.689276853450490667e-01 -1.512016723235912706e-02 9.433784285473370002e-01 1.690700469232992165e-01 9.855657874145498099e-01 8.683197066283759868e-03 1.104857502358869564e-01 1.343508714239746195e-02 -1.111376632391611677e-02 9.998479797607101593e-01 1.432092687911476481e-01
9.731797499410997920e-01 -2.279467735038808729e-01 -3.100714036716253896e-02 9.886459886282876752e-01 2.283163987435367082e-01 9.735462461580733917e-01 8.906663590047167803e-03 1.211210826636064247e-01 2.815663988051181343e-02 -1.574722326933749791e-02 9.994794788238249295e-01 1.143359925061927934e-01
9.629248003395446398e-01 -2.669340173459833765e-01 -3.901357807971994607e-02 1.151314209939234612e+00 2.678718017487662917e-01 9.632234222961604253e-01 2.110299902720446513e-02 8.999504870394064993e-02 3.194568388558624572e-02 -3.077123857771722065e-02 9.990158177714081322e-01 -5.031196091253797853e-03
9.574257069684499744e-01 -2.865379364133560647e-01 -3.510023692141119034e-02 1.347788987433172325e+00 2.875878974412124367e-01 9.572928986299462650e-01 2.972385368719882709e-02 1.184148903288323174e-01 2.508419584731310173e-02 -3.855278496621016709e-02 9.989416729169140474e-01 -1.383491499390868129e-01
9.530355420511932296e-01 -3.018277293705207143e-01 -2.496552363208235509e-02 1.435509923164275614e+00 3.023083513692824686e-01 9.530330066130180411e-01 1.837794870320299048e-02 1.552977062743099712e-01 1.824599352117613899e-02 -2.506212459443176235e-02 9.995193713136520941e-01 -1.424328234915078484e-01
9.494195102031119937e-01 -3.138206773718534293e-01 -1.091678064056027936e-02 1.376277800585761657e+00 3.137482817340143115e-01 9.494737103754000707e-01 -7.854235476770370789e-03 2.103809941508844594e-01 1.283001771770522423e-02 4.031843231332292096e-03 9.999095633533671146e-01 5.974068783267719174e-02
9.550035054385102029e-01 -2.958537665920700221e-01 -2.094882797300236590e-02 1.371086282999872674e+00 2.955142113088098932e-01 9.551715260432250831e-01 -1.785235981008361991e-02 2.271300130136791884e-01 2.529141187615980071e-02 1.085838982269370437e-02 9.996211481635274287e-01 2.121528751681754088e-01
9.601492004700469263e-01 -2.775724396940530969e-01 -3.266578575544803326e-02 1.603702430576107840e+00 2.775452752964735481e-01 9.606970774574413729e-01 -5.453945850079801663e-03 2.518725437647256205e-01 3.289578996367575198e-02 -3.829632752910394969e-03 9.994514500042728233e-01 1.979215247058776772e-01
9.549827043155644235e-01 -2.932240983104629217e-01 -4.502957503849266963e-02 1.901703917387480347e+00 2.942806641087700736e-01 9.555337378194606046e-01 1.881931509039217604e-02 3.100276569088413203e-01 3.750900145075204695e-02 -3.122345366525275390e-02 9.988083753910863560e-01 -3.078027646666589567e-02
9.453607142800036778e-01 -3.234600838268152367e-01 -4.082516462613374614e-02 2.025104842424123142e+00 3.247124946034265491e-01 9.453703836779974168e-01 2.892461776645646743e-02 3.563574879947424834e-01 2.923894225892887527e-02 -4.060063836032082318e-02 9.987475518970314603e-01 -1.638365529788683994e-01
9.233900119462256084e-01 -3.824717937692245218e-01 -3.265291424821229610e-02 2.022523227597425421e+00 3.833239536733130115e-01 9.232578177469662473e-01 2.564660814551316878e-02 3.999190429549065451e-01 2.033795413037248201e-02 -3.619846599044596047e-02 9.991376475149604808e-01 -1.058878939877637704e-01
8.982560139221360540e-01 -4.388973634452280059e-01 -2.247749571333166468e-02 2.001158986398375639e+00 4.393411850035822130e-01 8.980626924230539210e-01 2.151101200555972578e-02 4.358721974179941561e-01 1.074507386496347840e-02 -2.919768550215336503e-02 9.995159020990880272e-01 5.429662782816711830e-02
8.577517908890794907e-01 -5.138617205038825686e-01 -1.442211591156355305e-02 2.103502658671605019e+00 5.140542793344194950e-01 8.572247104102935777e-01 3.023232971438021000e-02 5.001331639339641200e-01 -3.172242826078312990e-03 -3.334558535665502199e-02 9.994388469599700953e-01 1.250394632853403520e-01
8.329996741119480852e-01 -5.532597740820148768e-01 -3.894266568461254158e-03 2.198202156740538094e+00 5.528013601570067603e-01 8.319775295400388959e-01 4.715979801713415798e-02 5.162753724874529215e-01 -2.285167691771433640e-02 -4.143685223531738682e-02 9.988797666080121429e-01 4.188903975446647832e-02
8.108509326740923617e-01 -5.852000054397561435e-01 7.856119580558436344e-03 2.314470406535788616e+00 5.838777425912229369e-01 8.097926421092533911e-01 5.764250595083684342e-02 5.360035580074918871e-01 -4.009422262785754948e-02 -4.215246634568480671e-02 9.983063772674417580e-01 -4.625127941248793895e-03
8.085002456179904984e-01 -5.884408721943805709e-01 8.043181383369861839e-03 2.391726382279597996e+00 5.874211391298702623e-01 8.077740057710108834e-01 4.937166094046974846e-02 6.185691546029326027e-01 -3.554937607068273803e-02 -3.519226522649065297e-02 9.987480895246876322e-01 2.220007110214888141e-02
8.048199898055298229e-01 -5.934484818477474555e-01 -9.147863249455113685e-03 2.545110336816267083e+00 5.934865442284613657e-01 8.045192613441377594e-01 2.285782023819382322e-02 7.059126435264532207e-01 -6.205306534376026778e-03 -2.382556439807344620e-02 9.996968723827877046e-01 6.105940670427897898e-02
8.073123507058933557e-01 -5.892034490003060787e-01 -3.295548640011897179e-02 2.567382107545817860e+00 5.894797620493895662e-01 8.077815223352181606e-01 -1.619354189981239006e-03 7.545421044504830865e-01 2.757496204747572274e-02 -1.811926764362482498e-02 9.994555085686100959e-01 8.577255249138843185e-02
8.324106387296891230e-01 -5.507122719431551960e-01 -6.171322435944564394e-02 2.671588062141923903e+00 5.505487297084439291e-01 8.345347807005646379e-01 -2.116119130576545743e-02 8.186108547732745544e-01 6.315555989815654914e-02 -1.636133650619163438e-02 9.978695715982532910e-01 1.085995241865994887e-01
8.327387399855472605e-01 -5.484858793239020258e-01 -7.556077758711293724e-02 2.905299670129091627e+00 5.492585522510102791e-01 8.355661778707917930e-01 -1.200854602025247693e-02 9.096990418705070969e-01 6.972254804872868306e-02 -3.150242182249473472e-02 9.970688861422315474e-01 1.484221684219038107e-01
8.334580287420890743e-01 -5.473449966923187304e-01 -7.590236439819630920e-02 3.002575329126782044e+00 5.492524839188914765e-01 8.356402166786476293e-01 5.209335676529661119e-03 9.508762326921946784e-01 6.057576441349112745e-02 -4.603132482504240786e-02 9.971016467244313564e-01 5.138146928756827381e-02
8.161882198749393913e-01 -5.726172835491238899e-01 -7.711184291793288237e-02 3.101890343590003596e+00 5.745458382002388564e-01 8.184648945239606510e-01 3.506599302328376744e-03 9.996145919609623620e-01 6.110539701337963647e-02 -4.716633346683099526e-02 9.970162824363165699e-01 6.346061867467743534e-03
7.934555739670221541e-01 -6.028452690326497887e-01 -8.370085869102932008e-02 3.054833305604330640e+00 6.044228532609752236e-01 7.966247939956876412e-01 -7.870962278524368944e-03 1.029523149680638294e+00 7.142315168434625050e-02 -4.434545293804628696e-02 9.964598407398034263e-01 5.588503137818940508e-02
7.699963606994608689e-01 -6.315977089554254409e-01 -9.049827927559457585e-02 3.103341110719930462e+00 6.331865214207315073e-01 7.738799958669055901e-01 -1.358606227542748582e-02 1.096431033415680378e+00 7.861573379864493505e-02 -4.684107214076017878e-02 9.958039367064205338e-01 1.921687341135687732e-01
7.460925209686599668e-01 -6.573704963262607670e-01 -1.058771963852243037e-01 3.169493618895669051e+00 6.610396252565367003e-01 7.503507672071384471e-01 -5.830886350140646046e-04 1.177250561425712716e+00 7.982834080279532785e-02 -6.955398415205558960e-02 9.943790420625568949e-01 1.947700262224277001e-01
7.414717457214083929e-01 -6.614219621590420317e-01 -1.128744358591887709e-01 3.386885561908164810e+00 6.678930450075670766e-01 7.436665277370282379e-01 2.964752863346183098e-02 1.217475705486003479e+00 6.433141322376811910e-02 -9.737085548168329663e-02 9.931668468970347163e-01 8.064946616596103957e-02
7.223836008642436912e-01 -6.843674807910727909e-01 -9.901052690542411217e-02 3.559705613167647886e+00 6.903887874379678324e-01 7.218858814843494009e-01 4.737189349705492325e-02 1.294440611487321036e+00 3.905451807846951895e-02 -1.025764366179900133e-01 9.939581577050484729e-01 -5.643836892201922750e-03
7.163239571207684619e-01 -6.933534614404507357e-01 -7.836431562509087179e-02 3.620518100798265415e+00 6.973144692391758381e-01 7.153775913208642034e-01 4.458063285379844365e-02 1.355151916743175811e+00 2.514993925499843866e-02 -8.657874649418252633e-02 9.959275080099785349e-01 -2.271320669623719257e-02
7.150313331879101231e-01 -6.962060886237085855e-01 -6.346081249713653172e-02 3.640493687689119628e+00 6.985673056977464990e-01 7.150620509268675873e-01 2.626752242700402043e-02 1.454963396161366607e+00 2.709080969094782368e-02 -6.311375038403856108e-02 9.976385831265499604e-01 7.707399019926211570e-02
7.140076967752672088e-01 -6.978194159529689244e-01 -5.693041071988896168e-02 3.704823870715294731e+00 6.993442390590403068e-01 7.147071605221413382e-01 1.055035512719331228e-02 1.540652665931660170e+00 3.332632954001666509e-02 -4.734698952874781541e-02 9.983224020034584534e-01 1.469222316678417961e-01
7.228495710824425213e-01 -6.883990895604543692e-01 -5.995991226033095534e-02 3.783359452821655644e+00 6.901004008107425314e-01 7.236195431967376024e-01 1.167019728185742997e-02 1.628809937478775671e+00 3.535441113611560715e-02 -4.981415658306946603e-02 9.981325640500543495e-01 1.609085281345284946e-01
7.301543672347976521e-01 -6.810470788601421521e-01 -5.522206428611338425e-02 3.998194348000403853e+00 6.830198697679095154e-01 7.297258542299724926e-01 3.136933487603740800e-02 1.709483169865360308e+00 1.893297415041568857e-02 -6.062222401400584049e-02 9.979812064590271037e-01 1.127531045848451374e-01
7.190188258520386899e-01 -6.940213636764697158e-01 -3.669161799388232642e-02 4.108847284478373219e+00 6.949292360785509493e-01 7.172511635094507287e-01 5.122621679980930709e-02 1.815109137153333441e+00 -9.234983142233733899e-03 -6.233069231921552211e-02 9.980128255094570244e-01 1.818949799049897689e-02
7.101436288267468644e-01 -7.038572455643332670e-01 -1.676318297249992928e-02 4.127986621473668016e+00 7.034828329676616754e-01 7.084022828033891273e-01 5.725477655829398077e-02 1.863364352845701788e+00 -2.842411223895229683e-02 -5.245172623982096577e-02 9.982188568935623785e-01 2.750905694095559517e-02
6.926033657814438804e-01 -7.211394568413294071e-01 -1.607673769170631789e-02 4.180173125083153529e+00 7.207002281507637331e-01 6.909149591924614864e-01 5.681285336538222097e-02 1.951185378908519175e+00 -2.986233165130465494e-02 -5.093528198284408282e-02 9.982553972795116248e-01 9.539048811003221495e-02
6.644830752732989732e-01 -7.465855607191468346e-01 -3.274512484350100561e-02 4.342418729218503692e+00 7.469959193161611610e-01 6.623151376502789400e-01 5.775599505069019951e-02 2.051809542680605336e+00 -2.143220008171287105e-02 -6.283835584234556682e-02 9.977935667434864042e-01 1.129764198798606928e-01
6.478285444210130084e-01 -7.609066662587697927e-01 -3.659538599764646655e-02 4.396969996620425647e+00 7.612578381686645468e-01 6.448429782383191533e-01 6.829375698778025749e-02 2.109662132278290247e+00 -2.836689725935520948e-02 -7.210116961395224289e-02 9.969938517765178920e-01 7.707143053219821238e-02
6.396661485347833187e-01 -7.684198342606897159e-01 -1.892555767872784039e-02 4.504172064225369532e+00 7.671069986675199681e-01 6.366254090818703748e-01 7.908818563256372891e-02 2.185820816978221615e+00 -4.872443959643061456e-02 -6.510796284722397687e-02 9.966879562630915901e-01 8.111533522939948226e-02
6.355854901335636908e-01 -7.720276814833446632e-01 -2.084167730563735860e-03 4.564826942282814493e+00 7.701805213449486320e-01 6.338733869818169442e-01 7.089777018371656858e-02 2.296718528848392449e+00 -5.341394267886304115e-02 -4.666677940089015292e-02 9.974814095650343937e-01 8.703302577632546222e-02
6.424407011440551596e-01 -7.663004439302313342e-01 7.319504482236168647e-03 4.642601215859177621e+00 7.650797138826478383e-01 6.419053182812359815e-01 5.109396997211269886e-02 2.395091048481014173e+00 -4.385176072611859932e-02 -2.722484149808538159e-02 9.986670271349822325e-01 8.672863635370556268e-02
6.490707247214226872e-01 -7.605312434605544514e-01 1.730381547376366388e-02 4.726368442848458251e+00 7.596555109977838338e-01 6.491953469588371828e-01 3.832631077590396146e-02 2.495966114028640881e+00 -4.038191328185558593e-02 -1.173154752528116768e-02 9.991154447171551878e-01 1.174369149843997456e-01
6.730799168649644892e-01 -7.391397575639506723e-01 2.521595331048808591e-02 4.794381411421333894e+00 7.376418201635337457e-01 6.733952690379605421e-01 4.922760184207420481e-02 2.568793917983007269e+00 -5.336638135457019011e-02 -1.453376845821776481e-02 9.984692278260364207e-01 1.231181307571946881e-01
6.901726117374320513e-01 -7.231377545403849805e-01 2.708420140639411500e-02 4.913630779464048359e+00 7.207408125095151608e-01 6.902710107864928890e-01 6.370724331594924961e-02 2.675953317673594345e+00 -6.476455196059008323e-02 -2.444830517814490858e-02 9.976010390848940590e-01 1.095072978304446609e-01
6.820600302257715519e-01 -7.309007067513340061e-01 2.404728755639631149e-02 5.035017912604101475e+00 7.286578831805887724e-01 6.820225205678197566e-01 6.247376022860542943e-02 2.797142678266657079e+00 -6.206290717653367012e-02 -2.508860914276157816e-02 9.977568627897673847e-01 8.179029113396141248e-02
6.608898386962201998e-01 -7.502563757927771526e-01 1.843886358676329745e-02 5.085786437432894935e+00 7.484562343905545312e-01 6.607105529429946333e-01 5.722613416677496678e-02 2.855991640460009418e+00 -5.511702377664663005e-02 -2.401948817209819884e-02 9.981909526127528132e-01 6.882679471779945546e-02
6.402749318138822865e-01 -7.679365579311729917e-01 1.792915735752271394e-02 5.094463120392827449e+00 7.662986372501325860e-01 6.401789466906601112e-01 5.438119861336993682e-02 2.943395795354981193e+00 -5.323917955151277054e-02 -2.107982938401978951e-02 9.983592692782605749e-01 1.139050654673997715e-01
6.121943934818450117e-01 -7.906143627699312448e-01 1.212245731242074520e-02 5.189695944883273349e+00 7.886522344409699903e-01 6.116361453238645662e-01 6.268076933661329009e-02 3.044184816283529660e+00 -5.697084956941768363e-02 -2.881241252064749639e-02 9.979600027977467702e-01 1.231877109262977388e-01
5.938746131073364687e-01 -8.044918888014378489e-01 1.028322708620887233e-02 5.247068767043574056e+00 8.010506714342569001e-01 5.924297739429935650e-01 8.570171958939759582e-02 3.109654041785494094e+00 -7.503842816409284078e-02 -4.265868960186838810e-02 9.962677704814673074e-01 1.108587313770823812e-01
5.952166877518187960e-01 -8.035543181022899439e-01 4.189568106364033317e-03 5.335066306934845848e+00 7.996444704662089009e-01 5.928188538872907198e-01 9.557472117969149916e-02 3.204941049706429013e+00 -7.928313486846094715e-02 -5.353750400348399052e-02 9.954134418373635773e-01 9.693657041609418656e-02
6.014721300567162920e-01 -7.988289077491017576e-01 -1.018100728876536465e-02 5.445772998358402894e+00 7.962098035840428079e-01 5.983589823068045099e-01 8.953478078057416911e-02 3.297072398172275598e+00 -6.543107397633750322e-02 -6.195889312392866694e-02 9.959316593628102510e-01 9.682342819597818118e-02
6.123166568854306879e-01 -7.903934872840595594e-01 -1.861308570852574645e-02 5.512394669871113706e+00 7.893465171899584076e-01 6.098348135183084828e-01 7.094769919576299211e-02 3.408308505616323814e+00 -4.472569173006048920e-02 -5.813463236344573737e-02 9.973063606631789035e-01 9.454540542441858264e-02
6.369593433046085718e-01 -7.706217064544187423e-01 -2.061505562062522848e-02 5.600573055051564886e+00 7.703448917444934985e-01 6.352629400264826476e-01 5.486114100229760870e-02 3.487066935919952648e+00 -2.918120525485921532e-02 -5.082501913614227707e-02 9.982811601396094359e-01 1.166525095762334097e-01
6.520512394151214419e-01 -7.579990369662624738e-01 -1.632914986833645249e-02 5.681854382883378740e+00 7.576145668661474764e-01 6.505903187789292552e-01 5.246336991988607285e-02 3.593334796981398238e+00 -2.914359705704850506e-02 -4.658000718494784836e-02 9.984893357874317088e-01 1.214717044285703734e-01
6.797499283015095983e-01 -7.334024086991262070e-01 -7.806528576295521799e-03 5.731963457717725419e+00 7.321865432344352165e-01 6.779231492770703138e-01 6.575005384536100617e-02 3.656036957854396974e+00 -4.292902142492129036e-02 -5.040942956014320131e-02 9.978055865402436497e-01 1.434030851943178253e-01
6.860013601973073971e-01 -7.275961662873992042e-01 -2.439797393943479026e-03 5.850308269901316471e+00 7.255614022809243613e-01 6.838243742358077748e-01 7.710302666656276838e-02 3.771414641717359295e+00 -5.443147368557063603e-02 -5.466300398702228502e-02 9.970201455675465896e-01 9.889985715826311863e-02
6.840600516445889401e-01 -7.294229684643713796e-01 1.994698129341613418e-03 5.914130983235709849e+00 7.274073317296747554e-01 6.823679580254404797e-01 7.247443415512602738e-02 3.866945035851736101e+00 -5.422563498860363818e-02 -4.812590712719731767e-02 9.973682758005024684e-01 6.778436534436751981e-02
6.748900457980553380e-01 -7.379178511647934702e-01 8.191550722999076106e-04 5.983152169219007277e+00 7.367520525026203249e-01 6.738853781001754584e-01 5.545187387239161603e-02 3.929226770973667904e+00 -4.147094423659587747e-02 -3.682040351649147614e-02 9.984610251126520009e-01 9.869611553002081983e-02
6.658228431233288447e-01 -7.460911724331332762e-01 -5.282422978099523408e-03 6.050663916347176041e+00 7.458965637528495174e-01 6.654465208286388656e-01 2.862244047510991568e-02 4.009158337576297804e+00 -1.783978017965073826e-02 -2.299761584191945679e-02 9.995763362088606607e-01 1.509138201883778729e-01
6.274985328471902601e-01 -7.785219523657612717e-01 -1.221314698294600695e-02 6.103445838536215362e+00 7.786174199056875578e-01 6.274353836763381098e-01 8.930438417936108209e-03 4.123119527598777090e+00 7.104182105264209360e-04 -1.511320599772744341e-02 9.998855366042836978e-01 1.716142104913087885e-01
6.305418284788258942e-01 -7.761504489604664769e-01 -2.735528659207111732e-03 6.132626994688411770e+00 7.760431624849113419e-01 6.303869369093912933e-01 1.921769326461220465e-02 4.145937578589615313e+00 -1.319137972300787019e-02 -1.424044776197299148e-02 9.998115808233779545e-01 1.664242561994791481e-01
6.353334329362549937e-01 -7.722209910285189327e-01 5.115663042597523927e-03 6.288066232501868136e+00 7.716376972696392667e-01 6.350868135184830621e-01 3.521368267233595389e-02 4.272029894292960428e+00 -3.044163507175258465e-02 -1.842499144834577190e-02 9.993667127457701582e-01 1.431239137904244119e-01
6.466040483716084530e-01 -7.628226553874097871e-01 2.191131476611022158e-03 6.367669297767530878e+00 7.623745764086733434e-01 6.463176860668076174e-01 3.253388883830752448e-02 4.385783471730369421e+00 -2.623375449954794270e-02 -1.936608130078449480e-02 9.994682311208840098e-01 1.042011579808145572e-01
6.639428929732442697e-01 -7.477791637823095749e-01 -2.481347083517097384e-03 6.436137911569258740e+00 7.477175942343871062e-01 6.638369349775994355e-01 1.545713530661128182e-02 4.496938599374117551e+00 -9.911313871510202267e-03 -1.211800200429828667e-02 9.998774524334290703e-01 8.939715476422024909e-02
6.761847042412900688e-01 -7.367250447239278577e-01 -3.233299652894710326e-03 6.487635098503864661e+00 7.367077871539525757e-01 6.761915246580366690e-01 -5.163170282520807876e-03 4.587132960995572439e+00 5.990166679274572248e-03 1.109259737944045740e-03 9.999814435508231902e-01 1.227017521927125654e-01
6.981635915166448658e-01 -7.159371218083183663e-01 -1.279491071061038786e-03 6.548112354694093362e+00 7.159076581735652756e-01 6.981491546585938401e-01 -7.998926048705466696e-03 4.668865705136528099e+00 6.620003702522257553e-03 4.668561482102959875e-03 9.999671895040689318e-01 1.832471003169545976e-01
7.027424099663843737e-01 -7.114353523757328546e-01 3.583939823031935534e-03 6.701149609852476985e+00 7.114443794022551337e-01 7.027336053130510685e-01 -3.517809071133227560e-03 4.776479995242532972e+00 -1.586121695203363859e-05 5.021887467661755727e-03 9.999873901178374380e-01 1.783934915625919049e-01
6.981608013707660820e-01 -7.158672353529621502e-01 1.027602926409972896e-02 6.767805418709238907e+00 7.159253184007311477e-01 6.981685615739701145e-01 -3.405598705837052133e-03 4.847954374370146091e+00 -4.736444039739334463e-03 9.734525044410267947e-03 9.999414008430784762e-01 1.288276167871977296e-01
6.925449430641246185e-01 -7.213379967713968721e-01 7.279852343070889256e-03 6.837928654494358938e+00 7.213638960366723918e-01 6.924439670559137117e-01 -1.246924146296645754e-02 4.943399381548135629e+00 3.953647822137766957e-03 1.388693276779224238e-02 9.998957554501375355e-01 1.251612666991225864e-01
6.866230376521347267e-01 -7.270060241541010937e-01 -3.323403225896779528e-03 6.894045657751125766e+00 7.269727964325664038e-01 6.866257515120373078e-01 -7.458592866245610832e-03 5.031086475393457214e+00 7.704376183032267053e-03 2.705217953628910425e-03 9.999666616360035620e-01 1.743251775623586575e-01
6.759350869383116134e-01 -7.369199495764506835e-01 -7.793982418416868507e-03 7.002977462699601752e+00 7.368888599930270011e-01 6.756828285309793847e-01 2.115474524905217382e-02 5.128258144937718477e+00 -1.032309371623755037e-02 -2.004253338818881916e-02 9.997458329953213818e-01 1.587735539695189491e-01
6.698418708512881015e-01 -7.424387467289380593e-01 -9.827278871094512550e-03 7.078945232595668990e+00 7.417727353137869573e-01 6.685365763740200862e-01 5.321705737079778648e-02 5.236721414612803827e+00 -3.294051000742282548e-02 -4.293662079935867820e-02 9.985346110149527776e-01 1.470783163748122235e-01
6.733231052070561828e-01 -7.391933679148036118e-01 -1.513805882857875186e-02 7.168824893411133381e+00 7.381071428823445801e-01 6.708659058298400701e-01 7.167134728167486035e-02 5.308200276586458877e+00 -4.282337703159284220e-02 -5.943148345681774358e-02 9.973134197200657081e-01 1.440055834335037810e-01
6.660826725655158986e-01 -7.454827090275786272e-01 -2.427764092498023440e-02 7.276020329914630658e+00 7.452329523609224626e-01 6.638007732212563017e-01 6.321692958603371271e-02 5.417210978767919016e+00 -3.101161110621220018e-02 -6.020019943293274806e-02 9.977044732609111621e-01 1.121571724813335280e-01
6.711761781923133441e-01 -7.409659398927604945e-01 -2.218138286938507731e-02 7.304693324004317034e+00 7.411120790057376118e-01 6.700376072489719892e-01 4.245575607459742273e-02 5.502106024707576815e+00 -1.659590850039573823e-02 -4.493418287796561994e-02 9.988520886648513120e-01 1.198712799285847896e-01
6.874642875699699118e-01 -7.260110739743161901e-01 -1.734283086966834087e-02 7.378941432330719863e+00 7.261828667113237046e-01 6.869992802838413848e-01 2.627609149793418489e-02 5.592247424940580025e+00 -7.162221082716050888e-03 -3.065794115957606522e-02 9.995042737442487724e-01 1.818865330519904844e-01
7.168654386583617200e-01 -6.968657576634680328e-01 -2.195583415121064863e-02 7.463437229564970465e+00 6.971945039819218426e-01 7.162721918390541065e-01 2.956299740349910971e-02 5.676626637615092896e+00 -4.875087133250131585e-03 -3.650017800227804005e-02 9.993217552576573182e-01 2.414029865510873285e-01
7.236055102308072140e-01 -6.896150432139063202e-01 -2.874295977618543385e-02 7.641387329153875640e+00 6.901215690709296968e-01 7.222005171898407960e-01 4.646108989041018711e-02 5.794462156642278927e+00 -1.128208609661248731e-02 -5.345563715651337200e-02 9.985064894078053976e-01 2.322729839375502203e-01
7.157687846171347790e-01 -6.978819639593595303e-01 -2.521529987798835568e-02 7.668535357757308546e+00 6.980391854786044403e-01 7.139416187808289571e-01 5.503326729330166450e-02 5.892911212448204594e+00 -2.040447264881469977e-02 -5.699236223246619687e-02 9.981660824447438074e-01 1.665308766781978811e-01
7.129371426015582713e-01 -7.008455102944211035e-01 -2.315602295900703531e-02 7.756588553250180595e+00 7.009734435579522138e-01 7.114001101029070462e-01 5.045904053862211580e-02 5.953847504878084784e+00 -1.889079473267444090e-02 -5.220588133270361031e-02 9.984576524964109412e-01 1.474331751166995386e-01
7.018249235767886063e-01 -7.118970551885224207e-01 -2.538423645384290175e-02 7.795620380803999439e+00 7.122636615215935940e-01 7.007415877891740585e-01 4.051794193391269200e-02 6.054192974826131390e+00 -1.105681338757027662e-02 -4.651677070280108711e-02 9.988563144522316639e-01 1.943968573476763939e-01
6.953352140839541562e-01 -7.177550493446650526e-01 -3.655993975732138579e-02 7.895082386156047072e+00 7.186648576826889512e-01 6.940287694912179450e-01 4.295217631769264466e-02 6.155125770239772365e+00 -5.455491429919426261e-03 -5.614050461781762424e-02 9.984079734029145392e-01 2.665134675603982317e-01
6.860310002694980369e-01 -7.264611670926114373e-01 -4.019501680149753509e-02 7.988113552274894502e+00 7.274309471473695554e-01 6.837612302833727673e-01 5.757427458204865400e-02 6.227768479797110679e+00 -1.434168056793276233e-02 -6.873683632383136011e-02 9.975317356007668002e-01 2.400511449710892309e-01
6.872194773331141704e-01 -7.258419646171480055e-01 -2.971249526243403133e-02 8.094822939429583641e+00 7.259795337024649298e-01 6.847283268359245501e-01 6.403776287181460469e-02 6.301291760099676509e+00 -2.613630844539818754e-02 -6.557866138610889128e-02 9.975050538978000869e-01 1.765430657969870587e-01
6.871899009594349961e-01 -7.262037149007211090e-01 -1.995506160737240200e-02 8.207637921504751688e+00 7.260876088115920668e-01 6.856614412659389757e-01 5.162530669526053939e-02 6.392306934399913487e+00 -2.380807320272571373e-02 -4.996551236110158278e-02 9.984671367776037920e-01 1.556584790879991242e-01
6.968479084194012518e-01 -7.170592551262118253e-01 -1.513331323101810635e-02 8.261261242561397822e+00 7.172020288405194233e-01 6.965315028511813722e-01 2.156653340056255419e-02 6.458038181621017948e+00 -4.923652967943246105e-03 -2.588223664440443550e-02 9.996528734854586151e-01 1.987435089811751543e-01
7.069194821441681098e-01 -7.071604035967602453e-01 -1.374806713281609763e-02 8.354104646836663761e+00 7.071446299912800271e-01 7.070361262698668936e-01 -6.810904770789306083e-03 6.554445344352878955e+00 1.453678229585483525e-02 -4.907110572230892996e-03 9.998822941858280799e-01 2.522402652532412248e-01
7.345323431040504669e-01 -6.784278002096859606e-01 -1.406971345550895452e-02 8.406881448869173212e+00 6.785050759547890387e-01 7.345950157516412116e-01 1.012292661288992021e-03 6.621963711810932907e+00 9.648773894103977733e-03 -1.028993369719585771e-02 9.999005042637231222e-01 2.647957361922822495e-01
