1.000000000000000000e+00 0.000000000000000000e+00 0.000000000000000000e+00 0.000000000000000000e+00 0.000000000000000000e+00 1.000000000000000000e+00 0.000000000000000000e+00 0.000000000000000000e+00 0.000000000000000000e+00 0.000000000000000000e+00 1.000000000000000000e+00 0.000000000000000000e+00
9.999985926858503404e-01 -1.651841808864998665e-03 -2.933342075690406983e-04 1.258288226721084903e-02 1.652017846521919818e-03 9.999984548758449332e-01 6.009017869758115967e-04 -4.789372804463138539e-02 2.923411596365226950e-04 -6.013855346641235923e-04 9.999997764360175623e-01 -1.379158619960984232e-02
9.999940972721348409e-01 -3.431789579866926371e-03 -1.680510861650523686e-04 1.304535188536552585e-02 3.431847874331081516e-03 9.999940506979935195e-01 3.478344237199137469e-04 -9.604720649792475307e-02 1.668563918275472449e-04 -3.484090963108030193e-04 9.999999253850202496e-01 -1.904521498829201895e-02
9.999944533303306571e-01 -3.315705142432034003e-03 -3.152903130688598701e-04 1.232104046367674469e-02 3.315843091331999431e-03 9.999944066466422976e-01 4.380182911737218860e-04 -1.062592032037937562e-01 3.138362100382046651e-04 -4.390613148373049657e-04 9.999998543659869288e-01 -1.890675673984257982e-02
9.999984009390869844e-01 -1.774409259405097024e-03 2.226904782258376438e-04 -2.343481562049956612e-02 1.774424568257625557e-03 9.999984233568178782e-01 -6.856624468618726688e-05 -6.394274771508923205e-02 -2.225684625429596097e-04 6.896128250026640409e-05 9.999999728538101484e-01 -1.206766316274233974e-03
9.999996872110108459e-01 -6.069272269992974497e-04 5.071658718844080553e-04 -5.981866569231343578e-02 6.070063749913009185e-04 9.999998036160832049e-01 -1.559200297632236626e-04 -1.676524177113443773e-02 -5.070711401738897455e-04 1.562278339105670037e-04 9.999998592358514404e-01 1.120257697274037491e-02
9.999982656232577760e-01 1.543322434349057555e-03 1.042548003690789340e-03 -9.408838008052697321e-02 -1.543355940808893408e-03 9.999988085345609123e-01 3.133526169855046156e-05 2.351985759547238139e-02 -1.042498401118508843e-03 -3.294423000647599126e-05 9.999994560557327050e-01 2.096942221618042224e-02
9.999990538441878574e-01 8.092768161744500139e-04 1.112376628600399153e-03 -5.480424530894505153e-02 -8.103862713616096858e-04 9.999991743479379469e-01 9.972850813548704216e-04 8.289749634237397746e-04 -1.111568630468884843e-03 -9.981855925161957875e-04 9.999988840197285844e-01 2.425527275119937140e-02
9.999989709417628214e-01 -1.237621658920102239e-03 7.255398298697718395e-04 -5.137756240256702994e-02 1.236832217022567878e-03 9.999986437765814307e-01 1.087516006640005346e-03 -6.428779130680723972e-03 -7.268847792399035215e-04 -1.086617516486384485e-03 9.999991454500801735e-01 2.069625565280895640e-02
9.999969973523665789e-01 -2.363393027969082436e-03 6.478114280058050413e-04 -7.681176497049385654e-02 2.362988436671517849e-03 9.999970130717183991e-01 6.246065077475768286e-04 -9.011157908331859923e-03 -6.492856837051643034e-04 -6.230738613608032429e-04 9.999995951034501562e-01 1.821469103491928782e-02
9.999992987380507126e-01 -7.820737816923833399e-04 8.893165953947471981e-04 -7.300191658822495488e-02 7.815511266462030855e-04 9.999995217756748600e-01 5.878998708082665498e-04 -1.016322244388343649e-02 -8.897759511771379057e-04 -5.872044121493811631e-04 9.999994317447060688e-01 2.720694972730334366e-02
9.999998838535600898e-01 8.173426530225096651e-05 4.749867115211078698e-04 -3.517510944766961967e-02 -8.195687278463670365e-05 9.999998868204886815e-01 4.686598774901698950e-04 3.871479725545688352e-03 -4.749483521915807429e-04 -4.686987514824841276e-04 9.999997773727468120e-01 1.113071694224518002e-02
9.999999867228857031e-01 -1.528565020278538464e-04 5.647227892966573214e-05 -1.033982939370989285e-02 1.528298676836425973e-04 9.999998772411033965e-01 4.713393785383573247e-04 6.369431590693334574e-03 -5.654431928586243751e-05 -4.713307416294138614e-04 9.999998873250296461e-01 -4.279422908967447058e-03
9.999997224881302937e-01 -7.367661277135499403e-04 1.104506016888026919e-04 -1.004350040720917124e-02 7.367331956675439572e-04 9.999996842381684292e-01 2.979056255697048170e-04 4.517203352920874833e-03 -1.106700535868934769e-04 -2.978241702726120636e-04 9.999999495264501048e-01 -5.940226464997543782e-03
9.999997071259365544e-01 -7.650888619573552405e-04 1.967420903601911731e-05 -9.212272409719399549e-03 7.650846414889672740e-04 9.999996845021066338e-01 2.136379614490760350e-04 -6.100719361607324052e-03 -1.983765485364357759e-05 -2.136228464448912379e-04 9.999999769858731735e-01 -3.890221385652187398e-03
9.999999651835381753e-01 7.328608529795614679e-05 2.534996491151939079e-04 -1.405336226589938911e-02 -7.326993783090346381e-05 9.999999952864745412e-01 -6.370688351336209693e-05 -1.502195569293965187e-02 -2.535043167484161150e-04 6.368830739178298452e-05 9.999999658396798718e-01 4.882933500385401408e-03
9.999999276234389223e-01 -3.656951176170311060e-04 1.049771299071674288e-04 1.357233809108444877e-02 3.657067952676478894e-04 9.999999269418409220e-01 -1.112423157217459508e-04 -3.339237637739984194e-02 -1.049364414659997153e-04 1.112806985201644317e-04 9.999999883024746072e-01 1.687987181536346887e-03
9.999996412750520314e-01 -8.094664958344837194e-04 -2.494268616239726029e-04 3.843176846651724654e-02 8.094981237313637716e-04 9.999996643264161822e-01 1.267274343328009343e-04 -3.870251258600563432e-02 2.493241962857686042e-04 -1.269292994490014742e-04 9.999999608631983117e-01 -1.055995834706170526e-02
9.999998143635875358e-01 -4.735178927068348998e-04 -3.834756782170220773e-04 2.927022803605513340e-02 4.733928319536306580e-04 9.999998347628611395e-01 -3.261494705244199067e-04 -5.929356498902985106e-02 3.836300524625884029e-04 3.259678753419058164e-04 9.999998732864555651e-01 -2.831128376123610152e-02
9.999888788580484356e-01 4.714212353933019788e-03 -1.355068459624508880e-04 1.119869396576627339e-02 -4.714289762328404375e-03 9.999887213674328867e-01 -5.767234722686251543e-04 -7.113588587415552167e-02 1.327865207127530527e-04 5.773558769816694580e-04 9.999998245139501973e-01 -1.980448789195967882e-02
9.999816809823465213e-01 6.052393835842709811e-03 -7.892133002527696221e-05 -9.968342540344310790e-03 -6.052431247052433676e-03 9.999815673504713898e-01 -4.827372934056265190e-04 -6.633044126828514797e-02 7.599815907712067077e-05 4.832061160565306185e-04 9.999998803680574255e-01 -1.386760566068339501e-02
9.999848287110345568e-01 5.508347195518899057e-03 2.142280447914146461e-05 -1.265693572975731124e-02 -5.508342560728323421e-03 9.999848067678202002e-01 -2.107030114480674477e-04 -7.780991014231500302e-02 -2.258310433969641905e-05 2.105818106661122503e-04 9.999999775726519102e-01 -7.027187133766073582e-03
9.999901328642624154e-01 4.437559043774024978e-03 -2.055330821338761558e-04 2.390073061023646750e-02 -4.437550278877154183e-03 9.999901530972890029e-01 4.308112127257872001e-05 -8.430978544151489229e-02 2.057222332889315278e-04 -4.216863279936573002e-05 9.999999779500843289e-01 -1.258468008621400729e-02
9.999875756178594477e-01 4.974899689310979464e-03 -3.146156337853702367e-04 3.638407026016379775e-02 -4.974936191206666067e-03 9.999876182761021637e-01 -1.153446230855041167e-04 -7.190294382148522401e-02 3.140379103719070117e-04 1.169083827026673125e-04 9.999999438563088594e-01 -1.821090666680857256e-02
9.999815419450955867e-01 6.059535943448259195e-03 -4.447395406498999971e-04 6.959824224497107581e-02 -6.059699350429781535e-03 9.999815725081363516e-01 -3.669985521526515073e-04 -6.924326194484585473e-02 4.425075042976707039e-04 3.696867659788126426e-04 9.999998337593880571e-01 -2.459735880139784017e-02
9.999312388743472058e-01 1.171991659683444854e-02 -4.013454577529116936e-04 1.055811647073865989e-01 -1.171995270446047309e-02 9.999313151469598759e-01 -8.773298385517504325e-05 -7.541274487959796768e-02 4.002896681455535483e-04 9.243070101946245756e-05 9.999999156123700050e-01 -3.259136356260435713e-02
9.999078648378603162e-01 1.356577787190537537e-02 -4.811508302137832587e-04 8.025430539951662612e-02 -1.356571439347227861e-02 9.999079723562444011e-01 1.349496892488681696e-04 -3.106300760050808435e-02 4.829372485448204274e-04 -1.284101008945062901e-04 9.999998751412222386e-01 -4.970978249441778546e-02
9.999327974260726615e-01 1.157583198095149361e-02 -6.330447199094033908e-04 7.349194088210589393e-02 -1.157591299666233496e-02 9.999329891282991989e-01 -1.244638034786424831e-04 -1.898692638120597770e-02 6.315615269541177039e-04 1.317835097913556497e-04 9.999997918815504150e-01 -5.886210140862925544e-02
9.999548850749874207e-01 9.462453994414624439e-03 -8.305293928409196143e-04 9.456656529918332221e-02 -9.462606425042008676e-03 9.999552123733735920e-01 -1.797970136310735783e-04 -1.368973772335818975e-02 8.287908744307536475e-04 1.876478748711688242e-04 9.999996389469155700e-01 -6.110917399056361998e-02
9.999984318913186510e-01 -1.590956681354987546e-03 -7.778635753478548107e-04 1.226703780486791545e-01 1.591546290169843772e-03 9.999984462416182662e-01 7.579543229244755992e-04 -6.871012424137486543e-03 7.766564942415861601e-04 -7.591911402573249491e-04 9.999994102165773446e-01 -4.794788839275218595e-02
9.997196233632434925e-01 -2.367066480094785763e-02 -6.117927229492319463e-04 1.619359308132713726e-01 2.367119534722885582e-02 9.997194150654586942e-01 8.750154344409890803e-04 4.496588542904817604e-02 5.909088660838020214e-04 -8.892519656133147585e-04 9.999994300286644267e-01 -2.670317665827736525e-02
9.985985487634413404e-01 -5.291868270026754001e-02 -7.425825323128543718e-04 1.876117628877937427e-01 5.291985482401704438e-02 9.985973843256915616e-01 1.659211647761391030e-03 7.117167888627430605e-02 6.537376796930915697e-04 -1.696183703350770617e-03 9.999983477925804554e-01 -2.613005747696640901e-02
9.978389157469168547e-01 -6.569314332752433649e-02 -1.381716601425810476e-03 2.167675439789307767e-01 6.569677528515290021e-02 9.978357834269652171e-01 2.771827885477419831e-03 2.812188352361746912e-02 1.196636180897870522e-03 -2.856612056953494565e-03 9.999952039032020679e-01 -5.782491434323580592e-02
9.974865261089325141e-01 -7.084296804985582008e-02 -1.379894568821769200e-03 2.594274671331980864e-01 7.084502953766461109e-02 9.974861955179080697e-01 1.507163235052578262e-03 -2.808423605827140013e-02 1.269653866763103493e-03 -1.601133691098737943e-03 9.999979121728014286e-01 -4.426369281108008535e-02
9.969370977112413934e-01 -7.819991632041681240e-02 -1.093752516134969318e-03 2.782273281627367090e-01 7.819893095546545658e-02 9.969373537572722155e-01 -9.164501458952143895e-04 -7.181804143217825065e-02 1.162069063821794153e-03 8.281128711542136422e-04 9.999989819117635070e-01 -7.783235268176362520e-03
9.968476911142695185e-01 -7.930836430351750899e-02 -2.205464044228834866e-03 3.173625764383873893e-01 7.930077475414606947e-02 9.968451432744852569e-01 -3.338780235839653322e-03 -1.863553571325867464e-01 2.463299320429373530e-03 3.153360361834955678e-03 9.999919942053968613e-01 -4.431054662050052523e-02
9.960477560245835082e-01 -8.863866619940012626e-02 -5.661675792831500666e-03 3.812594171680927513e-01 8.842331923094655377e-02 9.956029259159547840e-01 -3.092136031567747911e-02 -1.817644027022940478e-01 8.377609120383289545e-03 3.029852738964649433e-02 9.995057853276512194e-01 -6.696471162547334988e-02
9.957119150665859619e-01 -9.194759611213242090e-02 -1.016964914007153012e-02 3.822515372091770391e-01 9.117153032841650295e-02 9.939969812268131255e-01 -6.047936317089621511e-02 -8.122439943413123364e-02 1.566953260332349870e-02 5.929284004989723161e-02 9.981176407953176177e-01 -8.940182375196115139e-03
9.987822001012125472e-01 -4.789047786737388179e-02 -1.185828362858240732e-02 4.614380122134968953e-01 4.703468772366366235e-02 9.968286240682457944e-01 -6.419059424047462992e-02 -5.784211701376273940e-02 1.489479478605783454e-02 6.355467227389646756e-02 9.978671999421760974e-01 9.427836398368361071e-03
9.992319304330066210e-01 -3.808691847439666517e-02 -9.216064466548682874e-03 7.013641730368104232e-01 3.754005527868952558e-02 9.978562142806105539e-01 -5.360708788249179957e-02 -7.410596836619201544e-02 1.123803598498660482e-02 5.321994234018791181e-02 9.985195763151102355e-01 -2.861258769610451613e-02
9.982994920012623341e-01 -5.785888839555827778e-02 -7.104456604964598694e-03 7.796523979063584298e-01 5.748025461083257348e-02 9.973212086050038394e-01 -4.523745347086118723e-02 -2.629333277824392329e-02 9.702814019414914698e-03 4.475216084486648843e-02 9.989509995489367356e-01 -6.887991956023775675e-02
9.981628688798440674e-01 -6.058735874674844174e-02 2.432070146500770001e-04 7.290098342471482695e-01 6.056512393637442787e-02 9.976705507929127803e-01 -3.139009148023823303e-02 -6.347001766391459528e-03 1.659202257343803198e-03 3.134715362929982319e-02 9.995071800678624330e-01 -9.545001076583042865e-03
9.977179802467509573e-01 -6.750194328929778886e-02 1.523005092697762462e-03 7.421557488825536453e-01 6.750926655935418630e-02 9.977039224287921337e-01 -5.420525695988205259e-03 -2.188754362267970530e-02 -1.153612136734806460e-03 5.510972906051153641e-03 9.999841490527071608e-01 -2.228621207664283066e-02
9.955428537877596407e-01 -9.429495959718711684e-02 -1.699078187787401648e-03 8.521866631422994054e-01 9.430570117320674628e-02 9.955103544498850043e-01 8.097463139407245353e-03 1.887257770350229263e-02 9.278999693921865730e-04 -8.221604322094074047e-03 9.999657715262146862e-01 5.576960383956976186e-02
9.855124644908503928e-01 -1.689276853450490667e-01 -1.512016723235911665e-02 9.433784285473368891e-01 1.690700469232992165e-01 9.855657874145498099e-01 8.683197066283766807e-03 1.104857502358868315e-01 1.343508714239744807e-02 -1.111376632391612371e-02 9.998479797607101593e-01 1.432092687911480922e-01
9.731797499410997920e-01 -2.279467735038808451e-01 -3.100714036716253896e-02 9.886459886282884524e-01 2.283163987435366804e-01 9.735462461580733917e-01 8.906663590047188619e-03 1.211210826636082843e-01 2.815663988051180650e-02 -1.574722326933751526e-02 9.994794788238249295e-01 1.143359925061930987e-01
9.629248003395446398e-01 -2.669340173459833210e-01 -3.901357807971994607e-02 1.151314209939234612e+00 2.678718017487662362e-01 9.632234222961604253e-01 2.110299902720445819e-02 8.999504870394067768e-02 3.194568388558624572e-02 -3.077123857771720677e-02 9.990158177714081322e-01 -5.031196091253242741e-03
9.574257069684500854e-01 -2.865379364133560092e-01 -3.510023692141120422e-02 1.347788987433170771e+00 2.875878974412123812e-01 9.572928986299463761e-01 2.972385368719886178e-02 1.184148903288345100e-01 2.508419584731310867e-02 -3.855278496621020179e-02 9.989416729169140474e-01 -1.383491499390870072e-01
9.530355420511932296e-01 -3.018277293705206032e-01 -2.496552363208234815e-02 1.435509923164276058e+00 3.023083513692823576e-01 9.530330066130180411e-01 1.837794870320301130e-02 1.552977062743126635e-01 1.824599352117612511e-02 -2.506212459443177623e-02 9.995193713136520941e-01 -1.424328234915077929e-01
9.494195102031118827e-01 -3.138206773718535403e-01 -1.091678064056023773e-02 1.376277800585765876e+00 3.137482817340144226e-01 9.494737103753999596e-01 -7.854235476770349972e-03 2.103809941508885950e-01 1.283001771770517913e-02 4.031843231332283423e-03 9.999095633533671146e-01 5.974068783267802440e-02
9.550035054385100919e-01 -2.958537665920701332e-01 -2.094882797300234856e-02 1.371086282999875561e+00 2.955142113088100042e-01 9.551715260432249721e-01 -1.785235981008361297e-02 2.271300130136820472e-01 2.529141187615978337e-02 1.085838982269370090e-02 9.996211481635274287e-01 2.121528751681760472e-01
9.601492004700469263e-01 -2.775724396940531524e-01 -3.266578575544804020e-02 1.603702430576106508e+00 2.775452752964736036e-01 9.606970774574413729e-01 -5.453945850079795592e-03 2.518725437647251764e-01 3.289578996367575892e-02 -3.829632752910404510e-03 9.994514500042728233e-01 1.979215247058773997e-01
9.549827043155644235e-01 -2.932240983104628662e-01 -4.502957503849262105e-02 1.901703917387481013e+00 2.942806641087700181e-01 9.555337378194607156e-01 1.881931509039215869e-02 3.100276569088377676e-01 3.750900145075201225e-02 -3.122345366525271573e-02 9.988083753910863560e-01 -3.078027646666575690e-02
9.453607142800036778e-01 -3.234600838268151812e-01 -4.082516462613372532e-02 2.025104842424125806e+00 3.247124946034264936e-01 9.453703836779974168e-01 2.892461776645647090e-02 3.563574879947419283e-01 2.923894225892885446e-02 -4.060063836032082318e-02 9.987475518970314603e-01 -1.638365529788675390e-01
9.233900119462256084e-01 -3.824717937692245218e-01 -3.265291424821229610e-02 2.022523227597427642e+00 3.833239536733130115e-01 9.232578177469662473e-01 2.564660814551317572e-02 3.999190429549078774e-01 2.033795413037247854e-02 -3.619846599044596741e-02 9.991376475149604808e-01 -1.058878939877629655e-01
8.982560139221359430e-01 -4.388973634452280614e-01 -2.247749571333167856e-02 2.001158986398372530e+00 4.393411850035822686e-01 8.980626924230539210e-01 2.151101200555973272e-02 4.358721974179967096e-01 1.074507386496348881e-02 -2.919768550215337891e-02 9.995159020990880272e-01 5.429662782816718075e-02
8.577517908890794907e-01 -5.138617205038825686e-01 -1.442211591156355131e-02 2.103502658671602799e+00 5.140542793344194950e-01 8.572247104102935777e-01 3.023232971438024122e-02 5.001331639339664514e-01 -3.172242826078327735e-03 -3.334558535665504975e-02 9.994388469599700953e-01 1.250394632853401577e-01
8.329996741119480852e-01 -5.532597740820148768e-01 -3.894266568461262831e-03 2.198202156740536761e+00 5.528013601570067603e-01 8.319775295400388959e-01 4.715979801713415798e-02 5.162753724874535877e-01 -2.285167691771432946e-02 -4.143685223531738682e-02 9.988797666080121429e-01 4.188903975446658934e-02
8.108509326740923617e-01 -5.852000054397561435e-01 7.856119580558432874e-03 2.314470406535788616e+00 5.838777425912229369e-01 8.097926421092533911e-01 5.764250595083682260e-02 5.360035580074908879e-01 -4.009422262785752866e-02 -4.215246634568478590e-02 9.983063772674417580e-01 -4.625127941248419194e-03
8.085002456179906094e-01 -5.884408721943804599e-01 8.043181383369863574e-03 2.391726382279601548e+00 5.874211391298701512e-01 8.077740057710109944e-01 4.937166094046974846e-02 6.185691546029324916e-01 -3.554937607068273109e-02 -3.519226522649065297e-02 9.987480895246876322e-01 2.220007110215002979e-02
8.048199898055298229e-01 -5.934484818477474555e-01 -9.147863249455084195e-03 2.545110336816269747e+00 5.934865442284613657e-01 8.045192613441377594e-01 2.285782023819383710e-02 7.059126435264546640e-01 -6.205306534376058870e-03 -2.382556439807343926e-02 9.996968723827877046e-01 6.105940670427967287e-02
8.073123507058933557e-01 -5.892034490003060787e-01 -3.295548640011893710e-02 2.567382107545819192e+00 5.894797620493895662e-01 8.077815223352180496e-01 -1.619354189981223394e-03 7.545421044504838637e-01 2.757496204747568805e-02 -1.811926764362482845e-02 9.994555085686100959e-01 8.577255249138843185e-02
8.324106387296891230e-01 -5.507122719431551960e-01 -6.171322435944565088e-02 2.671588062141923903e+00 5.505487297084439291e-01 8.345347807005646379e-01 -2.116119130576545396e-02 8.186108547732735552e-01 6.315555989815654914e-02 -1.636133650619163785e-02 9.978695715982532910e-01 1.085995241865996552e-01
8.327387399855472605e-01 -5.484858793239020258e-01 -7.556077758711295111e-02 2.905299670129090295e+00 5.492585522510102791e-01 8.355661778707917930e-01 -1.200854602025251162e-02 9.096990418705062087e-01 6.972254804872869693e-02 -3.150242182249470696e-02 9.970688861422315474e-01 1.484221684219034498e-01
8.334580287420890743e-01 -5.473449966923188414e-01 -7.590236439819625369e-02 3.002575329126783821e+00 5.492524839188915875e-01 8.356402166786475183e-01 5.209335676529633363e-03 9.508762326921940122e-01 6.057576441349108581e-02 -4.603132482504235928e-02 9.971016467244313564e-01 5.138146928756805176e-02
8.161882198749392803e-01 -5.726172835491238899e-01 -7.711184291793289625e-02 3.101890343590003596e+00 5.745458382002388564e-01 8.184648945239606510e-01 3.506599302328376744e-03 9.996145919609631392e-01 6.110539701337965035e-02 -4.716633346683100220e-02 9.970162824363165699e-01 6.346061867467878842e-03
7.934555739670221541e-01 -6.028452690326496777e-01 -8.370085869102933396e-02 3.054833305604332416e+00 6.044228532609751126e-01 7.966247939956876412e-01 -7.870962278524372413e-03 1.029523149680639627e+00 7.142315168434626438e-02 -4.434545293804630084e-02 9.964598407398034263e-01 5.588503137819019612e-02
7.699963606994609799e-01 -6.315977089554253299e-01 -9.049827927559456198e-02 3.103341110719932239e+00 6.331865214207313963e-01 7.738799958669057011e-01 -1.358606227542749970e-02 1.096431033415679046e+00 7.861573379864494893e-02 -4.684107214076016490e-02 9.958039367064205338e-01 1.921687341135694393e-01
7.460925209686601889e-01 -6.573704963262605450e-01 -1.058771963852242898e-01 3.169493618895667275e+00 6.610396252565364783e-01 7.503507672071385581e-01 -5.830886350140507268e-04 1.177250561425713826e+00 7.982834080279531397e-02 -6.955398415205557572e-02 9.943790420625568949e-01 1.947700262224281442e-01
7.414717457214083929e-01 -6.614219621590419207e-01 -1.128744358591887709e-01 3.386885561908161257e+00 6.678930450075669656e-01 7.436665277370282379e-01 2.964752863346183792e-02 1.217475705486003701e+00 6.433141322376811910e-02 -9.737085548168328275e-02 9.931668468970347163e-01 8.064946616596092854e-02
7.223836008642436912e-01 -6.843674807910729019e-01 -9.901052690542411217e-02 3.559705613167647442e+00 6.903887874379679435e-01 7.218858814843494009e-01 4.737189349705489549e-02 1.294440611487319259e+00 3.905451807846951895e-02 -1.025764366179900133e-01 9.939581577050484729e-01 -5.643836892201839484e-03
7.163239571207684619e-01 -6.933534614404508467e-01 -7.836431562509080240e-02 3.620518100798268524e+00 6.973144692391757271e-01 7.153775913208642034e-01 4.458063285379841589e-02 1.355151916743175811e+00 2.514993925499842131e-02 -8.657874649418244306e-02 9.959275080099786459e-01 -2.271320669623724808e-02
7.150313331879103451e-01 -6.962060886237084745e-01 -6.346081249713649008e-02 3.640493687689122737e+00 6.985673056977463879e-01 7.150620509268676983e-01 2.626752242700402737e-02 1.454963396161370381e+00 2.709080969094781674e-02 -6.311375038403851945e-02 9.976385831265499604e-01 7.707399019926165773e-02
7.140076967752673198e-01 -6.978194159529689244e-01 -5.693041071988896862e-02 3.704823870715294731e+00 6.993442390590403068e-01 7.147071605221413382e-01 1.055035512719331922e-02 1.540652665931661724e+00 3.332632954001667203e-02 -4.734698952874781541e-02 9.983224020034584534e-01 1.469222316678415463e-01
7.228495710824425213e-01 -6.883990895604543692e-01 -5.995991226033096921e-02 3.783359452821656088e+00 6.901004008107425314e-01 7.236195431967376024e-01 1.167019728185744037e-02 1.628809937478774783e+00 3.535441113611560715e-02 -4.981415658306948685e-02 9.981325640500543495e-01 1.609085281345288831e-01
7.301543672347976521e-01 -6.810470788601420411e-01 -5.522206428611335649e-02 3.998194348000401632e+00 6.830198697679094044e-01 7.297258542299724926e-01 3.136933487603740106e-02 1.709483169865360530e+00 1.893297415041567469e-02 -6.062222401400581967e-02 9.979812064590271037e-01 1.127531045848448182e-01
7.190188258520386899e-01 -6.940213636764697158e-01 -3.669161799388231948e-02 4.108847284478373219e+00 6.949292360785509493e-01 7.172511635094507287e-01 5.122621679980933485e-02 1.815109137153335439e+00 -9.234983142233758185e-03 -6.233069231921553599e-02 9.980128255094570244e-01 1.818949799049860913e-02
7.101436288267468644e-01 -7.038572455643332670e-01 -1.676318297249992234e-02 4.127986621473667128e+00 7.034828329676616754e-01 7.084022828033891273e-01 5.725477655829398077e-02 1.863364352845701566e+00 -2.842411223895230377e-02 -5.245172623982096577e-02 9.982188568935623785e-01 2.750905694095476944e-02
6.926033657814438804e-01 -7.211394568413294071e-01 -1.607673769170631095e-02 4.180173125083153529e+00 7.207002281507637331e-01 6.909149591924614864e-01 5.681285336538221403e-02 1.951185378908518064e+00 -2.986233165130464801e-02 -5.093528198284407588e-02 9.982553972795116248e-01 9.539048811003243700e-02
6.644830752732989732e-01 -7.465855607191468346e-01 -3.274512484350098479e-02 4.342418729218508133e+00 7.469959193161611610e-01 6.623151376502789400e-01 5.775599505069019257e-02 2.051809542680605780e+00 -2.143220008171287452e-02 -6.283835584234553906e-02 9.977935667434864042e-01 1.129764198798622193e-01
6.478285444210130084e-01 -7.609066662587699037e-01 -3.659538599764645267e-02 4.396969996620429200e+00 7.612578381686646578e-01 6.448429782383191533e-01 6.829375698778025749e-02 2.109662132278290247e+00 -2.836689725935521295e-02 -7.210116961395224289e-02 9.969938517765178920e-01 7.707143053219907280e-02
6.396661485347834297e-01 -7.684198342606893828e-01 -1.892555767872781958e-02 4.504172064225369532e+00 7.671069986675196350e-01 6.366254090818705969e-01 7.908818563256370116e-02 2.185820816978222503e+00 -4.872443959643060762e-02 -6.510796284722394911e-02 9.966879562630915901e-01 8.111533522939901042e-02
6.355854901335638019e-01 -7.720276814833444412e-01 -2.084167730563721982e-03 4.564826942282815381e+00 7.701805213449484100e-01 6.338733869818169442e-01 7.089777018371654083e-02 2.296718528848392005e+00 -5.341394267886304115e-02 -4.666677940089013210e-02 9.974814095650343937e-01 8.703302577632569814e-02
6.424407011440551596e-01 -7.663004439302313342e-01 7.319504482236172116e-03 4.642601215859175845e+00 7.650797138826478383e-01 6.419053182812359815e-01 5.109396997211273356e-02 2.395091048481017282e+00 -4.385176072611862708e-02 -2.722484149808539894e-02 9.986670271349822325e-01 8.672863635370577085e-02
6.490707247214229092e-01 -7.605312434605543404e-01 1.730381547376363960e-02 4.726368442848457363e+00 7.596555109977835007e-01 6.491953469588374048e-01 3.832631077590396840e-02 2.495966114028643990e+00 -4.038191328185557205e-02 -1.173154752528119023e-02 9.991154447171551878e-01 1.174369149844002869e-01
6.730799168649646003e-01 -7.391397575639505613e-01 2.521595331048807204e-02 4.794381411421336558e+00 7.376418201635336347e-01 6.733952690379605421e-01 4.922760184207415624e-02 2.568793917983005048e+00 -5.336638135457014848e-02 -1.453376845821774399e-02 9.984692278260364207e-01 1.231181307571943689e-01
6.901726117374318292e-01 -7.231377545403850915e-01 2.708420140639411500e-02 4.913630779464049247e+00 7.207408125095152718e-01 6.902710107864926670e-01 6.370724331594923573e-02 2.675953317673593457e+00 -6.476455196059008323e-02 -2.444830517814489471e-02 9.976010390848940590e-01 1.095072978304446332e-01
6.820600302257715519e-01 -7.309007067513340061e-01 2.404728755639629761e-02 5.035017912604100587e+00 7.286578831805887724e-01 6.820225205678197566e-01 6.247376022860541556e-02 2.797142678266656191e+00 -6.206290717653365624e-02 -2.508860914276157469e-02 9.977568627897673847e-01 8.179029113396146800e-02
6.608898386962203109e-01 -7.502563757927770416e-01 1.843886358676329745e-02 5.085786437432894047e+00 7.484562343905544202e-01 6.607105529429946333e-01 5.722613416677493903e-02 2.855991640460008973e+00 -5.511702377664660230e-02 -2.401948817209817802e-02 9.981909526127528132e-01 6.882679471779992730e-02
6.402749318138822865e-01 -7.679365579311728807e-01 1.792915735752272088e-02 5.094463120392830113e+00 7.662986372501324750e-01 6.401789466906601112e-01 5.438119861336994376e-02 2.943395795354983857e+00 -5.323917955151277748e-02 -2.107982938401978257e-02 9.983592692782605749e-01 1.139050654673999935e-01
6.121943934818450117e-01 -7.906143627699312448e-01 1.212245731242078337e-02 5.189695944883274237e+00 7.886522344409699903e-01 6.116361453238645662e-01 6.268076933661329009e-02 3.044184816283529660e+00 -5.697084956941769751e-02 -2.881241252064746863e-02 9.979600027977467702e-01 1.231877109262975445e-01
5.938746131073365797e-01 -8.044918888014377378e-01 1.028322708620887233e-02 5.247068767043572279e+00 8.010506714342567891e-01 5.924297739429937870e-01 8.570171958939759582e-02 3.109654041785494538e+00 -7.503842816409284078e-02 -4.265868960186838810e-02 9.962677704814673074e-01 1.108587313770815208e-01
5.952166877518187960e-01 -8.035543181022899439e-01 4.189568106364012501e-03 5.335066306934844071e+00 7.996444704662089009e-01 5.928188538872907198e-01 9.557472117969149916e-02 3.204941049706429901e+00 -7.928313486846091940e-02 -5.353750400348401828e-02 9.954134418373635773e-01 9.693657041609368696e-02
6.014721300567161810e-01 -7.988289077491018686e-01 -1.018100728876537506e-02 5.445772998358401118e+00 7.962098035840429189e-01 5.983589823068045099e-01 8.953478078057416911e-02 3.297072398172277374e+00 -6.543107397633750322e-02 -6.195889312392866694e-02 9.959316593628102510e-01 9.682342819597807015e-02
6.123166568854306879e-01 -7.903934872840595594e-01 -1.861308570852576380e-02 5.512394669871113706e+00 7.893465171899584076e-01 6.098348135183084828e-01 7.094769919576299211e-02 3.408308505616324258e+00 -4.472569173006048227e-02 -5.813463236344575819e-02 9.973063606631789035e-01 9.454540542441911000e-02
6.369593433046085718e-01 -7.706217064544187423e-01 -2.061505562062521113e-02 5.600573055051567550e+00 7.703448917444934985e-01 6.352629400264826476e-01 5.486114100229760870e-02 3.487066935919953536e+00 -2.918120525485922573e-02 -5.082501913614226319e-02 9.982811601396094359e-01 1.166525095762337705e-01
6.520512394151214419e-01 -7.579990369662624738e-01 -1.632914986833641779e-02 5.681854382883379628e+00 7.576145668661474764e-01 6.505903187789292552e-01 5.246336991988611448e-02 3.593334796981399126e+00 -2.914359705704856057e-02 -4.658000718494784836e-02 9.984893357874317088e-01 1.214717044285700265e-01
6.797499283015095983e-01 -7.334024086991262070e-01 -7.806528576295504451e-03 5.731963457717724530e+00 7.321865432344352165e-01 6.779231492770703138e-01 6.575005384536100617e-02 3.656036957854395641e+00 -4.292902142492130424e-02 -5.040942956014318743e-02 9.978055865402436497e-01 1.434030851943173257e-01
6.860013601973073971e-01 -7.275961662873990932e-01 -2.439797393943475556e-03 5.850308269901317360e+00 7.255614022809242503e-01 6.838243742358078858e-01 7.710302666656276838e-02 3.771414641717357963e+00 -5.443147368557062910e-02 -5.466300398702228502e-02 9.970201455675465896e-01 9.889985715826278556e-02
6.840600516445889401e-01 -7.294229684643713796e-01 1.994698129341609949e-03 5.914130983235709849e+00 7.274073317296747554e-01 6.823679580254403687e-01 7.247443415512605513e-02 3.866945035851736989e+00 -5.422563498860365899e-02 -4.812590712719734543e-02 9.973682758005024684e-01 6.778436534436732552e-02
6.748900457980553380e-01 -7.379178511647935812e-01 8.191550722999006717e-04 5.983152169219006389e+00 7.367520525026204359e-01 6.738853781001754584e-01 5.545187387239161603e-02 3.929226770973670568e+00 -4.147094423659587747e-02 -3.682040351649147614e-02 9.984610251126520009e-01 9.869611553002100024e-02
6.658228431233290667e-01 -7.460911724331330541e-01 -5.282422978099474836e-03 6.050663916347176929e+00 7.458965637528492953e-01 6.654465208286390876e-01 2.862244047510988446e-02 4.009158337576300468e+00 -1.783978017965074173e-02 -2.299761584191940475e-02 9.995763362088606607e-01 1.509138201883781782e-01
6.274985328471902601e-01 -7.785219523657612717e-01 -1.221314698294597573e-02 6.103445838536216250e+00 7.786174199056875578e-01 6.274353836763381098e-01 8.930438417936132495e-03 4.123119527598778866e+00 7.104182105263819047e-04 -1.511320599772743301e-02 9.998855366042836978e-01 1.716142104913090105e-01
6.305418284788257832e-01 -7.761504489604664769e-01 -2.735528659207106528e-03 6.132626994688409994e+00 7.760431624849113419e-01 6.303869369093912933e-01 1.921769326461221505e-02 4.145937578589613537e+00 -1.319137972300788234e-02 -1.424044776197299494e-02 9.998115808233779545e-01 1.664242561994787872e-01
6.353334329362549937e-01 -7.722209910285189327e-01 5.115663042597501375e-03 6.288066232501866359e+00 7.716376972696392667e-01 6.350868135184830621e-01 3.521368267233597471e-02 4.272029894292958652e+00 -3.044163507175258465e-02 -1.842499144834580313e-02 9.993667127457701582e-01 1.431239137904243286e-01
6.466040483716084530e-01 -7.628226553874097871e-01 2.191131476611022158e-03 6.367669297767532655e+00 7.623745764086733434e-01 6.463176860668076174e-01 3.253388883830752448e-02 4.385783471730371197e+00 -2.623375449954794270e-02 -1.936608130078449480e-02 9.994682311208840098e-01 1.042011579808152233e-01
6.639428929732442697e-01 -7.477791637823095749e-01 -2.481347083517097818e-03 6.436137911569259629e+00 7.477175942343871062e-01 6.638369349775994355e-01 1.545713530661124886e-02 4.496938599374118439e+00 -9.911313871510177981e-03 -1.211800200429826412e-02 9.998774524334290703e-01 8.939715476422122054e-02
6.761847042412900688e-01 -7.367250447239278577e-01 -3.233299652894722903e-03 6.487635098503864661e+00 7.367077871539525757e-01 6.761915246580366690e-01 -5.163170282520812213e-03 4.587132960995573328e+00 5.990166679274584391e-03 1.109259737944039668e-03 9.999814435508231902e-01 1.227017521927129123e-01
6.981635915166448658e-01 -7.159371218083183663e-01 -1.279491071061043123e-03 6.548112354694092474e+00 7.159076581735652756e-01 6.981491546585938401e-01 -7.998926048705456288e-03 4.668865705136528099e+00 6.620003702522253217e-03 4.668561482102949467e-03 9.999671895040689318e-01 1.832471003169549861e-01
7.027424099663844848e-01 -7.114353523757326325e-01 3.583939823031937269e-03 6.701149609852477873e+00 7.114443794022549117e-01 7.027336053130512905e-01 -3.517809071133203708e-03 4.776479995242535637e+00 -1.586121695205315422e-05 5.021887467661740115e-03 9.999873901178374380e-01 1.783934915625921824e-01
6.981608013707660820e-01 -7.158672353529621502e-01 1.027602926409973416e-02 6.767805418709239795e+00 7.159253184007311477e-01 6.981685615739701145e-01 -3.405598705837052133e-03 4.847954374370146979e+00 -4.736444039739339668e-03 9.734525044410271416e-03 9.999414008430784762e-01 1.288276167871978128e-01
6.925449430641245074e-01 -7.213379967713968721e-01 7.279852343070896195e-03 6.837928654494358049e+00 7.213638960366723918e-01 6.924439670559137117e-01 -1.246924146296645233e-02 4.943399381548135629e+00 3.953647822137761753e-03 1.388693276779224411e-02 9.998957554501375355e-01 1.251612666991225586e-01
6.866230376521346157e-01 -7.270060241541012047e-01 -3.323403225896765650e-03 6.894045657751127543e+00 7.269727964325665148e-01 6.866257515120373078e-01 -7.458592866245589148e-03 5.031086475393458990e+00 7.704376183032242767e-03 2.705217953628903920e-03 9.999666616360035620e-01 1.743251775623583244e-01
6.759350869383116134e-01 -7.369199495764506835e-01 -7.793982418416872844e-03 7.002977462699602640e+00 7.368888599930270011e-01 6.756828285309793847e-01 2.115474524905218770e-02 5.128258144937718477e+00 -1.032309371623756078e-02 -2.004253338818883304e-02 9.997458329953213818e-01 1.587735539695184217e-01
6.698418708512881015e-01 -7.424387467289379483e-01 -9.827278871094524693e-03 7.078945232595668990e+00 7.417727353137868462e-01 6.685365763740201972e-01 5.321705737079780035e-02 5.236721414612804715e+00 -3.294051000742282548e-02 -4.293662079935870596e-02 9.985346110149527776e-01 1.470783163748121403e-01
6.733231052070561828e-01 -7.391933679148036118e-01 -1.513805882857875186e-02 7.168824893411133381e+00 7.381071428823445801e-01 6.708659058298400701e-01 7.167134728167486035e-02 5.308200276586457989e+00 -4.282337703159283526e-02 -5.943148345681774358e-02 9.973134197200657081e-01 1.440055834335043361e-01
6.660826725655158986e-01 -7.454827090275786272e-01 -2.427764092498019624e-02 7.276020329914634210e+00 7.452329523609224626e-01 6.638007732212563017e-01 6.321692958603369883e-02 5.417210978767919904e+00 -3.101161110621220365e-02 -6.020019943293270642e-02 9.977044732609111621e-01 1.121571724813338611e-01
6.711761781923133441e-01 -7.409659398927603835e-01 -2.218138286938504608e-02 7.304693324004319699e+00 7.411120790057375007e-01 6.700376072489721002e-01 4.245575607459743661e-02 5.502106024707578591e+00 -1.659590850039576251e-02 -4.493418287796560606e-02 9.988520886648513120e-01 1.198712799285840680e-01
6.874642875699698008e-01 -7.260110739743161901e-01 -1.734283086966834087e-02 7.378941432330720751e+00 7.261828667113237046e-01 6.869992802838413848e-01 2.627609149793421611e-02 5.592247424940583578e+00 -7.162221082716078643e-03 -3.065794115957608257e-02 9.995042737442487724e-01 1.818865330519901236e-01
7.168654386583617200e-01 -6.968657576634680328e-01 -2.195583415121066251e-02 7.463437229564969577e+00 6.971945039819218426e-01 7.162721918390541065e-01 2.956299740349915134e-02 5.676626637615097337e+00 -4.875087133250150667e-03 -3.650017800227808168e-02 9.993217552576573182e-01 2.414029865510863015e-01
7.236055102308074360e-01 -6.896150432139062092e-01 -2.874295977618542344e-02 7.641387329153878305e+00 6.901215690709295858e-01 7.222005171898409071e-01 4.646108989041017323e-02 5.794462156642279815e+00 -1.128208609661248210e-02 -5.345563715651335812e-02 9.985064894078053976e-01 2.322729839375497207e-01
7.157687846171348900e-01 -6.978819639593595303e-01 -2.521529987798834527e-02 7.668535357757309434e+00 6.980391854786044403e-01 7.139416187808290681e-01 5.503326729330161593e-02 5.892911212448205482e+00 -2.040447264881466855e-02 -5.699236223246616218e-02 9.981660824447438074e-01 1.665308766781980754e-01
7.129371426015580493e-01 -7.008455102944212145e-01 -2.315602295900701102e-02 7.756588553250180595e+00 7.009734435579523248e-01 7.114001101029069352e-01 5.045904053862210886e-02 5.953847504878083896e+00 -1.889079473267445825e-02 -5.220588133270357561e-02 9.984576524964109412e-01 1.474331751167003990e-01
7.018249235767883842e-01 -7.118970551885227538e-01 -2.538423645384291216e-02 7.795620380803999439e+00 7.122636615215939271e-01 7.007415877891739475e-01 4.051794193391270588e-02 6.054192974826130502e+00 -1.105681338757028530e-02 -4.651677070280111487e-02 9.988563144522316639e-01 1.943968573476763384e-01
6.953352140839541562e-01 -7.177550493446651636e-01 -3.655993975732139273e-02 7.895082386156047072e+00 7.186648576826890622e-01 6.940287694912179450e-01 4.295217631769265854e-02 6.155125770239771477e+00 -5.455491429919421056e-03 -5.614050461781763812e-02 9.984079734029145392e-01 2.665134675603975101e-01
6.860310002694981479e-01 -7.264611670926114373e-01 -4.019501680149753509e-02 7.988113552274896279e+00 7.274309471473695554e-01 6.837612302833728783e-01 5.757427458204864706e-02 6.227768479797109791e+00 -1.434168056793273457e-02 -6.873683632383136011e-02 9.975317356007668002e-01 2.400511449710893419e-01
6.872194773331141704e-01 -7.258419646171480055e-01 -2.971249526243400357e-02 8.094822939429587194e+00 7.259795337024649298e-01 6.847283268359247721e-01 6.403776287181460469e-02 6.301291760099677397e+00 -2.613630844539819448e-02 -6.557866138610886353e-02 9.975050538978000869e-01 1.765430657969872807e-01
6.871899009594349961e-01 -7.262037149007211090e-01 -1.995506160737237078e-02 8.207637921504753464e+00 7.260876088115920668e-01 6.856614412659389757e-01 5.162530669526053939e-02 6.392306934399914375e+00 -2.380807320272573108e-02 -4.996551236110155503e-02 9.984671367776037920e-01 1.556584790879993463e-01
6.968479084194010298e-01 -7.170592551262119363e-01 -1.513331323101814799e-02 8.261261242561394269e+00 7.172020288405195343e-01 6.965315028511812612e-01 2.156653340056256807e-02 6.458038181621019724e+00 -4.923652967943228757e-03 -2.588223664440447019e-02 9.996528734854586151e-01 1.987435089811750433e-01
7.069194821441682208e-01 -7.071604035967600232e-01 -1.374806713281612365e-02 8.354104646836661985e+00 7.071446299912798050e-01 7.070361262698670046e-01 -6.810904770789293072e-03 6.554445344352881619e+00 1.453678229585484392e-02 -4.907110572230921619e-03 9.998822941858280799e-01 2.522402652532407252e-01
7.345323431040504669e-01 -6.784278002096858495e-01 -1.406971345550892330e-02 8.406881448869178541e+00 6.785050759547889276e-01 7.345950157516412116e-01 1.012292661288982480e-03 6.621963711810930242e+00 9.648773894103963855e-03 -1.028993369719582995e-02 9.999005042637231222e-01 2.647957361922818054e-01
