1.000000000000000000e+00 0.000000000000000000e+00 0.000000000000000000e+00 0.000000000000000000e+00 0.000000000000000000e+00 1.000000000000000000e+00 0.000000000000000000e+00 0.000000000000000000e+00 0.000000000000000000e+00 0.000000000000000000e+00 1.000000000000000000e+00 0.000000000000000000e+00
9.999983289763015870e-01 -1.741296460911400225e-03 -5.567146843939803271e-04 2.449774868020299784e-02 1.741393917973618278e-03 9.999984685262460760e-01 1.746206885958885937e-04 -5.132118630936782083e-02 5.564097654129987209e-04 -1.755898563660299844e-04 9.999998297881731446e-01 -1.918811637018059263e-02
9.999888903018142594e-01 -4.688996615112462664e-03 -4.822693121707286794e-04 4.362131364372244524e-02 4.689141904752392766e-03 9.999889607407252967e-01 3.005742524625750552e-04 -1.224803831503789298e-01 4.808545966223643745e-04 -3.028323424144236417e-04 9.999998385357016240e-01 -2.554698185134578886e-02
9.999851309157667956e-01 -5.427750115845387385e-03 -5.267599612564840411e-04 4.873746573307394248e-02 5.428048654596145939e-03 9.999851072997041346e-01 5.669802487171176708e-04 -1.424871495948279998e-01 5.236746892675967890e-04 -5.698310969390341920e-04 9.999997005286255236e-01 -2.005810851672451545e-02
9.999921013464456720e-01 -3.972650635068135545e-03 -1.236594176371827881e-04 2.045247442622528944e-03 3.972663703406156648e-03 9.999921033631639089e-01 1.056144637554138000e-04 -9.945525405444106959e-02 1.232388717771600245e-04 -1.061048868233858570e-04 9.999999867769666650e-01 -5.330695250971614896e-03
9.999989639874282688e-01 -1.297708966701040245e-03 6.228767999678566777e-04 -6.611783955551102376e-02 1.297926718139880056e-03 9.999990966828954386e-01 -3.493130795047988163e-04 -2.608884944771320755e-02 -6.224229305971299255e-04 3.501211660528447101e-04 9.999997450023997425e-01 1.624381702224141771e-02
9.999868952630102115e-01 4.977585625560795521e-03 1.197056216604101787e-03 -1.336622023601712339e-01 -4.977121936557334439e-03 9.999875379911120632e-01 -3.900252591516514800e-04 5.296228301227046825e-02 -1.198982683002449865e-03 3.840622532182582749e-04 9.999992074680417176e-01 2.172384554667995682e-02
9.999955904922417371e-01 2.734076950868197329e-03 1.159232202546632302e-03 -8.067052824345287421e-02 -2.734913227879777389e-03 9.999960006031545223e-01 7.204355153194766078e-04 2.182798855676092165e-02 -1.157257840179996399e-03 -7.236027380384115826e-04 9.999990685762506493e-01 2.333601886752344895e-02
9.999972228236740923e-01 -2.230430230677318652e-03 7.612660016432957685e-04 -6.451247472175170028e-02 2.229828605974820341e-03 9.999972016958514898e-01 7.902308867696197043e-04 4.301478457839640404e-03 -7.630264262485511942e-04 -7.885311994518885747e-04 9.999993980044289410e-01 1.600743153293589238e-02
9.999931106129638092e-01 -3.676962750487104518e-03 5.085976211080180543e-04 -1.060953494127355734e-01 3.676785662854020927e-03 9.999931798093906199e-01 3.486859520810979335e-04 8.294992402771636519e-03 -5.098762576327190137e-04 -3.468135454071683910e-04 9.999998098732651997e-01 8.352623515016935341e-03
9.999992517871870712e-01 -1.076906485726496871e-03 5.802563977299670392e-04 -1.088445112308759344e-01 1.076694734187492270e-03 9.999993537090143825e-01 3.651164238344381595e-04 9.586495690661795549e-03 -5.806492189603605072e-04 -3.644913916417372060e-04 9.999997649962273361e-01 1.203482601298484778e-02
9.999998453878630178e-01 5.079025523482567223e-04 2.264050515065883264e-04 -5.097472525894328199e-02 -5.079391686847634264e-04 9.999998579252552533e-01 1.617011759598754839e-04 1.503119343898478601e-02 -2.263228909001606566e-04 -1.618161509525594093e-04 9.999999612967404028e-01 6.190839254625029459e-04
9.999999678164538386e-01 -2.534651039027127953e-04 -1.106943087612252674e-05 -1.527533616428444069e-03 2.534662167621427290e-04 9.999999628123215079e-01 1.006490558966735658e-04 1.327838043323764650e-02 1.104391944106552896e-05 -1.006518583841959128e-04 9.999999948736175703e-01 -5.483453911098883950e-03
9.999984638167802586e-01 -1.745006813762013404e-03 1.652734083470182693e-04 -4.316230363542096493e-03 1.744979502266869389e-03 9.999984638681950200e-01 1.652506787449770033e-04 -4.918459738901597919e-03 -1.655615180256679846e-04 -1.649620261798219521e-04 9.999999726884564177e-01 -4.010506253210688148e-03
9.999980919481930020e-01 -1.950601673796915122e-03 1.060805519334385424e-04 -1.771331600232711745e-02 1.950579437974762822e-03 9.999980757119710795e-01 2.093136670089958671e-04 -2.137907078302257041e-02 -1.064886353931186817e-04 -2.091063490843049467e-04 9.999999724673522827e-01 -1.868874443960979494e-03
9.999997233600937951e-01 -6.439674602010461713e-04 3.722709311243134608e-04 -3.096750450395540505e-02 6.440360218787995108e-04 9.999997756658834946e-01 -1.840809201860885537e-04 -2.505084271443420996e-02 -3.721523054885993121e-04 1.843206251515024747e-04 9.999999137642806568e-01 5.973660383449692565e-03
9.999999027719906897e-01 -4.409624218516289165e-04 2.855118436999369656e-06 1.725662024347589252e-02 4.409632837118491523e-04 9.999998549580157992e-01 -3.092496238287252694e-04 -3.111309100148134527e-02 -2.718750559807106387e-06 3.092508527634012976e-04 9.999999521782581002e-01 -4.631073159338632006e-04
9.999988659937051327e-01 -1.449353540893907367e-03 -4.091278738607651228e-04 6.911850251279055835e-02 1.449406021319198882e-03 9.999989414176932989e-01 1.280065551634514316e-04 -5.933842957285041797e-02 4.089419140112528737e-04 -1.285994024070754281e-04 9.999999081143481350e-01 -1.136854901571478921e-02
9.999982793413392246e-01 -1.736769014180289091e-03 -6.518801670695339610e-04 6.604765900355351327e-02 1.736801188077520845e-03 9.999984905693140025e-01 4.879269116744928600e-05 -1.047331728510000060e-01 6.517944414674681870e-04 -4.992479346053319000e-05 9.999997863357377170e-01 -3.034799242481651255e-02
9.999911553947741227e-01 4.176205132956465824e-03 -4.984404801184527580e-04 2.324447117907825489e-02 -4.176372689596419274e-03 9.999912226048250918e-01 -3.355956863325710183e-04 -9.679248581121255302e-02 4.970345886815275005e-04 3.376743913297659480e-04 9.999998194662952367e-01 -2.931404531780905029e-02
9.999819968963951089e-01 5.998742860687940673e-03 -1.448005161736413417e-04 -2.523342178243095923e-02 -5.998831074950673747e-03 9.999818167089994381e-01 -6.166661198087426601e-04 -6.469815829029895715e-02 1.410986617400878664e-04 6.175236517407894053e-04 9.999997993778334537e-01 -1.876306093927360141e-02
9.999488536729823629e-01 1.011215902880582482e-02 -1.851428223065168077e-04 -3.331106812474186191e-02 -1.011224662068216373e-02 9.999487554668088363e-01 -4.784440016418735559e-04 -5.588113360729884960e-02 1.802952329180331620e-04 4.802917408677186140e-04 9.999998684067276100e-01 -1.741693153733182495e-02
9.999424732928670068e-01 1.070741644236271675e-02 -6.335124891222333049e-04 1.438469337268707959e-02 -1.070739896394494461e-02 9.999426736808346705e-01 3.097500058088730162e-05 -7.179073990213608036e-02 6.338078344136086409e-04 -2.418994772142685722e-05 9.999997988512174807e-01 -2.806315080778311322e-02
9.999472342728555896e-01 1.024365693046165419e-02 -7.721157671476009537e-04 5.552312925849946235e-02 -1.024360285579595763e-02 9.999475301889347856e-01 7.395662364543720735e-05 -7.907331761822973537e-02 7.728328406595374143e-04 -6.604347399305515081e-05 9.999996991837847293e-01 -3.155241242417865244e-02
9.999483310708048300e-01 1.013021658753123291e-02 -8.449263883447534571e-04 8.889845468630708236e-02 -1.013032211890195489e-02 9.999486796840689751e-01 -1.207139362273942023e-04 -8.608071963924725234e-02 8.436601681364483234e-04 1.292670755482631961e-04 9.999996357637056521e-01 -3.570185818058484867e-02
9.999437922877851825e-01 1.058569505652789955e-02 -5.960916817324350258e-04 1.035361776926094907e-01 -1.058565180309005774e-02 9.999439675551503592e-01 7.567012748038936208e-05 -9.883175055663971642e-02 5.968593021525490060e-04 -6.935585525010274212e-05 9.999998194743531243e-01 -3.908829944016426611e-02
9.999466067083803145e-01 1.031285943238199714e-02 -6.547233948046391350e-04 9.534273532982215360e-02 -1.031261777951892299e-02 9.999467545704243676e-01 3.714008737689132090e-04 -6.932857871006757600e-02 6.585187387804722087e-04 -3.646291313318229615e-04 9.999997166992935504e-01 -5.392287556298878265e-02
9.999474614751434620e-01 1.021454451885478974e-02 -8.587023284717726010e-04 8.931824492550431704e-02 -1.021450978290140525e-02 9.999478295293080521e-01 4.482768100474624319e-05 -4.018325935284645933e-02 8.591154239104119034e-04 -3.605410248973837993e-05 9.999996303103266815e-01 -6.472870266640903814e-02
9.999542825937461910e-01 9.482322864416690630e-03 -1.232183233649609836e-03 1.215432983390897920e-01 -9.482541902607435555e-03 9.999550248886162063e-01 -1.720438092961968496e-04 -1.021282853639539703e-02 1.230496441124860575e-03 1.837201730442465577e-04 9.999992260624036566e-01 -7.047154207811334725e-02
9.999967528368669534e-01 -2.250048825177567054e-03 -1.196493211997181174e-03 1.721344966428088874e-01 2.250721569621182486e-03 9.999973096416933105e-01 5.612145679772523451e-04 -9.958948288202987970e-03 1.195227232822379743e-03 -5.639057187021449596e-04 9.999991267207198886e-01 -5.437721582802337861e-02
9.996907502817732327e-01 -2.482625599628416821e-02 -1.435553646577487951e-03 2.001201529573484184e-01 2.482842140527339106e-02 9.996905856260240864e-01 1.510794896490815159e-03 2.397138099575132214e-02 1.397602084786462749e-03 -1.545970214481879766e-03 9.999978283398962553e-01 -5.719302255320209138e-02
9.985185649944858799e-01 -5.438622675477516877e-02 -1.677408933688024923e-03 2.229672595816261649e-01 5.439117180695561549e-02 9.985150201231217659e-01 3.058597389006553237e-03 1.117326407357666085e-02 1.508572444026128490e-03 -3.145302513269452108e-03 9.999939156221306913e-01 -6.243154541383801742e-02
9.979615458813388962e-01 -6.380684942483412503e-02 -1.199545165829964989e-03 2.409574932012675252e-01 6.381624702862377652e-02 9.979000509167271771e-01 1.108940916257366259e-02 -6.331063824944860308e-02 4.894459214119228083e-04 -1.114335438141729299e-02 9.999377911129372354e-01 -1.736345314132253237e-01
9.977696470070120949e-01 -6.671946342105863903e-02 -2.060269960124559707e-03 2.921518294873166610e-01 6.674078925690693498e-02 9.976845702464315346e-01 1.308301729565345198e-02 -9.108594766354283223e-02 1.182607655864075739e-03 -1.319134159209178758e-02 9.999122911266432601e-01 -2.426244360150505153e-01
9.970717151412632484e-01 -7.643274500276019123e-02 -2.455678440388479357e-03 2.895350472047913404e-01 7.645256804305698706e-02 9.970291612848293239e-01 9.373173811016518100e-03 -1.048462861145776359e-01 1.731965612041788151e-03 -9.533469411123077566e-03 9.999530555261610942e-01 -2.132437229177174265e-01
9.970648293243118410e-01 -7.648502684820196462e-02 -3.430275865111832422e-03 3.005202310206585570e-01 7.644904454441470154e-02 9.970271031202936340e-01 -9.617652094011372443e-03 -1.366164864125492540e-01 4.155684387323034523e-03 9.327181331204494746e-03 9.999478656288475209e-01 -1.376976148842948000e-01
9.963088479848606349e-01 -8.575793484743217399e-02 -3.775716856881575385e-03 3.771305663343768599e-01 8.550119006409538647e-02 9.953142199575608640e-01 -4.515694905433171452e-02 -1.223126378469085312e-01 7.630591373097891060e-03 4.466743960622383131e-02 9.989727693557622912e-01 -1.598876946848409170e-02
9.957955843096313320e-01 -9.115099665821038699e-02 -9.091208811525424913e-03 4.042760988139191269e-01 9.035598037754249967e-02 9.937093018836806735e-01 -6.616358635882117756e-02 -7.276830132124309514e-02 1.506489560046781785e-02 6.506396205322075021e-02 9.977673725686183603e-01 5.063121941537494786e-02
9.987503419413352734e-01 -4.859034436487418007e-02 -1.169328467834255050e-02 4.839378197616207578e-01 4.776157887646943767e-02 9.968713558904642724e-01 -6.297881698106197468e-02 -7.596525708551517264e-02 1.471686295691471830e-02 6.234162525640674773e-02 9.979463591321414695e-01 -1.762568131972280794e-02
9.992361984834620126e-01 -3.783005130769537955e-02 -9.793204704101183405e-03 7.071787695170261845e-01 3.728372902154452467e-02 9.980034277803747633e-01 -5.098118955919212630e-02 -8.919835665275015202e-02 1.170227288039945440e-02 5.057712285885167941e-02 9.986515966305532510e-01 -9.737559564841889725e-02
9.983380394406923264e-01 -5.717101464032169761e-02 -7.254935610387123340e-03 7.917032008431048595e-01 5.680427748326843246e-02 9.974415298059269297e-01 -4.340125203281523097e-02 -5.166962730684716149e-02 9.717667689244400414e-03 4.291700948817644273e-02 9.990313795028028521e-01 -1.011040449480317682e-01
9.981966330434708379e-01 -6.002316387365109335e-02 -8.376032922789918315e-04 7.592895865308346703e-01 5.996643302233236467e-02 9.976959676335247496e-01 -3.172984523099502824e-02 -1.498320358560061016e-02 2.740199127168915175e-03 3.162239659484392812e-02 9.994961307290498587e-01 -3.357241478385332434e-02
9.977804667033706165e-01 -6.658312013430579823e-02 -9.101529456313770319e-04 7.684773566121446686e-01 6.656947025700181431e-02 9.977234318944718794e-01 -1.079162075034346968e-02 6.935157525285937097e-03 1.626620701328186560e-03 1.070707998931995711e-02 9.999413545519538760e-01 6.762901756106630413e-03
9.956467571088321034e-01 -9.317816259372799226e-02 -2.316263008184779506e-03 8.625582587890308073e-01 9.318845219996252371e-02 9.956368051638854189e-01 4.823336980400909878e-03 4.616101767548384111e-02 1.856727023984247387e-03 -5.018188787600041424e-03 9.999856850705666211e-01 9.493871030561415458e-02
9.855527060157330821e-01 -1.687060366644499987e-01 -1.497120095514506422e-02 9.486133029203462907e-01 1.688583176852526124e-01 9.855939744876498487e-01 9.559602614338262930e-03 1.142143439220264373e-01 1.314276278308260104e-02 -1.194950403200979207e-02 9.998422261236102893e-01 1.259880478147601124e-01
9.733771034061861060e-01 -2.270350289979361502e-01 -3.149778043750488254e-02 9.993256645116603831e-01 2.274744600780757020e-01 9.737207498451573295e-01 1.110276241177976173e-02 1.100279128398808509e-01 2.814932639994976657e-02 -1.797211531486446121e-02 9.994421536508945048e-01 6.403374949655589454e-02
9.634091523357358744e-01 -2.653524154800683821e-01 -3.782724936645578961e-02 1.166362853465311433e+00 2.663326731215606147e-01 9.635897872212935145e-01 2.369871706962891483e-02 8.345155579129379109e-02 3.016143934998517795e-02 -3.290619336409966039e-02 9.990032382403080113e-01 -2.357442182872685268e-02
9.578542290475688947e-01 -2.851247038837367298e-01 -3.491674570888471385e-02 1.376944752797351956e+00 2.862019903228830153e-01 9.576643530755205580e-01 3.110317642404096181e-02 1.109059343397942599e-01 2.457023872305324347e-02 -3.978555119206106383e-02 9.989061083432396737e-01 -1.482085130880712032e-01
9.532958327908043206e-01 -3.009790977138288581e-01 -2.527128653346360360e-02 1.452773365722777266e+00 3.014696991438342022e-01 9.532962267494490272e-01 1.850201511698659068e-02 1.512149833852740322e-01 1.852230228165677173e-02 -2.525642105747668426e-02 9.995093984118180730e-01 -1.585250374893796277e-01
9.497301468541026193e-01 -3.128758623242746117e-01 -1.101557675867393185e-02 1.376630966673241474e+00 3.128059328510300330e-01 9.497864315452879680e-01 -7.627766754755835321e-03 1.949543789124135174e-01 1.284898944203678728e-02 3.798582276273976353e-03 9.999102330924555249e-01 5.514741736836611952e-02
9.552778138674608011e-01 -2.949820626856595740e-01 -2.073357244467488592e-02 1.359340793994877172e+00 2.946389523830344470e-01 9.554375710614793071e-01 -1.808135898566975985e-02 2.198099948286504346e-01 2.514331066572014078e-02 1.116380301932662009e-02 9.996215200919359445e-01 2.123555896009426680e-01
9.604006808678824392e-01 -2.767765891544595735e-01 -3.201955472100491418e-02 1.599034543130206876e+00 2.767677873463999516e-01 9.609248666309672116e-01 -4.795057625912535482e-03 2.560049217271737620e-01 3.209554604436375136e-02 -4.256804703222372144e-03 9.994757403448233379e-01 1.804200641672841221e-01
9.552117237659614180e-01 -2.924495239523438039e-01 -4.520883453605051283e-02 1.914214402306957163e+00 2.935139713192808086e-01 9.557681003662849006e-01 1.889145210426061705e-02 3.034647408397248558e-01 3.768436572963516917e-02 -3.131476109234532929e-02 9.987989158570830250e-01 -4.825076125378721659e-02
9.458662735551107703e-01 -3.222851912798796459e-01 -3.833077135487551745e-02 2.022200115287632993e+00 3.234596554273257984e-01 9.457739201127350892e-01 2.975808033837828645e-02 3.415241643074977684e-01 2.666165527126928766e-02 -4.054562265252712600e-02 9.988219103633614315e-01 -1.613111291624823862e-01
9.239219298470039421e-01 -3.814473200584786450e-01 -2.943143842887219891e-02 2.008821281444225448e+00 3.822200435457098755e-01 9.236559197458757975e-01 2.770523831906052808e-02 3.737569375834977059e-01 1.661643342307696225e-02 -3.684676293251398088e-02 9.991827711693649361e-01 -1.051132789162507186e-01
8.986121863750724525e-01 -4.383507500564949311e-01 -1.856767145121580517e-02 1.999033274333257282e+00 4.387034175873559816e-01 8.982987555447146111e-01 2.446747195750073253e-02 4.018511507601125743e-01 5.953981473433581952e-03 -3.013246939308806063e-02 9.995281808898079934e-01 4.357865558618621155e-02
8.578329385596521472e-01 -5.137694042103406744e-01 -1.279252983048448540e-02 2.126884052547634685e+00 5.138999989281787251e-01 8.572565479326103022e-01 3.190614561933411558e-02 4.915382057417225781e-01 -5.425921463687586807e-03 -3.394422372092022883e-02 9.994089998855594237e-01 1.044206065315473053e-01
8.328133911784858512e-01 -5.535476082432366773e-01 -2.626952984434055213e-03 2.209682052779660566e+00 5.531553679866150208e-01 8.320244908780142223e-01 4.188538464397587729e-02 5.337128486363105218e-01 -2.099986527058661512e-02 -3.633582237095298734e-02 9.991189687275703335e-01 4.928000015919573040e-02
8.115228935437357460e-01 -5.842853743339738726e-01 6.418301473968495915e-03 2.332909447751080556e+00 5.831986332118398453e-01 8.105961408542361468e-01 5.304008533233417477e-02 5.601495702039446245e-01 -3.619319651874670224e-02 -3.930009887554251902e-02 9.985717574386570039e-01 -1.040202480111127384e-02
8.086235971407390588e-01 -5.883250787662057668e-01 1.216487529499429149e-03 2.437956630474251263e+00 5.875212184383695746e-01 8.076234160771443849e-01 5.062840792062547890e-02 6.163123175932103681e-01 -3.076842589189916419e-02 -4.022461309473827906e-02 9.987168189579633815e-01 -3.902150059776241658e-02
8.046824409642505671e-01 -5.935720840478043714e-01 -1.258372929467872769e-02 2.571266248943866906e+00 5.936906579089799019e-01 8.043319705828190225e-01 2.411397540766979306e-02 6.958497834905984503e-01 -4.191886856538371182e-03 -2.687493511630195328e-02 9.996300145289138683e-01 7.265037030368463183e-03
8.075771343274787961e-01 -5.887316136602803729e-01 -3.484622201013573561e-02 2.585736929668749351e+00 5.890769303820299063e-01 8.080768384010947880e-01 -4.396946395613370723e-04 7.486205952485028847e-01 2.841728704683985085e-02 -2.017201816014538990e-02 9.993925892662224308e-01 5.219538496741420175e-02
8.328834948081557110e-01 -5.501439655941362528e-01 -6.038792260469467987e-02 2.683389411661322832e+00 5.500142366864300136e-01 8.349097677196456457e-01 -2.024893104761406326e-02 7.843147162954877682e-01 6.155829366053421070e-02 -1.634921669943419087e-02 9.979695784917085311e-01 1.222288644610766833e-01
8.330496192651735132e-01 -5.482650451862900454e-01 -7.371412394531250134e-02 2.909414589994852030e+00 5.490179724054069510e-01 8.357322025357774020e-01 -1.144340948119712889e-02 8.866988185287391078e-01 6.787928857910506542e-02 -3.093745095468956527e-02 9.972137565790099023e-01 1.355415359680031684e-01
8.342539986085267811e-01 -5.467252907403911122e-01 -7.149630948880406067e-02 2.986614222894035109e+00 5.485678893131481493e-01 8.360714524109140733e-01 7.602452105875491528e-03 9.389872985327838428e-01 5.561957047839995866e-02 -4.556295565850930485e-02 9.974118910718174913e-01 4.080301467984712854e-02
8.171168150386207696e-01 -5.713793378408367207e-01 -7.645758869927446466e-02 3.079682432834335515e+00 5.733046508381380857e-01 8.193324285395187090e-01 4.018565775878103069e-03 9.966760821404778703e-01 6.034805637716113974e-02 -4.711712886097223218e-02 9.970647362430372640e-01 -9.566629911271017084e-03
7.933474844310542951e-01 -6.028232382498650566e-01 -8.487586448964476449e-02 3.059057238209784924e+00 6.043029876990158034e-01 7.966927475778423640e-01 -9.927991484264393068e-03 1.038791295652933044e+00 7.360480965916105234e-02 -4.341439142513503491e-02 9.963420710841351946e-01 6.433053594824264532e-02
7.700714623458688735e-01 -6.308857520944373132e-01 -9.472650465804911823e-02 3.124575884873113552e+00 6.326861850590117520e-01 7.742911772283131988e-01 -1.346714898807381891e-02 1.097937776865158588e+00 8.184212922431292891e-02 -4.956148374120010469e-02 9.954122388304262881e-01 1.651105977646337153e-01
7.459309033113197263e-01 -6.573158176196471913e-01 -1.073452532354053635e-01 3.187462658607039145e+00 6.612660671365508946e-01 7.501497018484823975e-01 1.616561286047937807e-03 1.149682561765259514e+00 7.946241840591830585e-02 -7.218961645311346154e-02 9.942204903025461116e-01 1.796064716160947206e-01
7.422550518397961206e-01 -6.606552788975939006e-01 -1.122142614957828410e-01 3.399007625556777157e+00 6.670940306769923556e-01 7.443616561329037262e-01 3.018739992454838594e-02 1.207864865762642514e+00 6.358452841238590447e-02 -9.726421409656813011e-02 9.932253925483135459e-01 7.172059088305482444e-02
7.231450785293400685e-01 -6.835241987905961158e-01 -9.927670958723489036e-02 3.573922793789185093e+00 6.895502297522341228e-01 7.227250759059820062e-01 4.678616574729760336e-02 1.311834026468495562e+00 3.977029101522486232e-02 -1.022894634083398868e-01 9.939593500884219557e-01 -4.301154730330958992e-02
7.173921695648102226e-01 -6.922012403615516174e-01 -7.877764841009238239e-02 3.630114263062439672e+00 6.962252410638412048e-01 7.163742397694681241e-01 4.558905899788841254e-02 1.357947235877182246e+00 2.487747480535207334e-02 -8.755222119767237798e-02 9.958492455239713603e-01 -3.781309518905404121e-02
7.137480623279943703e-01 -6.975835125824889627e-01 -6.277695832158478040e-02 3.648433261866821375e+00 6.999698310905673182e-01 7.135862267132373482e-01 2.892978755896744025e-02 1.415044603723728311e+00 2.461582998958415994e-02 -6.459055672651280167e-02 9.976082000944473949e-01 6.370149209949346747e-02
7.144686956573054193e-01 -6.972046838558537685e-01 -5.865246572146669279e-02 3.712890119289852020e+00 6.987958273784290464e-01 7.152499338942617246e-01 1.009572695505449313e-02 1.529035775405541031e+00 3.491238411002071940e-02 -4.819917918090734638e-02 9.982274112455744586e-01 1.350528598679066050e-01
7.241634086790622593e-01 -6.868170660830916763e-01 -6.220671400528655914e-02 3.813349436596629616e+00 6.887048093342427180e-01 7.249122599772589437e-01 1.370769617941886703e-02 1.613072740933847893e+00 3.567972996262441798e-02 -5.276867509874557521e-02 9.979691497226340635e-01 1.431137094788830222e-01
7.304582975533902012e-01 -6.805026426276900020e-01 -5.785178400130192022e-02 4.023468915965672466e+00 6.826016460236042915e-01 7.301872650244221052e-01 2.969092187892715187e-02 1.694878300914367086e+00 2.203788513603205032e-02 -6.117770323316254477e-02 9.978835704859791988e-01 9.839985994224452470e-02
7.175321430621566243e-01 -6.956248013916589423e-01 -3.540846454513198877e-02 4.131276153213478963e+00 6.964578664773454220e-01 7.158270606243515299e-01 5.037915739395489728e-02 1.778310259954114958e+00 -9.698654259885605353e-03 -6.080916844289150497e-02 9.981022899176372754e-01 3.877887824329221550e-02
7.111383707893714767e-01 -7.029074187237569493e-01 -1.426107619163477849e-02 4.118438471871403550e+00 7.023801108608862531e-01 7.094258462892751860e-01 5.811323845557750389e-02 1.852756058402348804e+00 -3.073105039024181043e-02 -5.134324999306962012e-02 9.982081312141579676e-01 5.636448696854118312e-02
6.946690853882402372e-01 -7.191997904794652507e-01 -1.365734894330654023e-02 4.186000061219575130e+00 7.186527760305646551e-01 6.930671692021419528e-01 5.653394093544770321e-02 1.949699015186837414e+00 -3.119373830480911755e-02 -4.908727277434559583e-02 9.983072624909367088e-01 1.113773999265252890e-01
6.648357043457959747e-01 -7.463036652282351024e-01 -3.200508543859482968e-02 4.349107801613121715e+00 7.467073637096635075e-01 6.627965013747910694e-01 5.593666728632253754e-02 2.047898851158276301e+00 -2.053288116153290099e-02 -6.108712656721437123e-02 9.979212212188732778e-01 1.260704362125867617e-01
6.477409195791838936e-01 -7.609469892110725109e-01 -3.730121597639054348e-02 4.417260655929431401e+00 7.612934138763549630e-01 6.445933401692078846e-01 7.022651776920767197e-02 2.084677934359226992e+00 -2.939454186066185054e-02 -7.388575925107605802e-02 9.968334141112514812e-01 6.462831348292324973e-02
6.399527813149172850e-01 -7.681568620474863440e-01 -1.988650237374462934e-02 4.526845612009933184e+00 7.668770762610557234e-01 6.368225346929554664e-01 7.972834635519861213e-02 2.168429985090642109e+00 -4.857970350461894571e-02 -6.627287979708422483e-02 9.966182407576155144e-01 4.260487524642339596e-02
6.351017762346141682e-01 -7.724117685381415299e-01 -5.078744669559705910e-03 4.589341665807125992e+00 7.705651137421898333e-01 6.330995819646241252e-01 7.358209564631958133e-02 2.262838393672140569e+00 -5.362032550371308159e-02 -5.064562310800965750e-02 9.972762313185234984e-01 5.749459057710311349e-02
6.419332021779162734e-01 -7.667264601102018462e-01 7.231826082372983661e-03 4.655510102506213777e+00 7.655279813062981775e-01 6.414073472907630968e-01 5.063126186982221111e-02 2.382852349635947498e+00 -4.345887456792442427e-02 -2.696572284040638090e-02 9.986912315690890107e-01 8.791305642233410156e-02
6.498679973046256331e-01 -7.598117843533767068e-01 1.891133091595664090e-02 4.733021785200116405e+00 7.589943452794827294e-01 6.500760849163902400e-01 3.645089372768910152e-02 2.513592611163414148e+00 -3.998962256691415001e-02 -9.334676079856905895e-03 9.991564912011731137e-01 1.226581578425040703e-01
6.753586818423962246e-01 -7.368876275342336468e-01 2.978716581129748492e-02 4.765035996273421226e+00 7.353629870439636340e-01 6.759268311527208972e-01 4.862300087017047689e-02 2.579873607570926097e+00 -5.596363235066587755e-02 -1.093358654833047686e-02 9.983729406085231073e-01 1.318548204411228997e-01
6.919799049369110833e-01 -7.214588611480378111e-01 2.570841952512016235e-02 4.905354281746426182e+00 7.189653869826900801e-01 6.919306272325529417e-01 6.573263586983756068e-02 2.672724155868801521e+00 -6.521183546208567106e-02 -2.700219932787142896e-02 9.975060389527091731e-01 1.048445497094809553e-01
6.823691692683804266e-01 -7.307036502039059300e-01 2.108298865598285873e-02 5.048240189291274937e+00 7.283836834681247652e-01 6.820783915330057567e-01 6.500982588158774056e-02 2.786593753559193587e+00 -6.188316806197789732e-02 -2.900419594533960171e-02 9.976618816654153621e-01 4.977984005869522111e-02
6.613353165385214005e-01 -7.498565302605640914e-01 1.872920512145296104e-02 5.081545951119045945e+00 7.480043610736916149e-01 6.611513941936407734e-01 5.803714130230325230e-02 2.842973590976081155e+00 -5.590236948137448925e-02 -2.437248410385909128e-02 9.981387213734246311e-01 5.249084583922749431e-02
6.408706468024365499e-01 -7.674450478244405627e-01 1.768933680975001352e-02 5.112432336224933316e+00 7.658691288182839507e-01 6.407832728208899820e-01 5.330360959702107326e-02 2.927125496571303387e+00 -5.224262235138379951e-02 -2.061300178749101916e-02 9.984216607061164872e-01 9.888829496863177360e-02
6.128585801988312154e-01 -7.901325421382493497e-01 9.743024726465179114e-03 5.216710237828042551e+00 7.882404351421999911e-01 6.121642021100026643e-01 6.270570996216354165e-02 3.017454136795373554e+00 -5.551015297680260419e-02 -3.074988632778113615e-02 9.979845025887529308e-01 1.413484451436860523e-01
5.948926704481506400e-01 -8.037565250599365552e-01 8.840761881423471469e-03 5.269748803949940275e+00 8.003568401398633014e-01 5.933224554408389473e-01 8.600809445038962164e-02 3.093946953407160638e+00 -7.437498966992589500e-02 -4.408982074390402350e-02 9.962552125928219038e-01 1.161854923499738707e-01
5.951430465601624809e-01 -8.036106669139169156e-01 3.827551862204500721e-03 5.353620523569393441e+00 7.996344294143367115e-01 5.926586211454256681e-01 9.664645920679613977e-02 3.186736332590321741e+00 -7.993455714705884063e-02 -5.445782592219743090e-02 9.953114144676183939e-01 7.959494701232079639e-02
6.013779571092217058e-01 -7.988990862986333763e-01 -1.023731480163867294e-02 5.474654744146270069e+00 7.963808915344630091e-01 5.983543003836495622e-01 8.803185111746306135e-02 3.285239617153662639e+00 -6.420302408697688146e-02 -6.109321667421105384e-02 9.960650533848103283e-01 7.119590354252777753e-02
6.125969634593144697e-01 -7.902162494456541619e-01 -1.682971991660101724e-02 5.516422520085393799e+00 7.891834835016158234e-01 6.103402577735639323e-01 6.836811471113216077e-02 3.395637590157911223e+00 -4.375373959654595135e-02 -5.516383645961736581e-02 9.975182010461635107e-01 9.030342243540687153e-02
6.376772473965344190e-01 -7.700986003033574168e-01 -1.777284343004372630e-02 5.597610447258513311e+00 7.696201227524419597e-01 6.359700247779741522e-01 5.680663903470361403e-02 3.449857892019251082e+00 -3.244371753198335012e-02 -4.990263915578851267e-02 9.982269941240780042e-01 1.108624852853396930e-01
6.527162119541012331e-01 -7.574726975521435257e-01 -1.402352007763435146e-02 5.682360424705014346e+00 7.568689042328398120e-01 6.511580658167726021e-01 5.605921090365003495e-02 3.555683717028226720e+00 -3.333179349613725473e-02 -4.720472206081283845e-02 9.983289566858672970e-01 1.186576307096396388e-01
6.798554543284907048e-01 -7.333193807374815965e-01 -6.264746969994253178e-03 5.726377251547996039e+00 7.320337808239880673e-01 6.781032136533189369e-01 6.559401928208530297e-02 3.649500875641354281e+00 -4.385322054694322513e-02 -4.918045819060439666e-02 9.978267272326510895e-01 1.352064851711769489e-01
6.871670196350458948e-01 -7.264980509638676587e-01 1.438426775945189640e-03 5.840133308386886490e+00 7.245027773320467102e-01 6.854237716927246149e-01 7.273224069606505637e-02 3.793771201057315245e+00 -5.382576301399832897e-02 -4.893705287633274420e-02 9.973504660307428438e-01 1.336457598507223010e-01
6.849670904595119847e-01 -7.285663625316500802e-01 3.337720004873874491e-03 5.929973648974786293e+00 7.265082300802332416e-01 6.833625242303205116e-01 7.212109333095090280e-02 3.867882509735027341e+00 -5.482587539764119389e-02 -4.697569440641605892e-02 9.973902984899729596e-01 1.024005335752907753e-01
6.751554912113875151e-01 -7.376748575689984211e-01 -9.312344860403949653e-04 5.994824214960527975e+00 7.365900088440595628e-01 6.740930540486429479e-01 5.507915535374219296e-02 3.906359530471607666e+00 -4.000276938186211884e-02 -3.787293220667252436e-02 9.984815568891848292e-01 8.159396289620275688e-02
6.659743664592556733e-01 -7.459298047172341350e-01 -8.177386728172711394e-03 6.072869222177537551e+00 7.458342609010882862e-01 6.655964027485021806e-01 2.669614043979304935e-02 3.993184624357356771e+00 -1.447060763480358114e-02 -2.387792040280755507e-02 9.996101472233646090e-01 1.086342752383968463e-01
6.291180779890832575e-01 -7.772113289415774062e-01 -1.236907887390486724e-02 6.113542711036831001e+00 7.773096452644827625e-01 6.290301681539958167e-01 1.052439694043100921e-02 4.092948665938777708e+00 -3.991567684186398193e-04 -1.623569268688154418e-02 9.998681127813064951e-01 1.519185252127794594e-01
6.310628236284605563e-01 -7.757262273519932583e-01 2.921101216693095491e-03 6.118857472458954838e+00 7.755700750173911695e-01 6.310037162311206149e-01 1.803798325849513204e-02 4.140212268530127027e+00 -1.583576242537143228e-02 -9.117581957904782874e-03 9.998330352252060571e-01 1.920498049125649032e-01
6.340755362122836303e-01 -7.731868959591577939e-01 1.141219935629262348e-02 6.267790459906787959e+00 7.726083115950616031e-01 6.340739680290822244e-01 3.204059802941746499e-02 4.267082429315275149e+00 -3.200954906482379042e-02 -1.149899929981362985e-02 9.994214135107220010e-01 1.672746763378158419e-01
6.473042610323561652e-01 -7.622186521397368297e-01 4.463180439785909698e-03 6.372214024890725526e+00 7.616427247204863304e-01 6.470231300641757777e-01 3.551660234749789979e-02 4.362970222935894427e+00 -2.995919774808434091e-02 -1.959069912584945547e-02 9.993591201255190848e-01 1.034829734054266703e-01
6.637714139338966035e-01 -7.479297300390862491e-01 -2.937510485993596009e-03 6.454695267948365789e+00 7.478478810767367202e-01 6.636284223397248550e-01 1.791267238361658395e-02 4.466373187674158807e+00 -1.144800477073061595e-02 -1.408673086799884858e-02 9.998352400271866003e-01 5.905858439262719195e-02
6.761603594282878937e-01 -7.367236516928828971e-01 -6.740131609422594754e-03 6.520437160102464880e+00 7.367086055193509120e-01 6.761920533512040254e-01 -4.973684591519571957e-03 4.577638370467606244e+00 8.221854507465743700e-03 -1.602504597909806990e-03 9.999649159282898436e-01 7.538682196522149270e-02
6.987612517085503017e-01 -7.153471600491174698e-01 -3.339718605235739764e-03 6.567993626397639950e+00 7.152997392967910262e-01 6.987577067986578960e-01 -9.162431523541719053e-03 4.657613242358399575e+00 8.887973483457415128e-03 4.013452272434122822e-03 9.999524469334600818e-01 1.592073509668427422e-01
7.036189121226967824e-01 -7.105659230936994808e-01 4.061458022868023876e-03 6.703952354513684320e+00 7.105773878626858719e-01 7.036108960871243490e-01 -3.388622982301961548e-03 4.773196340272772176e+00 -4.498461014544933006e-04 5.270279449204783723e-03 9.999860107986572322e-01 1.686792752681456065e-01
6.987646416417501172e-01 -7.152632966764428391e-01 1.124242050554600560e-02 6.780258549781999378e+00 7.153196646602323350e-01 6.987957113747489402e-01 -1.526798818156314182e-03 4.833348343287411808e+00 -6.764092078710903441e-03 9.108797495024533591e-03 9.999356363619337218e-01 1.099355861622560715e-01
6.938414019517974429e-01 -7.200865818271597885e-01 7.708671094387909220e-03 6.858608188434537567e+00 7.201243254448412845e-01 6.937648061012934297e-01 -1.055223757537374768e-02 4.912967643424270392e+00 2.250519979182324937e-03 1.287278088494799369e-02 9.999146096903032133e-01 1.127138286527053779e-01
6.879313647341600557e-01 -7.257693925505018795e-01 -3.037474587810023389e-03 6.892168644862566751e+00 7.257521397380369832e-01 6.879367189035399122e-01 -5.186757165370710354e-03 5.022501957307568432e+00 5.853979898908973772e-03 1.363679253815119116e-03 9.999819354859545983e-01 1.612358147589527668e-01
6.770223616154356083e-01 -7.359205865184774709e-01 -7.849344619684348393e-03 6.995892477057942926e+00 7.358746492355630053e-01 6.767383566469120648e-01 2.266489036536188315e-02 5.112024985148515555e+00 -1.136760683237363588e-02 -2.112077131965150664e-02 9.997123038823557684e-01 1.582030540846385280e-01
6.689827754001798077e-01 -7.432111995504525614e-01 -9.957865265705311691e-03 7.086658377084462224e+00 7.425470654507505541e-01 6.676710437120564334e-01 5.328445344499727065e-02 5.217819803521811295e+00 -3.295302426714916133e-02 -4.304056518251939134e-02 9.985297231131470275e-01 1.397950311366606135e-01
6.728331563953533490e-01 -7.396302577333574435e-01 -1.557644055467988925e-02 7.187830311781344683e+00 7.386054279260952926e-01 6.704098460038550034e-01 7.080014279079736850e-02 5.288691414166242666e+00 -4.192332874636479911e-02 -5.914152708862864538e-02 9.973688957855308956e-01 1.221153096454306586e-01
6.666449919985870665e-01 -7.450324821192212399e-01 -2.260653070411866236e-02 7.288314934173891757e+00 7.446913847021946475e-01 6.644278382454014142e-01 6.301102534375031816e-02 5.404420011857147266e+00 -3.192485228676559400e-02 -5.884087313946999992e-02 9.977567616682199159e-01 9.987707000360734888e-02
6.714274243252258412e-01 -7.408045244973475718e-01 -1.984616709221471639e-02 7.305537377215737038e+00 7.408528218409715649e-01 6.703408497748959416e-01 4.219290809294983652e-02 5.499209922022788355e+00 -1.795300070358819486e-02 -4.303256449863498284e-02 9.989123525907604995e-01 1.299363716430531335e-01
6.878969690460577935e-01 -7.256220409031133300e-01 -1.644426139562734160e-02 7.392529638328535491e+00 7.257582207692385712e-01 6.874066183713767320e-01 2.733397163051599216e-02 5.570261585364823631e+00 -8.530238162939639962e-03 -3.073751412897765545e-02 9.994910906366571979e-01 1.634472272053848485e-01
7.166676187439484647e-01 -6.971276892708571093e-01 -2.001272334676355846e-02 7.472803605107651848e+00 6.973958315487642778e-01 7.161407966506628808e-01 2.795377453872225498e-02 5.675509076635274930e+00 -5.155422609877383620e-03 -3.399035487354282875e-02 9.994088639757424675e-01 2.161409587550026101e-01
7.238126698952942473e-01 -6.894521255804174631e-01 -2.740411340821494179e-02 7.645649749263123240e+00 6.899079940643405573e-01 7.225125336556239564e-01 4.475040152500214807e-02 5.798689422310553176e+00 -1.105344404083444081e-02 -5.129722451727151966e-02 9.986222589806722505e-01 2.262358615212998747e-01
7.168759715596686455e-01 -6.965912780773588775e-01 -2.914502885455733106e-02 7.713901578526409786e+00 6.969965466705230206e-01 7.150279838414188571e-01 5.413682898952633382e-02 5.898290273134270123e+00 -1.687173167599545498e-02 -5.912337634326553237e-02 9.981080958693931970e-01 1.516065465076551211e-01
7.131950099670010257e-01 -7.004727238726969896e-01 -2.628385185877057245e-02 7.775652412181928597e+00 7.007731276644820761e-01 7.116188733706840797e-01 5.015578337517929974e-02 5.932103529637324790e+00 -1.642867315120049437e-02 -5.418987149830430117e-02 9.983954910382399905e-01 1.109291980884343637e-01
7.021067536465277481e-01 -7.115817146328413667e-01 -2.641154830977387666e-02 7.798029812151590079e+00 7.119660290345251052e-01 7.008805262402656444e-01 4.325345579232077464e-02 6.010862137026037999e+00 -1.226702835832090346e-02 -4.917266860110316995e-02 9.987149586733454765e-01 1.613641577337243116e-01
6.957550956525152541e-01 -7.173794940790108043e-01 -3.593756180519183663e-02 7.902960924142524490e+00 7.182564391855339458e-01 6.944644882183934609e-01 4.274063841453895618e-02 6.139402249358185237e+00 -5.703897095576445503e-03 -5.554940214356425543e-02 9.984396473895733592e-01 2.505849796129802631e-01
6.873132199514111473e-01 -7.252981576424344379e-01 -3.928256865981813450e-02 8.004261338710174201e+00 7.262192306546317866e-01 6.851041915470386101e-01 5.690233520755915569e-02 6.244831930374105333e+00 -1.435850644801916001e-02 -6.763748402453290121e-02 9.976066379327140909e-01 2.300416768059054262e-01
6.890862195850679939e-01 -7.240557844598467518e-01 -3.005666262570504468e-02 8.123335076137916388e+00 7.242130325175695216e-01 6.865625218760820214e-01 6.440021030136629243e-02 6.292758223400062967e+00 -2.599356669765224073e-02 -6.614472424457119859e-02 9.974714080839331976e-01 1.569212362491923529e-01
6.880821907742922239e-01 -7.253306692066933126e-01 -2.093607048662745815e-02 8.233613742759242626e+00 7.252589812359907517e-01 6.865155048222472134e-01 5.192178516950315265e-02 6.362533286428084800e+00 -2.328752618428068730e-02 -5.091052884056020827e-02 9.984316747666767133e-01 1.402325371102468576e-01
6.963305745722070395e-01 -7.175568467505912817e-01 -1.535912098033389434e-02 8.274477844776829016e+00 7.177127637836011598e-01 6.960591227623758037e-01 1.975060306361556967e-02 6.445655003684927387e+00 -3.481324179778142076e-03 -2.477638594751715301e-02 9.996869565425643422e-01 1.946516805711606124e-01
7.069771945887907139e-01 -7.071010687550977059e-01 -1.383202431901403573e-02 8.368703384868881656e+00 7.070593907669725509e-01 7.071025920724858249e-01 -8.540621324564547090e-03 6.549226217997135002e+00 1.581974271601665344e-02 -3.742038183990162130e-03 9.998678577145224677e-01 2.444771625804937620e-01
7.355339103778164578e-01 -6.773723864223676339e-01 -1.251066731972363261e-02 8.425481742245024108e+00 6.774002341999773025e-01 7.356103949471738401e-01 -2.503907242430540581e-03 6.634145697833316646e+00 1.089905455230002693e-02 -6.633020287130522372e-03 9.999186035131741868e-01 2.557462940323821377e-01
