1.000000000000000000e+00 0.000000000000000000e+00 0.000000000000000000e+00 0.000000000000000000e+00 0.000000000000000000e+00 1.000000000000000000e+00 0.000000000000000000e+00 0.000000000000000000e+00 0.000000000000000000e+00 0.000000000000000000e+00 1.000000000000000000e+00 0.000000000000000000e+00
9.999984190850336185e-01 -1.743797149227345380e-03 -3.478490128072037123e-04 1.439313373576180978e-02 1.744023657215549705e-03 9.999982666825353306e-01 6.519305238973129024e-04 -4.854362909645513341e-02 3.467115752853683146e-04 -6.525361501580654536e-04 9.999997269937909161e-01 -1.332317086311213088e-02
9.999928670009785581e-01 -3.754515917877880408e-03 -4.117734639896809758e-04 1.479338258149727643e-02 3.754671815903963539e-03 9.999928795693043826e-01 3.784841416758020615e-04 -9.876255645920076209e-02 4.103495072506822242e-04 -3.800275161685690538e-04 9.999998435961722221e-01 -2.342590600827457528e-02
9.999944981554742540e-01 -3.300838204313638006e-03 -3.288250753788527739e-04 1.340031922945726303e-02 3.300899918828243459e-03 9.999945344712253270e-01 1.873163187815675293e-04 -1.073022507438579631e-01 3.282049773146158088e-04 -1.884007068609311959e-04 9.999999283933307392e-01 -1.853128660201174005e-02
9.999982845964330291e-01 -1.810717446487686115e-03 3.900083592778712986e-04 -2.164882406608818755e-02 1.810827473628518446e-03 9.999983207035477717e-01 -2.819467062511213200e-04 -6.457603417743160157e-02 -3.894971785182285619e-04 2.826524604506608796e-04 9.999998841997606025e-01 3.960048324828787866e-03
9.999996083147452142e-01 -7.334957109436633389e-04 4.953326136929234310e-04 -5.680422740315871355e-02 7.335728015096286761e-04 9.999997188499419876e-01 -1.554701962854549856e-04 -1.851707539695539653e-02 -4.952184377079754023e-04 1.558334979231773500e-04 9.999998652373008889e-01 1.208526756465910963e-02
9.999985475001468282e-01 1.491049596265055927e-03 8.256928593496988718e-04 -9.423275744413726895e-02 -1.491187058122823983e-03 9.999988744201961932e-01 1.658900189655206948e-04 2.172627632640636644e-02 -8.254445797206892525e-04 -1.671210405161392188e-04 9.999996453558389620e-01 1.604543754189074675e-02
9.999992962176700306e-01 7.968820179122470485e-04 8.789443748719275463e-04 -5.520405978357699472e-02 -7.977852609748854393e-04 9.999991536094081646e-01 1.027773878230929224e-03 3.167665664198515696e-05 -8.781246164196356962e-04 -1.028474363769324050e-03 9.999990855684024460e-01 1.849950677153915438e-02
9.999990147055023426e-01 -1.297808900495736259e-03 5.350514762349014870e-04 -4.864959813205907424e-02 1.297246434907903690e-03 9.999986070659098170e-01 1.050246603002357587e-03 -5.962390912466360854e-03 -5.364137503325520744e-04 -1.049551474580120557e-03 9.999993053507540974e-01 1.636455067195191279e-02
9.999967707597847699e-01 -2.453573583554588891e-03 6.621530582546337161e-04 -7.668486676189883999e-02 2.453205632575027051e-03 9.999968363569844421e-01 5.559299837502922016e-04 -4.191026083486748370e-03 -6.635149785611713612e-04 -5.543037909066947594e-04 9.999996262475204789e-01 1.889335046332480880e-02
9.999990817341786187e-01 -9.686857829289833091e-04 9.477228780598344945e-04 -7.715957825392483205e-02 9.681365483327991715e-04 9.999993632611408056e-01 5.798180203599644306e-04 -1.018656754405500645e-02 -9.482839360808589454e-04 -5.788999627769527952e-04 9.999993828160144149e-01 2.820892304698641856e-02
9.999998876114850610e-01 -1.646897345996472538e-05 4.738204197067751532e-04 -3.787052491036926871e-02 1.624888093453831660e-05 9.999998919849271140e-01 4.645063056861059862e-04 1.919187993795992697e-03 -4.738280184690483164e-04 -4.644985544293479015e-04 9.999997798640266611e-01 1.059870987810565546e-02
9.999999803870709414e-01 -1.879308966021747457e-04 -6.251268473424292590e-05 -7.412576088559767740e-03 1.879546735351355659e-04 9.999999099214418319e-01 3.805655646450203824e-04 8.091757980367609779e-03 6.244115907541075608e-05 -3.805773067322660501e-04 9.999999256310048157e-01 -6.039307452811875504e-03
9.999995953066364018e-01 -8.982247485605426374e-04 5.078252220707872257e-05 -6.325059474775091700e-03 8.982143057599507137e-04 9.999995755338848547e-01 2.052878734258103434e-04 4.822818509092057990e-03 -5.096689530010922931e-05 -2.052421767592413424e-04 9.999999776390119388e-01 -5.749826273311338387e-03
9.999995791070107609e-01 -9.174882712523180738e-04 1.036021925159721751e-06 -6.754321710280749777e-03 9.174881332703235370e-04 9.999995711520733854e-01 1.261395840301260927e-04 -5.370152700208716962e-03 -1.151753069752153864e-06 -1.261385804010373482e-04 9.999999920438659151e-01 -3.438724438267493251e-03
9.999999535398791384e-01 -1.494585748147533226e-04 2.656734346791847523e-04 -1.457277272779572766e-02 1.494771276365265027e-04 9.999999863912479858e-01 -6.981469944419946456e-05 -1.616298628524415540e-02 -2.656629966582208023e-04 6.985440830250527603e-05 9.999999622717662406e-01 5.441745112225332762e-03
9.999999193595922042e-01 -3.865313598372251917e-04 1.089693397778127715e-04 1.303821110387162405e-02 3.865381812686826454e-04 9.999999233356456907e-01 -6.258543964687581483e-05 -3.482538722311410984e-02 -1.089451401886559664e-04 6.262755541037218936e-05 9.999999921043728479e-01 2.184409216413446195e-03
9.999996310055054849e-01 -8.117847898953430008e-04 -2.810592600787516194e-04 3.835104804348470064e-02 8.117971227812657928e-04 9.999996695348106757e-01 4.376871932507004752e-05 -3.895461683674569797e-02 2.810236364178287922e-04 -4.399686627331654516e-05 9.999999595449949874e-01 -1.189523152105726247e-02
9.999997430822716860e-01 -5.615410718252362250e-04 -4.455412610264663197e-04 2.810491375029808281e-02 5.613866544289641261e-04 9.999997823451919343e-01 -3.466332253629447226e-04 -6.203765976757685818e-02 4.457358128451692665e-04 3.463830153887861862e-04 9.999998406691832376e-01 -3.017468918993919738e-02
9.999891749914456840e-01 4.646016252509063346e-03 -2.538363826960269003e-04 8.136216807623674468e-03 -4.646177818912706342e-03 9.999890018729368224e-01 -6.396599430202219109e-04 -7.118370318131905794e-02 2.508617204798857222e-04 6.408323876667821727e-04 9.999997632010960702e-01 -2.319112123508591111e-02
9.999820525677350913e-01 5.988278388605042767e-03 -1.872547995509434178e-04 -1.010003032014281099e-02 -5.988372392862656955e-03 9.999819417458354343e-01 -5.055475378631871112e-04 -6.545756246707626347e-02 1.842240586607809887e-04 5.066598160550565529e-04 9.999998546786529330e-01 -1.572990789846890128e-02
9.999853558085309846e-01 5.411636258298295130e-03 -4.859520017382536232e-05 -1.459809745761518444e-02 -5.411644109746161987e-03 9.999853436756108715e-01 -1.629171566609762640e-04 -7.744409848870505153e-02 4.771283955472245482e-05 1.631777507997231736e-04 9.999999855482532007e-01 -8.442983915277878920e-03
9.999906915448398825e-01 4.307009699009371750e-03 -2.578587319325702947e-04 2.092007144122248405e-02 -4.306987641967503430e-03 9.999907211847939292e-01 8.603352678918538775e-05 -8.579779406657120355e-02 2.582268865433684653e-04 -8.492213157815201746e-05 9.999999630535526540e-01 -1.388387483779128517e-02
9.999882786640478249e-01 4.829837989804067720e-03 -3.394105284442839958e-04 3.665455540953244107e-02 -4.829862834455412625e-03 9.999883335222693459e-01 -7.241791797931287965e-05 -7.715066057984966419e-02 3.390568019075133346e-04 7.405637544152320441e-05 9.999999397780673371e-01 -1.879346749879530834e-02
9.999825249535141403e-01 5.886815553813712007e-03 -5.433141170040291148e-04 6.238838773069238508e-02 -5.886995766392453741e-03 9.999826168113158387e-01 -3.306902470599659845e-04 -7.237624033630245257e-02 5.413579599823313809e-04 3.338829561391501942e-04 9.999997977268448857e-01 -2.873830569284120673e-02
9.999321509937747487e-01 1.163784617469940802e-02 -5.039299324634158002e-04 1.016849084744922416e-01 -1.163795970749119738e-02 9.999322517983254555e-01 -2.229515129200285129e-04 -7.097882548760905963e-02 5.013011167049416126e-04 2.288011021308484496e-04 9.999998481736115385e-01 -3.624120681699971591e-02
9.999083376268930179e-01 1.352942689113186860e-02 -5.205307108385505161e-04 7.864075023242671214e-02 -1.352943161691800601e-02 9.999084730360208173e-01 -5.558452182747374214e-06 -2.452387877911946235e-02 5.204078655704951276e-04 1.260042733862539106e-05 9.999998645084321458e-01 -5.092253605734602812e-02
9.999342553888311835e-01 1.144672830182338549e-02 -6.762478598521578371e-04 7.339093874979552012e-02 -1.144683242228692124e-02 9.999344715719432619e-01 -1.502984850135224710e-04 -2.295797622525532281e-02 6.744831204707995957e-04 1.580294996257238101e-04 9.999997600495699190e-01 -5.909379266154100169e-02
9.999571860057100414e-01 9.207737842499357298e-03 -9.185419781856581653e-04 9.655276486711393547e-02 -9.207836866498468956e-03 9.999576016012049484e-01 -1.036349643157388100e-04 -2.035575891243426513e-02 9.175487898938210511e-04 1.120883119791326877e-04 9.999995727701229686e-01 -6.248519375408832788e-02
9.999976612779274410e-01 -1.923336069065937747e-03 -9.890485533853307989e-04 1.306906855121034439e-01 1.924052978452041058e-03 9.999978866246470588e-01 7.244076031707114482e-04 -6.342033462419065237e-03 9.876531838826116232e-04 -7.263088907976351450e-04 9.999992485080093640e-01 -5.172877316592074115e-02
9.997079544999337708e-01 -2.415114336862371133e-02 -8.532195184326722302e-04 1.755463547846727590e-01 2.415205147648988651e-02 9.997077234422407921e-01 1.070560324855478803e-03 3.325197145051184827e-02 8.271148864784668006e-04 -1.090854674259986862e-03 9.999990629580830515e-01 -3.359761643524872970e-02
9.986154159583072731e-01 -5.259644976900841595e-02 -9.297753024773145521e-04 2.089282631612069951e-01 5.259810696695531307e-02 9.986140327744497114e-01 1.858141394755413039e-03 5.680512794706864266e-02 8.307550238479865980e-04 -1.904473062647960881e-03 9.999978414118922965e-01 -3.174549975997524587e-02
9.979138598586774211e-01 -6.454630017793683283e-02 -1.305157191911649481e-03 2.255221590613412652e-01 6.455006753690609167e-02 9.979096968461994566e-01 3.086376728020065723e-03 1.730475095763595039e-02 1.103214818968209368e-03 -3.164186098520674947e-03 9.999943854059367698e-01 -5.914285437797992678e-02
9.974992273208210802e-01 -7.066550172398680663e-02 -1.295515519812203385e-03 2.529898002861689088e-01 7.066732287012572611e-02 9.974989311816552240e-01 1.418368719680993982e-03 -2.960859319623338620e-02 1.192045609136052880e-03 -1.506372315459641445e-03 9.999981549331543595e-01 -4.458429482961412393e-02
9.969062575422974470e-01 -7.859152951630049566e-02 -1.133649548585342979e-03 2.639218978611285737e-01 7.859041289297249988e-02 9.969064905135778254e-01 -9.980847729107128561e-04 -6.728397209262823586e-02 1.208583601842498200e-03 9.059029695731186113e-04 9.999988593320929819e-01 -9.969723323335209081e-03
9.968467365911948264e-01 -7.930936495383138218e-02 -2.570676585059029039e-03 3.155603385828830709e-01 7.929832841121638165e-02 9.968423182252053039e-01 -4.143393124651481400e-03 -1.833069772953792032e-01 2.891169083927676298e-03 3.926477558642188330e-03 9.999881118869912155e-01 -5.888923014743899925e-02
9.964913173021925363e-01 -8.342306839821773956e-02 -6.756197182382488696e-03 3.791129002333168407e-01 8.322462344274882129e-02 9.962000620189670475e-01 -2.567291347351843486e-02 -1.854337983613995600e-01 8.872237268784659292e-03 2.502055339980284801e-02 9.996475655516867675e-01 -1.005133840928848082e-01
9.960175508322666182e-01 -8.842925428290349110e-02 -1.137125415522889649e-02 3.869617713950115334e-01 8.764280451441805453e-02 9.945103748565398138e-01 -5.716513902329058844e-02 -7.524506246809609111e-02 1.636390084731376843e-02 5.594087315795343712e-02 9.982999756883624842e-01 -3.793728917640704079e-02
9.987513582678498869e-01 -4.845018968016695515e-02 -1.217799154544168053e-02 4.671883814362914888e-01 4.755788371422500771e-02 9.967397634988427457e-01 -6.517738531803302093e-02 -4.795210241714503718e-02 1.529614509441047307e-02 6.451684260894155476e-02 9.977993811207861441e-01 1.124225302044338896e-02
9.991630121040563361e-01 -3.984267258345259438e-02 -9.264808932580585049e-03 7.067353709656496452e-01 3.924718653929980955e-02 9.975790367011410087e-01 -5.740839558089857325e-02 -6.640686819496133264e-02 1.152968307885493537e-02 5.699672776424385273e-02 9.983077879252819642e-01 -1.666884079772648630e-02
9.983001442114854962e-01 -5.785143260437253937e-02 -7.073458344324477266e-03 7.692001625017909072e-01 5.746455038194090564e-02 9.972765741796348893e-01 -4.623050986018433645e-02 -3.336393268637925791e-02 9.728695530672501479e-03 4.574545155699053650e-02 9.989057543858271826e-01 -5.465986965444534496e-02
9.982330024550379877e-01 -5.939893439461835234e-02 1.624623766890174580e-03 7.224447990095722583e-01 5.942074711387264341e-02 9.977526937998471013e-01 -3.096347570247583517e-02 -5.307794060851141194e-03 2.182247220547952303e-04 3.100529967493364028e-02 9.995191962989196099e-01 -1.124217857016676647e-02
9.978754536533698261e-01 -6.512144010969470043e-02 1.943459318007125219e-03 7.432994153725807074e-01 6.513005354693371385e-02 9.978654399601867286e-01 -4.758135983400949356e-03 -5.232543398825246356e-03 -1.629454219931076187e-03 4.874604712428736927e-03 9.999867914666886737e-01 -2.983908585222220383e-02
9.955929751329288813e-01 -9.375317789236216337e-02 -2.229237772493739347e-03 8.645501312097217950e-01 9.376810028837993805e-02 9.955622816536700004e-01 7.955294893778563220e-03 2.594648089649723155e-02 1.473510865769789768e-03 -8.129267102374635595e-03 9.999658713086695405e-01 5.766963362654548703e-02
9.855085763605332394e-01 -1.671317395785807125e-01 -2.897977821296225664e-02 9.795392198200560951e-01 1.675162732624415896e-01 9.858036886539711663e-01 1.137478037094393629e-02 1.243965452536704985e-01 2.666728542799202961e-02 -1.606452805599023481e-02 9.995152759344102522e-01 7.726113859201784451e-02
9.730782103981614473e-01 -2.255031975845204484e-01 -4.761411899288112842e-02 1.047488668327829053e+00 2.265411640392262782e-01 9.738427101669192565e-01 1.759195414108481390e-02 1.090181461197896606e-01 4.240162077166267224e-02 -2.790490519436285635e-02 9.987108784938860673e-01 -8.754345071834548908e-03
9.626418506089507998e-01 -2.674177936184229387e-01 -4.252518209754074796e-02 1.159434064522726793e+00 2.684748476595950062e-01 9.630497728669642488e-01 2.136331329747050492e-02 9.289287709503595003e-02 3.524093685377423235e-02 -3.198216123314959886e-02 9.988669669843552867e-01 -3.880917973877222316e-02
9.571181283564998976e-01 -2.879429326584603266e-01 -3.183953365544055919e-02 1.334325038394086338e+00 2.888086402205132797e-01 9.570046262701712436e-01 2.705022424062229411e-02 1.321010229838963379e-01 2.268166010962767778e-02 -3.508579241709108842e-02 9.991268835664147696e-01 -1.012488776941513208e-01
9.531331168789454189e-01 -3.019362547846471956e-01 -1.928106727458710895e-02 1.412660181184191677e+00 3.022979004535088499e-01 9.530066254406477366e-01 1.985827907018876404e-02 1.555625526789405910e-01 1.237905044932722555e-02 -2.475620958163148033e-02 9.996168712047247551e-01 -1.021045509131706108e-01
9.500329859264337040e-01 -3.119671504103127546e-01 -1.066877296477817053e-02 1.383626731193206005e+00 3.119173963126004034e-01 9.500897112026814861e-01 -6.089215415255188127e-03 2.048999857508826961e-01 1.203592660632477745e-02 2.457179617880285438e-03 9.999245465229127383e-01 5.565903092286236808e-02
9.552208858025524885e-01 -2.949777040622995061e-01 -2.326399434150382486e-02 1.380800878013981325e+00 2.945695823350211739e-01 9.554323165724378786e-01 -1.943835414833269826e-02 2.358304276164861490e-01 2.796105308385614038e-02 1.171505677149300463e-02 9.995403628444838873e-01 2.100832455328297266e-01
9.599506055077343669e-01 -2.764450260310580276e-01 -4.553001831782967773e-02 1.653487867418345081e+00 2.763906711794579252e-01 9.610152354252993190e-01 -7.610135703476575246e-03 2.883901651476385997e-01 4.585882543527474570e-02 -5.278717945129593990e-03 9.989339834376207428e-01 1.406197538226851840e-01
9.551940650412618083e-01 -2.922167525143944400e-01 -4.704962975296321515e-02 1.889970982677026345e+00 2.933759627369889045e-01 9.557916082504444022e-01 1.982286775857663996e-02 3.300514254708213358e-01 3.917706724723911405e-02 -3.273791606028464418e-02 9.986958427138540317e-01 -5.012240320795004200e-02
9.453697024464077225e-01 -3.238077443918046527e-01 -3.774480584507378805e-02 1.998595206137609548e+00 3.250376319478111564e-01 9.451300027676621252e-01 3.286054908485631920e-02 3.294182797493492298e-01 2.503324817417595244e-02 -4.333384982078887504e-02 9.987469719331114604e-01 -1.914992252008806406e-01
9.238950576140959603e-01 -3.821345578214492278e-01 -1.977630488366789382e-02 1.968192465001883606e+00 3.825536348673413967e-01 9.235729150449252245e-01 2.580284955589440613e-02 3.928193667188863425e-01 8.404699044651263440e-03 -3.140462249454282345e-02 9.994714156592694465e-01 -4.517695486365813640e-02
8.991430867751790679e-01 -4.373924577481143050e-01 -1.515082207231094671e-02 1.969775336387309617e+00 4.376260670413159026e-01 8.989417510962822710e-01 1.967621868905328544e-02 4.448900237030495863e-01 5.013476872637010612e-03 -2.432213068408703785e-02 9.996916019496381312e-01 1.060776200124610574e-01
8.586112239773882049e-01 -5.124535828069743948e-01 -1.334509379310017292e-02 2.108176713491811238e+00 5.126132138750710832e-01 8.581035168449125949e-01 2.976654731512256777e-02 5.111323014257496133e-01 -3.802501902943412546e-03 -3.239876304256356782e-02 9.994677889419898431e-01 1.464143662097593945e-01
8.336355369998549314e-01 -5.522194973182309452e-01 -1.026733814403679376e-02 2.232298916157705815e+00 5.519847247142201097e-01 8.323504357619956329e-01 5.005612618833805288e-02 5.146244598760774114e-01 -1.909594546311718308e-02 -4.739597945413166064e-02 9.986936296975430505e-01 -3.589202101085459118e-03
8.114200626518095483e-01 -5.844616434364636737e-01 -1.438498412041001873e-03 2.362640481966456374e+00 5.835280114281707897e-01 8.099797829441358621e-01 5.854751147961017449e-02 5.515186326841788889e-01 -3.305362014693773165e-02 -4.834602955071368863e-02 9.982835867737500646e-01 -4.696433165704429202e-02
8.080022955281364050e-01 -5.891743073657286223e-01 2.434329759150595518e-03 2.423409621026695326e+00 5.883202987629868597e-01 8.070403559235395097e-01 5.064671730958213158e-02 6.123840216908548184e-01 -3.180434694648105742e-02 -3.949049823591585517e-02 9.987136647029453140e-01 6.019086935715262099e-03
8.049779479409582272e-01 -5.932120483242659947e-01 -1.048661297525207634e-02 2.552213694921445342e+00 5.932903114165728464e-01 8.047094134313749203e-01 2.119826205514406536e-02 7.118617098585016123e-01 -4.136388278449630931e-03 -2.328573936685692652e-02 9.997202931991271413e-01 5.254237272943207415e-02
8.076039796473997168e-01 -5.888530982947618453e-01 -3.205995455926136800e-02 2.572398764200615418e+00 5.891260678127557826e-01 8.080403333228849405e-01 -1.138396644947081704e-03 7.559999038489210177e-01 2.657608475984755275e-02 -1.796798130287677320e-02 9.994852992249244616e-01 5.968809553156733533e-02
8.334120187271021329e-01 -5.495286733658976130e-01 -5.867405039651877457e-02 2.667375125022991345e+00 5.493647499887978070e-01 8.353350730574204963e-01 -2.033930160796364184e-02 8.110620940699831971e-01 6.018952160436390891e-02 -1.528243661432128649e-02 9.980699718056680325e-01 1.105554281027420760e-01
8.331771897221446066e-01 -5.478112651080960793e-01 -7.562134848954218946e-02 2.906220627811471502e+00 5.486302208420065218e-01 8.359882044171073057e-01 -1.134031985051403221e-02 9.069652332795035132e-01 6.943091030341325132e-02 -3.203966129858633327e-02 9.970721181531009281e-01 1.623415797181261833e-01
8.342625127854164102e-01 -5.466182134537812543e-01 -7.221210758286690512e-02 2.966620312840490215e+00 5.484185304555732055e-01 8.361803997175761838e-01 6.281288172363088534e-03 9.557336301753603935e-01 5.694888246412478650e-02 -4.484270117590055671e-02 9.973695187528723860e-01 7.506180233323732354e-02
8.171347155820951613e-01 -5.717216415289142484e-01 -7.365610088819675438e-02 3.062408910671349460e+00 5.736336406656318276e-01 8.190897424602557875e-01 6.036563019196264368e-03 9.899899232184257158e-01 5.687972298861206782e-02 -4.718430251551571086e-02 9.972654304190349261e-01 3.483960002113220544e-02
7.935641470670246056e-01 -6.029090316745929767e-01 -8.219880786842620468e-02 3.034570260335777370e+00 6.043892087394838741e-01 7.966458252051213940e-01 -8.313455509697264406e-03 1.037641148958316162e+00 7.049559453644099749e-02 -4.308281221619440771e-02 9.965812773891038479e-01 7.524858671273028377e-02
7.694030631187962488e-01 -6.313619064927166180e-01 -9.695911248199279298e-02 3.122677893171848407e+00 6.333130855530072489e-01 7.737855818053183121e-01 -1.305408202572670359e-02 1.099646963296702973e+00 8.326741337848120317e-02 -5.136162400165379671e-02 9.952027539397033662e-01 1.575723654918693151e-01
7.449608047686319123e-01 -6.568396934654895380e-01 -1.165976691303647478e-01 3.228340505434223573e+00 6.616691700401554632e-01 7.497869358359183778e-01 3.668823811008511959e-03 1.167128221422957246e+00 8.501357995546472701e-02 -7.988221290090831428e-02 9.931724539500729199e-01 1.336811716563659491e-01
7.413443599869822265e-01 -6.607195059698094397e-01 -1.177211720401332012e-01 3.414317639827545214e+00 6.677980509354719540e-01 7.436761136657712434e-01 3.148969878801143735e-02 1.226065823204836036e+00 6.674056549263289451e-02 -1.019586798364215119e-01 9.925472908248441639e-01 4.594891335900838647e-02
7.235300785545288882e-01 -6.835050544170448994e-01 -9.656638138208181732e-02 3.547691837903034440e+00 6.892929521446580221e-01 7.229045430363323366e-01 4.779380484051799771e-02 1.314573258317891735e+00 3.714096862737018001e-02 -1.011427814714619261e-01 9.941783975754234781e-01 -1.440107650683716822e-02
7.173861084404871136e-01 -6.927975201686434881e-01 -7.340822477618982878e-02 3.593770954511834592e+00 6.963433723305468837e-01 7.163068314953832116e-01 4.483782961257354316e-02 1.362474502792281550e+00 2.151927572979830949e-02 -8.328336689413259886e-02 9.962935318322819755e-01 8.705235558916085692e-03
7.152725900891669930e-01 -6.958670013214413030e-01 -6.445338112961640498e-02 3.646043949339003554e+00 6.982841162642691168e-01 7.153480243575059960e-01 2.600955633688844040e-02 1.459043337440511179e+00 2.800740688038079809e-02 -6.361069501049461394e-02 9.975817082525715307e-01 7.306656273479988917e-02
7.139052970144090793e-01 -6.973137621380260942e-01 -6.397455765912581083e-02 3.739368897298931849e+00 6.991402628840173161e-01 7.149243869443246968e-01 9.274360719130032155e-03 1.538660915935965434e+00 3.926983205000317972e-02 -5.134820430349923415e-02 9.979084337781551906e-01 1.258314484850211468e-01
7.229812300420879190e-01 -6.879104664736813701e-01 -6.385398282638102274e-02 3.799597003071245371e+00 6.898627565332301481e-01 7.238227445851173059e-01 1.303884847834116401e-02 1.620404627208027470e+00 3.724940476306674159e-02 -5.347732731943626028e-02 9.978740688621822175e-01 1.400422527454266985e-01
7.305542889808911422e-01 -6.806692147839338292e-01 -5.458801056136397545e-02 3.993522362273069337e+00 6.826172005846454782e-01 7.300708855220373605e-01 3.209765690903747248e-02 1.706452989760165240e+00 1.800523028474268483e-02 -6.071179587601778505e-02 9.979929305981591892e-01 9.834407721958356163e-02
7.195372799560955102e-01 -6.935981463906285560e-01 -3.446322789391326885e-02 4.109539925623128198e+00 6.943649127688816813e-01 7.177646466642465528e-01 5.168442622698528333e-02 1.813784080379774455e+00 -1.111173563611610876e-02 -6.111892769374764611e-02 9.980686379246266338e-01 3.272848127974424537e-02
7.107890324150301087e-01 -7.031792249712481846e-01 -1.783056273200540887e-02 4.138016487872537397e+00 7.028519145570312210e-01 7.089963939666168447e-01 5.764806628022799834e-02 1.869288541492089895e+00 -2.789511788863448249e-02 -5.350785840574003721e-02 9.981777254010482103e-01 4.215986516112637389e-02
6.926384465129367118e-01 -7.210887912941289501e-01 -1.682074558745342424e-02 4.181061050276019486e+00 7.206471128658838987e-01 6.908572087070646850e-01 5.817263871915531737e-02 1.933660992092935293e+00 -3.032690439546600197e-02 -5.241442785584392305e-02 9.981648193671889269e-01 9.048939169603512078e-02
6.647749891897664076e-01 -7.462826898947922949e-01 -3.370994676856040040e-02 4.341037928788639810e+00 7.467384534030621079e-01 6.625367912878226129e-01 5.853787149563126346e-02 2.041073699768745531e+00 -2.135172023395007224e-02 -6.408702640495454739e-02 9.977158699196990721e-01 1.026553564683078401e-01
6.482639917074373148e-01 -7.604447149203340528e-01 -3.843998706128410464e-02 4.405073044476496946e+00 7.609313491080370584e-01 6.452251898589578261e-01 6.832229735667942616e-02 2.118842186837509800e+00 -2.715288198630944755e-02 -7.354107642130190692e-02 9.969224799745634025e-01 6.157011011888673807e-02
6.399179133626385907e-01 -7.681802723847702685e-01 -2.010306634487688676e-02 4.517759727946097037e+00 7.669872179297775316e-01 6.368770999131858623e-01 7.821871348027760462e-02 2.191534019715735582e+00 -4.728289003377841165e-02 -6.547235084392420690e-02 9.967335148298284153e-01 7.315967267574681465e-02
6.358884693101609642e-01 -7.717699724617470558e-01 -4.118762529549822166e-03 4.567821241539468780e+00 7.699332524501087960e-01 6.339880032983453706e-01 7.253963361759144246e-02 2.289421907552951385e+00 -5.337266500726442486e-02 -4.929828881585605893e-02 9.973570260191937376e-01 9.004328871739492035e-02
6.427991070725123102e-01 -7.659958966363101807e-01 7.719733357820852265e-03 4.648490471092608267e+00 7.647590383821604165e-01 6.422773637918509637e-01 5.121914850310956696e-02 2.377410546797567914e+00 -4.419186757282493605e-02 -2.701988706351946684e-02 9.986576012545543835e-01 9.103771417528534748e-02
6.499823657449539382e-01 -7.597502109080105370e-01 1.739371282465003096e-02 4.725846526927957036e+00 7.589309124083600810e-01 6.501258176147821644e-01 3.688212930031512654e-02 2.490331003365849671e+00 -3.932930728613326377e-02 -1.077210731214946725e-02 9.991682377319889286e-01 1.132131918628630218e-01
6.732527341706464608e-01 -7.389801097966793852e-01 2.528148050721849144e-02 4.783583474659281798e+00 7.375248938633641727e-01 6.735829482414976699e-01 4.840498703775671097e-02 2.562946984196856626e+00 -5.279949681183047222e-02 -1.394306864286938563e-02 9.985077886392462743e-01 1.186393233691099280e-01
6.916254969552151355e-01 -7.218681550069075969e-01 2.367569953295685717e-02 4.912702813730551732e+00 7.195342225386026636e-01 6.914918627584534239e-01 6.410543139713587024e-02 2.685734461827246733e+00 -6.264722306072614821e-02 -2.730147479106887279e-02 9.976622449090735145e-01 9.490043274321245670e-02
6.828306053496076000e-01 -7.303244094939381759e-01 1.919951289014957749e-02 5.061181123916999702e+00 7.281722839742629239e-01 6.824786159186888579e-01 6.315111768936540471e-02 2.800961449985642115e+00 -5.922405971895028376e-02 -2.914096276792017826e-02 9.978192797492765331e-01 4.876726992013209749e-02
6.620177338685275803e-01 -7.492887276473261249e-01 1.728938009966007189e-02 5.091244505156659272e+00 7.475060999940301709e-01 6.617678434097671314e-01 5.742779728059327349e-02 2.859332397796915615e+00 -5.447155693840809859e-02 -2.509430312714825903e-02 9.981999426143384202e-01 4.460360251891055255e-02
6.410802463361544579e-01 -7.672286843117057664e-01 1.939751857595402654e-02 5.074261153971618477e+00 7.654863306245514032e-01 6.410335568859986122e-01 5.573738936338221844e-02 2.936876048830899588e+00 -5.519778423574304982e-02 -2.088360398528259915e-02 9.982570208618871677e-01 1.174445690077872695e-01
6.130177022780197715e-01 -7.899528154568752347e-01 1.355898394176921137e-02 5.182949914905275790e+00 7.877266784618942586e-01 6.124307089039117136e-01 6.644777521364987616e-02 3.028429612031753315e+00 -6.079454525834275536e-02 -3.005288909918997498e-02 9.976977734382407315e-01 1.575618475024129772e-01
5.939955819277056293e-01 -8.044345195626564360e-01 7.372407094329895549e-03 5.257492326259177950e+00 8.009830765272559772e-01 5.922494881558303392e-01 8.755943636233184946e-02 3.102815386799770092e+00 -7.480213745140268378e-02 -4.610474503947750713e-02 9.961320157075297388e-01 1.050189794094238543e-01
5.954970579827982835e-01 -8.033574863181699444e-01 5.577080808055051575e-05 5.348279699741097737e+00 7.996507717309199181e-01 5.927560757336507447e-01 9.591078120308738075e-02 3.193481470712850712e+00 -7.708370258346258774e-02 -5.706999086554873091e-02 9.953899331109544724e-01 6.931347964598461031e-02
6.024203476355993736e-01 -7.980877767868703732e-01 -1.206753073309222921e-02 5.460159384900357793e+00 7.956899480251975465e-01 5.992800503526498623e-01 8.798254293315271868e-02 3.298867530424892891e+00 -6.298596166021555587e-02 -6.260448700146054035e-02 9.960489178956131173e-01 6.864888920540500317e-02
6.130741544314810554e-01 -7.898651964646726809e-01 -1.590762653411308819e-02 5.509318091427997111e+00 7.888041781338438474e-01 6.108832508420553031e-01 6.789420004119549323e-02 3.432375831336249572e+00 -4.390956304401031490e-02 -5.417218155535895308e-02 9.975656996001903698e-01 1.093575536458532838e-01
6.369422222029137437e-01 -7.706720769801825854e-01 -1.921341558041119585e-02 5.600963265045618478e+00 7.703284000096412010e-01 6.352935081234916126e-01 5.473860314927121024e-02 3.485335273631767095e+00 -2.997935479292881955e-02 -4.966596721295869071e-02 9.983158468075126191e-01 1.154791737282501451e-01
6.526227642869337764e-01 -7.575163573382380777e-01 -1.589011955550196850e-02 5.678935867609911092e+00 7.570527471602278569e-01 6.510812669843013545e-01 5.444558567293654450e-02 3.583740285548546289e+00 -3.089766255938159942e-02 -4.756208728729015289e-02 9.983902955764557552e-01 1.278524730747886418e-01
6.802842029294824400e-01 -7.329281473671983571e-01 -5.452892946415110326e-03 5.718790159394562700e+00 7.315839064908621348e-01 6.785451770307229236e-01 6.604112727622363233e-02 3.650799200086443985e+00 -4.470336685494911977e-02 -4.891598435308514015e-02 9.978020021359952363e-01 1.680791968828840577e-01
6.873584651038324722e-01 -7.263183183612530458e-01 2.021459500753941541e-04 5.842991202873635714e+00 7.241825737983297318e-01 6.853585570734125332e-01 7.644114110265977369e-02 3.784004615003757621e+00 -5.565914351596099735e-02 -5.239607484470119869e-02 9.970740750234849958e-01 1.278267147604031373e-01
6.852776595606697718e-01 -7.282817441846378692e-01 -4.799942003801266344e-04 5.936851902749240573e+00 7.262891284473218523e-01 6.833536853839743408e-01 7.437635761026305248e-02 3.859669169273066469e+00 -5.383893764071005089e-02 -5.131707083926233259e-02 9.972301274200443544e-01 5.113743456387935538e-02
6.759029524455705262e-01 -7.369855331307889612e-01 -2.742778023757868472e-03 5.985908428692172656e+00 7.359149507445129634e-01 6.747107534585363720e-01 5.652065496891583996e-02 3.919031534971638919e+00 -3.980432320818862169e-02 -4.022092892190452795e-02 9.983976626227633044e-01 5.452372666879976015e-02
6.656847391734304065e-01 -7.461751186079951248e-01 -9.301634369640680508e-03 6.064473941662802403e+00 7.460980629428123345e-01 6.652754643706811910e-01 2.731733843839437986e-02 4.010402992821728851e+00 -1.419536912465467655e-02 -2.512466669866608715e-02 9.995835345876280531e-01 1.284427688112063093e-01
6.289401327769619243e-01 -7.773563579805667922e-01 -1.230455564766343331e-02 6.098665457726058392e+00 7.774519169826122900e-01 6.288941102196254906e-01 7.791977356684454820e-03 4.124500952660045350e+00 1.681119436225890496e-03 -1.446688764920336587e-02 9.998939358747939155e-01 1.948641598769313144e-01
6.309561398826450951e-01 -7.758179479219974306e-01 9.280228947258981065e-04 6.103623354758931363e+00 7.756714453640692897e-01 6.308593791584353738e-01 1.871503605792458613e-02 4.143576539512831225e+00 -1.510491281695683016e-02 -1.108852604878962991e-02 9.998244276866100622e-01 2.056559493016030804e-01
6.345095747248263862e-01 -7.728556071445786824e-01 9.581758069597065205e-03 6.251989365144321908e+00 7.722619785406756865e-01 6.344342600166924528e-01 3.323561670125418921e-02 4.274076439255777515e+00 -3.176532831501609894e-02 -1.368868957410501741e-02 9.994016128137791499e-01 1.532152241671993487e-01
6.463381152712199818e-01 -7.630385572608701095e-01 4.381880977029954660e-03 6.361668120407944826e+00 7.624518655436397507e-01 6.460474028123683876e-01 3.591526205413211881e-02 4.375605128648690112e+00 -3.023563256607417205e-02 -1.987242946001304203e-02 9.993452321748906853e-01 7.746191261933796368e-02
6.643179467304267671e-01 -7.474494749508291402e-01 -9.736773591246025011e-04 6.432949968136201235e+00 7.473635635073905270e-01 6.642206403239832024e-01 1.608244101909006227e-02 4.487478557201748153e+00 -1.137407549669983663e-02 -1.141154517703693236e-02 9.998701950969774987e-01 6.709645387592272359e-02
6.762945894723244589e-01 -7.366240812504757374e-01 -3.254408141664180687e-03 6.484932374445892656e+00 7.366004430863674068e-01 6.763001054229864639e-01 -6.160734519882289303e-03 4.583850536123611263e+00 6.739101974833294761e-03 1.769272943838052971e-03 9.999757267943172323e-01 1.163729156799447328e-01
6.980772922412931125e-01 -7.160208118791523413e-01 -1.513609257266992393e-03 6.547363649191546564e+00 7.159934769099712826e-01 6.980665269413168783e-01 -7.514318762073845734e-03 4.658627953581649273e+00 6.437008578105457741e-03 4.161840939672742379e-03 9.999706215687330646e-01 1.792400455289334948e-01
7.037729378816175441e-01 -7.104138519823540721e-01 3.976281814826176930e-03 6.701303726457727983e+00 7.104235903881807035e-01 7.037716074059796600e-01 -1.961333518342118359e-03 4.780704638047349242e+00 -1.405035744531856531e-03 4.205177855653365049e-03 9.999901711285761330e-01 1.720791666063139491e-01
6.997452222646913800e-01 -7.143231562516821898e-01 9.952505230971860073e-03 6.771844472576480811e+00 7.143703431836437856e-01 6.997653142274686822e-01 -1.875575595675571788e-03 4.849701074978436388e+00 -5.624650871009946596e-03 8.422199639456610931e-03 9.999487136127593878e-01 1.162253824058719215e-01
6.935863418159091687e-01 -7.203420971762112268e-01 6.726773535861810781e-03 6.851207063395318819e+00 7.203628530013769238e-01 6.934950664608381388e-01 -1.191439508302854014e-02 4.925820796142906133e+00 3.917456080375222686e-03 1.310937947637479464e-02 9.999063944728040498e-01 1.191944987980109172e-01
6.865489621892819638e-01 -7.270750802252610168e-01 -3.514289721994925952e-03 6.880949050926161270e+00 7.270509423687585571e-01 6.865559228380631041e-01 -6.155649167699780294e-03 5.026567998876720900e+00 6.888375535648425321e-03 1.671086893552348445e-03 9.999748785599936740e-01 1.693347524069434562e-01
6.765768590352669865e-01 -7.363252145935028636e-01 -8.302540081476399159e-03 6.989017088756102503e+00 7.362598320321536161e-01 6.762339739652173387e-01 2.508131159239129077e-02 5.114457799447799324e+00 -1.285354246725173982e-02 -2.308226178349296470e-02 9.996509368959751729e-01 1.528901040344609608e-01
6.693185687286860031e-01 -7.428705414466676427e-01 -1.249048460701094113e-02 7.074648103034280489e+00 7.422300915277426636e-01 6.677996358178771574e-01 5.601908275069557297e-02 5.210655427923320815e+00 -3.327378526260420244e-02 -4.676542582127697634e-02 9.983515664143832735e-01 1.344221551062986519e-01
6.733516700930297638e-01 -7.391087433968740461e-01 -1.777058854460143028e-02 7.170572647434469538e+00 7.382336594429673715e-01 6.708619372528752400e-01 7.039407084949853011e-02 5.316156479722015327e+00 -4.010726179100829875e-02 -6.051881178289328367e-02 9.973609582152362929e-01 1.231462935975770612e-01
6.667300452560835922e-01 -7.448451797347194203e-01 -2.601355375134984521e-02 7.286943945551458413e+00 7.447189786954276913e-01 6.644278612265833717e-01 6.268380968565430422e-02 5.418043056358968990e+00 -2.940560360985597366e-02 -6.116596645048388847e-02 9.976943595232551365e-01 1.043247242176270073e-01
6.704917758469098876e-01 -7.416093562047058052e-01 -2.136214669219738474e-02 7.301954921300225720e+00 7.417444977120238869e-01 6.694371878287178612e-01 4.085280487206999905e-02 5.509372363639087666e+00 -1.599620691272313558e-02 -4.323672445525602454e-02 9.989367883018352989e-01 1.137173794599970200e-01
6.880025342539977107e-01 -7.255508945944288968e-01 -1.511331245294801270e-02 7.363726327336880040e+00 7.256532792263388210e-01 6.875447853152272248e-01 2.663618842663216177e-02 5.586745388590244055e+00 -8.934831175664646741e-03 -2.929278988184392044e-02 9.995309406180483691e-01 1.857356753457468923e-01
7.162319860145487382e-01 -6.976237202901768297e-01 -1.824519383696159708e-02 7.426663041928906139e+00 6.978257617164725923e-01 7.156823006682613286e-01 2.894910698120342629e-02 5.677938254521358807e+00 -7.137821409930408117e-03 -3.346624267343738246e-02 9.994143595660622825e-01 2.599086035190100175e-01
7.232188393252454439e-01 -6.899872384297425221e-01 -2.953169905614086432e-02 7.643116334098295717e+00 6.905273105774154541e-01 7.217649496927467379e-01 4.719524066840057736e-02 5.784873861665674077e+00 -1.124916849221993531e-02 -5.452493190389483962e-02 9.984490412680605553e-01 2.204960864930411990e-01
7.158479356471845190e-01 -6.976228066034324549e-01 -2.973470592446563268e-02 7.693645181317335435e+00 6.980108960650419636e-01 7.138186114790139314e-01 5.695418229287212836e-02 5.878627188791229585e+00 -1.850735000321809473e-02 -6.152568254739270576e-02 9.979338998064630761e-01 1.445542901124614588e-01
7.138713860678405076e-01 -6.998174954122440283e-01 -2.535975687016881960e-02 7.770696917980328244e+00 7.000923319471703543e-01 7.123839281829864589e-01 4.878386634278487899e-02 5.965394399622274690e+00 -1.607391994359702939e-02 -5.257957760872188080e-02 9.984873645250275098e-01 1.503792195451958136e-01
7.018089336286721380e-01 -7.119103049529815763e-01 -2.545463377734845725e-02 7.796793869701201807e+00 7.122875959232455312e-01 7.007567921365305263e-01 3.982836888955837429e-02 6.052607449613259583e+00 -1.051671873112045366e-02 -4.608292499692451250e-02 9.988822566503312572e-01 1.990518506783357511e-01
6.947757404632355360e-01 -7.182155388109777716e-01 -3.811968355351037785e-02 7.895879995334424528e+00 7.192107723829020971e-01 6.934342695809720958e-01 4.341403758109922684e-02 6.150897855803379777e+00 -4.747141471682956443e-03 -5.757910715841894900e-02 9.983296605163481940e-01 2.725687884532262406e-01
6.861902903503569462e-01 -7.262227155328224715e-01 -4.175467486433113995e-02 7.977235005446162930e+00 7.273196409075488589e-01 6.839991296526579667e-01 5.613671333913789613e-02 6.240885398471556655e+00 -1.220759513610412614e-02 -6.888946275403456942e-02 9.975496060559863043e-01 2.359546489643743750e-01
6.873082586948024986e-01 -7.257221719275078753e-01 -3.057264631560816306e-02 8.090668469858339762e+00 7.258500508200468326e-01 6.846256296743179481e-01 6.655412021489796881e-02 6.282266297441646330e+00 -2.736898343844674716e-02 -6.793435335575358225e-02 9.973143247641044207e-01 1.679392209278774140e-01
6.873638389852601005e-01 -7.260168705139992129e-01 -2.074744766240812707e-02 8.205548206579843296e+00 7.259089973047966327e-01 6.857479746814472144e-01 5.297020721347257821e-02 6.362225835578344757e+00 -2.422974385729772043e-02 -5.147056391134965936e-02 9.983805389545898912e-01 1.447255798060873844e-01
6.979401373699291034e-01 -7.159446621847773695e-01 -1.740130274346102582e-02 8.286176880905225417e+00 7.161498241227699513e-01 6.976262039925034131e-01 2.114495003389211397e-02 6.448189879051358098e+00 -2.999009331483829498e-03 -2.721984923057163552e-02 9.996249725526541452e-01 1.828823655586892527e-01
7.078185267275328707e-01 -7.062269330563436531e-01 -1.537700384000942160e-02 8.373240503636390386e+00 7.062139724447794586e-01 7.079619969833430559e-01 -7.185815967668525081e-03 6.554831894017179472e+00 1.596115111854744945e-02 -5.773201294581363149e-03 9.998559455250456418e-01 2.420616298855112203e-01
7.349111339076557226e-01 -6.779738623158566568e-01 -1.603331765678575258e-02 8.418147425717519283e+00 6.781082779226217383e-01 7.349474628576748714e-01 4.624959662849561365e-03 6.608815530801964044e+00 8.648044367368688118e-03 -1.427125977573129312e-02 9.998607615428428685e-01 2.492268579093885883e-01
