1.000000000000000000e+00 0.000000000000000000e+00 0.000000000000000000e+00 0.000000000000000000e+00 0.000000000000000000e+00 1.000000000000000000e+00 0.000000000000000000e+00 0.000000000000000000e+00 0.000000000000000000e+00 0.000000000000000000e+00 1.000000000000000000e+00 0.000000000000000000e+00
9.999978452664647355e-01 -2.026410449526358602e-03 -4.506918211635926614e-04 2.309326945140831311e-02 2.026522689713959342e-03 9.999979156692342386e-01 2.487226871705883299e-04 -5.251356620874296499e-02 4.501868675204471777e-04 -2.496354884411298319e-04 9.999998675069448062e-01 -1.886828759909244674e-02
9.999872964811835629e-01 -5.028835182330498518e-03 -3.430640793196872867e-04 3.722047301514284229e-02 5.028913788258548151e-03 9.999873287918022990e-01 2.286524571631114904e-04 -1.222978038203177964e-01 3.419098767622049339e-04 -2.303747921510664628e-04 9.999999150125420400e-01 -2.281755706000236639e-02
9.999854492215645152e-01 -5.386405690934156602e-03 -2.966123371088865129e-04 4.685551866448360581e-02 5.386535499384702448e-03 9.999853963300567861e-01 4.385908493180037710e-04 -1.419492475585456825e-01 2.942455772334561827e-04 -4.401821803631240210e-04 9.999998598295843921e-01 -1.471432831391789910e-02
9.999920821167291862e-01 -3.978741484071630051e-03 7.293868386726984538e-05 2.700257219376243911e-03 3.978735555029508202e-03 9.999920814992577789e-01 8.125370658494540936e-05 -1.035618108355265132e-01 -7.326139379537161206e-05 -8.096285949274158785e-05 9.999999940388917263e-01 -2.131887222380422081e-03
9.999986674781254914e-01 -1.465902337272373271e-03 7.184513282319572895e-04 -6.586700283561983116e-02 1.466096612502088828e-03 9.999988888415378696e-01 -2.699563158626660077e-04 -2.962691575200838978e-02 -7.180548003242996505e-04 2.710092751985384435e-04 9.999997054755949133e-01 1.612421071153182298e-02
9.999885832216953707e-01 4.606819170294879605e-03 1.269111263267152937e-03 -1.387022579458777605e-01 -4.606416075527444871e-03 9.999893390934163628e-01 -3.203598782015536195e-04 5.023176103774364826e-02 -1.270573573418823160e-03 3.145101661990997257e-04 9.999991433627080095e-01 2.211882492813405099e-02
9.999956297369554381e-01 2.693978922871743519e-03 1.217778532036955597e-03 -8.836402247392367848e-02 -2.694887030098885600e-03 9.999960915077484858e-01 7.446832357717458753e-04 2.551888864953226477e-02 -1.215767611417614214e-03 -7.479617568816398316e-04 9.999989812306436798e-01 2.306619417694824245e-02
9.999973132523812813e-01 -2.163706478890929132e-03 8.317825990475340029e-04 -6.486838805205485947e-02 2.163099989694088759e-03 9.999973945176889867e-01 7.293533217993196892e-04 8.338380899303388105e-03 -8.333585383604634944e-04 -7.275521332795915896e-04 9.999993880905326815e-01 1.713308912034448156e-02
9.999930775480823097e-01 -3.664253152015479759e-03 6.466102017603173741e-04 -1.031509323938510081e-01 3.664066715562300496e-03 9.999932454437390206e-01 2.892784157467862449e-04 1.045949843445233805e-02 -6.476658235420409450e-04 -2.869071903126493568e-04 9.999997491065910626e-01 1.186585251496248550e-02
9.999990938259750717e-01 -1.112955150548261248e-03 7.574153825071764301e-04 -1.077951652096787172e-01 1.112697082668670035e-03 9.999993227921374350e-01 3.410578670207035207e-04 1.229638306673146858e-02 -7.577944516892598905e-04 -3.402147840764392791e-04 9.999996550006753360e-01 1.621702414666074607e-02
9.999998152597256995e-01 4.843769700384203156e-04 3.672321683526652471e-04 -5.275837731694819205e-02 -4.844411864381652590e-04 9.999998673813355055e-01 1.747971635003603321e-04 1.665941839895266133e-02 -3.671474519303979034e-04 -1.749750335956194345e-04 9.999999172932396707e-01 2.112571938472741079e-03
9.999999120380221873e-01 -4.138488396077116154e-04 6.821353123931351778e-05 -6.155267454975245703e-03 4.138393306764882461e-04 9.999999046586329765e-01 1.393547037149915873e-04 1.017236346889913157e-02 -6.827119651816852971e-05 -1.393264620149650506e-04 9.999999879635902422e-01 -5.798216469329311659e-03
9.999980243350190534e-01 -1.974695829543386509e-03 2.278210690979623368e-04 -8.406863938497453892e-03 1.974649304291257318e-03 9.999980295164552224e-01 2.042628987563324357e-04 -8.685196685953723572e-03 -2.282239772745990819e-04 -2.038126284856792635e-04 9.999999531871132108e-01 -3.941356355481082097e-03
9.999977680179960027e-01 -2.103843872088262922e-03 1.944221907051311602e-04 -1.633007293809410343e-02 2.103813387938744013e-03 9.999977746787775956e-01 1.568652971815347348e-04 -2.108596543807302395e-02 -1.947517781475227420e-04 -1.564559190532965524e-04 9.999999687966446560e-01 2.788288631199909058e-04
9.999996718269972273e-01 -7.011693343225053028e-04 4.058416716562623927e-04 -2.612568270387582992e-02 7.012627326015474826e-04 9.999997276564577264e-01 -2.300382365981049136e-04 -2.172260114162170852e-02 -4.056802653706797004e-04 2.303227627454352883e-04 9.999998911874676821e-01 6.567216475663679304e-03
9.999997106133443614e-01 -7.582001762421248419e-04 6.249576236292704980e-05 1.501209843927767129e-02 7.582166140342620547e-04 9.999996778587326718e-01 -2.634198113616759585e-04 -3.224567473292122566e-02 -6.229601728306288083e-05 2.634671204568279738e-04 9.999999633521406972e-01 -3.496084984239890975e-04
9.999983105074498058e-01 -1.818318448736993068e-03 -2.696298666301515557e-04 6.512621787254563310e-02 1.818371323242277179e-03 9.999983275564022778e-01 1.959850226848981508e-04 -6.710253726644579975e-02 2.692730525069832940e-04 -1.964749787870323028e-04 9.999999444448014474e-01 -9.481917536649116934e-03
9.999982291261094725e-01 -1.798556799332285674e-03 -5.540199315823816527e-04 5.160735026431581551e-02 1.798454665802788231e-03 9.999983657048496788e-01 -1.847929784059736190e-04 -9.631727526265244921e-02 5.543513868180750944e-04 1.837962714300109138e-04 9.999998294567207235e-01 -3.234051789994627640e-02
9.999918746065226127e-01 4.008775801749927745e-03 -4.247793593646801238e-04 2.334537210065645851e-02 -4.008987219981944433e-03 9.999918399575117300e-01 -4.980360029574237889e-04 -9.045315529785363795e-02 4.227793784700036267e-04 4.997348912419390240e-04 9.999997857612948904e-01 -2.985754100948382131e-02
9.999814355384916142e-01 6.092506972911544867e-03 -9.968531733550756743e-05 -2.223432274620942145e-02 -6.092552380440784988e-03 9.999813336319219870e-01 -4.617285071786968891e-04 -6.218709640645009307e-02 9.687037242310396533e-05 4.623272734550255034e-04 9.999998884348053618e-01 -1.735028002746097017e-02
9.999502981255765643e-01 9.969605020799307896e-03 -9.085317749663175105e-05 -2.991905957493883050e-02 -9.969632190640254424e-03 9.999502558707821231e-01 -3.036740697943988640e-04 -6.041643624910772448e-02 8.782114755352171318e-05 3.045647493869086536e-04 9.999999497638785151e-01 -1.374087998393221793e-02
9.999445217361531135e-01 1.052179544864299300e-02 -4.952478096874130204e-04 1.304326420081489829e-02 -1.052183178051303673e-02 9.999446414884881618e-01 -7.081272073393603261e-05 -6.879951428613831355e-02 4.944753165431148246e-04 7.601970631032994407e-05 9.999998748575749108e-01 -2.541391537365025877e-02
9.999470986268216288e-01 1.026170063183474285e-02 -7.052998965824313965e-04 5.128048392490515417e-02 -1.026170633769730653e-02 9.999473472953682718e-01 -4.471570954040265383e-06 -7.550068856435687703e-02 7.052168747128155718e-04 1.170891482053372034e-05 9.999997512659994925e-01 -3.219750771239728027e-02
9.999494518423194256e-01 1.001704583831413906e-02 -8.674980795077196025e-04 8.721734958070578858e-02 -1.001718082405244140e-02 9.999498153241666021e-01 -1.513984915936744484e-04 -8.556790129109709264e-02 8.659379787676680425e-04 1.600807238057958156e-04 9.999996122627142769e-01 -3.924711441112117144e-02
9.999441489534901528e-01 1.055526473839335337e-02 -5.341909609414948129e-04 1.070828554852951142e-01 -1.055528851384823601e-02 9.999442905206578081e-01 -4.170764706570123084e-05 -9.515408944228277710e-02 5.337209661847975390e-04 4.734385736419245596e-05 9.999998564502343701e-01 -3.831282535014624013e-02
9.999436172917249843e-01 1.060244475182496766e-02 -5.919483293586758760e-04 8.030078591648794062e-02 -1.060220288857446728e-02 9.999437109133603174e-01 4.102422792112577453e-04 -6.136192219856876490e-02 5.962645802280784699e-04 -4.039431923530935548e-04 9.999997406491901719e-01 -5.682000220719068267e-02
9.999502722394032483e-01 9.937549270901487389e-03 -8.355613871567677637e-04 8.689946319575148070e-02 -9.937421889950772899e-03 9.999506103630320109e-01 1.564633533488474649e-04 -4.497276780637231297e-02 8.370749813661862741e-04 -1.481522467575406706e-04 9.999996386781283553e-01 -6.760908785149558065e-02
9.999582361699104194e-01 9.069370301613090615e-03 -1.128024066173834031e-03 1.225516827115658153e-01 -9.069599528807080827e-03 9.999588506816361466e-01 -1.982620698391185583e-04 -2.126776010069296105e-02 1.126179536624277938e-03 2.084845161947738469e-04 9.999993441267137628e-01 -6.963228484139122321e-02
9.999966414172385409e-01 -2.281190679169997799e-03 -1.230172072553931259e-03 1.775691646253830247e-01 2.281642392513136101e-03 9.999973301028279860e-01 3.659169419602763653e-04 -5.894003378912161285e-03 1.229334061803643479e-03 -3.687225257487678019e-04 9.999991763903925968e-01 -5.567360098317118700e-02
9.996889019840379254e-01 -2.489626748777853255e-02 -1.508348476200449149e-03 2.088353112947916312e-01 2.489853225917787460e-02 9.996888554509378855e-01 1.501791774050819685e-03 2.510799745487954718e-02 1.470490152076278515e-03 -1.538880232802282942e-03 9.999977347506051606e-01 -5.913842880878338037e-02
9.984918212931970238e-01 -5.487830227788330351e-02 -1.566764082954855662e-03 2.214465513426371324e-01 5.488309799494789365e-02 9.984876517020004894e-01 3.202335569770853492e-03 1.321880838840701344e-02 1.388655850567529527e-03 -3.283494742152262905e-03 9.999936451284112682e-01 -6.332546570521095652e-02
9.979440904707467253e-01 -6.408352446823098458e-02 -9.456142150850359394e-04 2.350681398810500200e-01 6.409020314756860848e-02 9.978757962700859352e-01 1.167651826725099769e-02 -6.789788081086496618e-02 1.953330937591673221e-04 -1.171311700922088479e-02 9.999313800131041097e-01 -1.796401808334230077e-01
9.977738330906835706e-01 -6.665721712477877536e-02 -2.047780433727114900e-03 2.815723187565821739e-01 6.667884679095513467e-02 9.976833843940184909e-01 1.348317079642382191e-02 -9.484194314082952659e-02 1.144285870309020474e-03 -1.358969864556616725e-02 9.999070010258802599e-01 -2.549355786701724691e-01
9.970579433249519008e-01 -7.661137954314076182e-02 -2.480761398000595318e-03 2.865784898819694337e-01 7.663165346240105591e-02 9.970142269259740786e-01 9.498473288944613360e-03 -1.113671344504371802e-01 1.745663265195641868e-03 -9.660633089976592217e-03 9.999518112529550695e-01 -2.164748410983472482e-01
9.970113151966304432e-01 -7.718359765978799469e-02 -3.336108837734499781e-03 3.005618350334633981e-01 7.714687321452834423e-02 9.969695078067655203e-01 -1.000801962214526233e-02 -1.381826466908704365e-01 4.098453745832888670e-03 9.720738440454162327e-03 9.999443534122613997e-01 -1.344126247637330018e-01
9.963576012727799469e-01 -8.501986822797828747e-02 -6.569048062638251431e-03 3.926426322288454895e-01 8.471985022596369153e-02 9.957120274708937124e-01 -3.714976887535697408e-02 -1.559795160604368069e-01 9.699348619485978137e-03 3.645792583649497959e-02 9.992881177518615488e-01 -6.269804884438355541e-02
9.958496353395850376e-01 -9.040279370267888248e-02 -1.052799528715274088e-02 4.177339807979044140e-01 8.958489473668478087e-02 9.940519702208080455e-01 -6.192921067756952669e-02 -8.289984693460371312e-02 1.606394811472362100e-02 6.072903252053805934e-02 9.980250168107445141e-01 3.383357214970930844e-03
9.987662049790136942e-01 -4.819648300234060517e-02 -1.196523372207423941e-02 4.821101954219135788e-01 4.731081319503985944e-02 9.967184860127561441e-01 -6.568064094741520031e-02 -5.080051053787736082e-02 1.509154553525954290e-02 6.503351956217905128e-02 9.977689545113702652e-01 -3.847097931722183450e-02
9.992357891049968854e-01 -3.787008212480429126e-02 -9.679599763154082132e-03 7.008698233798529298e-01 3.729382721659886546e-02 9.978423284116646474e-01 -5.403571116887444931e-02 -7.760055351392988743e-02 1.170505118539614739e-02 5.363342716858705145e-02 9.984920867322379934e-01 -8.441753187240863543e-02
9.983349106917013271e-01 -5.723054510154625130e-02 -7.216010086792244531e-03 7.926056712849767205e-01 5.685859733648139513e-02 9.974075923814881284e-01 -4.410435997371604105e-02 -5.081912365994415565e-02 9.721419809918571686e-03 4.362063006357353584e-02 9.990008681826738623e-01 -7.764363075545119286e-02
9.981926376445615645e-01 -6.009362677107069062e-02 -4.627890365588294402e-04 7.563517787171889495e-01 6.005097122448840863e-02 9.977210424281279799e-01 -3.076690350238722033e-02 -1.612195630458828147e-02 2.310629175953789541e-03 3.068350562808619397e-02 9.995264796268192864e-01 -3.530101225993383801e-02
9.977816975747743067e-01 -6.655966872554533453e-02 1.222490878230606632e-03 7.685887052138374864e-01 6.656751437254926351e-02 9.977478418362798473e-01 -8.246826135327811960e-03 -4.130401852453165906e-03 -6.708316198145377902e-04 8.309910360018326128e-03 9.999652470834905493e-01 -9.583205591618314256e-03
9.956925441546411459e-01 -9.271283040297935429e-02 -8.298153567785058506e-04 8.586338490111771193e-01 9.271609887295266528e-02 9.956756158546895552e-01 5.813174878286172902e-03 4.263703849598127205e-02 2.872710198127116058e-04 -5.865072126841975979e-03 9.999827590535289579e-01 1.122969757645628230e-01
9.855301163409198040e-01 -1.688542262886968404e-01 -1.478648198519905491e-02 9.458472979138983217e-01 1.689878495840375083e-01 9.855831854982219919e-01 8.300069646704837448e-03 1.180876038496083691e-01 1.317180617894791322e-02 -1.067870439814665347e-02 9.998562240614203844e-01 1.590292841126093593e-01
9.731705278059938902e-01 -2.278436408427792770e-01 -3.203746458928730112e-02 9.953879211898307711e-01 2.282429745277364808e-01 9.735591484474667157e-01 9.366378861360383917e-03 1.186055012964440381e-01 2.905629688267721833e-02 -1.642741007432695077e-02 9.994427806581603901e-01 7.617730773363109997e-02
9.632341986023498226e-01 -2.663017180335036649e-01 -3.554256061812589851e-02 1.144425478630518134e+00 2.672099589387266771e-01 9.633447281103215687e-01 2.378597624682589340e-02 7.913305747559669368e-02 2.790549205537927457e-02 -3.240879193143249293e-02 9.990850583001891216e-01 -2.430963237913972771e-02
9.574613397707845142e-01 -2.867048277101253428e-01 -3.268217575440428291e-02 1.366986646104917824e+00 2.876883487729555156e-01 9.572262587295514713e-01 3.087561463219976390e-02 9.731417690957226696e-02 2.243204905096100876e-02 -3.896448852908451083e-02 9.989887746161325577e-01 -1.467292224967288172e-01
9.530575324847291308e-01 -3.016924058572859058e-01 -2.574940819052136051e-02 1.455172383286339910e+00 3.021921164971569929e-01 9.530705362229127120e-01 1.834332878019357890e-02 1.467900758014908102e-01 1.900695928043505747e-02 -2.526351582445028957e-02 9.995001201936394297e-01 -1.612529257028299245e-01
9.497984478569888589e-01 -3.126220060754216767e-01 -1.226335051418990171e-02 1.374282403394250895e+00 3.125538475896058044e-01 9.498729260653825390e-01 -7.177512446644150959e-03 2.041665858404499434e-01 1.389247297598017808e-02 2.984232793746808155e-03 9.998990416783308799e-01 4.338943860827265686e-02
9.551253816310267819e-01 -2.954649380521186530e-01 -2.088003223281099593e-02 1.363149374983998019e+00 2.951246057023138580e-01 9.552908955631618237e-01 -1.791010784964610497e-02 2.242052138137542172e-01 2.523831359737215355e-02 1.094418731518613519e-02 9.996215545349004250e-01 2.039431627246858503e-01
9.602630979798201238e-01 -2.772886591256113475e-01 -3.171406909431324916e-02 1.597739892856206323e+00 2.772744637563903658e-01 9.607780914976870035e-01 -4.932610532807673448e-03 2.478937331784338838e-01 3.183793973869117333e-02 -4.056897630297031862e-03 9.994848108774904150e-01 1.833758405377572120e-01
9.554508764250034814e-01 -2.918519327854993128e-01 -4.400081894761846690e-02 1.913350019931311818e+00 2.929416426465435985e-01 9.559076817229783529e-01 2.063245081287851460e-02 2.945959055624043366e-01 3.603910018629012668e-02 -3.260296539226906209e-02 9.988184168833658116e-01 -7.510874021862004590e-02
9.456429392527579969e-01 -3.229836191109171084e-01 -3.796068001786512269e-02 2.025620152695414955e+00 3.241800040284135154e-01 9.454815447843119003e-01 3.117648890444663784e-02 3.440491561129387366e-01 2.582162716682455395e-02 -4.178792000429474435e-02 9.987927779635634717e-01 -1.751623994792282091e-01
9.238041319882088764e-01 -3.818178653131152345e-01 -2.830271098760187704e-02 1.998817632323525162e+00 3.825328330433968027e-01 9.235568047591711238e-01 2.667320803396111203e-02 3.942761736298910913e-01 1.595485397315220960e-02 -3.546753601205018813e-02 9.992434620871578632e-01 -8.819956804825518359e-02
8.983135587920298981e-01 -4.389474584683384917e-01 -1.891768470464650145e-02 1.994977717129423400e+00 4.392901902858719065e-01 8.980873252761301107e-01 2.152405391576866014e-02 4.209124206932443601e-01 7.541804094550992078e-03 -2.764570278637796044e-02 9.995893338308721177e-01 4.483643575222140409e-02
8.577884497254574248e-01 -5.138503297076094656e-01 -1.252254674487379878e-02 2.120411498749464219e+00 5.139585511781011862e-01 8.571398534811626169e-01 3.402762473635630863e-02 4.711139200033299113e-01 -6.751532307831356952e-03 -3.562457345249408353e-02 9.993424370944247181e-01 8.712486665572120870e-02
8.335608917036627652e-01 -5.524044277577350170e-01 -5.058459829230721808e-03 2.225773415445899239e+00 5.519105668254568053e-01 8.323497715580659984e-01 5.087812903044140050e-02 5.029946979341166635e-01 -2.389489586914934210e-02 -4.520183603444328374e-02 9.986920586299451452e-01 -5.509166166333900883e-03
8.124975760321597740e-01 -5.829457199620665664e-01 4.687912090961587896e-03 2.336195290603090058e+00 5.817868024571254404e-01 8.113407711224956964e-01 5.701113576370708813e-02 5.635786182827271507e-01 -3.703789179446458774e-02 -4.359404422925174105e-02 9.983625362958886695e-01 -3.661144990626176432e-02
8.083347478200426650e-01 -5.887058089169319164e-01 4.517301646871042450e-03 2.416710389343154297e+00 5.877611095231496385e-01 8.074285682807302855e-01 5.095081212548017296e-02 6.244732057828026317e-01 -3.364243746853069761e-02 -3.853021764266071486e-02 9.986909475556415838e-01 1.867372502850524196e-03
8.046093147219309794e-01 -5.937243653366607310e-01 -9.758517729863178114e-03 2.544681271276143963e+00 5.937829352414484285e-01 8.043311260153171993e-01 2.175466706207621406e-02 7.079315161213125540e-01 -5.067196340640268970e-03 -2.329844905806477753e-02 9.997157124866720146e-01 4.660353230135427099e-02
8.086902632953342218e-01 -5.872157256520569302e-01 -3.460851915715615346e-02 2.574175362247039356e+00 5.875093868051637358e-01 8.092147846317863102e-01 -2.037829519922391280e-03 7.708605529091735464e-01 2.920237091647957806e-02 -1.868485697723852590e-02 9.993988681465456603e-01 6.033814284403676148e-02
8.335927707966099831e-01 -5.488978488093154695e-01 -6.192127298543272096e-02 2.688173133362564027e+00 5.487500221909964448e-01 8.357253426553681308e-01 -2.089413288337949384e-02 8.029718098076247257e-01 6.321792167583033251e-02 -1.656210180120208306e-02 9.978623107237366563e-01 9.191429405581734435e-02
8.331312984344891870e-01 -5.477983038719489439e-01 -7.621848754651301683e-02 2.916583458093590320e+00 5.488311246794148612e-01 8.358896716565110685e-01 -8.535420382071459700e-03 8.574460988762508951e-01 6.838593533754346032e-02 -3.471995237591730954e-02 9.970546067066855533e-01 8.394067802800697642e-02
8.342904850272413464e-01 -5.467000593092264937e-01 -7.126311629657069990e-02 2.975998186898479059e+00 5.486486497157271325e-01 8.359964615791425357e-01 9.724988034064050574e-03 9.160478783362424604e-01 5.425906153003170335e-02 -4.721187751447175618e-02 9.974101427514353579e-01 1.019021298085054199e-02
8.166729097205271959e-01 -5.722641208141938662e-01 -7.455960405853379047e-02 3.076713823754456012e+00 5.740027466913308896e-01 8.188500480639904211e-01 2.333575884434283682e-03 9.985636530207151473e-01 5.971771361510350151e-02 -4.470318572941109347e-02 9.972138285574595473e-01 -1.725478335181637735e-02
7.938396316103510930e-01 -6.029949506328972086e-01 -7.883989342947990420e-02 3.042986213637142612e+00 6.040181465007919970e-01 7.968669409518082114e-01 -1.285134684985253344e-02 1.055949728828281087e+00 7.057420196140927471e-02 -3.741881785061063753e-02 9.968044512782699984e-01 8.448950629770407561e-02
7.698818163365035439e-01 -6.319335775518768461e-01 -8.911757647564375051e-02 3.106279316633159038e+00 6.333311291725924885e-01 7.737311898225880391e-01 -1.522257260423666263e-02 1.103060540540110601e+00 7.857270324594378685e-02 -4.472135349258030829e-02 9.959047800098242975e-01 2.193451670168052314e-01
7.461584740173264896e-01 -6.571874457059325714e-01 -1.065466698618335872e-01 3.178286493772717769e+00 6.609597888008500455e-01 7.504213096951265483e-01 1.246747236028772354e-04 1.173522840949448254e+00 7.987295687822276724e-02 -7.051609151082348370e-02 9.943076946285624995e-01 2.013336990739283683e-01
7.418198046332724616e-01 -6.607501276693275027e-01 -1.145104634468870342e-01 3.402547179598913729e+00 6.673265646015023034e-01 7.442070878341356943e-01 2.882822565805853027e-02 1.219101453230097887e+00 6.617124474430269299e-02 -9.780122290852188982e-02 9.930036692613916083e-01 4.794519919334239155e-02
7.231184303587954165e-01 -6.833064436674838316e-01 -1.009556324229981122e-01 3.578731926116437201e+00 6.894911700099797258e-01 7.228049410306606193e-01 4.642137115523842228e-02 1.312377626667999841e+00 4.125120790596391307e-02 -1.031761661633094906e-01 9.938073337333248602e-01 -7.569834283930097774e-02
7.171847775714399464e-01 -6.923407163756500893e-01 -7.943756836822132850e-02 3.623847247480576961e+00 6.963853675735747206e-01 7.163085347756701360e-01 4.415317470975127501e-02 1.381642958025318668e+00 2.633276759517430912e-02 -8.698514503054066704e-02 9.958615214450221576e-01 -4.584032525618034204e-02
7.145571333114888457e-01 -6.965598552515681607e-01 -6.490355372074450846e-02 3.649989486381801207e+00 6.990141629191508610e-01 7.146238660560622069e-01 2.630456427173944942e-02 1.446815259938763365e+00 2.805892499911736074e-02 -6.416461731360630083e-02 9.975447852667530535e-01 7.358321551906310543e-02
7.141728518886181210e-01 -6.975864952354046133e-01 -5.770805221511773192e-02 3.712725785451524985e+00 6.990970801852426364e-01 7.149692716603976983e-01 9.067141659250842201e-03 1.530890913204933756e+00 3.493436848930320943e-02 -4.681903722403159274e-02 9.982923257501623571e-01 1.601510403388203829e-01
7.242126732035230052e-01 -6.869514848941059570e-01 -6.011373697575266711e-02 3.797620845992644156e+00 6.886741742930885257e-01 7.249699851997248867e-01 1.209967855950909790e-02 1.622904918367442662e+00 3.526876285241541814e-02 -5.016151872993379612e-02 9.981181976126708433e-01 1.574136189009843756e-01
7.309697397108831929e-01 -6.802949869703873720e-01 -5.368398578686425782e-02 4.005060453868525272e+00 6.821816211823796827e-01 7.304951545768082477e-01 3.170275793657702235e-02 1.691084619989959847e+00 1.764866419828557340e-02 -5.979598517263173818e-02 9.980545900947755955e-01 9.556083315514142529e-02
7.187985934851810477e-01 -6.944508847202074397e-01 -3.265808804946632865e-02 4.113330627552554297e+00 6.951132742805253839e-01 7.170797659946868130e-01 5.112871130795648006e-02 1.784217540334856356e+00 -1.208792466606925346e-02 -5.945231629067523199e-02 9.981579555185345898e-01 3.148745965645698835e-02
7.114503507440389507e-01 -7.025632407265196555e-01 -1.559779490935515357e-02 4.131904852262094252e+00 7.021186518308260016e-01 7.097194232458967633e-01 5.768655838906478622e-02 1.861163967456209489e+00 -2.945839740120563544e-02 -5.199262493240678490e-02 9.982128880029503826e-01 5.181220807613882984e-02
6.931353148570887912e-01 -7.206282682641547144e-01 -1.607278061102010436e-02 4.185896363024355082e+00 7.201949127350781854e-01 6.914549590294618575e-01 5.665092500637962381e-02 1.946218053643799628e+00 -2.971065412402740247e-02 -5.084229157080595585e-02 9.982646635133147761e-01 1.033995094736987475e-01
6.639108022854934843e-01 -7.471113960028034073e-01 -3.235751182298698264e-02 4.337857137095102011e+00 7.475352659932502641e-01 6.618671918124855447e-01 5.588243461639118281e-02 2.049085245668689659e+00 -2.033402825396769809e-02 -6.128933320731121126e-02 9.979128944602179141e-01 1.022596298133060244e-01
6.476489451778157935e-01 -7.610079553328132906e-01 -3.765283163632848762e-02 4.416938242188917840e+00 7.614139771140859825e-01 6.445780739986703978e-01 6.904970655603834273e-02 2.097423157603438337e+00 -2.827718630580064452e-02 -7.338936190167988372e-02 9.969024035954027196e-01 4.819821983980695362e-02
6.402963068522046219e-01 -7.678750342766376136e-01 -1.971220855409566708e-02 4.522291388135686319e+00 7.666153797204446896e-01 6.372152208525766470e-01 7.910513188081047531e-02 2.188989318212087642e+00 -4.818193652714515551e-02 -6.576240604216618268e-02 9.966713635617506784e-01 4.575365893919434990e-02
6.360944251679365724e-01 -7.716056028829593183e-01 -2.945482965012818921e-03 4.577191209086404200e+00 7.696164225561513694e-01 6.341710334213073175e-01 7.428096998035650655e-02 2.269529113891748828e+00 -5.544767264857694555e-02 -4.951660296280488427e-02 9.972330026773482681e-01 5.586816982401963949e-02
6.425312896836226084e-01 -7.662019219964592009e-01 9.389169634889449334e-03 4.643935309942587963e+00 7.648856493749208729e-01 6.420645751406138801e-01 5.199062155628332571e-02 2.370541846820611642e+00 -4.586376737476326182e-02 -2.622396000673817354e-02 9.986034341838398998e-01 8.689386046454145029e-02
6.493727433146231354e-01 -7.601810352838165308e-01 2.097221578339791143e-02 4.722780878157070816e+00 7.592635434366039604e-01 6.496487014601819432e-01 3.841140845102817419e-02 2.486376692705242863e+00 -4.282419699343931879e-02 -9.019882811002896683e-03 9.990419059608774965e-01 1.231805665263260990e-01
6.750149466624113526e-01 -7.372271524878254434e-01 2.917100301728609013e-02 4.767989469200367481e+00 7.356852213922263628e-01 6.755444137380030023e-01 4.906118723032402984e-02 2.573918397328414542e+00 -5.587554749094589268e-02 -1.165635886846634259e-02 9.983696973018144627e-01 1.281396583839199133e-01
6.927960424893846447e-01 -7.205274452521041040e-01 2.956085502015883340e-02 4.880894501791654960e+00 7.181739570372950299e-01 6.930828477943884458e-01 6.214767515051699415e-02 2.703045295911352230e+00 -6.526722718516841937e-02 -2.182582717096078623e-02 9.976291005799013956e-01 1.247318057246932788e-01
6.830435735423188159e-01 -7.299908835801451890e-01 2.376523789945485937e-02 5.038419255190754953e+00 7.276818891874268225e-01 6.829552145914439265e-01 6.364937557409440505e-02 2.801783693426889155e+00 -6.269405706409661438e-02 -2.618176373420266767e-02 9.976893155971001681e-01 6.617513950766729103e-02
6.611379442107113702e-01 -7.499584916469775875e-01 2.142147360534582545e-02 5.069598922480904157e+00 7.480372660309609900e-01 6.611049869774812127e-01 5.814159287833078893e-02 2.840038551790982524e+00 -5.776562432588622231e-02 -2.241555263861845851e-02 9.980784917260495659e-01 5.263794718045658461e-02
6.403899998306089580e-01 -7.678094269502097058e-01 1.921801247120561579e-02 5.095521271265403662e+00 7.661583143486568881e-01 6.403678423248688745e-01 5.413375906600748078e-02 2.929308789892706155e+00 -5.387100770709028069e-02 -1.994267791904040174e-02 9.983487387311309469e-01 8.847215527755611375e-02
6.124611584116095298e-01 -7.904158251528086154e-01 1.158243433453210250e-02 5.210837776514394726e+00 7.884760509007520124e-01 6.118749323042602661e-01 6.256663946234898577e-02 3.032523956203577509e+00 -5.654066318203122832e-02 -2.918716439912262886e-02 9.979735782280384493e-01 1.257776304971673642e-01
5.948918636898361534e-01 -8.037396237395264542e-01 1.030959488426948928e-02 5.263217378589108542e+00 8.002873165707840020e-01 5.934379278865804519e-01 8.585823595681223164e-02 3.109985300719415591e+00 -7.512577088833871652e-02 -4.282572797660581798e-02 9.962540216087996114e-01 1.109047205828520566e-01
5.953341162063932046e-01 -8.034722400967240219e-01 3.106360363044222139e-03 5.356466403578609814e+00 7.995758631233707003e-01 5.928188107784524430e-01 9.614726567998836682e-02 3.187009066641889099e+00 -7.909316779134432929e-02 -5.475597667080382702e-02 9.953622726563211565e-01 8.468450663301092807e-02
6.014637613475737332e-01 -7.988173893941039605e-01 -1.149444157919092199e-02 5.466559755612514948e+00 7.962706385343736315e-01 5.982557157949918158e-01 8.968371494693452850e-02 3.268937163387765299e+00 -6.476429567045262348e-02 -6.309419085946527117e-02 9.959039657949453339e-01 7.041015694462308960e-02
6.120670925983543453e-01 -7.905836697016519476e-01 -1.874394193511615125e-02 5.527875169250370035e+00 7.894702618025031260e-01 6.094847583521627588e-01 7.256056136699119696e-02 3.374003407750423289e+00 -4.594104796023656956e-02 -5.920971657992583903e-02 9.971878607237655290e-01 8.327944457203866058e-02
6.373629785271324177e-01 -7.703498921043728798e-01 -1.815151062041417060e-02 5.596720090410244097e+00 7.698874794567983626e-01 6.356402776781466812e-01 5.687447906492318350e-02 3.450390669310618996e+00 -3.227541756011811230e-02 -5.022430813888244250e-02 9.982163173848094262e-01 1.088208429015301432e-01
6.526843092032020843e-01 -7.575068944977341179e-01 -1.365640173463319312e-02 5.672472410507436891e+00 7.569246482317029123e-01 6.511931239678712124e-01 5.488708587889809531e-02 3.578220306869401846e+00 -3.268439106441848457e-02 -4.616080681014347875e-02 9.983991739256321551e-01 1.144595167646774991e-01
6.810091245270269988e-01 -7.322634051770285923e-01 -4.108253823120178866e-03 5.723600923798660922e+00 7.308128924538398463e-01 6.792844045742274517e-01 6.697173975259827772e-02 3.654218493495092535e+00 -4.625028144978939049e-02 -4.861073071637785070e-02 9.977464148394796783e-01 1.285699304270022381e-01
6.874747492570308927e-01 -7.262008775089805468e-01 3.279426652502356182e-03 5.851664390218533462e+00 7.239442077067641534e-01 6.856807548296732779e-01 7.580690327427401509e-02 3.777506481932288995e+00 -5.729967942151256710e-02 -4.974120989075526966e-02 9.971171239010970799e-01 1.207583321745424043e-01
6.835275876068281908e-01 -7.299033710964567545e-01 5.577261193271506462e-03 5.916098786854953495e+00 7.277962401937768666e-01 6.820976321580316526e-01 7.110170858853405440e-02 3.860265850729118320e+00 -5.570161344334625952e-02 -4.454086961920272064e-02 9.974534782100733521e-01 9.409268365574598170e-02
6.743344428927131595e-01 -7.384256236402090279e-01 -8.108514922380155587e-04 5.986855729697462714e+00 7.373452970284531949e-01 6.732876819289327353e-01 5.482344674303467336e-02 3.900275508099700694e+00 -3.993710152973362071e-02 -3.756721595131282121e-02 9.984957346964838942e-01 8.681180192662293904e-02
6.658441040416975820e-01 -7.460274062707376030e-01 -9.733355324091634564e-03 6.083800705542286025e+00 7.459340559806263427e-01 6.653799943314693266e-01 2.918642272950938699e-02 3.984430823989487003e+00 -1.529749133684691134e-02 -2.669404870771271282e-02 9.995265952051447522e-01 9.708209359876249223e-02
6.297774757465181006e-01 -7.766655482418882706e-01 -1.307506085917533797e-02 6.114047424540207665e+00 7.767754175117866922e-01 6.296766010474634800e-01 1.128400827291102179e-02 4.115029898722934121e+00 -5.308405913521836716e-04 -1.726280010429467188e-02 9.998508458469321791e-01 1.301615306030438624e-01
6.303627050170717006e-01 -7.762952012841871641e-01 -2.936083565536987822e-03 6.143839768408618340e+00 7.761888389680614564e-01 6.302031020293462626e-01 1.936327591091588016e-02 4.139120243584638814e+00 -1.318128919996689602e-02 -1.448484227504419873e-02 9.998082030866189962e-01 1.445545306248829376e-01
6.347779063771031849e-01 -7.726303039322245381e-01 9.971109321443844334e-03 6.247014346899092629e+00 7.719648461350240298e-01 6.346862842496141521e-01 3.526466953122757431e-02 4.256087339686385640e+00 -3.357507866305570188e-02 -1.468788722098916463e-02 9.993282644165295547e-01 1.526389639719636648e-01
6.469387916068396471e-01 -7.625113190061809654e-01 6.832883852105450101e-03 6.353613096764966883e+00 7.619140854318078304e-01 6.467437229146847377e-01 3.477762630004337802e-02 4.365882121275632244e+00 -3.093745844270443315e-02 -1.729292508246562526e-02 9.993717168337306056e-01 1.182741202952284909e-01
6.637672028825942760e-01 -7.479390893047448419e-01 4.680463713309665832e-04 6.450736606199029666e+00 7.478423578148234441e-01 6.636911692030882381e-01 1.567927867611070003e-02 4.474034438853135676e+00 -1.203778365739545386e-02 -1.005736604815588194e-02 9.998769630073447434e-01 8.543021659367178167e-02
6.758881100740777859e-01 -7.369881625769997280e-01 -4.869382082881720808e-03 6.522772696364116385e+00 7.369581143641789067e-01 6.759049747718663959e-01 -6.723299148209857003e-03 4.587047245494611403e+00 8.246231459579436707e-03 9.556673168269851082e-04 9.999655425896907257e-01 9.794630244167840116e-02
6.987168086520485488e-01 -7.153865615355718965e-01 -4.109608425137364386e-03 6.569482903457562806e+00 7.153302201959303996e-01 6.987180116255545803e-01 -9.788580309375264840e-03 4.664554069663429559e+00 9.874076237210382273e-03 3.899718495328406264e-03 9.999436458191626187e-01 1.552119824451679286e-01
7.025186989393038539e-01 -7.116383543463554728e-01 6.191143984667503430e-03 6.669273246168894609e+00 7.116645665875084292e-01 7.025037653236421153e-01 -4.690881571622937396e-03 4.773223592572048091e+00 -1.011090718826347049e-03 7.701449819104162070e-03 9.999698322280737850e-01 1.768607544336545101e-01
6.975801879681060580e-01 -7.163663844602042863e-01 1.418042911186041984e-02 6.747300743820218827e+00 7.164547080677799995e-01 6.976313927686910166e-01 -1.758155604175730240e-03 4.820264448519080425e+00 -8.633228937883060880e-03 1.138608971645189288e-02 9.998979069480419257e-01 1.344042842644649904e-01
6.930746865783615762e-01 -7.207948307195342075e-01 1.011389303404241352e-02 6.842785622535476620e+00 7.208657837443712690e-01 6.930059715323821923e-01 -9.759367145085661929e-03 4.916203422568623083e+00 2.551312124064643999e-05 1.405472975397512557e-02 9.999012270822670301e-01 1.207005407807360542e-01
6.882247741151034104e-01 -7.254898125266895370e-01 -3.345476678106588247e-03 6.904779642650618499e+00 7.254724058627972649e-01 6.882320006027544679e-01 -5.147978047249974869e-03 5.042036853468928825e+00 6.037269735534051690e-03 1.115915014294259662e-03 9.999811528763036250e-01 1.583942456806530508e-01
6.774210046195662249e-01 -7.355456446183817887e-01 -8.566631960507371454e-03 7.004651234186113129e+00 7.355091612698269055e-01 6.771170776537742686e-01 2.321070524064559534e-02 5.125141171281471841e+00 -1.127192034984374376e-02 -2.202425555022683931e-02 9.996938911382249326e-01 1.412270874930831033e-01
6.691089414300251947e-01 -7.430864088121750255e-01 -1.076166980613244006e-02 7.083085071093971230e+00 7.424588448832226684e-01 6.677728384692012131e-01 5.323814288136802936e-02 5.217702551254682852e+00 -3.237418961243587051e-02 -4.361221436032833992e-02 9.985238537989600260e-01 1.324221676286503058e-01
6.732934385431293967e-01 -7.392375619159915479e-01 -1.427489640137799554e-02 7.170125765092540071e+00 7.381842257800542706e-01 6.709879889771825923e-01 6.970772882441643448e-02 5.295598970490162039e+00 -4.195228747364443400e-02 -5.747125978136505969e-02 9.974653176300776192e-01 1.287592544156059005e-01
6.668533103852722910e-01 -7.448303578546310311e-01 -2.311710289690317027e-02 7.287790906879870079e+00 7.445308702107914511e-01 6.646401830652399756e-01 6.266745852646300741e-02 5.410437493945022602e+00 -3.131207005876997240e-02 -5.900139890838734108e-02 9.977667007850522518e-01 9.530909295286768557e-02
6.710283911403205348e-01 -7.410612613434526263e-01 -2.343299425348616127e-02 7.355373355903702226e+00 7.411972409307796550e-01 6.696864387821993558e-01 4.633275027251667483e-02 5.450854347452307458e+00 -1.864264788684151519e-02 -4.845906155990387792e-02 9.986511758529604821e-01 8.979849435406675462e-02
6.875409020500380386e-01 -7.259201581460450470e-01 -1.809508235518493546e-02 7.400299817075238984e+00 7.260996329059008492e-01 6.870032922990406687e-01 2.838660712722056514e-02 5.559767625645577027e+00 -8.175029182587270279e-03 -3.265578612589108837e-02 9.994332236474650077e-01 1.451572417734180165e-01
7.160506341969679056e-01 -6.978169409460537320e-01 -1.797237309905727262e-02 7.444101622003006291e+00 6.980367770911590775e-01 7.156531926036029390e-01 2.419019934721280962e-02 5.692004429581659863e+00 -4.018344722343819390e-03 -2.986678497866859794e-02 9.995458108864897495e-01 2.429037736624912736e-01
7.232165206431964144e-01 -6.901979760616649973e-01 -2.417887733395637784e-02 7.614268187389635401e+00 6.904950655518540259e-01 7.219714557493981388e-01 4.442726113137776545e-02 5.806620203875429986e+00 -1.320714644765738806e-02 -4.882592470682219077e-02 9.987199809552395058e-01 2.682544205648380586e-01
7.163299171181565228e-01 -6.971901242809006582e-01 -2.823792567943045687e-02 7.701588366496982196e+00 6.974998016411557700e-01 7.143656083535478984e-01 5.635427501275965673e-02 5.877282883409406189e+00 -1.911744104327736324e-02 -6.006420070930437033e-02 9.980114304160595529e-01 1.617188617192690248e-01
7.132653629061900258e-01 -7.003582473955576315e-01 -2.740159453980611434e-02 7.792994022405085097e+00 7.006902561370103033e-01 7.115700011189378671e-01 5.197401718402687443e-02 5.905136990641941530e+00 -1.690227892776113502e-02 -5.627129652511674018e-02 9.982724348365182854e-01 1.026911487363640491e-01
7.019117436382227293e-01 -7.117427115649830327e-01 -2.724365388260822918e-02 7.809440957809525408e+00 7.121548385409246507e-01 7.006212615183238235e-01 4.433208602380563079e-02 6.002749725319762142e+00 -1.246555596431394436e-02 -5.051891173212279262e-02 9.986453071395782199e-01 1.501607880513550763e-01
6.957254773150020055e-01 -7.174120912084259727e-01 -3.586016735551986884e-02 7.900906677346326568e+00 7.182801184900461378e-01 6.943931119609236813e-01 4.349571752655347068e-02 6.140518971991368424e+00 -6.303300463896738259e-03 -5.601872409451559565e-02 9.984098211426429836e-01 2.452480018681236495e-01
6.871113931189447577e-01 -7.253269610894828023e-01 -4.217502771592437916e-02 8.003862809856434168e+00 7.264261905092206373e-01 6.847533352468817558e-01 5.846246326090765583e-02 6.242244583128443658e+00 -1.352490992223079336e-02 -7.080726929466713004e-02 9.973983193421913640e-01 2.197780020548562308e-01
6.873753633261021623e-01 -7.255649225743209252e-01 -3.272083467805730200e-02 8.119221917590651927e+00 7.259063426785924422e-01 6.848155452517328268e-01 6.393473735428706339e-02 6.297789604627125115e+00 -2.398106651712721138e-02 -6.769942474860141113e-02 9.974175135505740641e-01 1.468837729464826380e-01
6.862254542807307844e-01 -7.270737516721427207e-01 -2.140993990183020709e-02 8.233443765071111642e+00 7.270347428289362091e-01 6.846757525768143449e-01 5.137700412670485883e-02 6.356490933792138698e+00 -2.269600442516849295e-02 -5.082197814694112969e-02 9.984498074116517907e-01 1.365530139097466400e-01
6.965513146174624470e-01 -7.173407074472216705e-01 -1.544589083881024727e-02 8.278188316567522520e+00 7.174888673823122121e-01 6.962193602008073245e-01 2.209813711663053543e-02 6.427448877985877829e+00 -5.098165074981475010e-03 -2.647474118283473649e-02 9.996364823235345254e-01 1.943994207558548681e-01
7.075772112658764712e-01 -7.065389872848014674e-01 -1.171108636175030755e-02 8.346457914074891349e+00 7.065253052483501106e-01 7.076625524323352234e-01 -5.975360129591686213e-03 6.551000447727814091e+00 1.250932216113542252e-02 -4.046150209719631512e-03 9.999135690286182765e-01 2.324084364835185545e-01
7.352482050181023965e-01 -6.777003859705952316e-01 -1.150060315656400815e-02 8.403740040404379386e+00 6.777330521009379272e-01 7.353067743823082925e-01 -1.362951735283017898e-03 6.633028025713445075e+00 9.380144327564668080e-03 -6.792231061406658540e-03 9.999329369960779923e-01 2.436198668408803836e-01
