1.000000000000000000e+00 0.000000000000000000e+00 0.000000000000000000e+00 0.000000000000000000e+00 0.000000000000000000e+00 1.000000000000000000e+00 0.000000000000000000e+00 0.000000000000000000e+00 0.000000000000000000e+00 0.000000000000000000e+00 1.000000000000000000e+00 0.000000000000000000e+00
9.999978452664647355e-01 -2.026410449526358168e-03 -4.506918211635924988e-04 2.309326945140835474e-02 2.026522689713958908e-03 9.999979156692342386e-01 2.487226871705873000e-04 -5.251356620874298581e-02 4.501868675204470150e-04 -2.496354884411288019e-04 9.999998675069448062e-01 -1.886828759909239817e-02
9.999872964811835629e-01 -5.028835182330501988e-03 -3.430640793196952014e-04 3.722047301514283535e-02 5.028913788258551620e-03 9.999873287918022990e-01 2.286524571631112464e-04 -1.222978038203173384e-01 3.419098767622128486e-04 -2.303747921510662731e-04 9.999999150125420400e-01 -2.281755706000235251e-02
9.999854492215645152e-01 -5.386405690934158337e-03 -2.966123371088935060e-04 4.685551866448328662e-02 5.386535499384704183e-03 9.999853963300567861e-01 4.385908493179773706e-04 -1.419492475585469038e-01 2.942455772334632842e-04 -4.401821803630976207e-04 9.999998598295843921e-01 -1.471432831391809512e-02
9.999920821167291862e-01 -3.978741484071633520e-03 7.293868386726807000e-05 2.700257219375779005e-03 3.978735555029511671e-03 9.999920814992577789e-01 8.125370658492361690e-05 -1.035618108355278039e-01 -7.326139379536975537e-05 -8.096285949271979539e-05 9.999999940388917263e-01 -2.131887222380578206e-03
9.999986674781254914e-01 -1.465902337272371537e-03 7.184513282319474232e-04 -6.586700283561913727e-02 1.466096612502087093e-03 9.999988888415378696e-01 -2.699563158626582557e-04 -2.962691575200729344e-02 -7.180548003242897843e-04 2.710092751985306915e-04 9.999997054755949133e-01 1.612421071153202073e-02
9.999885832216953707e-01 4.606819170294896085e-03 1.269111263267149684e-03 -1.387022579458751514e-01 -4.606416075527461351e-03 9.999893390934163628e-01 -3.203598782015412054e-04 5.023176103774517481e-02 -1.270573573418819907e-03 3.145101661990873116e-04 9.999991433627080095e-01 2.211882492813409956e-02
9.999956297369554381e-01 2.693978922871761300e-03 1.217778532036969692e-03 -8.836402247392216580e-02 -2.694887030098903381e-03 9.999960915077484858e-01 7.446832357717550911e-04 2.551888864953258396e-02 -1.215767611417628308e-03 -7.479617568816492642e-04 9.999989812306436798e-01 2.306619417694761448e-02
9.999973132523812813e-01 -2.163706478890921325e-03 8.317825990475461459e-04 -6.486838805205460967e-02 2.163099989694080953e-03 9.999973945176889867e-01 7.293533217993291217e-04 8.338380899302784421e-03 -8.333585383604756374e-04 -7.275521332796010222e-04 9.999993880905326815e-01 1.713308912034385706e-02
9.999930775480823097e-01 -3.664253152015484096e-03 6.466102017603327697e-04 -1.031509323938510636e-01 3.664066715562304833e-03 9.999932454437390206e-01 2.892784157467819623e-04 1.045949843445208478e-02 -6.476658235420563407e-04 -2.869071903126450742e-04 9.999997491065910626e-01 1.186585251496233458e-02
9.999990938259750717e-01 -1.112955150548263850e-03 7.574153825071836942e-04 -1.077951652096788004e-01 1.112697082668672637e-03 9.999993227921374350e-01 3.410578670206946303e-04 1.229638306673233941e-02 -7.577944516892671546e-04 -3.402147840764303886e-04 9.999996550006753360e-01 1.621702414666050668e-02
9.999998152597256995e-01 4.843769700384199361e-04 3.672321683526483878e-04 -5.275837731694754673e-02 -4.844411864381648796e-04 9.999998673813355055e-01 1.747971635003646960e-04 1.665941839895411503e-02 -3.671474519303810440e-04 -1.749750335956237984e-04 9.999999172932396707e-01 2.112571938472789651e-03
9.999999120380221873e-01 -4.138488396077128623e-04 6.821353123930328562e-05 -6.155267454973440723e-03 4.138393306764896014e-04 9.999999046586329765e-01 1.393547037149888497e-04 1.017236346889994689e-02 -6.827119651815829755e-05 -1.393264620149623672e-04 9.999999879635902422e-01 -5.798216469329160738e-03
9.999980243350190534e-01 -1.974695829543387810e-03 2.278210690979633397e-04 -8.406863938496669797e-03 1.974649304291258619e-03 9.999980295164552224e-01 2.042628987563124864e-04 -8.685196685954240520e-03 -2.282239772746000848e-04 -2.038126284856593142e-04 9.999999531871132108e-01 -3.941356355481141077e-03
9.999977680179960027e-01 -2.103843872088269860e-03 1.944221907051368252e-04 -1.633007293809401322e-02 2.103813387938750952e-03 9.999977746787775956e-01 1.568652971815178484e-04 -2.108596543807427642e-02 -1.947517781475284070e-04 -1.564559190532796118e-04 9.999999687966446560e-01 2.788288631199245526e-04
9.999996718269972273e-01 -7.011693343225141933e-04 4.058416716562611459e-04 -2.612568270387605543e-02 7.012627326015563730e-04 9.999997276564577264e-01 -2.300382365981391473e-04 -2.172260114162446326e-02 -4.056802653706784536e-04 2.303227627454695219e-04 9.999998911874676821e-01 6.567216475663878797e-03
9.999997106133443614e-01 -7.582001762421328650e-04 6.249576236293576407e-05 1.501209843927690107e-02 7.582166140342700778e-04 9.999996778587326718e-01 -2.634198113617099483e-04 -3.224567473292364039e-02 -6.229601728307156800e-05 2.634671204568620720e-04 9.999999633521406972e-01 -3.496084984236681736e-04
9.999983105074498058e-01 -1.818318448736988297e-03 -2.696298666301531278e-04 6.512621787254620209e-02 1.818371323242272408e-03 9.999983275564022778e-01 1.959850226849024063e-04 -6.710253726644563321e-02 2.692730525069848661e-04 -1.964749787870365583e-04 9.999999444448014474e-01 -9.481917536649292141e-03
9.999982291261094725e-01 -1.798556799332288059e-03 -5.540199315823793758e-04 5.160735026431635675e-02 1.798454665802790616e-03 9.999983657048496788e-01 -1.847929784059547539e-04 -9.631727526264938222e-02 5.543513868180728176e-04 1.837962714299920487e-04 9.999998294567207235e-01 -3.234051789994688009e-02
9.999918746065226127e-01 4.008775801749922540e-03 -4.247793593646762207e-04 2.334537210065576462e-02 -4.008987219981939229e-03 9.999918399575117300e-01 -4.980360029573979849e-04 -9.045315529785109832e-02 4.227793784699998320e-04 4.997348912419132200e-04 9.999997857612948904e-01 -2.985754100948499398e-02
9.999814355384916142e-01 6.092506972911550071e-03 -9.968531733549572252e-05 -2.223432274620793306e-02 -6.092552380440790193e-03 9.999813336319219870e-01 -4.617285071786928234e-04 -6.218709640644978082e-02 9.687037242309214753e-05 4.623272734550213292e-04 9.999998884348053618e-01 -1.735028002746143161e-02
9.999502981255765643e-01 9.969605020799326978e-03 -9.085317749662329427e-05 -2.991905957493651291e-02 -9.969632190640273506e-03 9.999502558707821231e-01 -3.036740697943932804e-04 -6.041643624910555954e-02 8.782114755351331061e-05 3.045647493869029616e-04 9.999999497638785151e-01 -1.374087998393180160e-02
9.999445217361531135e-01 1.052179544864300167e-02 -4.952478096874082499e-04 1.304326420081448196e-02 -1.052183178051304541e-02 9.999446414884881618e-01 -7.081272073394139941e-05 -6.879951428613662046e-02 4.944753165431100541e-04 7.601970631033525667e-05 9.999998748575749108e-01 -2.541391537365025183e-02
9.999470986268216288e-01 1.026170063183474805e-02 -7.052998965824434311e-04 5.128048392490549418e-02 -1.026170633769731173e-02 9.999473472953682718e-01 -4.471570954032570936e-06 -7.550068856435517006e-02 7.052168747128276065e-04 1.170891482052615464e-05 9.999997512659994925e-01 -3.219750771239745374e-02
9.999494518423194256e-01 1.001704583831413732e-02 -8.674980795077601517e-04 8.721734958070531674e-02 -1.001718082405243966e-02 9.999498153241666021e-01 -1.513984915936695695e-04 -8.556790129109650977e-02 8.659379787677085917e-04 1.600807238057913703e-04 9.999996122627142769e-01 -3.924711441112171267e-02
9.999441489534901528e-01 1.055526473839334470e-02 -5.341909609414904761e-04 1.070828554852936570e-01 -1.055528851384822733e-02 9.999442905206578081e-01 -4.170764706572293521e-05 -9.515408944228385957e-02 5.337209661847929854e-04 4.734385736421410613e-05 9.999998564502343701e-01 -3.831282535014676749e-02
9.999436172917249843e-01 1.060244475182495552e-02 -5.919483293586651424e-04 8.030078591648737163e-02 -1.060220288857445514e-02 9.999437109133603174e-01 4.102422792112644131e-04 -6.136192219856727303e-02 5.962645802280677363e-04 -4.039431923531003311e-04 9.999997406491901719e-01 -5.682000220719070349e-02
9.999502722394032483e-01 9.937549270901485654e-03 -8.355613871567526933e-04 8.689946319575297951e-02 -9.937421889950771164e-03 9.999506103630320109e-01 1.564633533488473023e-04 -4.497276780637034233e-02 8.370749813661712037e-04 -1.481522467575406706e-04 9.999996386781283553e-01 -6.760908785149549738e-02
9.999582361699104194e-01 9.069370301613106228e-03 -1.128024066173805408e-03 1.225516827115685214e-01 -9.069599528807096439e-03 9.999588506816361466e-01 -1.982620698391509488e-04 -2.126776010069401229e-02 1.126179536624248882e-03 2.084845161948059664e-04 9.999993441267137628e-01 -6.963228484139011298e-02
9.999966414172385409e-01 -2.281190679170004738e-03 -1.230172072553938198e-03 1.775691646253816924e-01 2.281642392513143040e-03 9.999973301028279860e-01 3.659169419602252993e-04 -5.894003378914437243e-03 1.229334061803650418e-03 -3.687225257487167359e-04 9.999991763903925968e-01 -5.567360098317045147e-02
9.996889019840379254e-01 -2.489626748777853602e-02 -1.508348476200455221e-03 2.088353112947899104e-01 2.489853225917787807e-02 9.996888554509378855e-01 1.501791774050825973e-03 2.510799745488011270e-02 1.470490152076284586e-03 -1.538880232802289231e-03 9.999977347506051606e-01 -5.913842880878314445e-02
9.984918212931970238e-01 -5.487830227788330351e-02 -1.566764082954881249e-03 2.214465513426340793e-01 5.488309799494789365e-02 9.984876517020004894e-01 3.202335569770891656e-03 1.321880838840937267e-02 1.388655850567552946e-03 -3.283494742152302803e-03 9.999936451284112682e-01 -6.332546570521145612e-02
9.979440904707467253e-01 -6.408352446823097071e-02 -9.456142150850331204e-04 2.350681398810529343e-01 6.409020314756859460e-02 9.978757962700859352e-01 1.167651826725099769e-02 -6.789788081086478577e-02 1.953330937591645573e-04 -1.171311700922088479e-02 9.999313800131041097e-01 -1.796401808334227024e-01
9.977738330906835706e-01 -6.665721712477876149e-02 -2.047780433727109696e-03 2.815723187565846719e-01 6.667884679095512079e-02 9.976833843940184909e-01 1.348317079642379242e-02 -9.484194314083008170e-02 1.144285870309017222e-03 -1.358969864556613776e-02 9.999070010258802599e-01 -2.549355786701721360e-01
9.970579433249519008e-01 -7.661137954314074794e-02 -2.480761398000613967e-03 2.865784898819676574e-01 7.663165346240104203e-02 9.970142269259740786e-01 9.498473288944627238e-03 -1.113671344504351679e-01 1.745663265195659432e-03 -9.660633089976606094e-03 9.999518112529550695e-01 -2.164748410983475813e-01
9.970113151966304432e-01 -7.718359765978800857e-02 -3.336108837734506286e-03 3.005618350334636202e-01 7.714687321452835811e-02 9.969695078067655203e-01 -1.000801962214526754e-02 -1.381826466908700757e-01 4.098453745832895609e-03 9.720738440454167531e-03 9.999443534122613997e-01 -1.344126247637331684e-01
9.963576012727799469e-01 -8.501986822797828747e-02 -6.569048062638251431e-03 3.926426322288466553e-01 8.471985022596369153e-02 9.957120274708937124e-01 -3.714976887535698796e-02 -1.559795160604370567e-01 9.699348619485978137e-03 3.645792583649499347e-02 9.992881177518615488e-01 -6.269804884438336112e-02
9.958496353395850376e-01 -9.040279370267888248e-02 -1.052799528715274088e-02 4.177339807979063568e-01 8.958489473668478087e-02 9.940519702208080455e-01 -6.192921067756955444e-02 -8.289984693460450416e-02 1.606394811472362100e-02 6.072903252053808709e-02 9.980250168107445141e-01 3.383357214971760910e-03
9.987662049790136942e-01 -4.819648300234061211e-02 -1.196523372207422380e-02 4.821101954219149666e-01 4.731081319503986637e-02 9.967184860127561441e-01 -6.568064094741521419e-02 -5.080051053787663917e-02 1.509154553525953076e-02 6.503351956217906515e-02 9.977689545113702652e-01 -3.847097931722169573e-02
9.992357891049968854e-01 -3.787008212480427738e-02 -9.679599763154061315e-03 7.008698233798547061e-01 3.729382721659885158e-02 9.978423284116646474e-01 -5.403571116887443543e-02 -7.760055351392822209e-02 1.170505118539612657e-02 5.363342716858703757e-02 9.984920867322379934e-01 -8.441753187240944034e-02
9.983349106917013271e-01 -5.723054510154625130e-02 -7.216010086792228918e-03 7.926056712849773866e-01 5.685859733648139513e-02 9.974075923814881284e-01 -4.410435997371603412e-02 -5.081912365994283032e-02 9.721419809918556074e-03 4.362063006357352890e-02 9.990008681826738623e-01 -7.764363075545169246e-02
9.981926376445615645e-01 -6.009362677107069062e-02 -4.627890365588287896e-04 7.563517787171887274e-01 6.005097122448840863e-02 9.977210424281279799e-01 -3.076690350238722726e-02 -1.612195630458722675e-02 2.310629175953789107e-03 3.068350562808620091e-02 9.995264796268192864e-01 -3.530101225993390740e-02
9.977816975747743067e-01 -6.655966872554534841e-02 1.222490878230632653e-03 7.685887052138350439e-01 6.656751437254927739e-02 9.977478418362798473e-01 -8.246826135327817164e-03 -4.130401852453086109e-03 -6.708316198145631605e-04 8.309910360018331332e-03 9.999652470834905493e-01 -9.583205591618884980e-03
9.956925441546411459e-01 -9.271283040297936817e-02 -8.298153567784963096e-04 8.586338490111763422e-01 9.271609887295267916e-02 9.956756158546895552e-01 5.813174878286180708e-03 4.263703849598121653e-02 2.872710198127013601e-04 -5.865072126841983785e-03 9.999827590535289579e-01 1.122969757645629618e-01
9.855301163409198040e-01 -1.688542262886968404e-01 -1.478648198519907746e-02 9.458472979139004311e-01 1.689878495840375083e-01 9.855831854982219919e-01 8.300069646704830509e-03 1.180876038496092295e-01 1.317180617894793924e-02 -1.067870439814665000e-02 9.998562240614203844e-01 1.590292841126094980e-01
9.731705278059938902e-01 -2.278436408427792770e-01 -3.203746458928731500e-02 9.953879211898331025e-01 2.282429745277364808e-01 9.735591484474667157e-01 9.366378861360404734e-03 1.186055012964480904e-01 2.905629688267722527e-02 -1.642741007432697159e-02 9.994427806581603901e-01 7.617730773363098895e-02
9.632341986023498226e-01 -2.663017180335036649e-01 -3.554256061812590545e-02 1.144425478630519910e+00 2.672099589387266771e-01 9.633447281103215687e-01 2.378597624682595932e-02 7.913305747559909453e-02 2.790549205537926417e-02 -3.240879193143256232e-02 9.990850583001891216e-01 -2.430963237913978323e-02
9.574613397707845142e-01 -2.867048277101253428e-01 -3.268217575440426209e-02 1.366986646104917602e+00 2.876883487729555156e-01 9.572262587295514713e-01 3.087561463219979513e-02 9.731417690957383515e-02 2.243204905096098101e-02 -3.896448852908453858e-02 9.989887746161325577e-01 -1.467292224967291225e-01
9.530575324847291308e-01 -3.016924058572859058e-01 -2.574940819052134316e-02 1.455172383286339244e+00 3.021921164971569929e-01 9.530705362229127120e-01 1.834332878019352686e-02 1.467900758014898666e-01 1.900695928043506094e-02 -2.526351582445023752e-02 9.995001201936394297e-01 -1.612529257028298968e-01
9.497984478569888589e-01 -3.126220060754216767e-01 -1.226335051418989477e-02 1.374282403394253116e+00 3.125538475896058044e-01 9.498729260653825390e-01 -7.177512446644176980e-03 2.041665858404504430e-01 1.389247297598017808e-02 2.984232793746835911e-03 9.998990416783308799e-01 4.338943860827343402e-02
9.551253816310267819e-01 -2.954649380521186530e-01 -2.088003223281099940e-02 1.363149374983999129e+00 2.951246057023138580e-01 9.552908955631618237e-01 -1.791010784964609109e-02 2.242052138137558270e-01 2.523831359737215008e-02 1.094418731518611958e-02 9.996215545349004250e-01 2.039431627246858225e-01
9.602630979798201238e-01 -2.772886591256113475e-01 -3.171406909431326998e-02 1.597739892856207433e+00 2.772744637563903658e-01 9.607780914976870035e-01 -4.932610532807643090e-03 2.478937331784347164e-01 3.183793973869118027e-02 -4.056897630297065689e-03 9.994848108774904150e-01 1.833758405377569900e-01
9.554508764250034814e-01 -2.918519327854993128e-01 -4.400081894761850160e-02 1.913350019931311152e+00 2.929416426465435985e-01 9.559076817229783529e-01 2.063245081287852500e-02 2.945959055624055578e-01 3.603910018629016138e-02 -3.260296539226908291e-02 9.988184168833658116e-01 -7.510874021862121164e-02
9.456429392527578859e-01 -3.229836191109172194e-01 -3.796068001786512269e-02 2.025620152695412735e+00 3.241800040284136264e-01 9.454815447843117893e-01 3.117648890444664131e-02 3.440491561129391807e-01 2.582162716682454007e-02 -4.178792000429475129e-02 9.987927779635634717e-01 -1.751623994792290140e-01
9.238041319882088764e-01 -3.818178653131152900e-01 -2.830271098760181805e-02 1.998817632323526494e+00 3.825328330433968582e-01 9.235568047591711238e-01 2.667320803396108081e-02 3.942761736298892594e-01 1.595485397315216450e-02 -3.546753601205013262e-02 9.992434620871578632e-01 -8.819956804825468399e-02
8.983135587920300091e-01 -4.389474584683384362e-01 -1.891768470464649798e-02 1.994977717129425621e+00 4.392901902858718510e-01 8.980873252761301107e-01 2.152405391576862198e-02 4.209124206932436385e-01 7.541804094551007691e-03 -2.764570278637792922e-02 9.995893338308721177e-01 4.483643575222220207e-02
8.577884497254574248e-01 -5.138503297076094656e-01 -1.252254674487381265e-02 2.120411498749464219e+00 5.139585511781011862e-01 8.571398534811626169e-01 3.402762473635630169e-02 4.711139200033326868e-01 -6.751532307831343074e-03 -3.562457345249409046e-02 9.993424370944247181e-01 8.712486665572134747e-02
8.335608917036626542e-01 -5.524044277577352391e-01 -5.058459829230763441e-03 2.225773415445898795e+00 5.519105668254570274e-01 8.323497715580658873e-01 5.087812903044142132e-02 5.029946979341189950e-01 -2.389489586914932129e-02 -4.520183603444331844e-02 9.986920586299451452e-01 -5.509166166334289461e-03
8.124975760321597740e-01 -5.829457199620667884e-01 4.687912090961591366e-03 2.336195290603089170e+00 5.817868024571256624e-01 8.113407711224955854e-01 5.701113576370708119e-02 5.635786182827258184e-01 -3.703789179446459467e-02 -4.359404422925173411e-02 9.983625362958886695e-01 -3.661144990626204188e-02
8.083347478200427760e-01 -5.887058089169319164e-01 4.517301646871065002e-03 2.416710389343155185e+00 5.877611095231496385e-01 8.074285682807303965e-01 5.095081212548013133e-02 6.244732057828012994e-01 -3.364243746853069067e-02 -3.853021764266067323e-02 9.986909475556415838e-01 1.867372502850683791e-03
8.046093147219310904e-01 -5.937243653366607310e-01 -9.758517729863160767e-03 2.544681271276145740e+00 5.937829352414484285e-01 8.043311260153173103e-01 2.175466706207616549e-02 7.079315161213118879e-01 -5.067196340640251623e-03 -2.329844905806472896e-02 9.997157124866720146e-01 4.660353230135451386e-02
8.086902632953342218e-01 -5.872157256520569302e-01 -3.460851915715614652e-02 2.574175362247040688e+00 5.875093868051637358e-01 8.092147846317863102e-01 -2.037829519922410362e-03 7.708605529091721031e-01 2.920237091647958499e-02 -1.868485697723850508e-02 9.993988681465456603e-01 6.033814284403721251e-02
8.335927707966097611e-01 -5.488978488093156916e-01 -6.192127298543272096e-02 2.688173133362566247e+00 5.487500221909966669e-01 8.357253426553680198e-01 -2.089413288337950078e-02 8.029718098076252808e-01 6.321792167583033251e-02 -1.656210180120209000e-02 9.978623107237366563e-01 9.191429405581677536e-02
8.331312984344891870e-01 -5.477983038719491660e-01 -7.621848754651305846e-02 2.916583458093589876e+00 5.488311246794150833e-01 8.358896716565109575e-01 -8.535420382071485720e-03 8.574460988762493407e-01 6.838593533754350196e-02 -3.471995237591732342e-02 9.970546067066855533e-01 8.394067802800699030e-02
8.342904850272414574e-01 -5.467000593092263827e-01 -7.126311629657071378e-02 2.975998186898480835e+00 5.486486497157270215e-01 8.359964615791426468e-01 9.724988034064040165e-03 9.160478783362427935e-01 5.425906153003172416e-02 -4.721187751447174230e-02 9.974101427514353579e-01 1.019021298085098781e-02
8.166729097205273069e-01 -5.722641208141937552e-01 -7.455960405853377659e-02 3.076713823754456012e+00 5.740027466913307785e-01 8.188500480639905321e-01 2.333575884434307968e-03 9.985636530207167016e-01 5.971771361510348763e-02 -4.470318572941109347e-02 9.972138285574595473e-01 -1.725478335181648837e-02
7.938396316103510930e-01 -6.029949506328973197e-01 -7.883989342947991807e-02 3.042986213637142612e+00 6.040181465007921080e-01 7.968669409518081004e-01 -1.285134684985253344e-02 1.055949728828280643e+00 7.057420196140928859e-02 -3.741881785061065141e-02 9.968044512782699984e-01 8.448950629770367315e-02
7.698818163365033218e-01 -6.319335775518771792e-01 -8.911757647564380602e-02 3.106279316633158594e+00 6.333311291725928216e-01 7.737311898225878171e-01 -1.522257260423669038e-02 1.103060540540111489e+00 7.857270324594381461e-02 -4.472135349258033604e-02 9.959047800098242975e-01 2.193451670168048984e-01
7.461584740173263786e-01 -6.571874457059326824e-01 -1.065466698618336289e-01 3.178286493772715993e+00 6.609597888008501565e-01 7.504213096951264372e-01 1.246747236028633576e-04 1.173522840949448920e+00 7.987295687822278112e-02 -7.051609151082349758e-02 9.943076946285624995e-01 2.013336990739279242e-01
7.418198046332726836e-01 -6.607501276693272807e-01 -1.145104634468869509e-01 3.402547179598913729e+00 6.673265646015020813e-01 7.442070878341358053e-01 2.882822565805855802e-02 1.219101453230097665e+00 6.617124474430263747e-02 -9.780122290852186207e-02 9.930036692613916083e-01 4.794519919334165603e-02
7.231184303587954165e-01 -6.833064436674840536e-01 -1.009556324229981261e-01 3.578731926116440754e+00 6.894911700099799479e-01 7.228049410306605083e-01 4.642137115523843616e-02 1.312377626667998509e+00 4.125120790596390613e-02 -1.031761661633095045e-01 9.938073337333248602e-01 -7.569834283930085284e-02
7.171847775714398354e-01 -6.923407163756503113e-01 -7.943756836822139789e-02 3.623847247480575184e+00 6.963853675735749427e-01 7.163085347756700250e-01 4.415317470975128888e-02 1.381642958025318446e+00 2.633276759517434382e-02 -8.698514503054073643e-02 9.958615214450221576e-01 -4.584032525618064735e-02
7.145571333114888457e-01 -6.965598552515681607e-01 -6.490355372074452234e-02 3.649989486381798542e+00 6.990141629191508610e-01 7.146238660560622069e-01 2.630456427173942860e-02 1.446815259938764031e+00 2.805892499911738849e-02 -6.416461731360630083e-02 9.975447852667530535e-01 7.358321551906246705e-02
7.141728518886183430e-01 -6.975864952354043913e-01 -5.770805221511772498e-02 3.712725785451526317e+00 6.990970801852424144e-01 7.149692716603979203e-01 9.067141659250842201e-03 1.530890913204935089e+00 3.493436848930320249e-02 -4.681903722403158580e-02 9.982923257501623571e-01 1.601510403388203552e-01
7.242126732035232273e-01 -6.869514848941058460e-01 -6.011373697575266017e-02 3.797620845992649485e+00 6.886741742930884147e-01 7.249699851997249977e-01 1.209967855950909443e-02 1.622904918367443106e+00 3.526876285241542508e-02 -5.016151872993379612e-02 9.981181976126708433e-01 1.574136189009848752e-01
7.309697397108831929e-01 -6.802949869703873720e-01 -5.368398578686428557e-02 4.005060453868526160e+00 6.821816211823796827e-01 7.304951545768082477e-01 3.170275793657706398e-02 1.691084619989961180e+00 1.764866419828556646e-02 -5.979598517263177981e-02 9.980545900947755955e-01 9.556083315514131427e-02
7.187985934851808256e-01 -6.944508847202076618e-01 -3.265808804946632865e-02 4.113330627552552521e+00 6.951132742805256060e-01 7.170797659946865910e-01 5.112871130795648006e-02 1.784217540334857466e+00 -1.208792466606927601e-02 -5.945231629067521811e-02 9.981579555185345898e-01 3.148745965645595446e-02
7.114503507440386176e-01 -7.025632407265199886e-01 -1.559779490935513623e-02 4.131904852262094252e+00 7.021186518308263347e-01 7.097194232458965413e-01 5.768655838906480704e-02 1.861163967456209711e+00 -2.945839740120567707e-02 -5.199262493240677796e-02 9.982128880029503826e-01 5.181220807613864943e-02
6.931353148570890133e-01 -7.206282682641543813e-01 -1.607278061102010089e-02 4.185896363024356859e+00 7.201949127350778523e-01 6.914549590294620796e-01 5.665092500637960299e-02 1.946218053643800294e+00 -2.971065412402737818e-02 -5.084229157080593503e-02 9.982646635133147761e-01 1.033995094736992748e-01
6.639108022854935953e-01 -7.471113960028032963e-01 -3.235751182298701734e-02 4.337857137095103788e+00 7.475352659932501531e-01 6.618671918124856557e-01 5.588243461639113424e-02 2.049085245668689659e+00 -2.033402825396763910e-02 -6.128933320731120432e-02 9.979128944602179141e-01 1.022596298133071069e-01
6.476489451778155715e-01 -7.610079553328131796e-01 -3.765283163632852925e-02 4.416938242188919617e+00 7.614139771140858715e-01 6.445780739986701757e-01 6.904970655603827334e-02 2.097423157603436561e+00 -2.827718630580058901e-02 -7.338936190167986984e-02 9.969024035954027196e-01 4.819821983980782792e-02
6.402963068522045109e-01 -7.678750342766377246e-01 -1.971220855409567402e-02 4.522291388135687207e+00 7.666153797204448006e-01 6.372152208525765360e-01 7.910513188081047531e-02 2.188989318212088087e+00 -4.818193652714514857e-02 -6.576240604216618268e-02 9.966713635617506784e-01 4.575365893919411397e-02
6.360944251679366834e-01 -7.716056028829592073e-01 -2.945482965012805043e-03 4.577191209086402424e+00 7.696164225561512584e-01 6.341710334213073175e-01 7.428096998035647880e-02 2.269529113891747052e+00 -5.544767264857693168e-02 -4.951660296280485651e-02 9.972330026773482681e-01 5.586816982401920928e-02
6.425312896836226084e-01 -7.662019219964590899e-01 9.389169634889449334e-03 4.643935309942588852e+00 7.648856493749207619e-01 6.420645751406139912e-01 5.199062155628331877e-02 2.370541846820611642e+00 -4.586376737476326182e-02 -2.622396000673817701e-02 9.986034341838398998e-01 8.689386046454131152e-02
6.493727433146231354e-01 -7.601810352838165308e-01 2.097221578339791836e-02 4.722780878157071704e+00 7.592635434366039604e-01 6.496487014601819432e-01 3.841140845102816725e-02 2.486376692705242419e+00 -4.282419699343932573e-02 -9.019882811002884540e-03 9.990419059608774965e-01 1.231805665263260574e-01
6.750149466624113526e-01 -7.372271524878254434e-01 2.917100301728606931e-02 4.767989469200366592e+00 7.356852213922263628e-01 6.755444137380030023e-01 4.906118723032400208e-02 2.573918397328411878e+00 -5.587554749094585799e-02 -1.165635886846633912e-02 9.983696973018144627e-01 1.281396583839196079e-01
6.927960424893846447e-01 -7.205274452521041040e-01 2.956085502015882646e-02 4.880894501791654960e+00 7.181739570372950299e-01 6.930828477943884458e-01 6.214767515051697333e-02 2.703045295911350454e+00 -6.526722718516839161e-02 -2.182582717096078970e-02 9.976291005799013956e-01 1.247318057246938616e-01
6.830435735423188159e-01 -7.299908835801451890e-01 2.376523789945482121e-02 5.038419255190752288e+00 7.276818891874268225e-01 6.829552145914439265e-01 6.364937557409439117e-02 2.801783693426890487e+00 -6.269405706409657275e-02 -2.618176373420268849e-02 9.976893155971001681e-01 6.617513950766737429e-02
6.611379442107113702e-01 -7.499584916469775875e-01 2.142147360534581851e-02 5.069598922480904157e+00 7.480372660309609900e-01 6.611049869774812127e-01 5.814159287833080281e-02 2.840038551790984300e+00 -5.776562432588622925e-02 -2.241555263861847239e-02 9.980784917260495659e-01 5.263794718045638338e-02
6.403899998306089580e-01 -7.678094269502097058e-01 1.921801247120560538e-02 5.095521271265403662e+00 7.661583143486568881e-01 6.403678423248688745e-01 5.413375906600750853e-02 2.929308789892709264e+00 -5.387100770709028763e-02 -1.994267791904042950e-02 9.983487387311309469e-01 8.847215527755532272e-02
6.124611584116095298e-01 -7.904158251528086154e-01 1.158243433453210250e-02 5.210837776514396502e+00 7.884760509007520124e-01 6.118749323042602661e-01 6.256663946234897189e-02 3.032523956203576621e+00 -5.654066318203121444e-02 -2.918716439912261845e-02 9.979735782280384493e-01 1.257776304971674197e-01
5.948918636898361534e-01 -8.037396237395264542e-01 1.030959488426954479e-02 5.263217378589111206e+00 8.002873165707840020e-01 5.934379278865804519e-01 8.585823595681219000e-02 3.109985300719416479e+00 -7.512577088833871652e-02 -4.282572797660575553e-02 9.962540216087996114e-01 1.109047205828528060e-01
5.953341162063929826e-01 -8.034722400967241329e-01 3.106360363044242956e-03 5.356466403578609814e+00 7.995758631233708114e-01 5.928188107784524430e-01 9.614726567998838069e-02 3.187009066641888211e+00 -7.909316779134434316e-02 -5.475597667080382008e-02 9.953622726563211565e-01 8.468450663301067827e-02
6.014637613475739553e-01 -7.988173893941036274e-01 -1.149444157919093240e-02 5.466559755612512284e+00 7.962706385343732984e-01 5.982557157949919269e-01 8.968371494693451462e-02 3.268937163387766187e+00 -6.476429567045260960e-02 -6.309419085946528505e-02 9.959039657949453339e-01 7.041015694462240959e-02
6.120670925983544564e-01 -7.905836697016517256e-01 -1.874394193511618595e-02 5.527875169250371812e+00 7.894702618025029039e-01 6.094847583521628698e-01 7.256056136699123860e-02 3.374003407750425509e+00 -4.594104796023657650e-02 -5.920971657992588760e-02 9.971878607237655290e-01 8.327944457203861894e-02
6.373629785271324177e-01 -7.703498921043728798e-01 -1.815151062041418101e-02 5.596720090410246762e+00 7.698874794567983626e-01 6.356402776781466812e-01 5.687447906492319044e-02 3.450390669310620773e+00 -3.227541756011810536e-02 -5.022430813888246331e-02 9.982163173848094262e-01 1.088208429015306566e-01
6.526843092032019733e-01 -7.575068944977341179e-01 -1.365640173463318272e-02 5.672472410507436003e+00 7.569246482317029123e-01 6.511931239678712124e-01 5.488708587889809531e-02 3.578220306869403622e+00 -3.268439106441849151e-02 -4.616080681014346487e-02 9.983991739256321551e-01 1.144595167646774714e-01
6.810091245270268878e-01 -7.322634051770285923e-01 -4.108253823120175396e-03 5.723600923798658258e+00 7.308128924538398463e-01 6.792844045742273407e-01 6.697173975259829160e-02 3.654218493495093867e+00 -4.625028144978941824e-02 -4.861073071637785764e-02 9.977464148394796783e-01 1.285699304270017385e-01
6.874747492570307816e-01 -7.262008775089806578e-01 3.279426652502380468e-03 5.851664390218535239e+00 7.239442077067642645e-01 6.856807548296731669e-01 7.580690327427402897e-02 3.777506481932289439e+00 -5.729967942151259486e-02 -4.974120989075525578e-02 9.971171239010970799e-01 1.207583321745424598e-01
6.835275876068283019e-01 -7.299033710964566435e-01 5.577261193271502993e-03 5.916098786854959712e+00 7.277962401937767556e-01 6.820976321580316526e-01 7.110170858853404052e-02 3.860265850729121428e+00 -5.570161344334625259e-02 -4.454086961920272758e-02 9.974534782100733521e-01 9.409268365574680049e-02
6.743344428927130485e-01 -7.384256236402092499e-01 -8.108514922380224976e-04 5.986855729697465378e+00 7.373452970284534169e-01 6.732876819289326242e-01 5.482344674303467336e-02 3.900275508099699806e+00 -3.993710152973361377e-02 -3.756721595131282121e-02 9.984957346964838942e-01 8.681180192662356354e-02
6.658441040416974710e-01 -7.460274062707377141e-01 -9.733355324091639768e-03 6.083800705542282472e+00 7.459340559806264537e-01 6.653799943314693266e-01 2.918642272950939393e-02 3.984430823989485670e+00 -1.529749133684691655e-02 -2.669404870771271976e-02 9.995265952051447522e-01 9.708209359876238120e-02
6.297774757465184337e-01 -7.766655482418878265e-01 -1.307506085917535532e-02 6.114047424540203224e+00 7.767754175117862481e-01 6.296766010474637021e-01 1.128400827291100618e-02 4.115029898722932344e+00 -5.308405913521585182e-04 -1.726280010429467535e-02 9.998508458469321791e-01 1.301615306030435293e-01
6.303627050170717006e-01 -7.762952012841871641e-01 -2.936083565537000832e-03 6.143839768408621005e+00 7.761888389680614564e-01 6.302031020293462626e-01 1.936327591091583852e-02 4.139120243584638814e+00 -1.318128919996685786e-02 -1.448484227504418312e-02 9.998082030866189962e-01 1.445545306248832151e-01
6.347779063771031849e-01 -7.726303039322245381e-01 9.971109321443859946e-03 6.247014346899097958e+00 7.719648461350240298e-01 6.346862842496141521e-01 3.526466953122758818e-02 4.256087339686390969e+00 -3.357507866305571576e-02 -1.468788722098916116e-02 9.993282644165295547e-01 1.526389639719631652e-01
6.469387916068396471e-01 -7.625113190061809654e-01 6.832883852105503877e-03 6.353613096764970436e+00 7.619140854318078304e-01 6.467437229146847377e-01 3.477762630004342659e-02 4.365882121275635797e+00 -3.093745844270450601e-02 -1.729292508246561139e-02 9.993717168337306056e-01 1.182741202952280746e-01
6.637672028825940540e-01 -7.479390893047452860e-01 4.680463713309847978e-04 6.450736606199028778e+00 7.478423578148238882e-01 6.636911692030880161e-01 1.567927867611068268e-02 4.474034438853135676e+00 -1.203778365739545733e-02 -1.005736604815585591e-02 9.998769630073447434e-01 8.543021659367176779e-02
6.758881100740776748e-01 -7.369881625769998390e-01 -4.869382082881727747e-03 6.522772696364112832e+00 7.369581143641790177e-01 6.759049747718662848e-01 -6.723299148209908177e-03 4.587047245494607850e+00 8.246231459579480075e-03 9.556673168270141648e-04 9.999655425896907257e-01 9.794630244167869260e-02
6.987168086520487709e-01 -7.153865615355717855e-01 -4.109608425137397346e-03 6.569482903457562806e+00 7.153302201959302886e-01 6.987180116255548024e-01 -9.788580309375252697e-03 4.664554069663430447e+00 9.874076237210392681e-03 3.899718495328376340e-03 9.999436458191626187e-01 1.552119824451676511e-01
7.025186989393039649e-01 -7.116383543463553618e-01 6.191143984667487818e-03 6.669273246168897273e+00 7.116645665875083182e-01 7.025037653236423374e-01 -4.690881571622918314e-03 4.773223592572049867e+00 -1.011090718826350519e-03 7.701449819104136049e-03 9.999698322280737850e-01 1.768607544336540660e-01
6.975801879681060580e-01 -7.163663844602042863e-01 1.418042911186044239e-02 6.747300743820222380e+00 7.164547080677799995e-01 6.976313927686910166e-01 -1.758155604175705954e-03 4.820264448519083089e+00 -8.633228937883093840e-03 1.138608971645188941e-02 9.998979069480419257e-01 1.344042842644642133e-01
6.930746865783615762e-01 -7.207948307195342075e-01 1.011389303404245169e-02 6.842785622535481060e+00 7.208657837443712690e-01 6.930059715323821923e-01 -9.759367145085660195e-03 4.916203422568626635e+00 2.551312124062041914e-05 1.405472975397515159e-02 9.999012270822670301e-01 1.207005407807357628e-01
6.882247741151035214e-01 -7.254898125266894260e-01 -3.345476678106577405e-03 6.904779642650619387e+00 7.254724058627971539e-01 6.882320006027544679e-01 -5.147978047249949715e-03 5.042036853468932378e+00 6.037269735534025669e-03 1.115915014294250988e-03 9.999811528763036250e-01 1.583942456806522736e-01
6.774210046195662249e-01 -7.355456446183818997e-01 -8.566631960507395741e-03 7.004651234186113129e+00 7.355091612698270165e-01 6.771170776537742686e-01 2.321070524064561269e-02 5.125141171281473618e+00 -1.127192034984373682e-02 -2.202425555022687054e-02 9.996938911382249326e-01 1.412270874930822429e-01
6.691089414300250837e-01 -7.430864088121751365e-01 -1.076166980613246262e-02 7.083085071093969454e+00 7.424588448832227794e-01 6.677728384692012131e-01 5.323814288136807099e-02 5.217702551254684629e+00 -3.237418961243589133e-02 -4.361221436032838156e-02 9.985238537989600260e-01 1.324221676286498339e-01
6.732934385431293967e-01 -7.392375619159915479e-01 -1.427489640137798339e-02 7.170125765092541847e+00 7.381842257800542706e-01 6.709879889771825923e-01 6.970772882441643448e-02 5.295598970490161150e+00 -4.195228747364443400e-02 -5.747125978136504582e-02 9.974653176300776192e-01 1.287592544156058727e-01
6.668533103852722910e-01 -7.448303578546310311e-01 -2.311710289690316680e-02 7.287790906879872743e+00 7.445308702107914511e-01 6.646401830652399756e-01 6.266745852646299353e-02 5.410437493945019938e+00 -3.131207005876996546e-02 -5.900139890838732720e-02 9.977667007850522518e-01 9.530909295286771332e-02
6.710283911403205348e-01 -7.410612613434526263e-01 -2.343299425348616474e-02 7.355373355903702226e+00 7.411972409307796550e-01 6.696864387821993558e-01 4.633275027251666095e-02 5.450854347452307458e+00 -1.864264788684150478e-02 -4.845906155990386405e-02 9.986511758529604821e-01 8.979849435406721259e-02
6.875409020500380386e-01 -7.259201581460450470e-01 -1.809508235518494240e-02 7.400299817075237208e+00 7.260996329059008492e-01 6.870032922990406687e-01 2.838660712722057208e-02 5.559767625645578804e+00 -8.175029182587268545e-03 -3.265578612589110225e-02 9.994332236474650077e-01 1.451572417734181830e-01
7.160506341969679056e-01 -6.978169409460538430e-01 -1.797237309905730732e-02 7.444101622003001850e+00 6.980367770911591885e-01 7.156531926036029390e-01 2.419019934721282350e-02 5.692004429581662528e+00 -4.018344722343810717e-03 -2.986678497866863263e-02 9.995458108864897495e-01 2.429037736624910515e-01
7.232165206431964144e-01 -6.901979760616649973e-01 -2.417887733395639518e-02 7.614268187389635401e+00 6.904950655518540259e-01 7.219714557493981388e-01 4.442726113137776545e-02 5.806620203875429098e+00 -1.320714644765737592e-02 -4.882592470682220465e-02 9.987199809552395058e-01 2.682544205648382252e-01
7.163299171181565228e-01 -6.971901242809006582e-01 -2.823792567943048462e-02 7.701588366496983973e+00 6.974998016411557700e-01 7.143656083535478984e-01 5.635427501275964285e-02 5.877282883409406189e+00 -1.911744104327733548e-02 -6.006420070930438421e-02 9.980114304160595529e-01 1.617188617192694411e-01
7.132653629061900258e-01 -7.003582473955576315e-01 -2.740159453980611087e-02 7.792994022405085985e+00 7.006902561370103033e-01 7.115700011189378671e-01 5.197401718402686055e-02 5.905136990641941530e+00 -1.690227892776112462e-02 -5.627129652511672631e-02 9.982724348365182854e-01 1.026911487363641878e-01
7.019117436382227293e-01 -7.117427115649830327e-01 -2.724365388260822224e-02 7.809440957809527184e+00 7.121548385409246507e-01 7.006212615183238235e-01 4.433208602380562385e-02 6.002749725319761254e+00 -1.246555596431394436e-02 -5.051891173212278568e-02 9.986453071395782199e-01 1.501607880513553539e-01
6.957254773150020055e-01 -7.174120912084259727e-01 -3.586016735551986884e-02 7.900906677346328344e+00 7.182801184900461378e-01 6.943931119609236813e-01 4.349571752655345680e-02 6.140518971991367536e+00 -6.303300463896733055e-03 -5.601872409451559565e-02 9.984098211426429836e-01 2.452480018681235940e-01
6.871113931189447577e-01 -7.253269610894828023e-01 -4.217502771592439303e-02 8.003862809856432392e+00 7.264261905092206373e-01 6.847533352468817558e-01 5.846246326090764889e-02 6.242244583128442770e+00 -1.352490992223077775e-02 -7.080726929466713004e-02 9.973983193421913640e-01 2.197780020548555924e-01
6.873753633261021623e-01 -7.255649225743210362e-01 -3.272083467805731588e-02 8.119221917590648374e+00 7.259063426785925532e-01 6.848155452517328268e-01 6.393473735428702176e-02 6.297789604627122451e+00 -2.398106651712718362e-02 -6.769942474860139725e-02 9.974175135505740641e-01 1.468837729464826936e-01
6.862254542807307844e-01 -7.270737516721428317e-01 -2.140993990183022791e-02 8.233443765071109866e+00 7.270347428289363201e-01 6.846757525768143449e-01 5.137700412670486577e-02 6.356490933792140474e+00 -2.269600442516848601e-02 -5.082197814694115051e-02 9.984498074116517907e-01 1.365530139097461404e-01
6.965513146174624470e-01 -7.173407074472216705e-01 -1.544589083881026288e-02 8.278188316567518967e+00 7.174888673823122121e-01 6.962193602008073245e-01 2.209813711663055277e-02 6.427448877985879605e+00 -5.098165074981468939e-03 -2.647474118283476077e-02 9.996364823235345254e-01 1.943994207558545073e-01
7.075772112658764712e-01 -7.065389872848015784e-01 -1.171108636175031449e-02 8.346457914074889572e+00 7.065253052483502216e-01 7.076625524323351124e-01 -5.975360129591725245e-03 6.551000447727810538e+00 1.250932216113545721e-02 -4.046150209719609828e-03 9.999135690286182765e-01 2.324084364835190541e-01
7.352482050181023965e-01 -6.777003859705952316e-01 -1.150060315656403417e-02 8.403740040404379386e+00 6.777330521009379272e-01 7.353067743823082925e-01 -1.362951735283059532e-03 6.633028025713445963e+00 9.380144327564714918e-03 -6.792231061406644663e-03 9.999329369960779923e-01 2.436198668408806056e-01
