1.000000000000000000e+00 0.000000000000000000e+00 0.000000000000000000e+00 0.000000000000000000e+00 0.000000000000000000e+00 1.000000000000000000e+00 0.000000000000000000e+00 0.000000000000000000e+00 0.000000000000000000e+00 0.000000000000000000e+00 1.000000000000000000e+00 0.000000000000000000e+00
9.999978452664647355e-01 -2.026410449526358168e-03 -4.506918211635921193e-04 2.309326945140833739e-02 2.026522689713958908e-03 9.999979156692342386e-01 2.487226871705871373e-04 -5.251356620874297887e-02 4.501868675204466356e-04 -2.496354884411286393e-04 9.999998675069448062e-01 -1.886828759909242245e-02
9.999872964811835629e-01 -5.028835182330495916e-03 -3.430640793196962856e-04 3.722047301514318923e-02 5.028913788258545549e-03 9.999873287918022990e-01 2.286524571631099996e-04 -1.222978038203179074e-01 3.419098767622139328e-04 -2.303747921510650263e-04 9.999999150125420400e-01 -2.281755706000247394e-02
9.999854492215645152e-01 -5.386405690934162674e-03 -2.966123371089004449e-04 4.685551866448395275e-02 5.386535499384708520e-03 9.999853963300567861e-01 4.385908493180057767e-04 -1.419492475585454605e-01 2.942455772334701147e-04 -4.401821803631260268e-04 9.999998598295843921e-01 -1.471432831391820441e-02
9.999920821167291862e-01 -3.978741484071644796e-03 7.293868386726271675e-05 2.700257219374974094e-03 3.978735555029522947e-03 9.999920814992577789e-01 8.125370658494439292e-05 -1.035618108355262496e-01 -7.326139379536448343e-05 -8.096285949274059852e-05 9.999999940388917263e-01 -2.131887222380561726e-03
9.999986674781254914e-01 -1.465902337272392136e-03 7.184513282319540369e-04 -6.586700283562173242e-02 1.466096612502107693e-03 9.999988888415378696e-01 -2.699563158626743019e-04 -2.962691575200888244e-02 -7.180548003242963979e-04 2.710092751985467376e-04 9.999997054755949133e-01 1.612421071153159052e-02
9.999885832216953707e-01 4.606819170294893483e-03 1.269111263267166815e-03 -1.387022579458748739e-01 -4.606416075527458749e-03 9.999893390934163628e-01 -3.203598782015651663e-04 5.023176103774204537e-02 -1.270573573418837037e-03 3.145101661991111641e-04 9.999991433627080095e-01 2.211882492813418977e-02
9.999956297369554381e-01 2.693978922871776479e-03 1.217778532036965138e-03 -8.836402247392086129e-02 -2.694887030098918560e-03 9.999960915077484858e-01 7.446832357717466343e-04 2.551888864953159863e-02 -1.215767611417623755e-03 -7.479617568816408074e-04 9.999989812306436798e-01 2.306619417694828755e-02
9.999973132523812813e-01 -2.163706478890921759e-03 8.317825990475425681e-04 -6.486838805205416558e-02 2.163099989694081387e-03 9.999973945176889867e-01 7.293533217993277123e-04 8.338380899304272814e-03 -8.333585383604720596e-04 -7.275521332795996127e-04 9.999993880905326815e-01 1.713308912034458564e-02
9.999930775480823097e-01 -3.664253152015490168e-03 6.466102017603209519e-04 -1.031509323938495926e-01 3.664066715562310905e-03 9.999932454437390206e-01 2.892784157468182831e-04 1.045949843445507371e-02 -6.476658235420445229e-04 -2.869071903126813950e-04 9.999997491065910626e-01 1.186585251496262081e-02
9.999990938259750717e-01 -1.112955150548258646e-03 7.574153825071538787e-04 -1.077951652096788560e-01 1.112697082668667433e-03 9.999993227921374350e-01 3.410578670207255842e-04 1.229638306673308187e-02 -7.577944516892373391e-04 -3.402147840764613426e-04 9.999996550006753360e-01 1.621702414665996891e-02
9.999998152597256995e-01 4.843769700384104493e-04 3.672321683526532125e-04 -5.275837731694779653e-02 -4.844411864381553928e-04 9.999998673813355055e-01 1.747971635003530680e-04 1.665941839895130824e-02 -3.671474519303858687e-04 -1.749750335956121161e-04 9.999999172932396707e-01 2.112571938472185967e-03
9.999999120380221873e-01 -4.138488396077202891e-04 6.821353123932395322e-05 -6.155267454973576899e-03 4.138393306764969197e-04 9.999999046586329765e-01 1.393547037149682770e-04 1.017236346889752868e-02 -6.827119651817893805e-05 -1.393264620149417402e-04 9.999999879635902422e-01 -5.798216469328853692e-03
9.999980243350190534e-01 -1.974695829543396917e-03 2.278210690979856471e-04 -8.406863938496149380e-03 1.974649304291267726e-03 9.999980295164552224e-01 2.042628987562876582e-04 -8.685196685956230248e-03 -2.282239772746223381e-04 -2.038126284856344318e-04 9.999999531871132108e-01 -3.941356355480856583e-03
9.999977680179960027e-01 -2.103843872088263789e-03 1.944221907051400778e-04 -1.633007293809282667e-02 2.103813387938744880e-03 9.999977746787775956e-01 1.568652971815435982e-04 -2.108596543807295456e-02 -1.947517781475317138e-04 -1.564559190533053616e-04 9.999999687966446560e-01 2.788288631198183008e-04
9.999996718269972273e-01 -7.011693343225055197e-04 4.058416716562549659e-04 -2.612568270387522623e-02 7.012627326015476994e-04 9.999997276564577264e-01 -2.300382365981047509e-04 -2.172260114162311365e-02 -4.056802653706722737e-04 2.303227627454351256e-04 9.999998911874676821e-01 6.567216475663417360e-03
9.999997106133443614e-01 -7.582001762421260345e-04 6.249576236291382253e-05 1.501209843927651943e-02 7.582166140342630305e-04 9.999996778587326718e-01 -2.634198113616705917e-04 -3.224567473292183628e-02 -6.229601728304965357e-05 2.634671204568226070e-04 9.999999633521406972e-01 -3.496084984238555238e-04
9.999983105074498058e-01 -1.818318448737007813e-03 -2.696298666301591993e-04 6.512621787254553596e-02 1.818371323242291924e-03 9.999983275564022778e-01 1.959850226848859265e-04 -6.710253726644546668e-02 2.692730525069909377e-04 -1.964749787870200784e-04 9.999999444448014474e-01 -9.481917536648804684e-03
9.999982291261094725e-01 -1.798556799332311478e-03 -5.540199315823787253e-04 5.160735026431474692e-02 1.798454665802814035e-03 9.999983657048496788e-01 -1.847929784059833768e-04 -9.631727526265242145e-02 5.543513868180723839e-04 1.837962714300206716e-04 9.999998294567207235e-01 -3.234051789994635273e-02
9.999918746065226127e-01 4.008775801749919071e-03 -4.247793593646515551e-04 2.334537210065619137e-02 -4.008987219981935760e-03 9.999918399575117300e-01 -4.980360029573662178e-04 -9.045315529784994646e-02 4.227793784699752748e-04 4.997348912418812360e-04 9.999997857612948904e-01 -2.985754100948434867e-02
9.999814355384916142e-01 6.092506972911547469e-03 -9.968531733547310336e-05 -2.223432274620733631e-02 -6.092552380440787591e-03 9.999813336319219870e-01 -4.617285071786881613e-04 -6.218709640644976000e-02 9.687037242306955546e-05 4.623272734550165587e-04 9.999998884348053618e-01 -1.735028002746152181e-02
9.999502981255765643e-01 9.969605020799316569e-03 -9.085317749663554575e-05 -2.991905957493599250e-02 -9.969632190640263097e-03 9.999502558707821231e-01 -3.036740697944300348e-04 -6.041643624910909838e-02 8.782114755352518262e-05 3.045647493869398244e-04 9.999999497638785151e-01 -1.374087998393204446e-02
9.999445217361531135e-01 1.052179544864298780e-02 -4.952478096874278739e-04 1.304326420081389909e-02 -1.052183178051303153e-02 9.999446414884881618e-01 -7.081272073397181128e-05 -6.879951428613981235e-02 4.944753165431294614e-04 7.601970631036585827e-05 9.999998748575749108e-01 -2.541391537365021366e-02
9.999470986268216288e-01 1.026170063183472897e-02 -7.052998965824175187e-04 5.128048392490500151e-02 -1.026170633769729265e-02 9.999473472953682718e-01 -4.471570954048695055e-06 -7.550068856435618314e-02 7.052168747128014772e-04 1.170891482054199754e-05 9.999997512659994925e-01 -3.219750771239702353e-02
9.999494518423194256e-01 1.001704583831412171e-02 -8.674980795077349982e-04 8.721734958070610777e-02 -1.001718082405242405e-02 9.999498153241666021e-01 -1.513984915936745026e-04 -8.556790129109688448e-02 8.659379787676834382e-04 1.600807238057960324e-04 9.999996122627142769e-01 -3.924711441112129634e-02
9.999441489534901528e-01 1.055526473839334817e-02 -5.341909609414909098e-04 1.070828554852956138e-01 -1.055528851384823080e-02 9.999442905206578081e-01 -4.170764706572034668e-05 -9.515408944228323507e-02 5.337209661847934191e-04 4.734385736421153115e-05 9.999998564502343701e-01 -3.831282535014676749e-02
9.999436172917249843e-01 1.060244475182497981e-02 -5.919483293586702381e-04 8.030078591648898145e-02 -1.060220288857447943e-02 9.999437109133603174e-01 4.102422792112472285e-04 -6.136192219856986124e-02 5.962645802280728321e-04 -4.039431923530830380e-04 9.999997406491901719e-01 -5.682000220719050226e-02
9.999502722394032483e-01 9.937549270901482185e-03 -8.355613871567650532e-04 8.689946319575075906e-02 -9.937421889950767695e-03 9.999506103630320109e-01 1.564633533488184625e-04 -4.497276780637365218e-02 8.370749813661831299e-04 -1.481522467575117224e-04 9.999996386781283553e-01 -6.760908785149560840e-02
9.999582361699104194e-01 9.069370301613075003e-03 -1.128024066173802589e-03 1.225516827115665230e-01 -9.069599528807065214e-03 9.999588506816361466e-01 -1.982620698391675642e-04 -2.126776010069558742e-02 1.126179536624246063e-03 2.084845161948225276e-04 9.999993441267137628e-01 -6.963228484139047381e-02
9.999966414172385409e-01 -2.281190679170001269e-03 -1.230172072553925187e-03 1.775691646253821643e-01 2.281642392513139571e-03 9.999973301028279860e-01 3.659169419602485013e-04 -5.894003378913824885e-03 1.229334061803637407e-03 -3.687225257487399379e-04 9.999991763903925968e-01 -5.567360098317053474e-02
9.996889019840379254e-01 -2.489626748777853948e-02 -1.508348476200447631e-03 2.088353112947912427e-01 2.489853225917788154e-02 9.996888554509378855e-01 1.501791774050828575e-03 2.510799745488043883e-02 1.470490152076276563e-03 -1.538880232802291833e-03 9.999977347506051606e-01 -5.913842880878313751e-02
9.984918212931970238e-01 -5.487830227788331044e-02 -1.566764082954876045e-03 2.214465513426349674e-01 5.488309799494790059e-02 9.984876517020004894e-01 3.202335569770874309e-03 1.321880838840776978e-02 1.388655850567548609e-03 -3.283494742152285456e-03 9.999936451284112682e-01 -6.332546570521109530e-02
9.979440904707467253e-01 -6.408352446823097071e-02 -9.456142150850168574e-04 2.350681398810530176e-01 6.409020314756859460e-02 9.978757962700859352e-01 1.167651826725100463e-02 -6.789788081086536864e-02 1.953330937591479691e-04 -1.171311700922089173e-02 9.999313800131041097e-01 -1.796401808334225914e-01
9.977738330906835706e-01 -6.665721712477877536e-02 -2.047780433727065894e-03 2.815723187565848384e-01 6.667884679095513467e-02 9.976833843940184909e-01 1.348317079642379068e-02 -9.484194314083183031e-02 1.144285870308973420e-03 -1.358969864556613255e-02 9.999070010258802599e-01 -2.549355786701725246e-01
9.970579433249519008e-01 -7.661137954314076182e-02 -2.480761398000596619e-03 2.865784898819690452e-01 7.663165346240105591e-02 9.970142269259740786e-01 9.498473288944576931e-03 -1.113671344504394839e-01 1.745663265195646205e-03 -9.660633089976555787e-03 9.999518112529550695e-01 -2.164748410983470817e-01
9.970113151966304432e-01 -7.718359765978803633e-02 -3.336108837734508888e-03 3.005618350334631761e-01 7.714687321452838586e-02 9.969695078067655203e-01 -1.000801962214531438e-02 -1.381826466908733786e-01 4.098453745832901680e-03 9.720738440454210899e-03 9.999443534122613997e-01 -1.344126247637326965e-01
9.963576012727799469e-01 -8.501986822797832910e-02 -6.569048062638247962e-03 3.926426322288451010e-01 8.471985022596373316e-02 9.957120274708937124e-01 -3.714976887535698796e-02 -1.559795160604369180e-01 9.699348619485978137e-03 3.645792583649499347e-02 9.992881177518615488e-01 -6.269804884438352766e-02
9.958496353395850376e-01 -9.040279370267886860e-02 -1.052799528715272007e-02 4.177339807979073005e-01 8.958489473668476699e-02 9.940519702208080455e-01 -6.192921067756951975e-02 -8.289984693460263065e-02 1.606394811472359671e-02 6.072903252053805240e-02 9.980250168107445141e-01 3.383357214971235288e-03
9.987662049790136942e-01 -4.819648300234056354e-02 -1.196523372207424288e-02 4.821101954219130237e-01 4.731081319503981780e-02 9.967184860127561441e-01 -6.568064094741515868e-02 -5.080051053787827675e-02 1.509154553525954290e-02 6.503351956217900964e-02 9.977689545113702652e-01 -3.847097931722319453e-02
9.992357891049968854e-01 -3.787008212480428432e-02 -9.679599763154094275e-03 7.008698233798510424e-01 3.729382721659885852e-02 9.978423284116646474e-01 -5.403571116887441461e-02 -7.760055351392936007e-02 1.170505118539615606e-02 5.363342716858701675e-02 9.984920867322379934e-01 -8.441753187240974565e-02
9.983349106917013271e-01 -5.723054510154626517e-02 -7.216010086792245398e-03 7.926056712849768315e-01 5.685859733648140901e-02 9.974075923814881284e-01 -4.410435997371604799e-02 -5.081912365994280256e-02 9.721419809918575156e-03 4.362063006357354278e-02 9.990008681826738623e-01 -7.764363075545156756e-02
9.981926376445615645e-01 -6.009362677107069062e-02 -4.627890365587875900e-04 7.563517787171909479e-01 6.005097122448840863e-02 9.977210424281279799e-01 -3.076690350238723420e-02 -1.612195630458702206e-02 2.310629175953748341e-03 3.068350562808620785e-02 9.995264796268192864e-01 -3.530101225993340780e-02
9.977816975747743067e-01 -6.655966872554530678e-02 1.222490878230653904e-03 7.685887052138395958e-01 6.656751437254923576e-02 9.977478418362798473e-01 -8.246826135327813695e-03 -4.130401852452045275e-03 -6.708316198145850614e-04 8.309910360018331332e-03 9.999652470834905493e-01 -9.583205591618343747e-03
9.956925441546411459e-01 -9.271283040297935429e-02 -8.298153567785092116e-04 8.586338490111767863e-01 9.271609887295266528e-02 9.956756158546895552e-01 5.813174878286165095e-03 4.263703849598109857e-02 2.872710198127157799e-04 -5.865072126841968173e-03 9.999827590535289579e-01 1.122969757645629757e-01
9.855301163409198040e-01 -1.688542262886968681e-01 -1.478648198519908960e-02 9.458472979138977665e-01 1.689878495840375361e-01 9.855831854982219919e-01 8.300069646704820100e-03 1.180876038496077030e-01 1.317180617894795139e-02 -1.067870439814664306e-02 9.998562240614203844e-01 1.590292841126096368e-01
9.731705278059938902e-01 -2.278436408427793047e-01 -3.203746458928730806e-02 9.953879211898333246e-01 2.282429745277365085e-01 9.735591484474667157e-01 9.366378861360390856e-03 1.186055012964454258e-01 2.905629688267722180e-02 -1.642741007432695771e-02 9.994427806581603901e-01 7.617730773363085017e-02
9.632341986023498226e-01 -2.663017180335036094e-01 -3.554256061812591239e-02 1.144425478630520798e+00 2.672099589387266216e-01 9.633447281103215687e-01 2.378597624682597320e-02 7.913305747559989944e-02 2.790549205537927110e-02 -3.240879193143257619e-02 9.990850583001891216e-01 -2.430963237914026201e-02
9.574613397707845142e-01 -2.867048277101252873e-01 -3.268217575440429679e-02 1.366986646104917824e+00 2.876883487729554600e-01 9.572262587295514713e-01 3.087561463219982635e-02 9.731417690957472333e-02 2.243204905096101223e-02 -3.896448852908457328e-02 9.989887746161325577e-01 -1.467292224967291503e-01
9.530575324847291308e-01 -3.016924058572859058e-01 -2.574940819052136398e-02 1.455172383286338134e+00 3.021921164971569929e-01 9.530705362229127120e-01 1.834332878019350604e-02 1.467900758014878404e-01 1.900695928043508870e-02 -2.526351582445021671e-02 9.995001201936394297e-01 -1.612529257028295082e-01
9.497984478569888589e-01 -3.126220060754217323e-01 -1.226335051418986181e-02 1.374282403394251340e+00 3.125538475896058599e-01 9.498729260653825390e-01 -7.177512446644235093e-03 2.041665858404461131e-01 1.389247297598016594e-02 2.984232793746900529e-03 9.998990416783308799e-01 4.338943860827329524e-02
9.551253816310267819e-01 -2.954649380521187085e-01 -2.088003223281095777e-02 1.363149374983998685e+00 2.951246057023139135e-01 9.552908955631618237e-01 -1.791010784964610497e-02 2.242052138137539952e-01 2.523831359737211538e-02 1.094418731518614386e-02 9.996215545349004250e-01 2.039431627246856005e-01
9.602630979798201238e-01 -2.772886591256113475e-01 -3.171406909431328386e-02 1.597739892856207211e+00 2.772744637563903658e-01 9.607780914976870035e-01 -4.932610532807643958e-03 2.478937331784343556e-01 3.183793973869119415e-02 -4.056897630297068291e-03 9.994848108774904150e-01 1.833758405377572953e-01
9.554508764250034814e-01 -2.918519327854993128e-01 -4.400081894761855017e-02 1.913350019931310708e+00 2.929416426465435985e-01 9.559076817229783529e-01 2.063245081287851113e-02 2.945959055624056688e-01 3.603910018629020995e-02 -3.260296539226908291e-02 9.988184168833658116e-01 -7.510874021862057326e-02
9.456429392527578859e-01 -3.229836191109172194e-01 -3.796068001786512963e-02 2.025620152695411846e+00 3.241800040284136264e-01 9.454815447843117893e-01 3.117648890444662743e-02 3.440491561129385145e-01 2.582162716682455741e-02 -4.178792000429474435e-02 9.987927779635634717e-01 -1.751623994792290417e-01
9.238041319882088764e-01 -3.818178653131152900e-01 -2.830271098760184234e-02 1.998817632323525384e+00 3.825328330433968582e-01 9.235568047591711238e-01 2.667320803396112591e-02 3.942761736298914799e-01 1.595485397315216797e-02 -3.546753601205018813e-02 9.992434620871578632e-01 -8.819956804825504482e-02
8.983135587920298981e-01 -4.389474584683384917e-01 -1.891768470464648411e-02 1.994977717129425399e+00 4.392901902858719065e-01 8.980873252761301107e-01 2.152405391576867055e-02 4.209124206932455814e-01 7.541804094550972996e-03 -2.764570278637796391e-02 9.995893338308721177e-01 4.483643575222164696e-02
8.577884497254574248e-01 -5.138503297076094656e-01 -1.252254674487379531e-02 2.120411498749465107e+00 5.139585511781011862e-01 8.571398534811626169e-01 3.402762473635629475e-02 4.711139200033283014e-01 -6.751532307831346544e-03 -3.562457345249406965e-02 9.993424370944247181e-01 8.712486665572134747e-02
8.335608917036627652e-01 -5.524044277577350170e-01 -5.058459829230733951e-03 2.225773415445899683e+00 5.519105668254568053e-01 8.323497715580659984e-01 5.087812903044140050e-02 5.029946979341158864e-01 -2.389489586914932823e-02 -4.520183603444328374e-02 9.986920586299451452e-01 -5.509166166334150683e-03
8.124975760321597740e-01 -5.829457199620665664e-01 4.687912090961580958e-03 2.336195290603090058e+00 5.817868024571254404e-01 8.113407711224956964e-01 5.701113576370706731e-02 5.635786182827252633e-01 -3.703789179446457386e-02 -4.359404422925173411e-02 9.983625362958886695e-01 -3.661144990626198636e-02
8.083347478200426650e-01 -5.887058089169319164e-01 4.517301646871052859e-03 2.416710389343154741e+00 5.877611095231496385e-01 8.074285682807302855e-01 5.095081212548013827e-02 6.244732057828014105e-01 -3.364243746853069067e-02 -3.853021764266068017e-02 9.986909475556415838e-01 1.867372502850198068e-03
8.046093147219309794e-01 -5.937243653366607310e-01 -9.758517729863165971e-03 2.544681271276144852e+00 5.937829352414484285e-01 8.043311260153171993e-01 2.175466706207618284e-02 7.079315161213133312e-01 -5.067196340640262031e-03 -2.329844905806474631e-02 9.997157124866720146e-01 4.660353230135451386e-02
8.086902632953342218e-01 -5.872157256520569302e-01 -3.460851915715615346e-02 2.574175362247040244e+00 5.875093868051637358e-01 8.092147846317863102e-01 -2.037829519922394750e-03 7.708605529091738795e-01 2.920237091647957806e-02 -1.868485697723852243e-02 9.993988681465456603e-01 6.033814284403687250e-02
8.335927707966099831e-01 -5.488978488093154695e-01 -6.192127298543268626e-02 2.688173133362567135e+00 5.487500221909964448e-01 8.357253426553681308e-01 -2.089413288337949384e-02 8.029718098076253918e-01 6.321792167583030475e-02 -1.656210180120206918e-02 9.978623107237366563e-01 9.191429405581652556e-02
8.331312984344891870e-01 -5.477983038719489439e-01 -7.621848754651300295e-02 2.916583458093589876e+00 5.488311246794148612e-01 8.358896716565110685e-01 -8.535420382071454495e-03 8.574460988762504510e-01 6.838593533754344644e-02 -3.471995237591730954e-02 9.970546067066855533e-01 8.394067802800650457e-02
8.342904850272413464e-01 -5.467000593092264937e-01 -7.126311629657072766e-02 2.975998186898482167e+00 5.486486497157271325e-01 8.359964615791425357e-01 9.724988034064060982e-03 9.160478783362419053e-01 5.425906153003171722e-02 -4.721187751447177700e-02 9.974101427514353579e-01 1.019021298085085250e-02
8.166729097205271959e-01 -5.722641208141938662e-01 -7.455960405853379047e-02 3.076713823754458232e+00 5.740027466913308896e-01 8.188500480639904211e-01 2.333575884434297559e-03 9.985636530207165906e-01 5.971771361510350151e-02 -4.470318572941110735e-02 9.972138285574595473e-01 -1.725478335181648837e-02
7.938396316103510930e-01 -6.029949506328972086e-01 -7.883989342947987644e-02 3.042986213637144832e+00 6.040181465007919970e-01 7.968669409518082114e-01 -1.285134684985252997e-02 1.055949728828279977e+00 7.057420196140924695e-02 -3.741881785061062365e-02 9.968044512782699984e-01 8.448950629770407561e-02
7.698818163365035439e-01 -6.319335775518768461e-01 -8.911757647564375051e-02 3.106279316633157261e+00 6.333311291725924885e-01 7.737311898225880391e-01 -1.522257260423666263e-02 1.103060540540109047e+00 7.857270324594378685e-02 -4.472135349258030829e-02 9.959047800098242975e-01 2.193451670168047596e-01
7.461584740173264896e-01 -6.571874457059325714e-01 -1.065466698618336011e-01 3.178286493772714660e+00 6.609597888008500455e-01 7.504213096951265483e-01 1.246747236028841743e-04 1.173522840949447588e+00 7.987295687822275336e-02 -7.051609151082349758e-02 9.943076946285624995e-01 2.013336990739278132e-01
7.418198046332724616e-01 -6.607501276693275027e-01 -1.145104634468870619e-01 3.402547179598913729e+00 6.673265646015023034e-01 7.442070878341356943e-01 2.882822565805853721e-02 1.219101453230098553e+00 6.617124474430269299e-02 -9.780122290852191758e-02 9.930036692613916083e-01 4.794519919334216951e-02
7.231184303587954165e-01 -6.833064436674838316e-01 -1.009556324229981261e-01 3.578731926116441198e+00 6.894911700099797258e-01 7.228049410306606193e-01 4.642137115523842228e-02 1.312377626667999397e+00 4.125120790596392695e-02 -1.031761661633094906e-01 9.938073337333248602e-01 -7.569834283930074181e-02
7.171847775714399464e-01 -6.923407163756500893e-01 -7.943756836822135625e-02 3.623847247480576073e+00 6.963853675735747206e-01 7.163085347756701360e-01 4.415317470975128888e-02 1.381642958025317558e+00 2.633276759517431259e-02 -8.698514503054070868e-02 9.958615214450221576e-01 -4.584032525618106368e-02
7.145571333114888457e-01 -6.965598552515681607e-01 -6.490355372074448070e-02 3.649989486381800319e+00 6.990141629191508610e-01 7.146238660560622069e-01 2.630456427173945635e-02 1.446815259938762033e+00 2.805892499911733992e-02 -6.416461731360630083e-02 9.975447852667530535e-01 7.358321551906185642e-02
7.141728518886181210e-01 -6.975864952354046133e-01 -5.770805221511769723e-02 3.712725785451527649e+00 6.990970801852426364e-01 7.149692716603976983e-01 9.067141659250838731e-03 1.530890913204933090e+00 3.493436848930318861e-02 -4.681903722403156498e-02 9.982923257501623571e-01 1.601510403388201054e-01
7.242126732035232273e-01 -6.869514848941058460e-01 -6.011373697575264630e-02 3.797620845992648597e+00 6.886741742930884147e-01 7.249699851997249977e-01 1.209967855950910137e-02 1.622904918367443106e+00 3.526876285241541120e-02 -5.016151872993378918e-02 9.981181976126708433e-01 1.574136189009848752e-01
7.309697397108831929e-01 -6.802949869703873720e-01 -5.368398578686425088e-02 4.005060453868527048e+00 6.821816211823796827e-01 7.304951545768082477e-01 3.170275793657704316e-02 1.691084619989961180e+00 1.764866419828555605e-02 -5.979598517263174512e-02 9.980545900947755955e-01 9.556083315514143917e-02
7.187985934851808256e-01 -6.944508847202076618e-01 -3.265808804946631477e-02 4.113330627552555185e+00 6.951132742805256060e-01 7.170797659946865910e-01 5.112871130795651475e-02 1.784217540334860352e+00 -1.208792466606930897e-02 -5.945231629067523893e-02 9.981579555185345898e-01 3.148745965645625283e-02
7.114503507440388397e-01 -7.025632407265198776e-01 -1.559779490935513449e-02 4.131904852262096028e+00 7.021186518308262237e-01 7.097194232458966523e-01 5.768655838906481398e-02 1.861163967456210822e+00 -2.945839740120567360e-02 -5.199262493240678490e-02 9.982128880029503826e-01 5.181220807613846902e-02
6.931353148570889022e-01 -7.206282682641546034e-01 -1.607278061102010436e-02 4.185896363024356859e+00 7.201949127350780744e-01 6.914549590294619685e-01 5.665092500637964462e-02 1.946218053643801404e+00 -2.971065412402740941e-02 -5.084229157080596279e-02 9.982646635133147761e-01 1.033995094736987613e-01
6.639108022854935953e-01 -7.471113960028032963e-01 -3.235751182298700346e-02 4.337857137095102011e+00 7.475352659932501531e-01 6.618671918124856557e-01 5.588243461639118281e-02 2.049085245668689215e+00 -2.033402825396768421e-02 -6.128933320731122514e-02 9.979128944602179141e-01 1.022596298133064546e-01
6.476489451778157935e-01 -7.610079553328131796e-01 -3.765283163632851537e-02 4.416938242188920505e+00 7.614139771140858715e-01 6.445780739986703978e-01 6.904970655603831498e-02 2.097423157603438337e+00 -2.827718630580061676e-02 -7.338936190167988372e-02 9.969024035954027196e-01 4.819821983980757119e-02
6.402963068522046219e-01 -7.678750342766376136e-01 -1.971220855409568096e-02 4.522291388135685430e+00 7.666153797204446896e-01 6.372152208525766470e-01 7.910513188081044755e-02 2.188989318212087642e+00 -4.818193652714512776e-02 -6.576240604216618268e-02 9.966713635617506784e-01 4.575365893919390581e-02
6.360944251679366834e-01 -7.716056028829592073e-01 -2.945482965012829329e-03 4.577191209086400647e+00 7.696164225561512584e-01 6.341710334213073175e-01 7.428096998035650655e-02 2.269529113891747940e+00 -5.544767264857693168e-02 -4.951660296280489121e-02 9.972330026773482681e-01 5.586816982401932030e-02
6.425312896836226084e-01 -7.662019219964590899e-01 9.389169634889421578e-03 4.643935309942586187e+00 7.648856493749207619e-01 6.420645751406139912e-01 5.199062155628331877e-02 2.370541846820610754e+00 -4.586376737476324100e-02 -2.622396000673819089e-02 9.986034341838398998e-01 8.689386046454082579e-02
6.493727433146231354e-01 -7.601810352838166418e-01 2.097221578339792530e-02 4.722780878157071704e+00 7.592635434366038494e-01 6.496487014601819432e-01 3.841140845102819501e-02 2.486376692705241531e+00 -4.282419699343934655e-02 -9.019882811002898418e-03 9.990419059608774965e-01 1.231805665263260990e-01
6.750149466624113526e-01 -7.372271524878254434e-01 2.917100301728607278e-02 4.767989469200365704e+00 7.356852213922263628e-01 6.755444137380030023e-01 4.906118723032401596e-02 2.573918397328414098e+00 -5.587554749094586493e-02 -1.165635886846634259e-02 9.983696973018144627e-01 1.281396583839199688e-01
6.927960424893846447e-01 -7.205274452521041040e-01 2.956085502015881952e-02 4.880894501791654960e+00 7.181739570372950299e-01 6.930828477943884458e-01 6.214767515051697333e-02 2.703045295911351342e+00 -6.526722718516839161e-02 -2.182582717096078970e-02 9.976291005799013956e-01 1.247318057246938616e-01
6.830435735423188159e-01 -7.299908835801451890e-01 2.376523789945484202e-02 5.038419255190754065e+00 7.276818891874268225e-01 6.829552145914439265e-01 6.364937557409439117e-02 2.801783693426887822e+00 -6.269405706409658663e-02 -2.618176373420266767e-02 9.976893155971001681e-01 6.617513950766749919e-02
6.611379442107113702e-01 -7.499584916469775875e-01 2.142147360534582892e-02 5.069598922480904157e+00 7.480372660309609900e-01 6.611049869774812127e-01 5.814159287833077505e-02 2.840038551790983412e+00 -5.776562432588622231e-02 -2.241555263861845157e-02 9.980784917260495659e-01 5.263794718045673032e-02
6.403899998306089580e-01 -7.678094269502097058e-01 1.921801247120561926e-02 5.095521271265404550e+00 7.661583143486568881e-01 6.403678423248688745e-01 5.413375906600749465e-02 2.929308789892707932e+00 -5.387100770709028763e-02 -1.994267791904040868e-02 9.983487387311309469e-01 8.847215527755580844e-02
6.124611584116095298e-01 -7.904158251528086154e-01 1.158243433453209209e-02 5.210837776514396502e+00 7.884760509007520124e-01 6.118749323042602661e-01 6.256663946234898577e-02 3.032523956203577509e+00 -5.654066318203122138e-02 -2.918716439912263927e-02 9.979735782280384493e-01 1.257776304971669479e-01
5.948918636898361534e-01 -8.037396237395264542e-01 1.030959488426950316e-02 5.263217378589107653e+00 8.002873165707840020e-01 5.934379278865804519e-01 8.585823595681221776e-02 3.109985300719412926e+00 -7.512577088833871652e-02 -4.282572797660580410e-02 9.962540216087996114e-01 1.109047205828521676e-01
5.953341162063932046e-01 -8.034722400967240219e-01 3.106360363044229078e-03 5.356466403578607149e+00 7.995758631233707003e-01 5.928188107784524430e-01 9.614726567998836682e-02 3.187009066641886879e+00 -7.909316779134434316e-02 -5.475597667080382702e-02 9.953622726563211565e-01 8.468450663301051173e-02
6.014637613475737332e-01 -7.988173893941039605e-01 -1.149444157919092893e-02 5.466559755612513172e+00 7.962706385343736315e-01 5.982557157949918158e-01 8.968371494693450074e-02 3.268937163387766631e+00 -6.476429567045260960e-02 -6.309419085946527117e-02 9.959039657949453339e-01 7.041015694462365859e-02
6.120670925983543453e-01 -7.905836697016519476e-01 -1.874394193511617901e-02 5.527875169250370035e+00 7.894702618025031260e-01 6.094847583521627588e-01 7.256056136699118309e-02 3.374003407750425065e+00 -4.594104796023654180e-02 -5.920971657992585291e-02 9.971878607237655290e-01 8.327944457203934059e-02
6.373629785271324177e-01 -7.703498921043728798e-01 -1.815151062041419835e-02 5.596720090410243209e+00 7.698874794567983626e-01 6.356402776781466812e-01 5.687447906492319738e-02 3.450390669310619884e+00 -3.227541756011810536e-02 -5.022430813888247025e-02 9.982163173848094262e-01 1.088208429015299072e-01
6.526843092032020843e-01 -7.575068944977341179e-01 -1.365640173463318792e-02 5.672472410507437779e+00 7.569246482317029123e-01 6.511931239678712124e-01 5.488708587889813695e-02 3.578220306869404066e+00 -3.268439106441851927e-02 -4.616080681014349263e-02 9.983991739256321551e-01 1.144595167646767497e-01
6.810091245270269988e-01 -7.322634051770285923e-01 -4.108253823120178866e-03 5.723600923798661810e+00 7.308128924538398463e-01 6.792844045742274517e-01 6.697173975259829160e-02 3.654218493495093423e+00 -4.625028144978940436e-02 -4.861073071637786458e-02 9.977464148394796783e-01 1.285699304270019605e-01
6.874747492570308927e-01 -7.262008775089805468e-01 3.279426652502342304e-03 5.851664390218533462e+00 7.239442077067641534e-01 6.856807548296732779e-01 7.580690327427397346e-02 3.777506481932287219e+00 -5.729967942151252547e-02 -4.974120989075524885e-02 9.971171239010970799e-01 1.207583321745426957e-01
6.835275876068281908e-01 -7.299033710964567545e-01 5.577261193271496054e-03 5.916098786854955272e+00 7.277962401937768666e-01 6.820976321580316526e-01 7.110170858853404052e-02 3.860265850729119652e+00 -5.570161344334624565e-02 -4.454086961920272064e-02 9.974534782100733521e-01 9.409268365574632864e-02
6.743344428927131595e-01 -7.384256236402090279e-01 -8.108514922379912726e-04 5.986855729697463602e+00 7.373452970284531949e-01 6.732876819289327353e-01 5.482344674303466642e-02 3.900275508099700694e+00 -3.993710152973363459e-02 -3.756721595131280039e-02 9.984957346964838942e-01 8.681180192662278639e-02
6.658441040416975820e-01 -7.460274062707376030e-01 -9.733355324091631094e-03 6.083800705542286025e+00 7.459340559806263427e-01 6.653799943314693266e-01 2.918642272950942515e-02 3.984430823989488779e+00 -1.529749133684694604e-02 -2.669404870771273711e-02 9.995265952051447522e-01 9.708209359876232569e-02
6.297774757465181006e-01 -7.766655482418882706e-01 -1.307506085917536226e-02 6.114047424540207665e+00 7.767754175117866922e-01 6.296766010474634800e-01 1.128400827291103220e-02 4.115029898722935897e+00 -5.308405913521776001e-04 -1.726280010429469963e-02 9.998508458469321791e-01 1.301615306030436126e-01
6.303627050170717006e-01 -7.762952012841870530e-01 -2.936083565537016445e-03 6.143839768408618340e+00 7.761888389680613454e-01 6.302031020293463737e-01 1.936327591091588363e-02 4.139120243584638814e+00 -1.318128919996688214e-02 -1.448484227504422302e-02 9.998082030866189962e-01 1.445545306248823270e-01
6.347779063771032959e-01 -7.726303039322244270e-01 9.971109321443853007e-03 6.247014346899094406e+00 7.719648461350239188e-01 6.346862842496142632e-01 3.526466953122757431e-02 4.256087339686386528e+00 -3.357507866305570188e-02 -1.468788722098915943e-02 9.993282644165295547e-01 1.526389639719633318e-01
6.469387916068396471e-01 -7.625113190061809654e-01 6.832883852105470918e-03 6.353613096764968660e+00 7.619140854318078304e-01 6.467437229146847377e-01 3.477762630004339883e-02 4.365882121275634020e+00 -3.093745844270446091e-02 -1.729292508246561832e-02 9.993717168337306056e-01 1.182741202952286297e-01
6.637672028825940540e-01 -7.479390893047452860e-01 4.680463713309726548e-04 6.450736606199030554e+00 7.478423578148238882e-01 6.636911692030880161e-01 1.567927867611070003e-02 4.474034438853134787e+00 -1.203778365739546254e-02 -1.005736604815587673e-02 9.998769630073447434e-01 8.543021659367186493e-02
6.758881100740776748e-01 -7.369881625769998390e-01 -4.869382082881734686e-03 6.522772696364114609e+00 7.369581143641790177e-01 6.759049747718662848e-01 -6.723299148209863074e-03 4.587047245494607850e+00 8.246231459579450584e-03 9.556673168269786030e-04 9.999655425896907257e-01 9.794630244167823463e-02
6.987168086520487709e-01 -7.153865615355717855e-01 -4.109608425137362651e-03 6.569482903457564582e+00 7.153302201959302886e-01 6.987180116255548024e-01 -9.788580309375283922e-03 4.664554069663431335e+00 9.874076237210392681e-03 3.899718495328423178e-03 9.999436458191626187e-01 1.552119824451681507e-01
7.025186989393041870e-01 -7.116383543463550287e-01 6.191143984667505165e-03 6.669273246168899050e+00 7.116645665875079851e-01 7.025037653236424484e-01 -4.690881571622944335e-03 4.773223592572048091e+00 -1.011090718826344447e-03 7.701449819104165539e-03 9.999698322280737850e-01 1.768607544336539550e-01
6.975801879681059470e-01 -7.163663844602045083e-01 1.418042911186044586e-02 6.747300743820221491e+00 7.164547080677802215e-01 6.976313927686907945e-01 -1.758155604175727638e-03 4.820264448519078648e+00 -8.633228937883079962e-03 1.138608971645190850e-02 9.998979069480419257e-01 1.344042842644641023e-01
6.930746865783614652e-01 -7.207948307195343185e-01 1.011389303404243607e-02 6.842785622535479284e+00 7.208657837443713801e-01 6.930059715323820813e-01 -9.759367145085691420e-03 4.916203422568622194e+00 2.551312124065424625e-05 1.405472975397516200e-02 9.999012270822670301e-01 1.207005407807360819e-01
6.882247741151035214e-01 -7.254898125266894260e-01 -3.345476678106605161e-03 6.904779642650620275e+00 7.254724058627971539e-01 6.882320006027544679e-01 -5.147978047250000889e-03 5.042036853468928825e+00 6.037269735534081180e-03 1.115915014294265734e-03 9.999811528763036250e-01 1.583942456806534949e-01
6.774210046195663359e-01 -7.355456446183817887e-01 -8.566631960507399210e-03 7.004651234186114017e+00 7.355091612698269055e-01 6.771170776537744906e-01 2.321070524064560228e-02 5.125141171281471841e+00 -1.127192034984372294e-02 -2.202425555022686707e-02 9.996938911382249326e-01 1.412270874930831588e-01
6.691089414300253058e-01 -7.430864088121750255e-01 -1.076166980613244527e-02 7.083085071093969454e+00 7.424588448832226684e-01 6.677728384692013242e-01 5.323814288136803630e-02 5.217702551254682852e+00 -3.237418961243586357e-02 -4.361221436032836074e-02 9.985238537989600260e-01 1.324221676286495564e-01
6.732934385431293967e-01 -7.392375619159915479e-01 -1.427489640137798513e-02 7.170125765092540959e+00 7.381842257800542706e-01 6.709879889771825923e-01 6.970772882441644835e-02 5.295598970490162927e+00 -4.195228747364444788e-02 -5.747125978136505275e-02 9.974653176300776192e-01 1.287592544156057617e-01
6.668533103852722910e-01 -7.448303578546310311e-01 -2.311710289690316680e-02 7.287790906879873631e+00 7.445308702107914511e-01 6.646401830652399756e-01 6.266745852646300741e-02 5.410437493945020826e+00 -3.131207005876997240e-02 -5.900139890838733414e-02 9.977667007850522518e-01 9.530909295286793537e-02
6.710283911403205348e-01 -7.410612613434526263e-01 -2.343299425348613005e-02 7.355373355903705779e+00 7.411972409307796550e-01 6.696864387821993558e-01 4.633275027251666095e-02 5.450854347452304793e+00 -1.864264788684151866e-02 -4.845906155990383629e-02 9.986511758529604821e-01 8.979849435406621339e-02
6.875409020500380386e-01 -7.259201581460450470e-01 -1.809508235518491812e-02 7.400299817075240760e+00 7.260996329059008492e-01 6.870032922990406687e-01 2.838660712722056514e-02 5.559767625645577027e+00 -8.175029182587282423e-03 -3.265578612589108143e-02 9.994332236474650077e-01 1.451572417734174336e-01
7.160506341969679056e-01 -6.978169409460537320e-01 -1.797237309905727956e-02 7.444101622003005403e+00 6.980367770911590775e-01 7.156531926036029390e-01 2.419019934721280962e-02 5.692004429581660752e+00 -4.018344722343815921e-03 -2.986678497866860488e-02 9.995458108864897495e-01 2.429037736624909127e-01
7.232165206431964144e-01 -6.901979760616649973e-01 -2.417887733395638478e-02 7.614268187389637177e+00 6.904950655518540259e-01 7.219714557493981388e-01 4.442726113137776545e-02 5.806620203875429986e+00 -1.320714644765738459e-02 -4.882592470682220465e-02 9.987199809552395058e-01 2.682544205648385027e-01
7.163299171181565228e-01 -6.971901242809006582e-01 -2.823792567943048115e-02 7.701588366496983085e+00 6.974998016411557700e-01 7.143656083535478984e-01 5.635427501275966367e-02 5.877282883409406189e+00 -1.911744104327734589e-02 -6.006420070930439115e-02 9.980114304160595529e-01 1.617188617192690803e-01
7.132653629061900258e-01 -7.003582473955576315e-01 -2.740159453980610393e-02 7.792994022405085985e+00 7.006902561370103033e-01 7.115700011189378671e-01 5.197401718402688831e-02 5.905136990641941530e+00 -1.690227892776114543e-02 -5.627129652511674018e-02 9.982724348365182854e-01 1.026911487363634939e-01
7.019117436382227293e-01 -7.117427115649830327e-01 -2.724365388260818754e-02 7.809440957809527184e+00 7.121548385409246507e-01 7.006212615183238235e-01 4.433208602380562385e-02 6.002749725319761254e+00 -1.246555596431397038e-02 -5.051891173212275793e-02 9.986453071395782199e-01 1.501607880513550763e-01
6.957254773150020055e-01 -7.174120912084259727e-01 -3.586016735551987578e-02 7.900906677346327456e+00 7.182801184900461378e-01 6.943931119609236813e-01 4.349571752655346374e-02 6.140518971991368424e+00 -6.303300463896733055e-03 -5.601872409451560259e-02 9.984098211426429836e-01 2.452480018681235108e-01
6.871113931189447577e-01 -7.253269610894828023e-01 -4.217502771592438610e-02 8.003862809856434168e+00 7.264261905092206373e-01 6.847533352468817558e-01 5.846246326090764889e-02 6.242244583128443658e+00 -1.352490992223078468e-02 -7.080726929466713004e-02 9.973983193421913640e-01 2.197780020548557312e-01
6.873753633261021623e-01 -7.255649225743209252e-01 -3.272083467805731588e-02 8.119221917590651927e+00 7.259063426785924422e-01 6.848155452517328268e-01 6.393473735428702176e-02 6.297789604627119786e+00 -2.398106651712718015e-02 -6.769942474860139725e-02 9.974175135505740641e-01 1.468837729464829156e-01
6.862254542807307844e-01 -7.270737516721427207e-01 -2.140993990183022444e-02 8.233443765071113418e+00 7.270347428289362091e-01 6.846757525768143449e-01 5.137700412670485189e-02 6.356490933792137810e+00 -2.269600442516848254e-02 -5.082197814694113663e-02 9.984498074116517907e-01 1.365530139097469453e-01
6.965513146174624470e-01 -7.173407074472216705e-01 -1.544589083881025941e-02 8.278188316567520744e+00 7.174888673823122121e-01 6.962193602008073245e-01 2.209813711663055277e-02 6.427448877985879605e+00 -5.098165074981475878e-03 -2.647474118283475383e-02 9.996364823235345254e-01 1.943994207558545906e-01
7.075772112658764712e-01 -7.065389872848014674e-01 -1.171108636175031623e-02 8.346457914074887796e+00 7.065253052483501106e-01 7.076625524323352234e-01 -5.975360129591739990e-03 6.551000447727810538e+00 1.250932216113546588e-02 -4.046150209719598552e-03 9.999135690286182765e-01 2.324084364835188321e-01
7.352482050181023965e-01 -6.777003859705952316e-01 -1.150060315656399601e-02 8.403740040404379386e+00 6.777330521009379272e-01 7.353067743823082925e-01 -1.362951735283062134e-03 6.633028025713445075e+00 9.380144327564687162e-03 -6.792231061406617774e-03 9.999329369960779923e-01 2.436198668408794954e-01
