1.000000000000000000e+00 0.000000000000000000e+00 0.000000000000000000e+00 0.000000000000000000e+00 0.000000000000000000e+00 1.000000000000000000e+00 0.000000000000000000e+00 0.000000000000000000e+00 0.000000000000000000e+00 0.000000000000000000e+00 1.000000000000000000e+00 0.000000000000000000e+00
9.999979668879990236e-01 -1.915471675928661537e-03 -6.302286308693382530e-04 3.127344632342118902e-02 1.915699275634516604e-03 9.999980999821659333e-01 3.607330639655051104e-04 -5.658796143383543892e-02 6.295364594571030989e-04 -3.619396590864241417e-04 9.999997363417298946e-01 -2.048641303215434362e-02
9.999879705176885070e-01 -4.867095259175681018e-03 -6.084436314818726134e-04 4.495403354372900367e-02 4.867347699810665312e-03 9.999880686502393701e-01 4.141057030498560779e-04 -1.251424052481002747e-01 6.064208800239841157e-04 -4.170622282827838971e-04 9.999997291563703650e-01 -2.772564137927092942e-02
9.999852355402290005e-01 -5.401989453279062992e-03 -5.892465523321133982e-04 5.146607697217226579e-02 5.402402484826809501e-03 9.999851607757097582e-01 7.016236668119025296e-04 -1.460503949107981037e-01 5.854476447220722862e-04 -7.047966547559941525e-04 9.999995802562772207e-01 -1.880233230674290684e-02
9.999928473114878535e-01 -3.781073637554803902e-03 -9.385100281706162690e-05 -1.721620234074128231e-03 3.781078124908972705e-03 9.999928505617481367e-01 4.768230987908065612e-05 -9.779963756722474810e-02 9.367004151025060251e-05 -4.803682679612291122e-05 9.999999944591932977e-01 -4.920265712813071644e-03
9.999994597312871214e-01 -7.987916419643018972e-04 6.651834683060093862e-04 -7.290352093226287744e-02 7.991104474434969785e-04 9.999995659203575471e-01 -4.791467304867538324e-04 -1.978578464960085298e-02 -6.648004411598199426e-04 4.796780266777565587e-04 9.999996639746255855e-01 1.380492544354562125e-02
9.999832901527933027e-01 5.665839608634560057e-03 1.147901007748743703e-03 -1.355509221960854438e-01 -5.665641531476446960e-03 9.999839346826882025e-01 -1.757343620395033384e-04 5.419306115145668123e-02 -1.148878249063853187e-03 1.692278299216397504e-04 9.999993257201278407e-01 1.969010196674087637e-02
9.999940528767152781e-01 3.264840328422361111e-03 1.111318510197219570e-03 -8.424190564341060838e-02 -3.265834693814434302e-03 9.999942674145739785e-01 8.941262450760531716e-04 2.877882807970062740e-02 -1.108392960045299046e-03 -8.977503101435217606e-04 9.999989827541959642e-01 2.147345655643310633e-02
9.999973665998013184e-01 -2.174234695364772423e-03 7.345045623647693082e-04 -6.143810054198293319e-02 2.173562669820611713e-03 9.999972196538478020e-01 9.144998055504020319e-04 -2.406364075498855677e-04 -7.364908573939676906e-04 -9.129009056088634166e-04 9.999993120963401871e-01 1.528751067481554787e-02
9.999923159718859811e-01 -3.898170749556918550e-03 4.150445650500988798e-04 -9.788790336132965897e-02 3.898003712001858224e-03 9.999923217476799353e-01 4.025080693425347415e-04 -3.139533904360884697e-04 -4.166104234155760221e-04 -4.008871312040023600e-04 9.999998328626176214e-01 5.853696970817888132e-03
9.999991060792005060e-01 -1.211843804014283744e-03 5.650445951776119540e-04 -1.017482456638993948e-01 1.211575112232237284e-03 9.999991529337975971e-01 4.756232067415712330e-04 1.797033780875445215e-03 -5.656204975835677417e-04 -4.749381876032755237e-04 9.999997272535481319e-01 1.157662034772386286e-02
9.999996346515102053e-01 8.089852652165399399e-04 2.761153506751779776e-04 -5.248970771512838362e-02 -8.090513716311522599e-04 9.999996440645043672e-01 2.393882677123884640e-04 1.684297774116923913e-02 -2.759215908146786913e-04 -2.396115717554385199e-04 9.999999332267829333e-01 1.977846861640842127e-03
9.999999915666266670e-01 1.268080338711050949e-04 -2.804405903780564447e-05 -7.777880159249008982e-03 -1.268048352769481405e-04 9.999999854590269077e-01 1.140284162482539502e-04 1.999368767577506395e-02 2.805851834928761715e-05 -1.140248591643229427e-04 9.999999931055254532e-01 -6.320116641649505852e-03
9.999986164300903591e-01 -1.663046140366203525e-03 3.762233535559617080e-05 -8.214849339520435834e-03 1.663037118414846961e-03 9.999985886933622226e-01 2.385766681064945265e-04 -1.356634485230212572e-03 -3.801904626602049103e-05 -2.385137706788175956e-04 9.999999708328661807e-01 -7.883517615148773541e-03
9.999979188754211101e-01 -2.039047581891307269e-03 -6.730368112314225168e-05 -6.994480664668500762e-03 2.039075635330458817e-03 9.999978331281456079e-01 4.194157447643584425e-04 -3.057994810070936709e-02 6.644832662452102056e-05 -4.195521092042894481e-04 9.999999097803197179e-01 -6.234828729649334426e-03
9.999997560678094422e-01 -6.374734539156143515e-04 2.854678917861087407e-04 -2.114712519472803851e-02 6.374944358493779160e-04 9.999997941055055461e-01 -7.341519388645341567e-05 -2.823688062550006039e-02 -2.854210327726248411e-04 7.359716017075165534e-05 9.999999565591450867e-01 4.717219066720689663e-03
9.999999280998728146e-01 -3.748620760419656421e-04 5.725969936570456467e-05 2.339668827174607585e-02 3.748788261997400089e-04 9.999998868671435837e-01 -2.927995316460391497e-04 -3.206402361666516043e-02 -5.714993344745426514e-05 2.928209760426023233e-04 9.999999554948795222e-01 1.956658034411501434e-03
9.999987739124492903e-01 -1.503714945060164853e-03 -4.370525851319320590e-04 7.386126238531844079e-02 1.503754785751086967e-03 9.999988652338712702e-01 9.084334937574867956e-05 -6.276057125119630098e-02 4.369154866773463318e-04 -9.150045791036597162e-05 9.999999003662568553e-01 -1.220812901960365709e-02
9.999980512125955512e-01 -1.867809444266373044e-03 -6.394207465412200374e-04 7.246792080312527973e-02 1.867848185252722962e-03 9.999982537703046015e-01 5.999581943089673716e-05 -1.095157648311590737e-01 6.393075692075749373e-04 -6.119004339283946740e-05 9.999997937707839624e-01 -3.006036638546456113e-02
9.999921311386769096e-01 3.934888287050559638e-03 -5.042964361805615022e-04 3.658892895788883742e-02 -3.935092287313150111e-03 9.999921758159464602e-01 -4.041727100417123351e-04 -9.779704574833117392e-02 5.027021160097387611e-04 4.061539826792400897e-04 9.999997911647406923e-01 -2.776438742897394119e-02
9.999812810250531259e-01 6.112050983058974450e-03 -2.836058431409975368e-04 -1.902512517122120425e-02 -6.112222103334094374e-03 9.999811362825515859e-01 -6.064816703638657323e-04 -6.610757924200566515e-02 2.798936463909510440e-04 6.082037795517536384e-04 9.999997758738294884e-01 -2.146755042056890800e-02
9.999477365709562582e-01 1.021899802906687214e-02 -3.101707648931631509e-04 -3.051447916261110921e-02 -1.021906887636550056e-02 9.999477580285400791e-01 -2.276949632013639565e-04 -6.272008870548351211e-02 3.078277465807327746e-04 2.308527194916892952e-04 9.999999259745474545e-01 -1.917999202581089843e-02
9.999400876709100272e-01 1.092441562086708153e-02 -6.915287667912518692e-04 1.180800665308502639e-02 -1.092435228767403392e-02 9.999403229422527684e-01 9.529553028441445773e-05 -7.196692771026681756e-02 6.925285463687399449e-04 -8.773531704175482784e-05 9.999997563533336020e-01 -3.010110584943358550e-02
9.999462760338234668e-01 1.033670074820592158e-02 -7.730871428873189403e-04 5.225512152048725212e-02 -1.033665005801709391e-02 9.999465729879741804e-01 6.953548799374203158e-05 -7.959426793081798845e-02 7.737646066820107540e-04 -6.154062101115852310e-05 9.999996987504973234e-01 -3.107699552729589060e-02
9.999500411639180575e-01 9.969799293877151455e-03 -7.199154939652350430e-04 8.835073116808386806e-02 -9.969965305793785162e-03 9.999502728087393821e-01 -2.273797020184297900e-04 -8.714405315408432773e-02 7.176127645971497673e-04 2.345458748911050768e-04 9.999997150100357057e-01 -3.203175730584177650e-02
9.999425115245734741e-01 1.070320457582302383e-02 -6.442497468671374216e-04 1.152640086453604884e-01 -1.070327149472318461e-02 9.999427132973461863e-01 -1.005129426075746657e-04 -1.003558737922780747e-01 6.431370293362069718e-04 1.074027442228691758e-04 9.999997874196834280e-01 -3.796928294886562499e-02
9.999400482900863141e-01 1.092652118158001819e-02 -7.148150028444642942e-04 1.002546396060453315e-01 -1.092634026385792649e-02 9.999402728606240354e-01 2.565148321900291854e-04 -5.881294384962145599e-02 7.175751237364751947e-04 -2.486891417404320172e-04 9.999997116197847369e-01 -5.507423398139668635e-02
9.999452103294093064e-01 1.042446444765533428e-02 -9.523026057670743371e-04 9.404334330600433445e-02 -1.042435669698302259e-02 9.999456579503310794e-01 1.180412364632985441e-04 -3.768861674489634023e-02 9.534813723644407690e-04 -1.081076269768542101e-04 9.999995395929007769e-01 -6.778084028724204457e-02
9.999588750183516783e-01 8.992039419648758733e-03 -1.179618204335371222e-03 1.228588649383782205e-01 -8.991926538305066233e-03 9.999595667144899336e-01 1.009618705050787849e-04 -2.698190246820436969e-02 1.180478361615185491e-03 -9.035067821337609882e-05 9.999992991535507914e-01 -6.823542225872103462e-02
9.999955517850154241e-01 -2.620772394987700479e-03 -1.424065390448171157e-03 1.822877386390452381e-01 2.621713914518429642e-03 9.999963457092158059e-01 6.596850498023524786e-04 -1.899736533514526093e-02 1.422331302131230827e-03 -6.634156074307509792e-04 9.999987684259410425e-01 -5.914115085022444984e-02
9.996869084608736022e-01 -2.497796158927537494e-02 -1.478677377104136619e-03 2.155457873968131544e-01 2.498009102573043802e-02 9.996869123199335627e-01 1.439579307854343222e-03 1.514267036054634495e-02 1.442256664778271110e-03 -1.476066083230902258e-03 9.999978705600481854e-01 -5.216623456691615868e-02
9.985248229500655048e-01 -5.427897343817545545e-02 -1.403921307700867855e-03 2.281008888348545205e-01 5.428306348537820930e-02 9.985208963349414546e-01 3.060817065342876907e-03 1.073368669174541712e-02 1.235706754360333575e-03 -3.132510967728436690e-03 9.999943301858537081e-01 -5.409462190134571580e-02
9.979723879203357129e-01 -6.363540298531479567e-02 -1.283914124710006360e-03 2.421474658279658410e-01 6.364596786346883583e-02 9.979065845677140834e-01 1.147341497210312665e-02 -5.734792575901139638e-02 5.511109737000819894e-04 -1.153186729443143703e-02 9.999333539358502554e-01 -1.848446720429726409e-01
9.977752339117580416e-01 -6.662857635709037996e-02 -2.283726114030149284e-03 2.827991533250273082e-01 6.665336851325770473e-02 9.976855597080981353e-01 1.344813800400714889e-02 -9.020298809222057623e-02 1.382410276435490099e-03 -1.357043708088763630e-02 9.999069617615737871e-01 -2.577638310796314669e-01
9.970601741247893113e-01 -7.657558506341209659e-02 -2.681221072752208029e-03 2.845813813050834251e-01 7.659817336575515390e-02 9.970149394598750714e-01 9.691766136846862931e-03 -1.128771520739108303e-01 1.931064803301770286e-03 -9.868650668543860541e-03 9.999494390831507040e-01 -2.220646113864147286e-01
9.970480819974280040e-01 -7.670558874062453902e-02 -3.372660849295004964e-03 2.965770855814404694e-01 7.667031372664771804e-02 9.970105305276646401e-01 -9.574184560685932918e-03 -1.482235770247509188e-01 4.096971846084308984e-03 9.287339387512265690e-03 9.999484787471770719e-01 -1.305884150095583396e-01
9.962817325399723201e-01 -8.609371391269432516e-02 -3.252972774275613051e-03 3.753446735613378271e-01 8.585951035460662184e-02 9.952802928541135685e-01 -4.522480666511656533e-02 -1.262894267377348556e-01 7.131191262210948532e-03 4.477735008851145559e-02 9.989715386487407756e-01 3.005857023789387794e-04
9.957763497976044320e-01 -9.135310569634579048e-02 -9.169038302417787875e-03 4.152653268231694672e-01 9.053275732428918421e-02 9.936057075414672646e-01 -6.746493750298457326e-02 -6.261036873703790251e-02 1.527354035645615317e-02 6.634989088651557787e-02 9.976795131425357788e-01 4.526251312805996962e-02
9.987712628980823792e-01 -4.778652772752001870e-02 -1.313058173565227228e-02 5.065145823033925243e-01 4.683643384644569502e-02 9.967833145652472693e-01 -6.503362414064589592e-02 -5.062827066143278654e-02 1.619607586785145811e-02 6.433872529096490434e-02 9.977966804687298241e-01 -5.845887887997790189e-02
9.992736499353707114e-01 -3.667852542079032968e-02 -1.033722969652031178e-02 7.168812024638162583e-01 3.609263672980197318e-02 9.979903278269002254e-01 -5.208288718808549989e-02 -7.710323775676775071e-02 1.222677875536862420e-02 5.167195890338133202e-02 9.985892621815810610e-01 -1.144103246151654679e-01
9.983264387681527463e-01 -5.742286119227929531e-02 -6.851034154780657678e-03 7.857481353086933629e-01 5.707831358308756986e-02 9.974494410587995130e-01 -4.285648900690827712e-02 -7.649234722458522762e-02 9.294502407792849460e-03 4.239372057251820924e-02 9.990577484214867576e-01 -1.022591719312413300e-01
9.981596463333686220e-01 -6.063942243459376907e-02 -4.252980641676077029e-04 7.353262323993687843e-01 6.059824669243409762e-02 9.976958514088659635e-01 -3.050968009240699955e-02 -3.829758406640269841e-02 2.274407493700027465e-03 3.042775917377094422e-02 9.995343808705209332e-01 -4.099038398733457350e-02
9.977500299186419230e-01 -6.704351515985788879e-02 2.118309678580431777e-04 7.449613230805962605e-01 6.704094224449434758e-02 9.976723536625420330e-01 -1.246542419711524526e-02 1.483820402311839155e-02 6.243879558518072208e-04 1.245157871330206632e-02 9.999222811435032332e-01 3.384465218059959368e-02
9.956292172109256766e-01 -9.337334509314071385e-02 -1.969838083857909129e-03 8.566307234396246528e-01 9.337952174670074990e-02 9.956250536002106966e-01 3.319271295773288180e-03 4.694048771030912698e-02 1.651288683666771737e-03 -3.488706020110542844e-03 9.999925510602508671e-01 1.125937847791399493e-01
9.855285999327755286e-01 -1.688418010453255902e-01 -1.502747265224416325e-02 9.442034138020044542e-01 1.689913058664207490e-01 9.855736808731346832e-01 9.298285419485075032e-03 1.058176576337943320e-01 1.324074227923329773e-02 -1.170323843861513155e-02 9.998438462849805752e-01 1.361210290647643095e-01
9.733505006916846058e-01 -2.271564653963498437e-01 -3.144428456625765478e-02 9.845118126387838453e-01 2.276276381533797466e-01 9.736709412094758376e-01 1.227015048674706676e-02 1.069717451863245461e-01 2.782914213483591789e-02 -1.910074534907757471e-02 9.994301878446282261e-01 6.226257672324313208e-02
9.632524298034270682e-01 -2.659818675536975707e-01 -3.739522175948523097e-02 1.157318432162663280e+00 2.669714824221842697e-01 9.633932080945852849e-01 2.448987894058379453e-02 6.821562924609557432e-02 2.951243892149847670e-02 -3.357339318374520654e-02 9.990004220314596672e-01 -4.514223325954429267e-02
9.568128561896275253e-01 -2.886942866617977499e-01 -3.412868411004161412e-02 1.377077232628127312e+00 2.897082670345987321e-01 9.566511070929237803e-01 2.979562568050591817e-02 1.005381905507423124e-01 2.404741653602039675e-02 -3.839619963901328564e-02 9.989731996461287400e-01 -1.391920062055371221e-01
9.528014446316918074e-01 -3.025024206225169765e-01 -2.572338673812201576e-02 1.458439675997209584e+00 3.029677381348461207e-01 9.528564186218414500e-01 1.658900661924277153e-02 1.600282841561646296e-01 1.949247950406762103e-02 -2.359938576903593266e-02 9.995314463457903864e-01 -1.456999682783520211e-01
9.500780777939299426e-01 -3.117901745453880991e-01 -1.177001071994144589e-02 1.371486363216014137e+00 3.117110455926665469e-01 9.501424755595546667e-01 -8.093218957104075795e-03 2.083168042197851288e-01 1.370657327407718597e-02 4.020347561780992889e-03 9.998979781230507013e-01 4.914327259774420309e-02
9.555280904787578633e-01 -2.941483699272600116e-01 -2.104292696262934775e-02 1.359925486045358678e+00 2.938051695366413751e-01 9.556968889410575319e-01 -1.794376833135454333e-02 2.283530547080681872e-01 2.538879003741909696e-02 1.096325396584993395e-02 9.996175350617435562e-01 2.029510697384388496e-01
9.606890342335552280e-01 -2.757587566498188592e-01 -3.215101295985722113e-02 1.600531113207252609e+00 2.757562667505819576e-01 9.612165877374688749e-01 -4.599217989908623884e-03 2.664810929269246231e-01 3.217236160403578321e-02 -4.447425017104896135e-03 9.994724406203187028e-01 1.751885241482407096e-01
9.558114008150054852e-01 -2.905412810693505654e-01 -4.483670445781531844e-02 1.919903712342806212e+00 2.916221320082570956e-01 9.563312882718540964e-01 1.967229511914030116e-02 3.139992771956474082e-01 3.716312951051754798e-02 -3.187837930128391284e-02 9.988006161081940393e-01 -5.149696254718413857e-02
9.460813309370024182e-01 -3.217463644025901903e-01 -3.754187323756944666e-02 2.028761911044757227e+00 3.229060844126515617e-01 9.459420183643927338e-01 3.041970647439598552e-02 3.405711156933110551e-01 2.572500537919577765e-02 -4.090201567666916505e-02 9.988319424266656199e-01 -1.566907371433004514e-01
9.234001865848627810e-01 -3.830844019928165145e-01 -2.405070404056372513e-02 1.992397807185056768e+00 3.835896821954543623e-01 9.232443583841331014e-01 2.188173724960476574e-02 3.984606107800056085e-01 1.382212459178815828e-02 -2.943120217858274934e-02 9.994712368097905530e-01 -3.727000517604173169e-02
8.983929494995321896e-01 -4.387511281386540229e-01 -1.968643813871134851e-02 1.985996724129535762e+00 4.390756005380295202e-01 8.982853704603382949e-01 1.720494780874034721e-02 4.466685783349782501e-01 1.013534911582536849e-02 -2.410063845608920521e-02 9.996581585343607967e-01 7.291497262177626393e-02
8.582661385290326628e-01 -5.129799022542905762e-01 -1.519392436607424485e-02 2.122264415900530388e+00 5.131953408701678265e-01 8.576936048560395154e-01 3.149956028588904444e-02 4.894777003441240226e-01 -3.126909595060255176e-03 -3.483245716613547760e-02 9.993882740777748630e-01 8.570927614122804405e-02
8.334676305792199091e-01 -5.525108341433755399e-01 -7.967868651796149518e-03 2.242513800339882124e+00 5.522030694421762309e-01 8.323059799618350851e-01 4.835830661229077732e-02 5.082280872085980228e-01 -2.008678359767751553e-02 -4.470496475740334819e-02 9.987982715497356612e-01 2.490632336438355909e-03
8.120662575649553183e-01 -5.835495577891548491e-01 4.278659665096100351e-03 2.341076187320462410e+00 5.824663154661037234e-01 8.109649940094171283e-01 5.539647857623782035e-02 5.651241655673299169e-01 -3.579643378591295527e-02 -4.249343590942071536e-02 9.984552685187367826e-01 -2.194556928641105964e-02
8.083048596079301928e-01 -5.887343027906227766e-01 5.930822189504473402e-03 2.410529174985222234e+00 5.878245180160756034e-01 8.075427648083159937e-01 4.834272463265885944e-02 6.305678426048875185e-01 -3.325041283010643500e-02 -3.558937655228162911e-02 9.988131989132138511e-01 4.810707141708942328e-03
8.047825850241007162e-01 -5.935320039299516459e-01 -6.689630245534407271e-03 2.547160448078165107e+00 5.935081392515919596e-01 8.044856955383925534e-01 2.347028581465515976e-02 6.956151621581881939e-01 -8.548653931407577608e-03 -2.285882728848095610e-02 9.997021529090334147e-01 5.576705133133758041e-02
8.075730908143773368e-01 -5.889352316875027249e-01 -3.132085359151336873e-02 2.569306799473279668e+00 5.892068144929063500e-01 8.079819672981787271e-01 -6.857667874377460643e-04 7.364616013623410673e-01 2.571055712417244510e-02 -1.790065356774534627e-02 9.995091464585065255e-01 7.739648323323365664e-02
8.330386596778608377e-01 -5.498594503283664725e-01 -6.083729420922550507e-02 2.673462720956353511e+00 5.496584810893858641e-01 8.351127936095047444e-01 -2.149828170431021881e-02 7.932426930584229874e-01 6.262703608364605934e-02 -1.553083495229531409e-02 9.979161525484304684e-01 9.192920563011969248e-02
8.334010440626159477e-01 -5.473517210246513498e-01 -7.647740350387115249e-02 2.919821974955397526e+00 5.484622269597024813e-01 8.361415830329476107e-01 -7.512570902171845574e-03 8.605274998043218604e-01 6.805795584459979619e-02 -3.568398260436447811e-02 9.970430121272331192e-01 1.001177077929684134e-01
8.324848876563639699e-01 -5.478972789593608006e-01 -8.232547317021242372e-02 3.050548935881360002e+00 5.501577450786512280e-01 8.350402476853889810e-01 5.851519076097738692e-03 9.282309827875545594e-01 6.553905212729828345e-02 -5.016329788254136890e-02 9.965883183099241149e-01 -2.276359743586751916e-02
8.154411670113399513e-01 -5.733675844602994509e-01 -7.940602139224219036e-02 3.096913718271042892e+00 5.753686472907695304e-01 8.178891514728817702e-01 2.873259083261112817e-03 9.811437453081610638e-01 6.329788983824043147e-02 -4.803070885517667088e-02 9.968382156342598943e-01 -2.497247647725378550e-02
7.934929364969192100e-01 -6.035071903020350348e-01 -7.840938070945026317e-02 3.022850518721181157e+00 6.044820264651242780e-01 7.965071625772293107e-01 -1.333490321629254155e-02 1.050721706578451098e+00 7.050134332133624337e-02 -3.681590983412573459e-02 9.968320567542822142e-01 1.035536820136604558e-01
7.713635402740147695e-01 -6.298933629140629487e-01 -9.073389715399128586e-02 3.104094462074505234e+00 6.314129789697336959e-01 7.753113888058318359e-01 -1.448793900245589142e-02 1.112806224328942273e+00 7.947288043417725933e-02 -4.611509237532672445e-02 9.957697823948615801e-01 1.949699888690963889e-01
7.470160014980882224e-01 -6.559809779033058952e-01 -1.079631887952115094e-01 3.192959914312587522e+00 6.600271634648418040e-01 7.512380805464455857e-01 2.343037653798167586e-03 1.171782782286068247e+00 7.956907058878541494e-02 -7.300892387862242816e-02 9.941521312353167605e-01 1.734942605161013396e-01
7.420385138758583965e-01 -6.606037772999193702e-01 -1.139363565416505880e-01 3.408565355424764576e+00 6.672325085354380292e-01 7.442250406781679706e-01 3.049374331048975567e-02 1.216265957266729592e+00 6.465000756700849116e-02 -9.864957295730128473e-02 9.930199586498389408e-01 5.941186170253277832e-02
7.228752512173157729e-01 -6.836981120343941232e-01 -1.000413053598752378e-01 3.565081559461991567e+00 6.897466728305374772e-01 7.226250559076387026e-01 4.541537067651842813e-02 1.313287598058215488e+00 4.124195068987518420e-02 -1.018328050045135269e-01 9.939462668214045227e-01 -5.550445121715450597e-02
7.181009013002910280e-01 -6.917951361955982925e-01 -7.583261229723917141e-02 3.594956828491820744e+00 6.955212228302292132e-01 7.171716090292851176e-01 4.376199030081888430e-02 1.363854024352592287e+00 2.411066453775953522e-02 -8.416871591309908751e-02 9.961597779056770019e-01 -1.445550488792507471e-02
7.152469643846397496e-01 -6.959383142177263393e-01 -6.396594986668302507e-02 3.644641180646353007e+00 6.983470391486469309e-01 7.152561588248070867e-01 2.683356434580774427e-02 1.440893208069440323e+00 2.707753406194955692e-02 -6.386305713768776482e-02 9.975912575209109345e-01 6.633731714245166833e-02
7.148546683291989723e-01 -6.966810884939848014e-01 -6.015200830219347150e-02 3.722323819985800863e+00 6.982907545872000243e-01 7.157623764756373408e-01 8.616407603330836218e-03 1.542057921297376177e+00 3.705165618416388085e-02 -4.816307046674245945e-02 9.981520392291076682e-01 1.304132696265672131e-01
7.244483122511782280e-01 -6.866435640271337792e-01 -6.078864085118833999e-02 3.801585803982623357e+00 6.884662357250561637e-01 7.251336329901855171e-01 1.398057842244878821e-02 1.613684030316775431e+00 3.448021378980672264e-02 -5.197913318409827510e-02 9.980527463869026672e-01 1.360744687005954190e-01
7.315171509200398825e-01 -6.796184951032806509e-01 -5.478466047517072113e-02 4.012315659160000436e+00 6.815908888770905172e-01 7.310002603482228523e-01 3.274873387732969016e-02 1.687755109439234014e+00 1.779095583619015944e-02 -6.129698593228401909e-02 9.979610019464949522e-01 7.795662351947402202e-02
7.189270520929518238e-01 -6.941750561820601018e-01 -3.556522379476567686e-02 4.124709695125842401e+00 6.949896378692974608e-01 7.170364146830146002e-01 5.336837333881033762e-02 1.769362510688819778e+00 -1.154543300361601799e-02 -6.308542932533171832e-02 9.979413467652282765e-01 1.194081412370695539e-02
7.106834090761365852e-01 -7.033094197862013175e-01 -1.688052439699065654e-02 4.122738664961026700e+00 7.029582373935066020e-01 7.089677501223465850e-01 5.669608246671227481e-02 1.857759861846417726e+00 -2.790714146119419037e-02 -5.215926884509149153e-02 9.982487676571458746e-01 4.261442834180569073e-02
6.927353218670830870e-01 -7.210255458570850040e-01 -1.548986956696814937e-02 4.192590903359851850e+00 7.205709565249739379e-01 6.910881105607599162e-01 5.634465417626672440e-02 1.933953895334861395e+00 -2.992107034170275043e-02 -5.019348227660293954e-02 9.982912119650033667e-01 1.045209664563606367e-01
6.636852548566829491e-01 -7.473367239509206561e-01 -3.177583232781294731e-02 4.336912113972999805e+00 7.476936609963859004e-01 6.615648642324130080e-01 5.732468681964709295e-02 2.041767676526636599e+00 -2.181906944948608720e-02 -6.180413778586679036e-02 9.978497766502251176e-01 1.210339658954322634e-01
6.469628869548720296e-01 -7.617721234393093344e-01 -3.379726103966281675e-02 4.397614366684350351e+00 7.619780095287724819e-01 6.441932785012423057e-01 6.636665524486450030e-02 2.109211820359020884e+00 -2.878429949794231862e-02 -6.868953256928285456e-02 9.972227495488790172e-01 6.912106193119771369e-02
6.395710799866868301e-01 -7.685167782564329420e-01 -1.818777564782610157e-02 4.514776687286047974e+00 7.672821261281613792e-01 6.367337438497953084e-01 7.647403721048934289e-02 2.195947662204264628e+00 -4.719081021672738574e-02 -6.286573773826076295e-02 9.969056758037407873e-01 6.370427112382925916e-02
6.359587125899053284e-01 -7.716915723608283040e-01 -6.973738471070401596e-03 4.599409827374880244e+00 7.699697403943880358e-01 6.338791169387821833e-01 7.310173722907292726e-02 2.275372874412655122e+00 -5.199148736080726196e-02 -5.185925429643521017e-02 9.973001067812179432e-01 4.920921084791942540e-02
6.431584891653752134e-01 -7.657206786594474845e-01 4.358909017995116902e-03 4.673324502923584589e+00 7.645395321984385095e-01 6.424632976576239995e-01 5.215567916041480290e-02 2.372164599133786744e+00 -4.273712110454791491e-02 -3.021180954869288893e-02 9.986294533226469650e-01 6.032501766329824433e-02
6.502212151532118511e-01 -7.595307933935606659e-01 1.803732939292240073e-02 4.731288606084219417e+00 7.586896099601947441e-01 6.503859186853688801e-01 3.725899239426965631e-02 2.492894928500418050e+00 -4.003057710211072040e-02 -1.054185290814644259e-02 9.991428437586564737e-01 9.788782817070589004e-02
6.752301404877734115e-01 -7.371278269715503262e-01 2.658616333850854704e-02 4.775328242055383754e+00 7.355412209531807521e-01 6.755971932034910976e-01 5.047320887628119201e-02 2.562708220700918194e+00 -5.516674410880025026e-02 -1.452581287793279843e-02 9.983714895291578850e-01 1.111451950523219684e-01
6.915221123477841569e-01 -7.219457529813788632e-01 2.432072955748889806e-02 4.921461051755995797e+00 7.194776233307715874e-01 6.913790689134554635e-01 6.593127175072416302e-02 2.664428949964005700e+00 -6.441364498584908893e-02 -2.809471161114400484e-02 9.975277286968636803e-01 1.007023575198192772e-01
6.830089139751506222e-01 -7.300966930506486152e-01 2.139257410860983741e-02 5.061986974119415450e+00 7.277101944995741922e-01 6.827082669869131148e-01 6.593402011949270336e-02 2.768866432902317598e+00 -6.274309724485467588e-02 -2.946592921040742941e-02 9.975946384999720973e-01 5.380236776797454878e-02
6.619664729110752432e-01 -7.492522324794219646e-01 2.052999917858933793e-02 5.085182973661309447e+00 7.472409280795793141e-01 6.618348140142213953e-01 6.004726772743421148e-02 2.830726590529700104e+00 -5.857801758714342028e-02 -2.440842238579457243e-02 9.979843910463714884e-01 6.755324712801726028e-02
6.409269031236424219e-01 -7.673460207480649053e-01 1.981891254452213674e-02 5.081334961818655849e+00 7.656446394636184927e-01 6.409221436280516659e-01 5.483695713520885667e-02 2.931009432482311716e+00 -5.478130076004673193e-02 -1.997223696368170126e-02 9.982986120583879908e-01 1.033442801963926072e-01
6.131405599159966968e-01 -7.899142156197741516e-01 9.704934193234305423e-03 5.207247105505539153e+00 7.881065625874977831e-01 6.124892926695408857e-01 6.119568915931683506e-02 3.048251814951242977e+00 -5.428351308101179995e-02 -2.987303678842105625e-02 9.980786050610549465e-01 1.216934954908097943e-01
5.942598076848942812e-01 -8.042521679245085986e-01 5.807870439378297334e-03 5.266037941042906567e+00 8.011350872949437596e-01 5.925630197369496921e-01 8.397404090044827130e-02 3.113844778001459090e+00 -7.097783368936583237e-02 -4.524950860457477297e-02 9.964510169074088930e-01 9.449096927952867209e-02
5.948279972351119271e-01 -8.038497284679161359e-01 2.295157363554706231e-03 5.346132698592083621e+00 8.001968815597552132e-01 5.923921640064955252e-01 9.357603734794769923e-02 3.191538651568098572e+00 -7.658070545058293099e-02 -5.382506911987239295e-02 9.956094904564399828e-01 7.817662075917253262e-02
6.019541681156618251e-01 -7.984799649119700415e-01 -8.995839169365218296e-03 5.448509974038807435e+00 7.959068150933188424e-01 5.990256930266376623e-01 8.775283916755265146e-02 3.283611414403881490e+00 -6.468014514664797987e-02 -5.998303700327282939e-02 9.961016585146681424e-01 8.671263853639958608e-02
6.123119882580021489e-01 -7.904538496188916463e-01 -1.602312885197250403e-02 5.492853138544709246e+00 7.893511907032967345e-01 6.100606627698321738e-01 6.892521654750723148e-02 3.402549219873191699e+00 -4.470712214871205153e-02 -5.485161222341435050e-02 9.974931447712672705e-01 9.913492214880283149e-02
6.369538808978827404e-01 -7.706730903785469211e-01 -1.878141037051781620e-02 5.598124349390308119e+00 7.702713287341832471e-01 6.352587576438231132e-01 5.593202094419710835e-02 3.453295138535019682e+00 -3.117424801340803325e-02 -5.009289972846873995e-02 9.982579164011633477e-01 1.110588035531439588e-01
6.522627553535651490e-01 -7.578094924060599924e-01 -1.667546694532739265e-02 5.695276827141224629e+00 7.573794908275405247e-01 6.506922366433052218e-01 5.455199396858345651e-02 3.552733517633179350e+00 -3.048942197534409287e-02 -4.821189056034286269e-02 9.983716786629150963e-01 1.030857428219597305e-01
6.809788982955392589e-01 -7.322499957053383302e-01 -8.813845115820336668e-03 5.753126875534135820e+00 7.311358659471363097e-01 6.791650177079430195e-01 6.461597517255840417e-02 3.647761703002052158e+00 -4.132899226844094498e-02 -5.044623386637998169e-02 9.978712802194347198e-01 1.323968113923632284e-01
6.874384618975750705e-01 -7.262425524268519839e-01 -3.408055567857073975e-04 5.867245531193843178e+00 7.242135695229808823e-01 6.854826847872553808e-01 7.502129414798729135e-02 3.767486966403809312e+00 -5.425003984034406507e-02 -5.181933906745096741e-02 9.971818737201021410e-01 1.264915270591580598e-01
6.848208465838951930e-01 -7.287071641401980937e-01 2.505397147668762120e-03 5.927143185309908802e+00 7.266520153550173333e-01 6.831396984658504312e-01 7.278049849017788342e-02 3.854719397085042853e+00 -5.474720691148311780e-02 -4.802105070422331423e-02 9.973448360645648103e-01 7.960586155153669130e-02
6.748506047290799836e-01 -7.379533554421254804e-01 1.227390933246991916e-03 5.971247078152137178e+00 7.369107489265126487e-01 6.739837122964067451e-01 5.204328655764028921e-02 3.915553453429857278e+00 -3.923275944107547375e-02 -3.421696583366770628e-02 9.986440756524700424e-01 7.882408848360422660e-02
6.660780178396292772e-01 -7.458564474455546822e-01 -6.183361118935117029e-03 6.044102334789375419e+00 7.457067987958698740e-01 6.657188988323547996e-01 2.719775665478860877e-02 3.996296680590807338e+00 -1.616924180184903595e-02 -2.272680226810613879e-02 9.996109483585200461e-01 1.326729433833797600e-01
6.287438647139651504e-01 -7.775115579853372205e-01 -1.252716183981140118e-02 6.124958028493375117e+00 7.776116430723624129e-01 6.286381184203634342e-01 1.158657098567145161e-02 4.093294588853643390e+00 -1.133641410650693473e-03 -1.702625232160290616e-02 9.998544001948649340e-01 1.573173077135678610e-01
6.323016328302124567e-01 -7.747150624004257580e-01 -3.349210377380559996e-03 6.169601367395372904e+00 7.745964451712088472e-01 6.321150833734524577e-01 2.075737218194798062e-02 4.129285950357993507e+00 -1.396396248827354303e-02 -1.571920677635964270e-02 9.997789327096006096e-01 1.487457437461559007e-01
6.361740460376499318e-01 -7.715155721379316489e-01 6.804784843485884790e-03 6.283091154162178782e+00 7.709762272855140708e-01 6.360186277963590928e-01 3.280186056661910099e-02 4.263480160940360086e+00 -2.963511614084714252e-02 -1.562136500810851550e-02 9.994387088994511892e-01 1.411807807714062502e-01
6.469546677778792443e-01 -7.625132397246884297e-01 4.818411042422778706e-03 6.358008336939366956e+00 7.620103466239039891e-01 6.467350751790692520e-01 3.277154514577066552e-02 4.385269969681474755e+00 -2.810497248765042935e-02 -1.753002503373680271e-02 9.994512538107023225e-01 1.002752047944537872e-01
6.636128938164331803e-01 -7.480761179434818331e-01 -2.211858704333647535e-04 6.428877397805103477e+00 7.479781659939670480e-01 6.635211579435784657e-01 1.638096937041302187e-02 4.475078657609470767e+00 -1.210745046989895012e-02 -1.103606468912867074e-02 9.998657984546207578e-01 7.565251679191174750e-02
6.766987183894982438e-01 -7.362449603754867011e-01 -4.711990206748721544e-03 6.501503758064607119e+00 7.362407728354779524e-01 6.767134511162302690e-01 -2.903358913320968748e-03 4.574500841088577019e+00 5.326250522528620454e-03 -1.504460055740855940e-03 9.999846837103616437e-01 1.067817599354093927e-01
6.985698429804571008e-01 -7.155320934690803103e-01 -3.741349223863924510e-03 6.567935996488682981e+00 7.154858683754974358e-01 6.985710350864102747e-01 -8.858955540118555738e-03 4.661099919943842096e+00 8.952465203504896690e-03 3.511716682299196538e-03 9.999537595372715026e-01 1.702090182276279617e-01
7.030143449557989532e-01 -7.111737324034139718e-01 1.659254581551164193e-03 6.719809892336608748e+00 7.111737185612758694e-01 7.030050416120621204e-01 -3.981644854868387345e-03 4.757955595968455853e+00 1.665176896393219617e-03 3.979171700293502104e-03 9.999906966459654045e-01 1.417391468862675974e-01
6.990335554690325637e-01 -7.150246813949630020e-01 9.580883276331735379e-03 6.783962170691321347e+00 7.150710379415043949e-01 6.990479951662031954e-01 -2.304593537181802258e-03 4.821462447579798472e+00 -5.049655986572795796e-03 8.462000363010084569e-03 9.999514465834197230e-01 7.890598098545618944e-02
6.937091601001953434e-01 -7.202296652008284283e-01 6.068818483387973875e-03 6.854389848297460119e+00 7.202375215888912052e-01 6.936083853714072323e-01 -1.285769178200607890e-02 4.939370456030473200e+00 5.051107658034792447e-03 1.329048935037082865e-02 9.998989194934929658e-01 9.595683614892450142e-02
6.882227109739402771e-01 -7.254994811331526572e-01 -5.454545551579828566e-05 6.884492213364961088e+00 7.254732893038470243e-01 6.881984998847452406e-01 -8.445783743571704319e-03 5.059120614250185000e+00 6.164949824385588736e-03 5.773008913270928980e-03 9.999643322447806515e-01 1.917135752023119144e-01
6.772555669196043127e-01 -7.357189468956926159e-01 -6.521369112260248790e-03 7.006839114004643321e+00 7.356545254220203667e-01 6.770018920878604352e-01 2.192845948896101835e-02 5.130237643511464718e+00 -1.171820389425973913e-02 -1.964864596225151042e-02 9.997382729541480773e-01 1.748382791455719842e-01
6.702011170556276820e-01 -7.421074377458792837e-01 -1.034473487503360586e-02 7.087727874335198130e+00 7.414093237704691974e-01 6.688057262263992220e-01 5.487362930401498001e-02 5.200202917357288790e+00 -3.380351052190333494e-02 -4.444605054473072664e-02 9.984397183943409804e-01 1.348654979655836417e-01
6.736991335047204377e-01 -7.388149876573081309e-01 -1.678962560393910952e-02 7.182900272897896343e+00 7.378018903763342573e-01 6.711318029557994391e-01 7.232201337356246318e-02 5.280047200632623117e+00 -4.216453571541571577e-02 -6.111069525238300992e-02 9.972400086507128281e-01 9.855469894055550462e-02
6.666127654263999114e-01 -7.449300100782298983e-01 -2.658384952213866531e-02 7.304592480958590706e+00 7.447930099323296638e-01 6.641985382369313129e-01 6.421584041234933149e-02 5.412198796473944640e+00 -3.017935265223834623e-02 -6.260656426263834506e-02 9.975818887613787656e-01 7.748077024709257299e-02
6.716594000408329102e-01 -7.405166379132995802e-01 -2.255569352451252535e-02 7.324797239807793403e+00 7.406940559799554125e-01 6.705531030152678262e-01 4.160350312844601078e-02 5.510190732232621791e+00 -1.568329597856901736e-02 -4.465025207296095117e-02 9.988795669233953012e-01 1.252821058772010110e-01
6.883790384172390198e-01 -7.252036890808903902e-01 -1.462562173805196340e-02 7.370991855967225170e+00 7.253026061862788421e-01 6.879597338812089014e-01 2.544668971571661248e-02 5.592045868366675165e+00 -8.392194417976986745e-03 -2.812496936111062718e-02 9.995691857851999318e-01 1.946602602797730119e-01
7.172900144058673710e-01 -6.965531697262804522e-01 -1.757034370472110654e-02 7.444193716917667736e+00 6.967520378982025031e-01 7.168350146528040812e-01 2.615644189135971770e-02 5.687023644391538291e+00 -5.624314921159316409e-03 -3.100392736389592785e-02 9.995034384981783537e-01 2.356117056132985832e-01
7.236699256059069274e-01 -6.896245169375899708e-01 -2.683028908038018884e-02 7.637055161619564991e+00 6.900470060529130256e-01 7.223596207076650177e-01 4.507446958633393175e-02 5.802021563166793960e+00 -1.170334187111317890e-02 -5.113319870371850484e-02 9.986232661916975006e-01 2.344191275627309223e-01
7.168885214641340653e-01 -6.965677377769347034e-01 -2.939786525058131483e-02 7.717205328786008955e+00 6.969755229755177917e-01 7.149923361871738381e-01 5.487330468097350450e-02 5.892423651459770539e+00 -1.720372535154131299e-02 -5.982763476798175911e-02 9.980604620723624310e-01 1.521220061622660658e-01
7.132739242537500246e-01 -7.003682383833017555e-01 -2.691913155223275150e-02 7.787649274123278786e+00 7.007044199219764069e-01 7.116909331484468915e-01 5.009322884482104998e-02 5.921931638645184570e+00 -1.592560458702458465e-02 -5.459254837579727293e-02 9.983817049507537345e-01 1.215993313311628382e-01
7.018398344442926540e-01 -7.118427124744631795e-01 -2.647261763043106883e-02 7.796941235267779824e+00 7.122262157612059275e-01 7.005992954957056540e-01 4.352521950999443945e-02 6.003224563566720740e+00 -1.243641305523364785e-02 -4.940222513126128756e-02 9.987015348853729435e-01 1.710539690551807768e-01
6.949987479580492789e-01 -7.181315363253699680e-01 -3.555048342439194597e-02 7.881865721384935242e+00 7.189756488684309055e-01 6.936247153659258480e-01 4.425800004244525437e-02 6.135415814781623567e+00 -7.124371618804560546e-03 -5.631918650426533807e-02 9.983873960344926690e-01 2.573482688380046013e-01
6.868261981545822348e-01 -7.257810009027630960e-01 -3.888074404002306306e-02 7.993154105115108266e+00 7.266671125304425827e-01 6.845936881137399954e-01 5.732704214850436325e-02 6.228317410839759205e+00 -1.498936607037067506e-02 -6.762707241490352461e-02 9.975980643432492689e-01 2.387004869391267936e-01
6.881032687985879637e-01 -7.249765007010087192e-01 -3.038033739145650988e-02 8.125110697994642805e+00 7.251392382443806461e-01 6.855388767656690474e-01 6.488091862192149617e-02 6.275661379417125652e+00 -2.621023897368638875e-02 -6.667474690004740467e-02 9.974304494543752009e-01 1.545233046664769849e-01
6.876250771269831752e-01 -7.256974749273399361e-01 -2.312851465601049178e-02 8.234370325492118781e+00 7.257621327606653683e-01 6.860671254590755552e-01 5.080576753688030578e-02 6.358499954792698361e+00 -2.100190364707223145e-02 -5.172111994537538504e-02 9.984407072003801398e-01 1.381444806414234006e-01
6.963548461460634664e-01 -7.174619610285212223e-01 -1.839192012816978639e-02 8.284298247010445593e+00 7.176927890026937318e-01 6.960270410958184772e-01 2.152716137661686568e-02 6.435540019026746883e+00 -2.643645669764334294e-03 -2.819029160027647363e-02 9.995990789296796963e-01 1.758829140040402694e-01
7.069812468879521639e-01 -7.070707945719040266e-01 -1.511317346598161498e-02 8.371537049692900467e+00 7.070690970464393876e-01 7.071157519224376964e-01 -6.372235486737962834e-03 6.535419740876021066e+00 1.519238462813891910e-02 -6.181006926220165842e-03 9.998654842541013776e-01 2.108574395030203275e-01
7.355383197374496529e-01 -6.773562522901601657e-01 -1.311059423664935261e-02 8.427199990519831374e+00 6.774168803905180614e-01 7.355992841344454192e-01 2.516800942983466946e-04 6.618414222853578721e+00 9.473666649606488771e-03 -9.066458201528480865e-03 9.999140207917338596e-01 2.407863258765594594e-01
