1.000000000000000000e+00 0.000000000000000000e+00 0.000000000000000000e+00 0.000000000000000000e+00 0.000000000000000000e+00 1.000000000000000000e+00 0.000000000000000000e+00 0.000000000000000000e+00 0.000000000000000000e+00 0.000000000000000000e+00 1.000000000000000000e+00 0.000000000000000000e+00
9.999985221735259167e-01 -1.689810088672115580e-03 -3.165321919235867349e-04 1.258135428407365641e-02 1.689996673567810068e-03 9.999983978283806252e-01 5.901287275079657472e-04 -4.782752189127238707e-02 3.155344793073340754e-04 -5.906627937515370906e-04 9.999997757777030483e-01 -1.456562226321374796e-02
9.999941117375678035e-01 -3.419442133484830362e-03 -2.896647866365194561e-04 1.314752260276807160e-02 3.419551408266025428e-03 9.999940820279017428e-01 3.775941477391449503e-04 -9.631609193858096940e-02 2.883719110702577504e-04 -3.785824479947781846e-04 9.999998867584790618e-01 -2.258536539494048270e-02
9.999938648136077468e-01 -3.486708295503565449e-03 -3.364526801266032536e-04 1.357590043308213971e-02 3.486883146657897715e-03 9.999937853380020947e-01 5.205106102169075643e-04 -1.064860516972250537e-01 3.346357205243770437e-04 -5.216805879672761640e-04 9.999998079341309021e-01 -1.882473623685179676e-02
9.999982479305520311e-01 -1.856925905407070870e-03 2.365629049348940576e-04 -2.248226403827732062e-02 1.856937444201556741e-03 9.999982747108207004e-01 -4.856655483572404537e-05 -6.396938811543015357e-02 -2.364723123016631494e-04 4.900575225982982278e-05 9.999999708396404285e-01 -8.662295770156536179e-05
9.999997334282449968e-01 -5.368741271005271617e-04 4.948834312821201497e-04 -5.970665953905981288e-02 5.369399395004286835e-04 9.999998470215312185e-01 -1.328623932531847120e-04 -1.717733505660369586e-02 -4.948120251942082293e-04 1.331280805154757326e-04 9.999998687189782798e-01 1.147692366208213910e-02
9.999981470970447095e-01 1.644198731553561145e-03 1.001205777270155811e-03 -9.464124792548432585e-02 -1.644260846208632065e-03 9.999986463282812821e-01 6.121988706418021926e-05 2.407736812520512928e-02 -1.001103764305553675e-03 -6.286601708823375922e-05 9.999994969194319072e-01 1.993935869932618454e-02
9.999991644648452693e-01 6.985459799895892214e-04 1.087705440402161145e-03 -5.408648625730461124e-02 -6.996270464017514479e-04 9.999992614085005949e-01 9.938332099293939199e-04 1.750677114035065207e-04 -1.087010398838592811e-03 -9.945933676914328527e-04 9.999989145956238445e-01 2.287381400638845153e-02
9.999988992374710950e-01 -1.377190823409498062e-03 5.521496917805607208e-04 -4.751068921772628323e-02 1.376558416951896568e-03 9.999983980575390952e-01 1.144101953641885744e-03 -8.638345790705060853e-03 -5.537244539801250984e-04 -1.143340627951688112e-03 9.999991930803932005e-01 1.670848760024994800e-02
9.999971307781019281e-01 -2.334135437099233747e-03 5.387460673302314458e-04 -7.555362811181354221e-02 2.333764668652333479e-03 9.999970402241717959e-01 6.878120146332539122e-04 -9.087193256520173512e-03 -5.403499191600618376e-04 -6.865527346106489997e-04 9.999996183335808642e-01 1.597751423794641426e-02
9.999993610424638968e-01 -6.845164356398351089e-04 8.996398797334828222e-04 -7.540986793550141787e-02 6.840478978506258972e-04 9.999996303132056008e-01 5.210104850184272499e-04 -5.795233045723739360e-03 -8.999961873886354454e-04 -5.203947553462972067e-04 9.999994595979346812e-01 2.654397078434538731e-02
9.999998416009444613e-01 2.028186037157238514e-04 5.250359034162721062e-04 -3.730690221668223061e-02 -2.029962010586871071e-04 9.999999221977420305e-01 3.382263329928095522e-04 8.042148000001324293e-03 -5.249672639746958249e-04 -3.383328597118908146e-04 9.999998049701048775e-01 1.162162799033024038e-02
9.999999813020293837e-01 -1.874589409790856323e-04 4.748774936125965712e-05 -1.057070808279098398e-02 1.874380134635411307e-04 9.999998854949608829e-01 4.403147241724199193e-04 7.786974541291921334e-03 -4.757028485556391459e-05 -4.403058149300240090e-04 9.999999019339238515e-01 -3.885580996052385994e-03
9.999997061472071236e-01 -7.625093386304556808e-04 7.927804228638443186e-05 -9.768771790441114350e-03 7.624824013754459909e-04 9.999996517619479386e-01 3.392588546633931138e-04 4.290969318687936664e-03 -7.953670272364733067e-05 -3.391983068591723229e-04 9.999999393092089406e-01 -5.923904686644365300e-03
9.999995849433277462e-01 -9.110151196901581120e-04 -1.283058522537935440e-05 -9.199470648917615345e-03 9.110182738472147454e-04 9.999995542685140570e-01 2.480090277008322863e-04 -8.422008363678989626e-03 1.260463953232842456e-05 -2.480206136606350571e-04 9.999999691634486876e-01 -4.495942675592471890e-03
9.999999664985899095e-01 -1.211003132614145189e-04 2.287739784309796693e-04 -1.304830462394795595e-02 1.211079447651300519e-04 9.999999921104979483e-01 -3.334470949053135283e-05 -1.742325253536282717e-02 -2.287699385713019818e-04 3.337241471978008150e-05 9.999999732752982151e-01 4.354408437945639539e-03
9.999999374169197264e-01 -3.471346530561809376e-04 6.829120940140245486e-05 1.462133512483151584e-02 3.471415676763775601e-04 9.999999346189425431e-01 -1.012661966202179666e-04 -3.377921413163080533e-02 -6.825605193042090610e-05 1.012898970001575676e-04 9.999999925407340173e-01 7.791070285903499426e-04
9.999996998577238561e-01 -7.207222781427403144e-04 -2.843305468953877648e-04 3.837206867937280330e-02 7.207530041952672642e-04 9.999997344280140421e-01 1.079768883850869548e-04 -3.650175587217280998e-02 2.842526500361760656e-04 -1.081817880725172371e-04 9.999999537485647627e-01 -1.143282445742668622e-02
9.999997652078760346e-01 -5.304374991141790540e-04 -4.338435804949010086e-04 3.072965382697345760e-02 5.303031821021247016e-04 9.999998114463735099e-01 -3.096542468080407747e-04 -5.942827508819871485e-02 4.340077509163874818e-04 3.094241054723914923e-04 9.999998579469874249e-01 -2.953956779240242414e-02
9.999893211920044545e-01 4.616034495705946539e-03 -2.229966112289490099e-04 1.429737492489354007e-02 -4.616159581981837609e-03 9.999891865902695853e-01 -5.637137967147622802e-04 -7.217033254556651234e-02 2.203920775438825835e-04 5.647371648670367408e-04 9.999998162496165355e-01 -2.230480562034967140e-02
9.999817917852694693e-01 6.033004531787465423e-03 -1.376744038444342494e-04 -9.388571007325995782e-03 -6.033068446973432163e-03 9.999816910564599537e-01 -4.686544321079964544e-04 -6.592977063162930307e-02 1.348444888587975302e-04 4.694764978492519249e-04 9.999998807043837257e-01 -1.536511855860648625e-02
9.999849460228831255e-01 5.487040664094652853e-03 1.060009751209824294e-05 -1.358931001953509604e-02 -5.487038879452812296e-03 9.999849330263957947e-01 -1.616308452238621283e-04 -7.825198728506387036e-02 -1.148681282102414605e-05 1.615702488896418739e-04 9.999999868815537818e-01 -7.635743267196973272e-03
9.999905754751555742e-01 4.335441379806685876e-03 -2.300193674809858618e-04 2.570384665809357511e-02 -4.335414639058868431e-03 9.999905952449333890e-01 1.166258598393364522e-04 -8.838726289058025654e-02 2.305228287838771521e-04 -1.156275313629787733e-04 9.999999667447491136e-01 -1.294441857553374486e-02
9.999876830902282299e-01 4.948094399052959183e-03 -3.873366176894563391e-04 3.769537218891266805e-02 -4.948114956478807600e-03 9.999877566452877176e-01 -5.213350440890227787e-05 -7.396585706927323589e-02 3.870739138886842234e-04 5.404944839641349544e-05 9.999999236262182567e-01 -2.058253138845819036e-02
9.999814845175998279e-01 6.065143576888614406e-03 -4.946264943469207837e-04 6.902031632617612600e-02 -6.065314717028609699e-03 9.999815462145439371e-01 -3.452357938362377358e-04 -6.885819057055239667e-02 4.925234619582153067e-04 3.482294669845677443e-04 9.999998180784223090e-01 -2.570613458470363821e-02
9.999315867239433331e-01 1.168895767529405487e-02 -4.360506877290572974e-04 1.051653115230949814e-01 -1.168904189038754739e-02 9.999316625580284557e-01 -1.910853783617742752e-04 -7.347830730202761784e-02 4.337873002404496209e-04 1.961693203402312818e-04 9.999998866730814839e-01 -3.313616235217250322e-02
9.999093251307293873e-01 1.345512927515155055e-02 -5.486463326272859225e-04 8.319875056672734748e-02 -1.345510204778889440e-02 9.999094745972393339e-01 5.328748830350237583e-05 -3.108007929635698413e-02 5.493136562409233143e-04 -4.590056407382142904e-05 9.999998480738111484e-01 -5.158274140449668754e-02
9.999334197076513719e-01 1.151775983430376737e-02 -7.052376630125956145e-04 7.585582205599984695e-02 -1.151788054787593676e-02 9.999336530106088805e-01 -1.673455826017964819e-04 -1.984202051092510966e-02 7.032634263871104935e-04 1.754572838444258662e-04 9.999997373176128246e-01 -6.190782151259082572e-02
9.999566306068955468e-01 9.272715273193007229e-03 -8.681340720456759636e-04 9.596732050594436458e-02 -9.272772630107745800e-03 9.999570049934071170e-01 -6.206742646579465868e-05 -1.539313917466469950e-02 8.675212130421677869e-04 7.011474450170640527e-05 9.999996212453620137e-01 -6.255915800997481624e-02
9.999978166874491370e-01 -1.924523328276639628e-03 -8.141439023247654984e-04 1.335906257727265400e-01 1.925189673456113469e-03 9.999978118727619325e-01 8.184707748948991850e-04 -9.949712939423673713e-03 8.125669547745192380e-04 -8.200363693508467893e-04 9.999993336374264352e-01 -4.751649771870326833e-02
9.997131052838892362e-01 -2.394284438523387043e-02 -6.688246317011153994e-04 1.744869520331758794e-01 2.394341661512169178e-02 9.997129444645530549e-01 8.610869922161657310e-04 3.873130243771198689e-02 6.480157700315615672e-04 -8.768538977072622880e-04 9.999994056012252441e-01 -2.656173474902746856e-02
9.986110314666492016e-01 -5.267954704681477446e-02 -9.344281981310388705e-04 1.983804070703130418e-01 5.268112376808497394e-02 9.986098491563454305e-01 1.751675333124747685e-03 6.569102671492010881e-02 8.408517388609824776e-04 -1.798469038764520262e-03 9.999980292367929291e-01 -3.282659116649617320e-02
9.979661893829151476e-01 -6.372730819224002585e-02 -1.521525259302509937e-03 2.209297914114169148e-01 6.373210584003423385e-02 9.979614337632402021e-01 3.345953737357677555e-03 2.709042185824487442e-02 1.305194904262948563e-03 -3.436118709986518086e-03 9.999932447544197522e-01 -7.284291950187873899e-02
9.977333110322323950e-01 -6.727486439041835409e-02 -1.527310678764976556e-03 2.223885438194861675e-01 6.727756219890687617e-02 9.977326931546363076e-01 1.789590726538567997e-03 -2.557563757328013346e-03 1.403453323365783188e-03 -1.888288020169569042e-03 9.999972323397310348e-01 -6.044741598263463078e-02
9.969723851942542403e-01 -7.774772686963973833e-02 -1.163669490679226405e-03 2.608597024794608865e-01 7.774665003295672117e-02 9.969727016324079205e-01 -9.437205256977236308e-04 -6.468508103054859681e-02 1.233518841602895735e-03 8.503918988157682700e-04 9.999988776318130546e-01 -9.222098230318262480e-03
9.966777425888440067e-01 -8.141762510322161916e-02 -2.155864225167509161e-03 3.261366857119008533e-01 8.141022761508293071e-02 9.966751430395621725e-01 -3.321759583200842303e-03 -2.019780843322445119e-01 2.419146061420782146e-03 3.135214445529373693e-03 9.999921590506167801e-01 -3.500988325983632465e-02
9.959502275906415569e-01 -8.988781279478948172e-02 -1.823533141533058071e-03 3.807771189654997057e-01 8.975620400418736489e-02 9.952544360148336544e-01 -3.758232876704182407e-02 -1.726456058722756481e-01 5.193072780934927801e-03 3.726645547626177696e-02 9.992918709222684548e-01 -6.175411509998189608e-02
9.957577682126103058e-01 -9.160864685338239444e-02 -8.621071043299500386e-03 3.892556063533945121e-01 9.088125543888368740e-02 9.938318988136025656e-01 -6.355119440578309298e-02 -7.315626273340403163e-02 1.438973433019934134e-02 6.249810174910543081e-02 9.979413423762264479e-01 -1.143446664058377082e-02
9.987521178848675074e-01 -4.818967753385264979e-02 -1.311342821976594145e-02 4.742929301390618191e-01 4.727922871552820566e-02 9.969180662257620673e-01 -6.260226645059947803e-02 -7.843301276854502957e-02 1.608979653558210987e-02 6.190415342988203617e-02 9.979524007865170354e-01 3.695838720931529653e-03
9.992002419118289902e-01 -3.848107837849150392e-02 -1.086660803428503297e-02 7.080370530359940684e-01 3.786666395076287994e-02 9.979291668871300702e-01 -5.199513089894523821e-02 -8.791151549819993527e-02 1.284493380996529557e-02 5.154206517774435892e-02 9.985882150279117297e-01 -3.984634071405247779e-02
9.982995413176828370e-01 -5.794236571558614851e-02 -6.380286841935559235e-03 7.672234933033470483e-01 5.759160178186858298e-02 9.972921375175555214e-01 -4.573401195897739552e-02 -3.037453371915601469e-02 9.012946749137107361e-03 4.528879222220971029e-02 9.989332770960984709e-01 -6.216804237968544256e-02
9.981529668200641581e-01 -6.073239950449070557e-02 1.493478734656474016e-03 7.253164772797300319e-01 6.074791871169091251e-02 9.975668767532128722e-01 -3.420550799269046066e-02 8.793507309966010210e-03 5.875376598375274539e-04 3.423305500926194372e-02 9.994137045009093834e-01 -7.745051746751538402e-03
9.976981535092730446e-01 -6.775884640020835015e-02 2.670808622878574450e-03 7.571936995677724935e-01 6.777830945851359701e-02 9.976680582184616064e-01 -8.034076023432763780e-03 -1.122173682529992861e-02 -2.120200729421013210e-03 8.196605707077923159e-03 9.999641595596062693e-01 -8.773836602834386711e-03
9.955513622716921640e-01 -9.420614313066111301e-02 -1.639413133796122340e-03 8.662982017644105248e-01 9.421645186268898242e-02 9.955182901813681706e-01 8.160521599189483194e-03 1.053461902550151263e-02 8.632944940634982483e-04 -8.278678083524022152e-03 9.999653585058864147e-01 6.671224061228614444e-02
9.852660456758595142e-01 -1.686447796863727866e-01 -2.845623873230272369e-02 1.003457768074311307e+00 1.691315810055466773e-01 9.854692062307592870e-01 1.565093854953731461e-02 7.476993870250248087e-02 2.540329791226367609e-02 -2.023318698208413646e-02 9.994725061749967221e-01 8.125092623190499630e-02
9.728852372114222824e-01 -2.265659084190986550e-01 -4.649950922647781704e-02 1.056905493146262254e+00 2.276291693352986700e-01 9.735636708526350658e-01 1.894043462183254284e-02 9.447947988792607110e-02 4.097897611942767637e-02 -2.901151388967118661e-02 9.987387323910256187e-01 5.071114411043714520e-03
9.630212129320755432e-01 -2.666756867310769441e-01 -3.839559283749394147e-02 1.150738813896253543e+00 2.676825378385492837e-01 9.632095777622352584e-01 2.394510896634426469e-02 8.816669698592384530e-02 3.059742438748291882e-02 -3.333747761311557645e-02 9.989756804883926922e-01 -4.545302941964777382e-02
9.569717226414731215e-01 -2.888725397854173815e-01 -2.752776457567856702e-02 1.322828417120845312e+00 2.896003892403243851e-01 9.567482433527207952e-01 2.764802693386039442e-02 1.167414305172016498e-01 1.835038464076784934e-02 -3.443043129856675211e-02 9.992386145381545459e-01 -8.291346803878375804e-02
9.527152566410287404e-01 -3.034623336363642676e-01 -1.562855807138484321e-02 1.402857899177881285e+00 3.036906743356097560e-01 9.526494793963704577e-01 1.519683280841337830e-02 1.505311722546562869e-01 1.027687136249792743e-02 -1.922450180879045623e-02 9.997623739895408201e-01 -4.863036601763105760e-02
9.498853165986261837e-01 -3.124124320962970991e-01 -1.078691716869212280e-02 1.384455545632309992e+00 3.123415605868254952e-01 9.499380953463516519e-01 -7.769462010465216784e-03 2.116659223088424302e-01 1.267418007265547902e-02 4.010895339221633854e-03 9.999116350348483673e-01 8.333712012238428390e-02
9.552480218855247118e-01 -2.947422295485764843e-01 -2.506461259478028406e-02 1.392816020343029315e+00 2.943615209964347001e-01 9.555282729904225336e-01 -1.780490024139751853e-02 2.411700466212069183e-01 2.919780197990388612e-02 9.630038248878161622e-03 9.995272636215919437e-01 1.910615197236181784e-01
9.599261823260828441e-01 -2.766415512178975744e-01 -4.484614392149390005e-02 1.663185040741573362e+00 2.766751794657497099e-01 9.609473024516772544e-01 -5.579155710315428576e-03 2.734920440526051877e-01 4.463820731690709698e-02 -7.052237276220311643e-03 9.989783262898813687e-01 1.168995002657655102e-01
9.549366600171885766e-01 -2.929202457318797470e-01 -4.789264030716596648e-02 1.915030190925841591e+00 2.940403345591014461e-01 9.556206656413054334e-01 1.815007029297745211e-02 3.159145797384014243e-01 4.045067375938370818e-02 -3.141453548349086577e-02 9.986875737450469082e-01 -4.746643574335997207e-02
9.450422422012512147e-01 -3.248760010816422739e-01 -3.675247442598125747e-02 2.006925937962982243e+00 3.259874911263613839e-01 9.449042903907800550e-01 2.979996023884847259e-02 3.366487175008534560e-01 2.504627885279808036e-02 -4.014306817244088499e-02 9.988799817762545885e-01 -1.368067761493769185e-01
9.228823329217010762e-01 -3.844862270931237447e-01 -2.141356478247660733e-02 1.979848512665637994e+00 3.849296550768306346e-01 9.226540224780743760e-01 2.321024445070047487e-02 3.840833262242309143e-01 1.083329236338793911e-02 -2.966304065202950840e-02 9.995012475209049674e-01 -2.617557193922065428e-02
8.980921626941367197e-01 -4.394902126836230383e-01 -1.669791192550794390e-02 1.968626531113553790e+00 4.397439536570005303e-01 8.979597726809223079e-01 1.713189624461118957e-02 4.568301782029773328e-01 7.464752472657243051e-03 -2.272882755731366403e-02 9.997137979783973227e-01 9.870928606452873677e-02
8.581411291952039111e-01 -5.132230781095957761e-01 -1.399551639961977255e-02 2.107190540865719441e+00 5.133938136238037631e-01 8.575477681696024312e-01 3.222758818374073936e-02 5.034641955165305438e-01 -4.538118154832853843e-03 -3.484103045326857745e-02 9.993825634263223678e-01 9.204818194141108079e-02
8.331593163062913643e-01 -5.529615682221546979e-01 -8.891440902834692878e-03 2.246872950513481015e+00 5.526470812044854686e-01 8.318696661662012826e-01 5.073521606040169024e-02 5.009939435895396365e-01 -2.065810466127195738e-02 -4.718434678819000833e-02 9.986725590152037979e-01 -1.536098883648838453e-02
8.111377521671200297e-01 -5.848497016441536189e-01 2.524578383852321001e-03 2.358033114567844368e+00 5.838745214057619037e-01 8.100200326671322948e-01 5.438832532014991478e-02 5.535857092067800744e-01 -3.385395490137363406e-02 -4.264238694869735419e-02 9.985166681497376073e-01 -1.511901244595681426e-02
8.081656993674763978e-01 -5.889397124964080854e-01 4.268185858886597989e-03 2.410187330180589615e+00 5.880690727856167088e-01 8.073259798547052224e-01 4.898497611212161013e-02 6.261852165388869240e-01 -3.229501507884392775e-02 -3.707798937763976538e-02 9.987903957812013234e-01 3.995393805444956425e-02
8.046927652298488942e-01 -5.936193858460333539e-01 -9.250855880276081730e-03 2.546488768026492266e+00 5.936566765926808431e-01 8.043792496492440103e-01 2.336178654667825025e-02 7.142870770962297389e-01 -6.426812870515491785e-03 -2.429089297447855830e-02 9.996842744561054150e-01 7.692271955090623781e-02
8.068375607319852039e-01 -5.899496460700272005e-01 -3.118598553693190112e-02 2.557454891171185185e+00 5.902421470143549564e-01 8.072262145960609203e-01 2.153062910295201055e-04 7.424959553218585251e-01 2.504712518323552739e-02 -1.858100026274181471e-02 9.995135756703313890e-01 7.335499915961635198e-02
8.321401156534264931e-01 -5.512256221614566520e-01 -6.077122175024075174e-02 2.674124220159595833e+00 5.510151525982855958e-01 8.342133751805000941e-01 -2.168746820277328569e-02 7.932507949349387744e-01 6.265085416329146950e-02 -1.543885172780738724e-02 9.979160848137165196e-01 9.196361204545849821e-02
8.323740638499919076e-01 -5.490049908147329738e-01 -7.580856079866341024e-02 2.913274568486662552e+00 5.496752314903310399e-01 8.352677775914318925e-01 -1.359704392584709307e-02 9.013458215199544599e-01 7.078529307632172585e-02 -3.035226149704994478e-02 9.970296798521666171e-01 1.323902738794781042e-01
8.334250953738128187e-01 -5.476957757425808815e-01 -7.370174784144319091e-02 2.993635804437977832e+00 5.494263160197168094e-01 8.355330510092725538e-01 3.904348362880741274e-03 9.553363216336798747e-01 5.944185113329984727e-02 -4.374766170744471411e-02 9.972726850911828311e-01 6.439323029423019151e-02
8.164323435510587590e-01 -5.722259619275902320e-01 -7.743175640375182800e-02 3.085246670547499459e+00 5.742040787204263363e-01 8.187020196392766902e-01 4.083995518574710937e-03 9.946706619195241350e-01 6.105656708784373832e-02 -4.779593638180276022e-02 9.969892898526213632e-01 2.537935315072889497e-03
7.930901981353177810e-01 -6.029448347529506869e-01 -8.640291584442827411e-02 3.063759156074860268e+00 6.045589858992042043e-01 7.965090599966121454e-01 -9.041565784716806831e-03 1.033331632387320731e+00 7.427227066818595236e-02 -4.506488198198725648e-02 9.962192460606958955e-01 3.796452542497383287e-02
7.688192542765661663e-01 -6.320188764134545556e-01 -9.730927042527448556e-02 3.147219758940019929e+00 6.340168574103345334e-01 7.732139807413255239e-01 -1.275791933179750218e-02 1.086588347348669714e+00 8.330413419001678199e-02 -5.188718380513178408e-02 9.951724179174300522e-01 1.524566798672649659e-01
7.447928235655090212e-01 -6.571864309302293261e-01 -1.157136334513067660e-01 3.220485331750686964e+00 6.619157074216599490e-01 7.495710025786413988e-01 3.302780909125294095e-03 1.168455987562243781e+00 8.456504144030087267e-02 -7.905255906317808223e-02 9.932771248104744766e-01 1.388966408851165513e-01
7.416863267155542339e-01 -6.611022394130592339e-01 -1.133367628187178788e-01 3.387193303797811250e+00 6.676303048081975167e-01 7.438947931923054480e-01 2.983810924121135799e-02 1.219196949360163984e+00 6.458458689889920445e-02 -9.779757514588646727e-02 9.931084862343505515e-01 7.500495154760089545e-02
7.233218485342336468e-01 -6.837747807671770151e-01 -9.621617649760373647e-02 3.538873578708769507e+00 6.894284181474266138e-01 7.229421635377816235e-01 4.520049148016476448e-02 1.330679540426068286e+00 3.865177465209239382e-02 -9.902866941502520837e-02 9.943336275869048002e-01 9.314890631627242845e-03
7.170340789206881560e-01 -6.929716892195301181e-01 -7.518222932709207884e-02 3.611002184426291173e+00 6.966216851466469073e-01 7.161529055614472838e-01 4.293301339695226870e-02 1.377394211435117866e+00 2.409060916221333892e-02 -8.315800500329376121e-02 9.962451449086543454e-01 -9.716305180906409378e-04
7.148862088743733745e-01 -6.963374193088335273e-01 -6.365459002726850390e-02 3.641199163434519548e+00 6.987016620707918735e-01 7.149430976915985836e-01 2.592979912483637031e-02 1.448839832749024392e+00 2.745352037059908129e-02 -6.301242364371566207e-02 9.976350729028155007e-01 7.659957871679737296e-02
7.137723756258083085e-01 -6.976554865804891481e-01 -6.169131087625736448e-02 3.730942712878347223e+00 6.994279320459244609e-01 7.146196111878870827e-01 1.092607796213832666e-02 1.531759310795405060e+00 3.646318235497014032e-02 -5.094735861469119192e-02 9.980354718058542796e-01 1.336214247067120942e-01
7.228704976694233508e-01 -6.881608251191050352e-01 -6.239328786458297332e-02 3.787778513829433091e+00 6.900050178276130319e-01 7.237018006615147936e-01 1.219750351492127766e-02 1.627165533255341634e+00 3.676029069356952922e-02 -5.186889714148065073e-02 9.979771032130200226e-01 1.468229535808924235e-01
7.306574729826234016e-01 -6.806433209756366232e-01 -5.351940569460274244e-02 3.990181790307640863e+00 6.825037954611845592e-01 7.302327421517937900e-01 3.080116021434047349e-02 1.709451873600901006e+00 1.811701840051274312e-02 -5.903229540453623636e-02 9.980916599909784859e-01 1.143377463509091529e-01
7.188433880094313722e-01 -6.943984084234550158e-01 -3.278770949753670449e-02 4.104744098726149204e+00 6.950809507732119696e-01 7.171857487066662928e-01 5.007068727575397782e-02 1.808083659457868198e+00 -1.125412756858456230e-02 -5.878309477248740145e-02 9.982073393747608048e-01 4.319406693511632089e-02
7.106885997674762256e-01 -7.033184422514588974e-01 -1.627522502226321291e-02 4.141303002825960533e+00 7.029276078510278136e-01 7.089750200195408247e-01 5.698420052192929713e-02 1.875983309096037832e+00 -2.853931115804648685e-02 -5.193832666993569019e-02 9.982424144171351266e-01 5.047089337188352676e-02
6.924212371376867736e-01 -7.212851535385393920e-01 -1.733659844379099174e-02 4.186457385084740856e+00 7.208538748539090601e-01 6.905961149036259350e-01 5.870857848834960813e-02 1.943609352366427956e+00 -3.037303851807231225e-02 -5.314822071249100666e-02 9.981246140469014483e-01 9.036136709621939156e-02
6.632286539927126912e-01 -7.476633348121994871e-01 -3.357514408778607129e-02 4.342546515339829938e+00 7.480470930000271412e-01 6.608236287012969612e-01 6.113655538431355535e-02 2.021758754295026606e+00 -2.352231232730690735e-02 -6.566330426921462848e-02 9.975645499391130322e-01 1.005459008661018228e-01
6.472947471641813388e-01 -7.613352772293301429e-01 -3.712284929524727051e-02 4.401427872511717077e+00 7.616388523734226590e-01 6.440833782138140062e-01 7.115378039132529142e-02 2.083250773889364638e+00 -3.026167293713933823e-02 -7.433167262224223137e-02 9.967743142739109441e-01 6.011738546946168021e-02
6.404223678300371425e-01 -7.677698659092158096e-01 -1.971354318009211487e-02 4.516608927290536535e+00 7.666172663665140607e-01 6.374874084188220102e-01 7.686202583973025804e-02 2.195295925369481704e+00 -4.644521171985090818e-02 -6.433690316761400685e-02 9.968468313633239708e-01 7.201631986954154518e-02
6.352492509094299633e-01 -7.722971052809068926e-01 -3.945933823584032996e-03 4.580430380359819864e+00 7.705571634935308722e-01 6.334577645691026326e-01 7.051892154535087387e-02 2.295305799362759025e+00 -5.196197655798068943e-02 -4.783765966105910789e-02 9.975026372448047018e-01 9.748447797452801378e-02
6.418522558847350457e-01 -7.668042524094215162e-01 6.076191447349020558e-03 4.646839326071620313e+00 7.655786278905399866e-01 6.412383075737000393e-01 5.198843541841755705e-02 2.378877899671867358e+00 -4.376124007514704123e-02 -2.871709224216747319e-02 9.986292016961251239e-01 9.021828045615101765e-02
6.498243432917980567e-01 -7.598993030731354681e-01 1.677414839407030331e-02 4.725836925934767230e+00 7.588655143529295932e-01 6.498735679631711948e-01 4.227856180951788251e-02 2.484134600889585265e+00 -4.302852532038528577e-02 -1.474431591429312648e-02 9.989650400073930570e-01 1.197166735417529576e-01
6.740677384128732630e-01 -7.381318697407573959e-01 2.817848299621453917e-02 4.778433084555365085e+00 7.364609260219704412e-01 6.745108686250442798e-01 5.157899329717681447e-02 2.552861523655773457e+00 -5.707879180410382197e-02 -1.401538368015422739e-02 9.982712960645927502e-01 1.354293028702049373e-01
6.910913479021185690e-01 -7.222040709959598459e-01 2.853118805264327762e-02 4.899885296305948046e+00 7.198177375136149969e-01 6.912971872793747252e-01 6.301288455867933014e-02 2.670589592762507625e+00 -6.523169180400786860e-02 -2.301040409222912531e-02 9.976048053652805114e-01 1.206729044466404305e-01
6.824750774400651920e-01 -7.305423402786962450e-01 2.314428079034539995e-02 5.045841566654426735e+00 7.283485136163244666e-01 6.823914416846543762e-01 6.205129352745038240e-02 2.798482720108123267e+00 -6.112455632614216539e-02 -2.549135884303599733e-02 9.978045796839518644e-01 8.109286646879310112e-02
6.603310333275662636e-01 -7.507922080250556407e-01 1.655254643279583521e-02 5.100469085305779693e+00 7.490108629816195629e-01 6.600372355494735777e-01 5.773711824933881048e-02 2.849902888026832670e+00 -5.427387548423168867e-02 -2.572757386677004127e-02 9.981945894377769468e-01 5.013560598452559969e-02
6.403938614756303771e-01 -7.678752446229680784e-01 1.622685673653443544e-02 5.100126959154478890e+00 7.660738392674567576e-01 6.401196757418238237e-01 5.811775561909816867e-02 2.904503177326076546e+00 -5.501431608545234025e-02 -2.478728350181135312e-02 9.981778476815896806e-01 9.650774863403303871e-02
6.128520340751314466e-01 -7.901548251096535136e-01 8.230230003266596900e-03 5.205376422610296316e+00 7.880251735630339205e-01 6.119057533930765125e-01 6.773237627162964625e-02 3.018016816611508890e+00 -5.855518901791792463e-02 -3.502429614402254032e-02 9.976695788279262844e-01 1.403996564243479017e-01
5.939716945015278693e-01 -8.044554810054206362e-01 7.000372227329507147e-03 5.259727736710500423e+00 8.011091699968403423e-01 5.922525893089621851e-01 8.637689623854026555e-02 3.116584336677454381e+00 -7.363235618909265423e-02 -4.569736903988354249e-02 9.962379367324230017e-01 1.167551387344699376e-01
5.952818770099125301e-01 -8.035096160610144533e-01 3.432754147438606129e-03 5.340400029411367377e+00 7.997069542056844949e-01 5.928693923602459392e-01 9.473474018257642404e-02 3.209847423589259563e+00 -7.815544957725595321e-02 -5.364867659014542489e-02 9.954966324410660095e-01 8.666926413015527131e-02
6.017215091977046182e-01 -7.986554744923537452e-01 -8.981003965582316784e-03 5.453202458200799185e+00 7.960847459258930670e-01 5.987986025744691521e-01 8.768871568776177849e-02 3.321537026452708208e+00 -6.465526021092804498e-02 -5.991382660334849952e-02 9.961074393401552207e-01 9.720354820325470546e-02
6.131184362517803077e-01 -7.898396444894500990e-01 -1.546347700068874745e-02 5.498052589659985223e+00 7.886911332316078882e-01 6.108698893652159123e-01 6.931287491347626339e-02 3.433386489806478536e+00 -4.529988399558949885e-02 -5.469290867843993459e-02 9.974751156045337241e-01 1.138223498344018841e-01
6.368288043020625677e-01 -7.707666102623805804e-01 -1.918088933926190287e-02 5.606902308477376806e+00 7.704129522217523229e-01 6.351677044890406965e-01 5.500791055009063291e-02 3.481518477336832174e+00 -3.021517930063229163e-02 -4.980782748486853317e-02 9.983016694672348645e-01 1.190058642098216352e-01
6.521766086755866887e-01 -7.578802228888390502e-01 -1.682970143449641701e-02 5.683412371066990154e+00 7.575026177095225410e-01 6.506738231695831098e-01 5.304111617508576459e-02 3.577445295380136780e+00 -2.924816677386040190e-02 -4.734071815933597882e-02 9.984505000972890842e-01 1.277075230296345620e-01
6.804548014393523303e-01 -7.327309421390622024e-01 -9.307503969052773746e-03 5.746187719400079885e+00 7.315556182456184331e-01 6.785167938053486836e-01 6.664336379101022667e-02 3.639375293025596037e+00 -4.251635698649093575e-02 -5.215675369606632972e-02 9.977334475863205432e-01 1.482053830560025043e-01
6.864625593207136500e-01 -7.271627404384150006e-01 -1.871782292380001073e-03 5.870382673257727113e+00 7.250908012418181281e-01 6.843077630738113593e-01 7.724128009953458440e-02 3.770347652484548728e+00 -5.488610575868904662e-02 -5.438045894446667805e-02 9.970106725003675674e-01 9.554107915441185928e-02
6.844072523584933121e-01 -7.290988424335543838e-01 1.261301371096035240e-03 5.930470176250208780e+00 7.270349249900095456e-01 6.825979132229501589e-01 7.402909366218859977e-02 3.848688306613400112e+00 -5.483548817936228365e-02 -4.974903844020345939e-02 9.972552844735425026e-01 5.995565125796586958e-02
6.755558452512229195e-01 -7.373081452134738756e-01 -9.994742482374377457e-04 5.975880553599148826e+00 7.361932973101507072e-01 6.744585907659037538e-01 5.590204233907129783e-02 3.910474276165955221e+00 -4.054292715769269861e-02 -3.850075770602746916e-02 9.984357579301473828e-01 8.259537283172008193e-02
6.655424762454706933e-01 -7.463091481216020950e-01 -8.710209128138182363e-03 6.057331466397818609e+00 7.462068420405257863e-01 6.651242186808472567e-01 2.802003954491359347e-02 4.002323801619390942e+00 -1.511824080219836657e-02 -2.514814415023835723e-02 9.995694121174605318e-01 1.338841187250743581e-01
6.272876208739961434e-01 -7.786733680884083686e-01 -1.334265820951327682e-02 6.114544407060249931e+00 7.787875191663182761e-01 6.271846342977041022e-01 1.137692803996867216e-02 4.087479092440933215e+00 -4.906006656890116169e-04 -1.752770180911755737e-02 9.998462576717870309e-01 1.611096115078186064e-01
6.305754018326359400e-01 -7.761277504361246971e-01 -6.144970060789302010e-04 6.142862665402693878e+00 7.760005425577912730e-01 6.304573069511683059e-01 1.862101130159176179e-02 4.128317234836402783e+00 -1.406486948476798685e-02 -1.221880169414866699e-02 9.998264251016450999e-01 1.828590390319541070e-01
6.348823089712540835e-01 -7.725440198250881352e-01 1.000955482641024442e-02 6.264360758299878817e+00 7.719270568056233461e-01 6.348129645591800152e-01 3.378045291278846535e-02 4.265301610821200740e+00 -3.245108205802884477e-02 -1.371996574628048249e-02 9.993791521805845957e-01 1.536398662273653626e-01
6.466372996384729399e-01 -7.627888730005462081e-01 3.652114842179494253e-03 6.353781797211432547e+00 7.622450021351622196e-01 6.463436452103430430e-01 3.496353838175907114e-02 4.379890308910287189e+00 -2.903031925815443073e-02 -1.982492175931183098e-02 9.993819155062827475e-01 8.411130615277770395e-02
6.640112930343744502e-01 -7.477200153828302831e-01 -1.944561317694259821e-03 6.424474051353946891e+00 7.476240985428830310e-01 6.638794242045484850e-01 1.795320015425221766e-02 4.485459986784698039e+00 -1.213301284758719692e-02 -1.337492855073247472e-02 9.998369373480373579e-01 8.213976918370280433e-02
6.755786936938419363e-01 -7.372725705406708574e-01 -4.752405209303444712e-03 6.514003384426975352e+00 7.372470236871280225e-01 6.755950796807075331e-01 -6.173684126163097793e-03 4.591696232738951444e+00 7.762389541456774129e-03 6.671128613175069874e-04 9.999696496739473028e-01 1.226450761315779486e-01
6.977127658932624765e-01 -7.163714243833511075e-01 -2.979704103116562718e-03 6.565825131149045646e+00 7.163152662020596528e-01 6.977008789081253770e-01 -1.029188887919440729e-02 4.676324963903131682e+00 9.451757267614241398e-03 5.046374718341529661e-03 9.999425975458572369e-01 1.844065462933399957e-01
7.029084571649247826e-01 -7.112782645354136513e-01 1.712088057149830939e-03 6.702557388260678373e+00 7.112802326228895300e-01 7.029051022058703246e-01 -2.201811273305381931e-03 4.771880054524729964e+00 3.626650705148091319e-04 2.765446156647827485e-03 9.999961103832361031e-01 1.654369554423721911e-01
6.982818465758690030e-01 -7.157545447125969185e-01 9.894163221696639435e-03 6.765099635824636692e+00 7.157992044412676558e-01 6.983045295041672151e-01 -1.510958375354872363e-03 4.836834554714025458e+00 -5.827663669332494231e-03 8.137308967144579047e-03 9.999499100149619180e-01 1.102593140889964185e-01
6.923776493312852054e-01 -7.214910472556514964e-01 7.991209947633005906e-03 6.836510556591808729e+00 7.215328623921986040e-01 6.923040487030405199e-01 -1.026803961322873306e-02 4.920822230138178988e+00 1.875951653028571590e-03 1.287528171814048168e-02 9.999153503802579168e-01 1.301098660468101020e-01
6.859603431524368133e-01 -7.276347600020512951e-01 -2.462449785998610183e-03 6.880640895976188887e+00 7.276135945087663925e-01 6.859607725631832187e-01 -6.022922094242603303e-03 5.016100074907767770e+00 6.071631430156919709e-03 2.339773766459258761e-03 9.999788301511678412e-01 1.914535752617430309e-01
6.764507572921449885e-01 -7.364321232192527766e-01 -9.060951918354761409e-03 6.998886173588398485e+00 7.364049905515874794e-01 6.761388908248853191e-01 2.332145374564062457e-02 5.135617463488928003e+00 -1.104820571856771766e-02 -2.244834525921676066e-02 9.996869554743240682e-01 1.574521349937907655e-01
6.695228915760302879e-01 -7.426959188770932974e-01 -1.191090840286657647e-02 7.091331815633112434e+00 7.420266144673678399e-01 6.680200438674033236e-01 5.608675791565176372e-02 5.228211003292373427e+00 -3.369868065321850875e-02 -4.638957937622198435e-02 9.983548496639507164e-01 1.304535487619161160e-01
6.730802999569969192e-01 -7.393706200202829759e-01 -1.714631332449123580e-02 7.175995019949027665e+00 7.384071595774488461e-01 6.705426472863108556e-01 7.160603923573991003e-02 5.302306418426305790e+00 -4.144606729912080761e-02 -6.085757488668685350e-02 9.972856055736230019e-01 1.285721811942333592e-01
6.656911239031403360e-01 -7.457644276799684224e-01 -2.628204641467551603e-02 7.291844457998096551e+00 7.456227071111132254e-01 6.633214529460951248e-01 6.365083425829251573e-02 5.403771622807926889e+00 -3.003508276780876216e-02 -6.196828599090553613e-02 9.976260949546579271e-01 1.080897312680370037e-01
6.695739677576449944e-01 -7.423810680758683445e-01 -2.326051297407905061e-02 7.316625758387846901e+00 7.425218063340407459e-01 6.682757538465009528e-01 4.548498586703248608e-02 5.471574249507409782e+00 -1.822275554677435516e-02 -4.772700057015891867e-02 9.986941797151210887e-01 1.309714970410474355e-01
6.880211364873282109e-01 -7.254823233094879198e-01 -1.738718816120209815e-02 7.392069429681140669e+00 7.256511390844665454e-01 6.875361704972438037e-01 2.691539714366198224e-02 5.591428673968338536e+00 -7.572324088513540316e-03 -3.113539502644236193e-02 9.994864916968342339e-01 1.749884293959131643e-01
7.167551752472847149e-01 -6.970104268596315489e-01 -2.094000012388980494e-02 7.466500452013431932e+00 6.973178432894098222e-01 7.162895730050544696e-01 2.602062709549320466e-02 5.697463689786802732e+00 -3.137544651518192618e-03 -3.325225485874529208e-02 9.994420660350297192e-01 2.417038942448442584e-01
7.230654923150896529e-01 -6.902227830068889958e-01 -2.772730858489735190e-02 7.631037911205826418e+00 6.907126574964850274e-01 7.218545735123302887e-01 4.291852133374635808e-02 5.810233918627885963e+00 -9.608256724323098810e-03 -5.018450475552053286e-02 9.986937452919001368e-01 2.242742610811274129e-01
7.152584322862081123e-01 -6.983404815694561618e-01 -2.694340076560717417e-02 7.675629067039461795e+00 6.985479101740287300e-01 7.132552827254243777e-01 5.742576822100024098e-02 5.875084179371514281e+00 -2.088521570329170129e-02 -5.989552124837999730e-02 9.979861393323115060e-01 1.604076550485880326e-01
7.136852237965878309e-01 -7.000124925364583639e-01 -2.521728826240681939e-02 7.781275249605128508e+00 7.002627421703671029e-01 7.121466551438894177e-01 4.979190190591540471e-02 5.949373063975447629e+00 -1.689654587341838862e-02 -5.319447208371459040e-02 9.984412125294520601e-01 1.452565215164023926e-01
7.015975570379300308e-01 -7.120740901235572684e-01 -2.667129792710921932e-02 7.816731790332810625e+00 7.125046615407558681e-01 7.005183537106700609e-01 4.013905077584110914e-02 6.043593864534158477e+00 -9.898244344404961634e-03 -4.716488406855917637e-02 9.988380741990654510e-01 1.954819780563293030e-01
6.947426323340545329e-01 -7.183023412596670765e-01 -3.707318921309064180e-02 7.896207594132611973e+00 7.192408876228463255e-01 6.934423421664235310e-01 4.278158087594340769e-02 6.154205105225526218e+00 -5.021990546475375850e-03 -5.638674162979821075e-02 9.983963716777648489e-01 2.695233234505026165e-01
6.859060088418758028e-01 -7.265091672987863403e-01 -4.144124594450263044e-02 7.982431271355932445e+00 7.275417736830248616e-01 6.835032635552575897e-01 5.921364923284443138e-02 6.232189484201856366e+00 -1.469403214801258753e-02 -7.076523539236102833e-02 9.973847637091198814e-01 2.244968617370913799e-01
6.878447483238623317e-01 -7.251133774672187116e-01 -3.286627483249787707e-02 8.112878158023008268e+00 7.254180945148316351e-01 6.851471092280774222e-01 6.589405790266535112e-02 6.300142437281702534e+00 -2.526242968824069998e-02 -6.916667213688824922e-02 9.972852055012922934e-01 1.478726100257961307e-01
6.877031427755184723e-01 -7.256365236548382169e-01 -2.271613864185868456e-02 8.229661929739521042e+00 7.256596998982339786e-01 6.861051844444306935e-01 5.174626384656814265e-02 6.378945870353343039e+00 -2.196331851701204332e-02 -5.207025462387395581e-02 9.984018736075794820e-01 1.307740624070002355e-01
6.971784239424732021e-01 -7.166901275547931105e-01 -1.724836962102614668e-02 8.285396935287527853e+00 7.168859343334600398e-01 6.968276449147658980e-01 2.248978517868152616e-02 6.451038882226569626e+00 -4.099066226750111910e-03 -2.804450655717617702e-02 9.995982709609061434e-01 1.746264145282979685e-01
7.071151054351069165e-01 -7.069530345185751630e-01 -1.433996689243233029e-02 8.347446360133172760e+00 7.069523446374753606e-01 7.072358473771658272e-01 -5.986534580086314006e-03 6.551605721894898871e+00 1.437393742417228566e-02 -5.904504185840157154e-03 9.998792560870763957e-01 2.448204841442628565e-01
7.349391690809330413e-01 -6.779453534268985448e-01 -1.595354247512259516e-02 8.411246572680543210e+00 6.780784780444121251e-01 7.349750687770847390e-01 4.607156291390573401e-03 6.608307104077009164e+00 8.602055777631633510e-03 -1.420373341756859392e-02 9.998621197912246350e-01 2.536657441303744043e-01
