1.000000000000000000e+00 0.000000000000000000e+00 0.000000000000000000e+00 0.000000000000000000e+00 0.000000000000000000e+00 1.000000000000000000e+00 0.000000000000000000e+00 0.000000000000000000e+00 0.000000000000000000e+00 0.000000000000000000e+00 1.000000000000000000e+00 0.000000000000000000e+00
9.999986582516005029e-01 -1.537196451729507538e-03 -5.661466836793765771e-04 1.137695541674898884e-02 1.537341610667170922e-03 9.999987855082747013e-01 2.560522362273389536e-04 -4.671808533537161884e-02 5.657523935099278631e-04 -2.569222535242223176e-04 9.999998069575738446e-01 -1.315072624306124621e-02
9.999920472628629486e-01 -3.944912921652189534e-03 -5.857243965933273296e-04 1.555372966981284633e-02 3.944987255585661635e-03 9.999922105935693528e-01 1.258083448925857489e-04 -1.000310802417759964e-01 5.852235311825276006e-04 -1.281180196517354346e-04 9.999998205495796988e-01 -1.520302847919537820e-02
9.999945375150751659e-01 -3.268142745020608496e-03 -4.941487722955768000e-04 2.109261159073446551e-02 3.268193917127759987e-03 9.999946541576882897e-01 1.027840718466514958e-04 -1.070644017943694903e-01 4.938102176354522118e-04 -1.043984844019810637e-04 9.999998726262046000e-01 -1.758701992295029493e-02
9.999971489951285930e-01 -2.380749154639179212e-03 1.844859815213138168e-04 -1.641477146920467672e-02 2.380801744068875622e-03 9.999971251705593867e-01 -2.853658562712519720e-04 -6.900494860231176641e-02 -1.838060666345020966e-04 2.858042672383678449e-04 9.999999422656237202e-01 -1.096732966093930117e-03
9.999989321396079989e-01 -1.412572184007324528e-03 3.746457910346239818e-04 -5.626201996836742436e-02 1.412519627621083677e-03 9.999989925220590381e-01 1.405103859392837812e-04 -3.075197120704411397e-02 -3.748438946499957716e-04 -1.399810413605659192e-04 9.999999199486780954e-01 9.655774200185332501e-03
9.999987730483193005e-01 1.421109767481831387e-03 6.590515037960004846e-04 -9.493525445738297541e-02 -1.421251954036708686e-03 9.999989668382452956e-01 2.153260903697816768e-04 2.230797099833568137e-02 -6.587448208789741227e-04 -2.162625044126540851e-04 9.999997596428661373e-01 1.655181873254598507e-02
9.999994744043316786e-01 7.448791881792032801e-04 7.045183143908945091e-04 -4.923229293626740777e-02 -7.456360278018010507e-04 9.999991446160259034e-01 1.074613479574495437e-03 -9.513070935792358740e-03 -7.037172545409471017e-04 -1.075138228999761650e-03 9.999991744295663176e-01 2.154279859686467416e-02
9.999989736855625644e-01 -1.297343004816711980e-03 6.078889284943779590e-04 -5.278470274668459888e-02 1.296699532956940848e-03 9.999985998810347887e-01 1.057736399756637391e-03 -1.136997278627482552e-02 -6.092603242967245970e-04 -1.056947064896831103e-03 9.999992558321026959e-01 1.998979157272448223e-02
9.999974582346961016e-01 -2.201688521925578099e-03 4.858927861708880222e-04 -8.709255783332146839e-02 2.201423345490451013e-03 9.999974280177575947e-01 5.456126132538518950e-04 2.187882026095809909e-03 -4.870928054912891246e-04 -5.445415707117602427e-04 9.999997331075026752e-01 1.446482775148366651e-02
9.999993008933995009e-01 -1.089280611751568002e-03 4.600874493942548019e-04 -7.342833070064652690e-02 1.088948728835230188e-03 9.999991471866869208e-01 7.209830544412358265e-04 -9.579375544016610622e-03 -4.608724098881570815e-04 -7.204815387540527928e-04 9.999996342514201331e-01 1.753912522669391974e-02
9.999999137407513672e-01 -3.465492543047784396e-04 2.289587389128172710e-04 -3.419744468392817843e-02 3.464555967873283928e-04 9.999998563553633701e-01 4.089716031472710039e-04 1.900274083146406834e-03 -2.291004348282249254e-04 -4.088922438331580927e-04 9.999998901600558598e-01 8.274775260649984074e-03
9.999998306046907759e-01 -5.723334930331738140e-04 -1.059479232901756310e-04 -1.353877853665210601e-02 5.723728101462121883e-04 9.999997672104953272e-01 3.714408718688159755e-04 3.397910127157423993e-04 1.057353105749590913e-04 -3.715014506590573733e-04 9.999999254033553608e-01 -1.935987157726711590e-03
9.999997853450368623e-01 -6.550558391668242272e-04 -1.455087187090465376e-05 -1.295893935496898568e-02 6.550587928782667605e-04 9.999997646565899068e-01 2.039233746812118165e-04 5.205313288095658915e-03 1.441728724912531495e-05 -2.039328625846104136e-04 9.999999791017645245e-01 -2.037636423064497285e-03
9.999997802676762193e-01 -6.608515783660506415e-04 -5.234300916662644579e-05 -1.428997021932331898e-02 6.608575490918914674e-04 9.999997751203196783e-01 1.141341749877160239e-04 -3.560771996266719197e-03 5.226757164606113442e-05 -1.141687411814984953e-04 9.999999921167996852e-01 -3.594731406664018313e-04
9.999999645302949380e-01 -1.888693655201303956e-04 1.877971558248581619e-04 -1.807179673765105243e-02 1.888995008152183385e-04 9.999999692843861698e-01 -1.604624733771194817e-04 -1.298992694879550804e-02 -1.877668436110167002e-04 1.604979424745526975e-04 9.999999694920109761e-01 6.330609046018512848e-03
9.999998893252511900e-01 -4.703578172967955856e-04 1.063057423905270806e-05 1.406431278058326018e-02 4.703594448863978499e-04 9.999998775807905638e-01 -1.536242054507205824e-04 -2.682747586820673907e-02 -1.055831459170645965e-05 1.536291886393981447e-04 9.999999881432971582e-01 2.478973045476992598e-03
9.999994888997214559e-01 -9.633656012685480694e-04 -3.068012616663951951e-04 4.360649073544409227e-02 9.633531874347269364e-04 9.999995351507319219e-01 -4.060734314240241772e-05 -4.104209149755960739e-02 3.068402387675955487e-04 4.031176441464270985e-05 9.999999521120136459e-01 -9.211782398160520136e-03
9.999996898331202644e-01 -5.738596638306646142e-04 -5.394615365471959727e-04 1.679379804781595126e-02 5.735936814047493115e-04 9.999997139325507156e-01 -4.930771799039529229e-04 -6.137454735341549283e-02 5.397443393295123931e-04 4.927675952390181977e-04 9.999997329280370106e-01 -2.938631401961230502e-02
9.999891288309449289e-01 4.638191387114025573e-03 -4.789578105174000650e-04 1.421799106453005591e-02 -4.638564900593605302e-03 9.999889362671493531e-01 -7.817026021269699249e-04 -6.662945394478339556e-02 4.753268251796678506e-04 7.839157809945625785e-04 9.999995797701405342e-01 -2.368469877129155896e-02
9.999830621480098047e-01 5.813546764831000781e-03 -2.794478532860239744e-04 7.258652096685108690e-04 -5.813709008597864845e-03 9.999829301147283855e-01 -5.833238600407963503e-04 -5.344988644717135751e-02 2.760519026038400618e-04 5.849386082896748315e-04 9.999997908210639386e-01 -1.164490784265214199e-02
9.999849046530099317e-01 5.487796907756864982e-03 -2.730406745487830430e-04 -6.695969969400410171e-03 -5.487855450749322232e-03 9.999849186825731095e-01 -2.141260361049312491e-04 -6.494893306994169169e-02 2.718614765368928231e-04 2.156212115522154575e-04 9.999999397994135952e-01 -1.079892899708020590e-02
9.999909681413853280e-01 4.214438905525328370e-03 -5.496729631792288302e-04 3.284625160264063870e-02 -4.214482750294418038e-03 9.999911159366698943e-01 -7.863129858524558525e-05 -8.064030774943642399e-02 5.493366930458634147e-04 8.094717562009616605e-05 9.999998458383643207e-01 -1.868474670712838570e-02
9.999898302315827214e-01 4.485752985285799965e-03 -4.663191669061396037e-04 4.975242496706637485e-02 -4.485837422717414355e-03 9.999899223473488474e-01 -1.801842392413921133e-04 -8.492311953256258261e-02 4.655062055144724899e-04 1.822742387792445425e-04 9.999998750400294067e-01 -1.801276141881041556e-02
9.999793082998023053e-01 6.406885240075045965e-03 -5.786136615911195193e-04 7.226836259078021907e-02 -6.407136464284425917e-03 9.999793801802928650e-01 -4.333780857849640900e-04 -7.385058442965175551e-02 5.758251270205497555e-04 4.370763751454544155e-04 9.999997386947985234e-01 -2.367818691458340591e-02
9.999276085309575235e-01 1.202098846042010463e-02 -5.230047748342263846e-04 1.057617262549624820e-01 -1.202121157339627877e-02 9.999276520654681866e-01 -4.255668543733390555e-04 -6.330675249683781480e-02 5.178512022734576940e-04 4.318231980157538749e-04 9.999997726794030983e-01 -3.187433069545576869e-02
9.999071510803712037e-01 1.361776657804692793e-02 -4.956326880967257308e-04 1.072165311345789906e-01 -1.361785581351229214e-02 9.999072570158173967e-01 -1.771161948706610875e-04 -2.710828328412949462e-02 4.931747946432327038e-04 1.838492043062833249e-04 9.999998614890364124e-01 -4.134665328005989599e-02
9.999337619627370888e-01 1.148221148414224450e-02 -7.940443827107435647e-04 9.255538049384894050e-02 -1.148251878445434061e-02 9.999340001530681032e-01 -3.835365024968864626e-04 -1.326962576357752603e-02 7.895881286694699658e-04 3.926287273319089568e-04 9.999996111965592238e-01 -5.566897050557706450e-02
9.999534081570449207e-01 9.599327755229970088e-03 -1.017065267325449694e-03 9.481056616603247833e-02 -9.599560065738796388e-03 9.999538981223904388e-01 -2.237775238441864079e-04 -9.470688327394490317e-04 1.014870264911340442e-03 2.335304767614059028e-04 9.999994577507839155e-01 -6.094241477150476316e-02
9.999975144438398855e-01 -1.950494413926609450e-03 -1.080128549533544181e-03 1.130851156526736928e-01 1.951395612789327176e-03 9.999977483140253254e-01 8.339196854266247693e-04 -8.110273542755123272e-03 1.078499561735150273e-03 -8.360253707852217595e-04 9.999990689497039176e-01 -5.581389918753839469e-02
9.997075485730869682e-01 -2.416253441377021888e-02 -9.946138408536006007e-04 1.676105598757693382e-01 2.416370905055121449e-02 9.997073109466552143e-01 1.186425188506657832e-03 2.275823256259418281e-02 9.656556888234215296e-04 -1.210111776235390894e-03 9.999988015685716825e-01 -3.705962105691042868e-02
9.985741632497268094e-01 -5.336840818197814001e-02 -1.205611143617933831e-03 2.132719271827365759e-01 5.337092486247058815e-02 9.985724164569361738e-01 2.161821148858720457e-03 3.138691427028161146e-02 1.088517079501245431e-03 -2.223083326576549921e-03 9.999969365108528629e-01 -3.731023331335092674e-02
9.980014606216567330e-01 -6.317809585588639310e-02 -1.269961048250203752e-03 2.437108854603320940e-01 6.318176940104951178e-02 9.979972296956023392e-01 3.097343257638969418e-03 3.407586074060317549e-03 1.071733358745328209e-03 -3.171391481269191567e-03 9.999943968161423280e-01 -4.850957419561818806e-02
9.974437755808391870e-01 -7.144635694301029738e-02 -1.154397943683830230e-03 2.907815980765885433e-01 7.144823423059404321e-02 9.974429007220401155e-01 1.676193465173989689e-03 -5.985127072783448521e-02 1.031688116917195549e-03 -1.754388433182712528e-03 9.999979288682826484e-01 -3.013338353516472473e-02
9.968504405548365144e-01 -7.929666642537797072e-02 -1.112591322432448376e-03 2.651674801859582598e-01 7.929568480292759070e-02 9.968507329341808054e-01 -9.003445014090196352e-04 -7.241287179488395398e-02 1.180481792819149892e-03 8.092851220626299429e-04 9.999989757596394746e-01 -4.756950929281217322e-03
9.971998283878200642e-01 -7.475497182217513692e-02 -2.048524143870762010e-03 2.738948502589311773e-01 7.474895625479938133e-02 9.971982512374053531e-01 -2.870760853635992600e-03 -1.595909648762253163e-01 2.257388340607288831e-03 2.709597188971187877e-03 9.999937811211393468e-01 -3.257379667002879842e-02
9.967020241055509766e-01 -8.096375751419926381e-02 -5.472212813808901948e-03 3.535001767028816966e-01 8.077502344426185088e-02 9.963188774600559849e-01 -2.870696787041089604e-02 -1.419461099550029526e-01 7.776292913504476677e-03 2.817027486404415082e-02 9.995728912303531999e-01 -4.289536623716648511e-02
9.961083682372551262e-01 -8.762972173549429811e-02 -9.441959345004942786e-03 3.796167705967723460e-01 8.691058444293850438e-02 9.944044147826590629e-01 -6.005339434656585540e-02 -5.667264136774216587e-02 1.465158829273277043e-02 5.899908244470526697e-02 9.981505093076811219e-01 1.538928154430710404e-02
9.987284070215887155e-01 -4.925066188083439961e-02 -1.076760476705663529e-02 4.754803177420416915e-01 4.845705957996252616e-02 9.967396946391542389e-01 -6.451274686067547115e-02 -7.121823062897014722e-02 1.390979457015011946e-02 6.390894643901866290e-02 9.978587896992594519e-01 3.190001596446388060e-02
9.992291390176429866e-01 -3.823255545854687548e-02 -8.910636406514507377e-03 7.123453537119642798e-01 3.767718079556098970e-02 9.977285496281229626e-01 -5.584058832301826841e-02 -5.231179424814499934e-02 1.102532472803295117e-02 5.546181533335643038e-02 9.983999345225189614e-01 -9.762694392321247250e-03
9.983402041576201480e-01 -5.716762625779023277e-02 -6.978486266436757096e-03 7.782333503199178049e-01 5.678844660036251601e-02 9.973280801400091766e-01 -4.595403025808787040e-02 -6.288484940300379661e-03 9.586923137222341795e-03 4.548145855503198803e-02 9.989191798301141345e-01 -5.277220439249064032e-02
9.982115854696329560e-01 -5.977871589371846345e-02 -3.684566455509209575e-04 7.415456461968717994e-01 5.973935123756344417e-02 9.977432026597129466e-01 -3.065471350467875028e-02 -1.610274453027350089e-03 2.200124522972756163e-03 3.057787880865836527e-02 9.995299659238068291e-01 -2.159028537338435194e-02
9.977697260630030707e-01 -6.674147217144950350e-02 1.072214786039612242e-03 7.599966664285221496e-01 6.674582768842020342e-02 9.977587773657425885e-01 -4.734625202289172510e-03 -2.840096396423815242e-02 -7.538158578115287511e-04 4.795631554453033685e-03 9.999882167704009506e-01 -1.765765747658015750e-02
9.955165912222511126e-01 -9.457369046332209095e-02 -1.591751669423447204e-03 8.767257259851916062e-01 9.458404526256086742e-02 9.954785409224363724e-01 8.736872707498262794e-03 -5.053270767845334521e-03 7.582763343321181990e-04 -8.848256047658894716e-03 9.999605659134342961e-01 7.350874661276003696e-02
9.854788495495296896e-01 -1.691259246080483447e-01 -1.509498976508825106e-02 9.584173312196483385e-01 1.692686507871352941e-01 9.855312794256128051e-01 8.730471603391101038e-03 1.254124235315907665e-01 1.340003549391612266e-02 -1.115880366291680664e-02 9.998479485149600610e-01 1.482235231596626956e-01
9.735251612518532882e-01 -2.265063404401552183e-01 -3.071869381926310705e-02 9.922349677055840589e-01 2.269140301160071371e-01 9.738586015043577682e-01 1.046170217929904070e-02 1.474351780152145519e-01 2.754602232746030527e-02 -1.715523291549963386e-02 9.994733186221380628e-01 9.686525874665827263e-02
9.631664517386980817e-01 -2.660725848792259152e-01 -3.893283730699891032e-02 1.154635137267742140e+00 2.670399987997458258e-01 9.634315101564763228e-01 2.212157947894373422e-02 9.977273609387965481e-02 3.162317640778455896e-02 -3.170338804132152161e-02 9.989969318774625240e-01 -7.632116541586686509e-03
9.573919286548883134e-01 -2.865874621413270762e-01 -3.561350151089814203e-02 1.359553142158104855e+00 2.876678333159141121e-01 9.572559387556106580e-01 3.013777351500861179e-02 1.048200193095247118e-01 2.545412779493273769e-02 -3.909851992733140436e-02 9.989111037112818892e-01 -1.360656104717583026e-01
9.526601301678544464e-01 -3.029095349003036453e-01 -2.616276084530128054e-02 1.462218244230993669e+00 3.033867168751229193e-01 9.527218427366280773e-01 1.666104427272632055e-02 1.527371785884475419e-01 1.987904455200824316e-02 -2.380974672283280719e-02 9.995188440188077506e-01 -1.454731463711288197e-01
9.494620352434224309e-01 -3.136698476082351306e-01 -1.153561150717560477e-02 1.384453150510163599e+00 3.136031034744585222e-01 9.495265039053819578e-01 -7.246507600959503637e-03 1.970433964748922462e-01 1.322637979970403208e-02 3.262680286087995749e-03 9.999072045918785401e-01 5.870899418428995875e-02
9.553501339542307402e-01 -2.947042411367468140e-01 -2.134319117769306953e-02 1.375169356106659801e+00 2.943730612936648616e-01 9.555330824763254016e-01 -1.735018956346521396e-02 2.355320754089274549e-01 2.550729970478228872e-02 1.029264539883434013e-02 9.996216479811070865e-01 2.251095262857271129e-01
9.604525773504681840e-01 -2.765740059343901325e-01 -3.221282201619098812e-02 1.614635510473377167e+00 2.765227221966110593e-01 9.609878611996932607e-01 -6.124927413037646248e-03 2.743117080129985896e-01 3.265012664322695241e-02 -3.024874913615512983e-03 9.994622651015585557e-01 2.251397535551677431e-01
9.557170110360098114e-01 -2.909867837468697593e-01 -4.395095563293110325e-02 1.898251612234819419e+00 2.919632421154413904e-01 9.562678436320859454e-01 1.758625851853194352e-02 3.467241584326619108e-01 3.691151676422390476e-02 -2.963954992730040081e-02 9.988788900613885247e-01 1.479821370388109680e-02
9.458297848565633270e-01 -3.222160930887323360e-01 -3.978451247433392735e-02 2.014026793161728168e+00 3.234902018447615157e-01 9.457168291227898704e-01 3.120526276722179748e-02 3.582449149785403852e-01 2.757004513276166760e-02 -4.238476694013162960e-02 9.987208940153441405e-01 -1.421450827391997074e-01
9.236734758115452415e-01 -3.818722535979872101e-01 -3.163687744094447613e-02 2.013522268371900736e+00 3.827342451556893788e-01 9.234313729923049330e-01 2.808908967288401698e-02 3.869638080101552857e-01 1.848804119758046954e-02 -3.805366349697789780e-02 9.991046546919573057e-01 -9.909772392523827356e-02
8.980529261642991035e-01 -4.395458381756686683e-01 -1.733199210098880158e-02 1.994670279835122351e+00 4.398367576429395576e-01 8.978501914263270489e-01 2.021535015412693689e-02 4.512177431917929749e-01 6.675959398162026326e-03 -2.577770156854156461e-02 9.996454079662234760e-01 7.765735623232823681e-02
8.579853071404206499e-01 -5.135782887706751287e-01 -9.927438468364727445e-03 2.113637111433336546e+00 5.136107355396765106e-01 8.574151721823707328e-01 3.229914627150341777e-02 5.000334003427672203e-01 -8.076203907189624318e-03 -3.281103190789091961e-02 9.994289425044627917e-01 1.358806534937470334e-01
8.335241159285304846e-01 -5.524718612532336648e-01 -3.520041043681212956e-03 2.225598542220887044e+00 5.519688657959506140e-01 8.324566097895820249e-01 4.843928167889609976e-02 5.039400521051020654e-01 -2.383105867336634751e-02 -4.231826250005085027e-02 9.988199263638483094e-01 2.256805364030606276e-02
8.122773578719850729e-01 -5.832507020714130519e-01 4.910440073039557332e-03 2.358549025800960042e+00 5.821773471152293933e-01 8.112404546164513341e-01 5.439173925852215652e-02 5.640065019272615388e-01 -3.570756774663773336e-02 -4.132243128008382393e-02 9.985075995097493218e-01 -1.622251863787223247e-02
8.089747494676515771e-01 -5.878229892235314891e-01 4.897761127546487736e-03 2.409041664400343841e+00 5.869002391655177009e-01 8.081205489973984912e-01 4.989276055302458573e-02 6.289209264028500224e-01 -3.328609306014378849e-02 -3.748748629149998429e-02 9.987425716271115528e-01 1.949149188921487155e-02
8.045390307115567463e-01 -5.938201634499854498e-01 -9.724275908339172214e-03 2.545749673919635025e+00 5.938773768449517876e-01 8.042586171945714790e-01 2.185721711551669860e-02 7.242809959833195199e-01 -5.158423544838593167e-03 -2.336001174033087990e-02 9.997138093064552589e-01 6.662320328530024760e-02
8.072487179000722435e-01 -5.893537569651303709e-01 -3.180654963644596878e-02 2.576574293836397800e+00 5.895896948082535172e-01 8.076994519480268364e-01 -2.363704458619437024e-03 7.657329463542427161e-01 2.708319081275771881e-02 -1.684471649934051601e-02 9.994912487368043941e-01 1.038896403371374344e-01
8.335132663530258057e-01 -5.493878265456674237e-01 -5.855468262178040173e-02 2.683148855965627355e+00 5.490108460409656166e-01 8.354766531783268668e-01 -2.378766325902339357e-02 8.258078357857880913e-01 6.198972288123932861e-02 -1.231982294390943609e-02 9.980007496088055818e-01 1.481310216333879548e-01
8.338331802677974025e-01 -5.468393178551779199e-01 -7.542537989413534982e-02 2.901301288934571954e+00 5.476457846400327734e-01 8.366328571771256550e-01 -1.138230458396239514e-02 9.158363719643530798e-01 6.932764275881443672e-02 -3.181544812387420568e-02 9.970864833153557649e-01 1.475922797717175439e-01
8.331875674938012954e-01 -5.474199245069196751e-01 -7.829370106592623002e-02 3.007741119110435069e+00 5.495722838632653984e-01 8.354139400440812047e-01 7.338500482994142482e-03 9.524094811008556594e-01 6.139040790772426481e-02 -4.914239547338682124e-02 9.969033266992645137e-01 4.798376052813827647e-02
8.159666515213397364e-01 -5.727703376530660639e-01 -7.831068834996400552e-02 3.098676980452847118e+00 5.749275144907853852e-01 8.181801926322904706e-01 6.286928155767326776e-03 9.862156242543164142e-01 6.047128811676139720e-02 -5.015289312672401023e-02 9.969091787241799452e-01 -7.734781725629386040e-03
7.938773597376064250e-01 -6.026093921847002211e-01 -8.136742681708171443e-02 3.049396537886227332e+00 6.039727855847245586e-01 7.969489599354629972e-01 -9.446138407418890048e-03 1.049575006629696050e+00 7.053801789868542615e-02 -4.164463601197635617e-02 9.966394093765079676e-01 7.834535654830776519e-02
7.702248979900098158e-01 -6.306194411414215439e-01 -9.525086335965825268e-02 3.125669305050816860e+00 6.323107745015444925e-01 7.745680967301030728e-01 -1.507806277884224735e-02 1.125543397949356983e+00 8.328679946747837015e-02 -4.861464781716554051e-02 9.953391005341230002e-01 1.844552028876426941e-01
7.455637658900576836e-01 -6.571027663097743776e-01 -1.111333680758280207e-01 3.200310064665170096e+00 6.609492525883289282e-01 7.504248515161067168e-01 -2.937299773360095567e-03 1.208233455588724192e+00 8.532734904334407511e-02 -7.126357228676780120e-02 9.938011605800045611e-01 1.723733008619398321e-01
7.422573734941518842e-01 -6.604477993055148932e-01 -1.134138258153105649e-01 3.395579562133637985e+00 6.668660662352332569e-01 7.446482501723410419e-01 2.808261418059219972e-02 1.240323935098152086e+00 6.590630620440374177e-02 -9.647635932068007736e-02 9.931508802265235358e-01 7.861611917191500820e-02
7.225804280665900636e-01 -6.842247281353635024e-01 -9.855986192761950759e-02 3.577782479038270846e+00 6.901476302079165848e-01 7.222018724213125074e-01 4.605110193629601001e-02 1.317301889375275259e+00 3.967081412701680548e-02 -1.012964800930330062e-01 9.940650127769619093e-01 -3.061057642284338576e-02
7.170720371184008401e-01 -6.925905521273336696e-01 -7.826889986975581193e-02 3.621047763813166842e+00 6.965423070750873524e-01 7.161343113380892467e-01 4.450238846214308458e-02 1.367158608272915243e+00 2.522911091143668558e-02 -8.642901843869207901e-02 9.959385105187682496e-01 -2.872149060528939035e-02
7.156619783425248738e-01 -6.956004025180144712e-01 -6.299216436700516564e-02 3.628533862281764666e+00 6.979631424657632977e-01 7.156076589069233496e-01 2.744321907264472143e-02 1.456382790953082429e+00 2.598816103883098624e-02 -6.360627744593103094e-02 9.976366357323146472e-01 7.212333696513052728e-02
7.147356741059691654e-01 -6.971017347300797473e-01 -5.658699140791605825e-02 3.714456134129344722e+00 6.985850717669571663e-01 7.154596627227355343e-01 9.816746967547175517e-03 1.560577366215244899e+00 3.364243844671856859e-02 -4.654720671515278491e-02 9.983494097170466652e-01 1.645750068794866461e-01
7.234987376284081062e-01 -6.877572998816758876e-01 -5.949347115076067394e-02 3.793597641369703677e+00 6.895040748714513779e-01 7.241525107456210364e-01 1.368473297062789557e-02 1.628144091337207833e+00 3.367057150931472564e-02 -5.092187781572774657e-02 9.981348881659012351e-01 1.859619280736233837e-01
7.303427115834433270e-01 -6.807661498664283606e-01 -5.618694539644652347e-02 4.011653564317522402e+00 6.827759494963592246e-01 7.300004557431727381e-01 3.027106546035893131e-02 1.718332844962457306e+00 2.040897906041955895e-02 -6.047134702319731381e-02 9.979612666646493491e-01 1.179651821680147428e-01
7.187017183409133425e-01 -6.944556967759725197e-01 -3.462838819836989990e-02 4.130091986357292022e+00 6.952361475019490644e-01 7.169582956242317451e-01 5.116152404145952320e-02 1.802818853132554189e+00 -1.070230164341488821e-02 -6.084478244677355568e-02 9.980898622812167664e-01 5.952285728512376334e-02
7.111651522770102707e-01 -7.028571643974123040e-01 -1.536009902460718987e-02 4.147232331340113376e+00 7.024558816948677231e-01 7.095408971542809251e-01 5.574450230995186412e-02 1.869867250610472542e+00 -2.828180438201938554e-02 -5.043333937711399345e-02 9.983269092938295008e-01 5.561036936378478679e-02
6.934923616765864551e-01 -7.202997721274748688e-01 -1.538124082570567139e-02 4.186501365668783059e+00 7.197892465837920639e-01 6.917612337876487549e-01 5.805028794869959707e-02 1.949108008719101504e+00 -3.117346305060752013e-02 -5.132868303100811269e-02 9.981951620298180616e-01 9.003475830469231944e-02
6.648299187260851006e-01 -7.463004107578720125e-01 -3.220056007740907528e-02 4.327745489780499000e+00 7.466055205972957909e-01 6.624744157290829438e-01 6.089207762961591774e-02 2.038166254722084236e+00 -2.411173532345177797e-02 -6.452399094167850235e-02 9.976248186631334613e-01 9.243181478960020570e-02
6.481167516769011927e-01 -7.605854404084166909e-01 -3.813743612930534793e-02 4.416852053409236589e+00 7.610620290150775791e-01 6.451205583532995114e-01 6.785317370160612316e-02 2.121786315752803187e+00 -2.700489191304413644e-02 -7.300173305245555300e-02 9.969661392364852492e-01 4.432777749532487016e-02
6.405225010439462574e-01 -7.676612472718039593e-01 -2.066724687775561148e-02 4.527363528686157323e+00 7.665533679377379839e-01 6.375186421482507138e-01 7.723933594200300956e-02 2.207339791310084731e+00 -4.611788980123446985e-02 -6.531608033668960533e-02 9.967983496624240880e-01 7.347571802409162689e-02
6.355874332061988152e-01 -7.720275006151801067e-01 -1.467325537822101317e-03 4.582783856762009833e+00 7.701030378399486009e-01 6.338666268204051768e-01 7.179422339578513113e-02 2.284259519154665963e+00 -5.449702615774913717e-02 -4.676149802133644506e-02 9.974183858555857318e-01 1.036053537201670482e-01
6.425839987831818423e-01 -7.661534615130171089e-01 9.730257932752020555e-03 4.652101181427791055e+00 7.649306934776406441e-01 6.421900164586284987e-01 4.972943732521460658e-02 2.391028937849856373e+00 -4.434905504778852148e-02 -2.451236774545770269e-02 9.987153273800696285e-01 1.093102338271772778e-01
6.496476414036883584e-01 -7.599983793622863137e-01 1.898434579655804144e-02 4.730986139938666568e+00 7.591911889712127381e-01 6.498613851997858681e-01 3.617898028817465722e-02 2.513142167575050046e+00 -3.983315964245577601e-02 -9.090841155473658800e-03 9.991649893786234138e-01 1.264436103780806064e-01
6.748267982973286117e-01 -7.374342688649333510e-01 2.827527901573551050e-02 4.784670092035592681e+00 7.358848827400830128e-01 6.753027864450401596e-01 4.939216510924145098e-02 2.594848863449659593e+00 -5.551784987182670217e-02 -1.252380625870476785e-02 9.983791477301615647e-01 1.196874507684711764e-01
6.922320619841638711e-01 -7.210681307761752645e-01 2.958924027590469075e-02 4.901710948924148603e+00 7.187110623376329333e-01 6.925214987345184037e-01 6.219632355700385751e-02 2.713753788480837148e+00 -6.533897179068426375e-02 -2.178817499124006962e-02 9.976252273253154446e-01 1.161079114769606180e-01
6.824309451658480130e-01 -7.305343012224242427e-01 2.465035126547983346e-02 5.034183467599770978e+00 7.283032947599498153e-01 6.824403822276849940e-01 6.204381956917898872e-02 2.810007749486912676e+00 -6.214753351380110369e-02 -2.438769038665509342e-02 9.977689735784309732e-01 8.848964829431088530e-02
6.599068655329409783e-01 -7.510774758971221488e-01 2.013837189289879523e-02 5.067091859727362646e+00 7.491950587214191160e-01 6.598073834712829822e-01 5.797396574488025700e-02 2.834766481500009316e+00 -5.683038632543607749e-02 -2.316984930436392573e-02 9.981149559411054417e-01 7.870970828695784960e-02
6.412725447877516416e-01 -7.671320716388070338e-01 1.667057181363088350e-02 5.102543150435313812e+00 7.655986050466601078e-01 6.411401666592019266e-01 5.289671678676154815e-02 2.948745946681217145e+00 -5.126694112241514389e-02 -2.115824565891758630e-02 9.984608301724148260e-01 9.826435589671876636e-02
6.149112039416158026e-01 -7.885326959650942324e-01 1.001991322780712915e-02 5.205258576107793189e+00 7.867223824324132142e-01 6.142758733386066705e-01 6.109864494372780480e-02 3.069267418103848399e+00 -5.433327016608004156e-02 -2.968735131520251064e-02 9.980814380224428684e-01 1.188591987402206479e-01
5.951642363571248984e-01 -8.035498063618258247e-01 9.340260023834354164e-03 5.279999975723496775e+00 8.001881869290627947e-01 5.936648599913276758e-01 8.521091192245675017e-02 3.120741881838402954e+00 -7.401619593453691304e-02 -4.324052158970518450e-02 9.963191557086666927e-01 1.036567419603023205e-01
5.949613988764809180e-01 -8.037340488223653212e-01 5.701983036509587766e-03 5.363627843533986805e+00 7.997835158882690143e-01 5.927115312929071012e-01 9.507559300796397661e-02 3.200078213602695953e+00 -7.979512240945402235e-02 -5.200595577455430912e-02 9.954537251945141385e-01 1.053950812562686745e-01
6.010082362555071445e-01 -7.992225147617795233e-01 -5.698407751441609409e-03 5.441188019380697405e+00 7.966617648852110101e-01 5.984795907939275406e-01 8.457075010376731428e-02 3.329173533707296073e+00 -6.418046683396320951e-02 -5.536742093496948430e-02 9.964011824440919263e-01 1.313372943471690646e-01
6.121176948523969763e-01 -7.906450028341148739e-01 -1.387109015291526290e-02 5.494052790420576926e+00 7.894879789371390677e-01 6.100367050662118817e-01 6.755700989320875816e-02 3.415205370776369431e+00 -4.495173814591955919e-02 -5.230390009743144525e-02 9.976189870247350600e-01 1.345364224288488619e-01
6.378334133402030481e-01 -7.699068693911945704e-01 -2.029653396607325466e-02 5.611350391397651016e+00 7.695476250176167543e-01 6.360301024863015407e-01 5.711533560271192522e-02 3.474485450989424073e+00 -3.106428264955309743e-02 -5.204921897123003516e-02 9.981612540806988898e-01 1.120272068948503369e-01
6.529350629360293201e-01 -7.572483488861102563e-01 -1.583482548003865842e-02 5.690069336986675275e+00 7.567290400260978656e-01 6.513132518717034136e-01 5.614452704839169306e-02 3.581575437290605901e+00 -3.220191873016127471e-02 -4.864140258634568059e-02 9.982970752158543126e-01 1.162086305504693717e-01
6.801185979701032114e-01 -7.330690975072390314e-01 -6.956362203263222882e-03 5.745924257975523197e+00 7.318041493085672977e-01 6.783194854730143497e-01 6.591936500292799872e-02 3.662593107147801508e+00 -4.360481338046529043e-02 -4.992368082931219336e-02 9.978007047213925951e-01 1.743499290258243573e-01
6.880502556134721059e-01 -7.256626182452704521e-01 7.811732552303468635e-04 5.861347618624927591e+00 7.235400746420505014e-01 6.861192157521754931e-01 7.569796670053824394e-02 3.811592117111537892e+00 -5.546716269300109442e-02 -5.151879518232770766e-02 9.971304867497280400e-01 1.444930571785402740e-01
6.847706223513825297e-01 -7.287472894336730622e-01 4.072211631892915656e-03 5.918798491046590726e+00 7.266710200583925694e-01 6.832209820153571922e-01 7.182143371770208229e-02 3.889695179611730946e+00 -5.512189557513183513e-02 -4.622204968459815017e-02 9.974091932357345147e-01 8.102477220126939883e-02
6.756288970124768589e-01 -7.372397682397581198e-01 1.765686124889136177e-03 5.958034237496327101e+00 7.362274151241873232e-01 6.748228739438721924e-01 5.082599749823133589e-02 3.946471766186035346e+00 -3.866247200143110158e-02 -3.303956609764117230e-02 9.987059628994001681e-01 8.270086885585528624e-02
6.664108712400531598e-01 -7.455535785524195491e-01 -6.812650053718023041e-03 6.053448141039590169e+00 7.454484941489264438e-01 6.660866600657456837e-01 2.520126690382393578e-02 4.019919688966695048e+00 -1.425107940372282930e-02 -2.187287795743813115e-02 9.996591838950351638e-01 1.432568857607153245e-01
6.300583090668985253e-01 -7.764449904984668249e-01 -1.263740106178319611e-02 6.118114591635661625e+00 7.765474203384313823e-01 6.299911912726473551e-01 9.230540861632469118e-03 4.123933695875790839e+00 7.944441378970809597e-04 -1.562932016136295982e-02 9.998775391065675144e-01 1.784051724849658738e-01
6.328855742273171714e-01 -7.742453367921701135e-01 9.159988025011708834e-05 6.158533128625525599e+00 7.741256397864152428e-01 6.327898026456095781e-01 1.750884042430791640e-02 4.185179565058296802e+00 -1.361410152130447873e-02 -1.101018271008960200e-02 9.998467043084444672e-01 1.759254054121475175e-01
6.352889347838586165e-01 -7.721962275060714198e-01 1.099798011373259547e-02 6.281790035489782653e+00 7.715259840534085534e-01 6.352356644990031498e-01 3.497579847451032925e-02 4.286707997647291712e+00 -3.399448884172322910e-02 -1.373451032623921979e-02 9.993276429452396803e-01 1.481286384632835573e-01
6.480094918761194478e-01 -7.616181329077404971e-01 4.638756792592232253e-03 6.368930684420962329e+00 7.610375158960163144e-01 6.477321105886295616e-01 3.556701155874859854e-02 4.376104694321855781e+00 -3.009315266425524257e-02 -1.951749314145658290e-02 9.993565277838530880e-01 1.172870150046483595e-01
6.636011961296713890e-01 -7.480853495535453312e-01 -1.327508425300350306e-03 6.426939141928435184e+00 7.479960838002246426e-01 6.634923289874212760e-01 1.672686445138529820e-02 4.481183771040449848e+00 -1.163233058319638850e-02 -1.209293836077463165e-02 9.998592149532882223e-01 9.529753331730170252e-02
6.762845482167169076e-01 -7.366334755505259402e-01 -3.214427112875613106e-03 6.500226782126429015e+00 7.366158147870036643e-01 6.762911724235702859e-01 -5.233689676641421415e-03 4.605845359653240045e+00 6.029199697294038325e-03 1.171665611649633839e-03 9.999811377974610060e-01 1.308129777583826869e-01
6.987441644450977929e-01 -7.153708679773925772e-01 -1.055416123702314878e-03 6.587053663100464362e+00 7.153287001022240466e-01 6.987176216574788601e-01 -9.926529875971987563e-03 4.683196690620917479e+00 7.838588137189836380e-03 6.181135380190441557e-03 9.999501738093889980e-01 2.145701142388102278e-01
7.039183453813966374e-01 -7.102800300822893487e-01 1.114406487325327304e-03 6.734201666868721681e+00 7.102772592793962225e-01 7.039088401208152268e-01 -4.308102867632567640e-03 4.787784479855215380e+00 2.275518856503373245e-03 3.824090227857379707e-03 9.999900991249177640e-01 1.818324013500640657e-01
6.991319397632147492e-01 -7.149310941237893013e-01 9.384106664261874370e-03 6.771417200173830864e+00 7.149785741727857635e-01 6.991403699965703655e-01 -2.895084611712752526e-03 4.860223095571889473e+00 -4.491021796306586197e-03 8.733481323064661364e-03 9.999517773508904694e-01 1.035621076724609346e-01
6.936852366315050533e-01 -7.201867898688076863e-01 1.147955478034084001e-02 6.821834629915210613e+00 7.202761472948484567e-01 6.936338142113069871e-01 -8.625741751524897138e-03 4.922961904853647042e+00 -1.750462105467398208e-03 1.425199919787286176e-02 9.998969028861330877e-01 1.196399006804675785e-01
6.870082103705910104e-01 -7.266472419229537127e-01 1.872081505281620196e-03 6.874187241993854336e+00 7.266486584372275903e-01 6.870007261050707914e-01 -3.424839044842698833e-03 5.015910110237904895e+00 1.202528492508642827e-03 3.713238057302741327e-03 9.999923828651668956e-01 1.984754003302416359e-01
6.778113023322904773e-01 -7.352015239169427119e-01 -7.110391044766226076e-03 7.005124839232053979e+00 7.351270870041135552e-01 6.775129073954462289e-01 2.375765698498221931e-02 5.128469944614889364e+00 -1.264928391059681398e-02 -2.133024947755376641e-02 9.996924607466910473e-01 1.749136977630799672e-01
6.707082454531649862e-01 -7.416320438583500207e-01 -1.150482523219745201e-02 7.109011098646669247e+00 7.409781211932681133e-01 6.692614672689417565e-01 5.514084096128464563e-02 5.204128398937020172e+00 -3.319447836661255230e-02 -4.550824047916580961e-02 9.984123029362462765e-01 1.310071780621268334e-01
6.738820377916540094e-01 -7.386551034124579918e-01 -1.648142422543569588e-02 7.188088044381337305e+00 7.377385133917577775e-01 6.714938645176415921e-01 6.955484004497762551e-02 5.313150531531709575e+00 -4.030986232036742889e-02 -5.903073875443389656e-02 9.974419716864830754e-01 1.313008794899436227e-01
6.670171271050211459e-01 -7.446392800139531865e-01 -2.450499558999465199e-02 7.289054091119120393e+00 7.443967955124117797e-01 6.647096438740701663e-01 6.351771541593259629e-02 5.442045446937092912e+00 -3.100907898369021504e-02 -6.060884424824747319e-02 9.976798108709401536e-01 1.109099278277302647e-01
6.710604514006373034e-01 -7.410804027118267356e-01 -2.185651578934465211e-02 7.307821437905086981e+00 7.412254741113448731e-01 6.699640751549047479e-01 4.162853024363633719e-02 5.496205609763275213e+00 -1.620700757033859823e-02 -4.413586657481876480e-02 9.988940675503608091e-01 1.409071336689725062e-01
6.872863809863907214e-01 -7.261988719313388074e-01 -1.651147831906417396e-02 7.378592645636219416e+00 7.263514368609385041e-01 6.868520535271649408e-01 2.545283354691123961e-02 5.577858920497383188e+00 -7.142876219004587295e-03 -2.948652185605612347e-02 9.995396562158763709e-01 1.885998547404275083e-01
7.162215530716424805e-01 -6.975761309509691532e-01 -2.035260285862586227e-02 7.462883105715223842e+00 6.978558224383930586e-01 7.156948503888758140e-01 2.789502134214565804e-02 5.689721606862216063e+00 -4.892648002720227998e-03 -3.418219791530651558e-02 9.994036418490780393e-01 2.362041714206162268e-01
7.237953408972955804e-01 -6.894385057350574941e-01 -2.819310740551433936e-02 7.643888075835064022e+00 6.899245377499473308e-01 7.224358710857058385e-01 4.572247127134444061e-02 5.834457387429717201e+00 -1.115512016471417560e-02 -5.254482827499364767e-02 9.985562599651870430e-01 2.215971659011116424e-01
7.165117324825804879e-01 -6.969888255471522465e-01 -2.859220658173037069e-02 7.699056738334174810e+00 6.973601748100085596e-01 7.146718436604513336e-01 5.415664749526064720e-02 5.913381394709084304e+00 -1.731253314120710304e-02 -5.874293950231698064e-02 9.981230100818544448e-01 1.571347776700844912e-01
7.144204749411339206e-01 -6.992431258498348345e-01 -2.573783084559812251e-02 7.775708507039554185e+00 6.995380088325564572e-01 7.129236193697083834e-01 4.885168516415230866e-02 5.952051089668202621e+00 -1.581009751604472297e-02 -5.290523505804729798e-02 9.984743746937053688e-01 1.436949579953104572e-01
7.021503976932839119e-01 -7.115506835246148132e-01 -2.608531761004371022e-02 7.818139156777542453e+00 7.119406633543885476e-01 7.010163616985822799e-01 4.143129847585946823e-02 6.034407049428033076e+00 -1.119423430506533493e-02 -4.766220102487829513e-02 9.988007827949412221e-01 1.771816402800114876e-01
6.958286201297803064e-01 -7.173189541479917386e-01 -3.572183405590195066e-02 7.913340858749374540e+00 7.181855340095818496e-01 6.945536285949224231e-01 4.248288767254983223e-02 6.167067768034550035e+00 -5.663051090867669835e-03 -5.521571357555840609e-02 9.984583891313068005e-01 2.499624157072989072e-01
6.880698659240427340e-01 -7.244894513515288681e-01 -4.092547480030644946e-02 8.009223542746072511e+00 7.255215032890153237e-01 6.858201571289032072e-01 5.717744608614323820e-02 6.265255915365148809e+00 -1.335694098651039365e-02 -6.903438966230680818e-02 9.975248594252855705e-01 2.424134932436584344e-01
6.879244794227499238e-01 -7.248082633379110407e-01 -3.758845578126469855e-02 8.145014070345791168e+00 7.254922017165864601e-01 6.852626012411748846e-01 6.384538032307611466e-02 6.322160785910484471e+00 -2.051769624880889556e-02 -7.119093156617588292e-02 9.972516610181111352e-01 1.643043388255016890e-01
6.872238187766821493e-01 -7.259889924562283881e-01 -2.575666396069691694e-02 8.247548672979981177e+00 7.261695904827194514e-01 6.855531003069151863e-01 5.191023519245771545e-02 6.366163745971983978e+00 -2.002869851371906484e-02 -5.437765618309681193e-02 9.983195489140135326e-01 1.448353723373920210e-01
6.970080638343612023e-01 -7.169135340633769893e-01 -1.465413343170739874e-02 8.279195642234677521e+00 7.170486174828405446e-01 6.967175160601438710e-01 2.063935514811595165e-02 6.440991734244953193e+00 -4.586841595471870085e-03 -2.489352308819292245e-02 9.996795853634481421e-01 1.870299109734380183e-01
7.082438099111421081e-01 -7.058870490359837602e-01 -1.068549137011243211e-02 8.362201049056361413e+00 7.058508503405692691e-01 7.083208798292162101e-01 -7.490545471475292330e-03 6.559984376788674076e+00 1.285623568721508056e-02 -2.237230706870361064e-03 9.999148523763006224e-01 2.443753716902520856e-01
7.370138589180972311e-01 -6.757331227922337424e-01 -1.397564038286363761e-02 8.426537978940894291e+00 6.758438106732321815e-01 7.370262634017373804e-01 5.237425966760135901e-03 6.615501858470071994e+00 6.761311806116453854e-03 -1.330540557551300289e-02 9.998886192197267153e-01 2.604070212805598139e-01
