1.000000000000000000e+00 0.000000000000000000e+00 0.000000000000000000e+00 0.000000000000000000e+00 0.000000000000000000e+00 1.000000000000000000e+00 0.000000000000000000e+00 0.000000000000000000e+00 0.000000000000000000e+00 0.000000000000000000e+00 1.000000000000000000e+00 0.000000000000000000e+00
9.999985221735259167e-01 -1.689810088672115797e-03 -3.165321919235858676e-04 1.258135428407367550e-02 1.689996673567810285e-03 9.999983978283806252e-01 5.901287275079653135e-04 -4.782752189127240094e-02 3.155344793073332080e-04 -5.906627937515366569e-04 9.999997757777030483e-01 -1.456562226321373062e-02
9.999941117375678035e-01 -3.419442133484830362e-03 -2.896647866365202151e-04 1.314752260276820690e-02 3.419551408266025428e-03 9.999940820279017428e-01 3.775941477391451672e-04 -9.631609193858095552e-02 2.883719110702585094e-04 -3.785824479947784015e-04 9.999998867584790618e-01 -2.258536539494047576e-02
9.999938648136077468e-01 -3.486708295503563714e-03 -3.364526801266023320e-04 1.357590043308258727e-02 3.486883146657895980e-03 9.999937853380020947e-01 5.205106102169081064e-04 -1.064860516972249982e-01 3.346357205243761222e-04 -5.216805879672767061e-04 9.999998079341309021e-01 -1.882473623685184533e-02
9.999982479305520311e-01 -1.856925905407082579e-03 2.365629049348921874e-04 -2.248226403827833023e-02 1.856937444201568451e-03 9.999982747108207004e-01 -4.856655483575017464e-05 -6.396938811543195769e-02 -2.364723123016612249e-04 4.900575225985595205e-05 9.999999708396404285e-01 -8.662295770182036614e-05
9.999997334282449968e-01 -5.368741271005425574e-04 4.948834312821145118e-04 -5.970665953905986839e-02 5.369399395004440792e-04 9.999998470215312185e-01 -1.328623932532022490e-04 -1.717733505660581569e-02 -4.948120251942025915e-04 1.331280805154933238e-04 9.999998687189782798e-01 1.147692366208199165e-02
9.999981470970447095e-01 1.644198731553553772e-03 1.001205777270143451e-03 -9.464124792548379850e-02 -1.644260846208624692e-03 9.999986463282812821e-01 6.121988706415876561e-05 2.407736812520299557e-02 -1.001103764305541315e-03 -6.286601708821227847e-05 9.999994969194319072e-01 1.993935869932606311e-02
9.999991644648452693e-01 6.985459799895952929e-04 1.087705440402136209e-03 -5.408648625730390347e-02 -6.996270464017575194e-04 9.999992614085005949e-01 9.938332099293867641e-04 1.750677114028126313e-04 -1.087010398838567874e-03 -9.945933676914256970e-04 9.999989145956238445e-01 2.287381400638882276e-02
9.999988992374710950e-01 -1.377190823409488955e-03 5.521496917805719966e-04 -4.751068921772603343e-02 1.376558416951887461e-03 9.999983980575390952e-01 1.144101953641900272e-03 -8.638345790704065122e-03 -5.537244539801363741e-04 -1.143340627951702640e-03 9.999991930803932005e-01 1.670848760025025331e-02
9.999971307781019281e-01 -2.334135437099228976e-03 5.387460673302505278e-04 -7.555362811181401406e-02 2.333764668652328709e-03 9.999970402241717959e-01 6.878120146332706089e-04 -9.087193256519686055e-03 -5.403499191600811364e-04 -6.865527346106656964e-04 9.999996183335808642e-01 1.597751423794631712e-02
9.999993610424638968e-01 -6.845164356398411804e-04 8.996398797334900863e-04 -7.540986793550139011e-02 6.840478978506319687e-04 9.999996303132056008e-01 5.210104850184339720e-04 -5.795233045724027324e-03 -8.999961873886427096e-04 -5.203947553463039288e-04 9.999994595979346812e-01 2.654397078434524854e-02
9.999998416009444613e-01 2.028186037157279984e-04 5.250359034162535663e-04 -3.730690221668120365e-02 -2.029962010586911999e-04 9.999999221977420305e-01 3.382263329928022338e-04 8.042148000000349378e-03 -5.249672639746772850e-04 -3.383328597118834963e-04 9.999998049701048775e-01 1.162162799033046590e-02
9.999999813020293837e-01 -1.874589409790865268e-04 4.748774936125340262e-05 -1.057070808278987029e-02 1.874380134635420252e-04 9.999998854949608829e-01 4.403147241723815927e-04 7.786974541289392107e-03 -4.757028485555766010e-05 -4.403058149299856824e-04 9.999999019339238515e-01 -3.885580996052039049e-03
9.999997061472071236e-01 -7.625093386304325873e-04 7.927804228639786241e-05 -9.768771790439671060e-03 7.624824013754228974e-04 9.999996517619479386e-01 3.392588546634053653e-04 4.290969318687942735e-03 -7.953670272366076123e-05 -3.391983068591845744e-04 9.999999393092089406e-01 -5.923904686643940293e-03
9.999995849433277462e-01 -9.110151196901436921e-04 -1.283058522536082302e-05 -9.199470648917846063e-03 9.110182738472003255e-04 9.999995542685140570e-01 2.480090277008701791e-04 -8.422008363677882872e-03 1.260463953230986268e-05 -2.480206136606729500e-04 9.999999691634486876e-01 -4.495942675592666180e-03
9.999999664985899095e-01 -1.211003132614259166e-04 2.287739784309708601e-04 -1.304830462394869148e-02 1.211079447651414496e-04 9.999999921104979483e-01 -3.334470949053473419e-05 -1.742325253536482210e-02 -2.287699385712931726e-04 3.337241471978346285e-05 9.999999732752982151e-01 4.354408437945307339e-03
9.999999374169197264e-01 -3.471346530561918880e-04 6.829120940137587835e-05 1.462133512483051317e-02 3.471415676763885106e-04 9.999999346189425431e-01 -1.012661966202552360e-04 -3.377921413163398334e-02 -6.825605193039430249e-05 1.012898970001948370e-04 9.999999925407340173e-01 7.791070285904991288e-04
9.999996998577238561e-01 -7.207222781427322913e-04 -2.843305468953929147e-04 3.837206867937461435e-02 7.207530041952592411e-04 9.999997344280140421e-01 1.079768883850542932e-04 -3.650175587217326795e-02 2.842526500361812155e-04 -1.081817880724845755e-04 9.999999537485647627e-01 -1.143282445742619183e-02
9.999997652078760346e-01 -5.304374991141596468e-04 -4.338435804948748793e-04 3.072965382697635112e-02 5.303031821021052944e-04 9.999998114463735099e-01 -3.096542468080563330e-04 -5.942827508819764626e-02 4.340077509163613526e-04 3.094241054724070506e-04 9.999998579469874249e-01 -2.953956779240212577e-02
9.999893211920044545e-01 4.616034495705941335e-03 -2.229966112289370566e-04 1.429737492489502847e-02 -4.616159581981832405e-03 9.999891865902695853e-01 -5.637137967147769170e-04 -7.217033254556647071e-02 2.203920775438705760e-04 5.647371648670513776e-04 9.999998162496165355e-01 -2.230480562034940425e-02
9.999817917852694693e-01 6.033004531787442871e-03 -1.376744038444491301e-04 -9.388571007326592527e-03 -6.033068446973409611e-03 9.999816910564599537e-01 -4.686544321080113621e-04 -6.592977063163063534e-02 1.348444888588123567e-04 4.694764978492669411e-04 9.999998807043837257e-01 -1.536511855860653482e-02
9.999849460228831255e-01 5.487040664094635506e-03 1.060009751206564741e-05 -1.358931001953675444e-02 -5.487038879452794948e-03 9.999849330263957947e-01 -1.616308452238475999e-04 -7.825198728506348178e-02 -1.148681282099146921e-05 1.615702488896275082e-04 9.999999868815537818e-01 -7.635743267197418228e-03
9.999905754751555742e-01 4.335441379806710162e-03 -2.300193674809787603e-04 2.570384665809541044e-02 -4.335414639058892718e-03 9.999905952449333890e-01 1.166258598393523900e-04 -8.838726289057981245e-02 2.305228287838701048e-04 -1.156275313629947382e-04 9.999999667447491136e-01 -1.294441857553364772e-02
9.999876830902282299e-01 4.948094399052986071e-03 -3.873366176894469607e-04 3.769537218891406277e-02 -4.948114956478834488e-03 9.999877566452877176e-01 -5.213350440890929130e-05 -7.396585706927383264e-02 3.870739138886748450e-04 5.404944839642048177e-05 9.999999236262182567e-01 -2.058253138845766647e-02
9.999814845175998279e-01 6.065143576888617875e-03 -4.946264943469187237e-04 6.902031632617589008e-02 -6.065314717028613169e-03 9.999815462145439371e-01 -3.452357938362682560e-04 -6.885819057055404813e-02 4.925234619582130298e-04 3.482294669845982646e-04 9.999998180784223090e-01 -2.570613458470329474e-02
9.999315867239433331e-01 1.168895767529403752e-02 -4.360506877290628810e-04 1.051653115230939128e-01 -1.168904189038753004e-02 9.999316625580284557e-01 -1.910853783618028168e-04 -7.347830730202967175e-02 4.337873002404548793e-04 1.961693203402598777e-04 9.999998866730814839e-01 -3.313616235217248240e-02
9.999093251307293873e-01 1.345512927515156269e-02 -5.486463326272603353e-04 8.319875056672984548e-02 -1.345510204778890655e-02 9.999094745972393339e-01 5.328748830348900627e-05 -3.108007929635952377e-02 5.493136562408977271e-04 -4.590056407380839828e-05 9.999998480738111484e-01 -5.158274140449600059e-02
9.999334197076513719e-01 1.151775983430380380e-02 -7.052376630125379350e-04 7.585582205600410743e-02 -1.151788054787597319e-02 9.999336530106088805e-01 -1.673455826017959669e-04 -1.984202051092539068e-02 7.032634263870528139e-04 1.754572838444247006e-04 9.999997373176128246e-01 -6.190782151259001387e-02
9.999566306068955468e-01 9.272715273193012434e-03 -8.681340720456737952e-04 9.596732050594544705e-02 -9.272772630107751005e-03 9.999570049934071170e-01 -6.206742646576495154e-05 -1.539313917466284681e-02 8.675212130421658353e-04 7.011474450167669813e-05 9.999996212453620137e-01 -6.255915800997499665e-02
9.999978166874491370e-01 -1.924523328276655241e-03 -8.141439023247652815e-04 1.335906257727260960e-01 1.925189673456129081e-03 9.999978118727619325e-01 8.184707748949108944e-04 -9.949712939423455138e-03 8.125669547745190211e-04 -8.200363693508584987e-04 9.999993336374264352e-01 -4.751649771870372629e-02
9.997131052838892362e-01 -2.394284438523388778e-02 -6.688246317011122552e-04 1.744869520331764068e-01 2.394341661512170913e-02 9.997129444645530549e-01 8.610869922161494680e-04 3.873130243770984971e-02 6.480157700315588567e-04 -8.768538977072460249e-04 9.999994056012252441e-01 -2.656173474902762816e-02
9.986110314666492016e-01 -5.267954704681479527e-02 -9.344281981310398463e-04 1.983804070703140132e-01 5.268112376808499475e-02 9.986098491563454305e-01 1.751675333124724050e-03 6.569102671491941492e-02 8.408517388609845376e-04 -1.798469038764497060e-03 9.999980292367929291e-01 -3.282659116649593728e-02
9.979661893829151476e-01 -6.372730819224003973e-02 -1.521525259302506684e-03 2.209297914114164152e-01 6.373210584003424772e-02 9.979614337632402021e-01 3.345953737357652402e-03 2.709042185824492993e-02 1.305194904262947046e-03 -3.436118709986492933e-03 9.999932447544197522e-01 -7.284291950187830877e-02
9.977333110322323950e-01 -6.727486439041834021e-02 -1.527310678764956390e-03 2.223885438194870834e-01 6.727756219890686229e-02 9.977326931546363076e-01 1.789590726538569515e-03 -2.557563757330431550e-03 1.403453323365763021e-03 -1.888288020169569259e-03 9.999972323397310348e-01 -6.044741598263388832e-02
9.969723851942542403e-01 -7.774772686963972446e-02 -1.163669490679240500e-03 2.608597024794616637e-01 7.774665003295670729e-02 9.969727016324079205e-01 -9.437205256977253655e-04 -6.468508103055080338e-02 1.233518841602910263e-03 8.503918988157689205e-04 9.999988776318130546e-01 -9.222098230317984924e-03
9.966777425888440067e-01 -8.141762510322161916e-02 -2.155864225167546024e-03 3.261366857119011309e-01 8.141022761508293071e-02 9.966751430395621725e-01 -3.321759583200830594e-03 -2.019780843322444286e-01 2.419146061420818141e-03 3.135214445529358514e-03 9.999921590506167801e-01 -3.500988325983640098e-02
9.959502275906415569e-01 -8.988781279478946784e-02 -1.823533141533012969e-03 3.807771189655032584e-01 8.975620400418735101e-02 9.952544360148336544e-01 -3.758232876704182407e-02 -1.726456058722750930e-01 5.193072780934882698e-03 3.726645547626179084e-02 9.992918709222684548e-01 -6.175411509998047360e-02
9.957577682126104168e-01 -9.160864685338236668e-02 -8.621071043299384160e-03 3.892556063533973987e-01 9.088125543888368740e-02 9.938318988136025656e-01 -6.355119440578310686e-02 -7.315626273340236629e-02 1.438973433019922511e-02 6.249810174910546551e-02 9.979413423762264479e-01 -1.143446664058245243e-02
9.987521178848675074e-01 -4.818967753385262898e-02 -1.311342821976587206e-02 4.742929301390635954e-01 4.727922871552818485e-02 9.969180662257620673e-01 -6.260226645059949191e-02 -7.843301276854508508e-02 1.608979653558204048e-02 6.190415342988205699e-02 9.979524007865170354e-01 3.695838720931418631e-03
9.992002419118289902e-01 -3.848107837849150392e-02 -1.086660803428504164e-02 7.080370530359937353e-01 3.786666395076287994e-02 9.979291668871300702e-01 -5.199513089894520351e-02 -8.791151549819749278e-02 1.284493380996530078e-02 5.154206517774432422e-02 9.985882150279117297e-01 -3.984634071405297739e-02
9.982995413176828370e-01 -5.794236571558618321e-02 -6.380286841935608674e-03 7.672234933033443838e-01 5.759160178186861767e-02 9.972921375175555214e-01 -4.573401195897734695e-02 -3.037453371915425221e-02 9.012946749137154198e-03 4.528879222220964784e-02 9.989332770960984709e-01 -6.216804237968549807e-02
9.981529668200641581e-01 -6.073239950449072638e-02 1.493478734656462741e-03 7.253164772797282556e-01 6.074791871169093332e-02 9.975668767532128722e-01 -3.420550799269046760e-02 8.793507309965600816e-03 5.875376598375399223e-04 3.423305500926195066e-02 9.994137045009093834e-01 -7.745051746750844512e-03
9.976981535092730446e-01 -6.775884640020835015e-02 2.670808622878623455e-03 7.571936995677728266e-01 6.777830945851359701e-02 9.976680582184616064e-01 -8.034076023432801944e-03 -1.122173682530169803e-02 -2.120200729421059613e-03 8.196605707077964792e-03 9.999641595596062693e-01 -8.773836602833783027e-03
9.955513622716921640e-01 -9.420614313066109913e-02 -1.639413133796105209e-03 8.662982017644124122e-01 9.421645186268896854e-02 9.955182901813681706e-01 8.160521599189443295e-03 1.053461902549767716e-02 8.632944940634853462e-04 -8.278678083523978784e-03 9.999653585058864147e-01 6.671224061228642199e-02
9.852660456758595142e-01 -1.686447796863727866e-01 -2.845623873230272716e-02 1.003457768074312639e+00 1.691315810055466773e-01 9.854692062307592870e-01 1.565093854953730421e-02 7.476993870250056573e-02 2.540329791226367956e-02 -2.023318698208412605e-02 9.994725061749967221e-01 8.125092623190546814e-02
9.728852372114222824e-01 -2.265659084190986550e-01 -4.649950922647781010e-02 1.056905493146262476e+00 2.276291693352986700e-01 9.735636708526350658e-01 1.894043462183250121e-02 9.447947988792337881e-02 4.097897611942768331e-02 -2.901151388967114497e-02 9.987387323910256187e-01 5.071114411044130854e-03
9.630212129320755432e-01 -2.666756867310769441e-01 -3.839559283749395535e-02 1.150738813896253987e+00 2.676825378385492837e-01 9.632095777622352584e-01 2.394510896634426123e-02 8.816669698592541349e-02 3.059742438748293270e-02 -3.333747761311557645e-02 9.989756804883926922e-01 -4.545302941964766974e-02
9.569717226414731215e-01 -2.888725397854173815e-01 -2.752776457567859131e-02 1.322828417120847089e+00 2.896003892403243851e-01 9.567482433527207952e-01 2.764802693386037014e-02 1.167414305172015387e-01 1.835038464076787362e-02 -3.443043129856673823e-02 9.992386145381545459e-01 -8.291346803878338334e-02
9.527152566410287404e-01 -3.034623336363642676e-01 -1.562855807138480851e-02 1.402857899177883949e+00 3.036906743356097560e-01 9.526494793963704577e-01 1.519683280841335055e-02 1.505311722546563147e-01 1.027687136249790315e-02 -1.922450180879042153e-02 9.997623739895408201e-01 -4.863036601763047473e-02
9.498853165986261837e-01 -3.124124320962970991e-01 -1.078691716869209678e-02 1.384455545632311768e+00 3.123415605868254952e-01 9.499380953463516519e-01 -7.769462010465211579e-03 2.116659223088425967e-01 1.267418007265545300e-02 4.010895339221635589e-03 9.999116350348483673e-01 8.333712012238486677e-02
9.552480218855247118e-01 -2.947422295485764843e-01 -2.506461259478027365e-02 1.392816020343029093e+00 2.943615209964347001e-01 9.555282729904225336e-01 -1.780490024139750813e-02 2.411700466212061689e-01 2.919780197990387571e-02 9.630038248878154683e-03 9.995272636215919437e-01 1.910615197236180118e-01
9.599261823260828441e-01 -2.766415512178976299e-01 -4.484614392149390005e-02 1.663185040741570475e+00 2.766751794657497654e-01 9.609473024516772544e-01 -5.579155710315410362e-03 2.734920440526057983e-01 4.463820731690709698e-02 -7.052237276220331592e-03 9.989783262898813687e-01 1.168995002657652327e-01
9.549366600171885766e-01 -2.929202457318797470e-01 -4.789264030716593873e-02 1.915030190925843812e+00 2.940403345591014461e-01 9.556206656413054334e-01 1.815007029297744864e-02 3.159145797383998699e-01 4.045067375938368043e-02 -3.141453548349085190e-02 9.986875737450469082e-01 -4.746643574335927818e-02
9.450422422012512147e-01 -3.248760010816422183e-01 -3.675247442598125747e-02 2.006925937962984463e+00 3.259874911263613284e-01 9.449042903907800550e-01 2.979996023884844483e-02 3.366487175008515687e-01 2.504627885279808383e-02 -4.014306817244085029e-02 9.988799817762545885e-01 -1.368067761493765300e-01
9.228823329217010762e-01 -3.844862270931237447e-01 -2.141356478247659692e-02 1.979848512665636440e+00 3.849296550768306346e-01 9.226540224780743760e-01 2.321024445070044712e-02 3.840833262242286938e-01 1.083329236338793564e-02 -2.966304065202948065e-02 9.995012475209049674e-01 -2.617557193922101511e-02
8.980921626941367197e-01 -4.394902126836230383e-01 -1.669791192550794390e-02 1.968626531113551570e+00 4.397439536570005303e-01 8.979597726809223079e-01 1.713189624461118263e-02 4.568301782029746683e-01 7.464752472657244786e-03 -2.272882755731365709e-02 9.997137979783973227e-01 9.870928606452911147e-02
8.581411291952039111e-01 -5.132230781095958871e-01 -1.399551639961979510e-02 2.107190540865718553e+00 5.133938136238038741e-01 8.575477681696023202e-01 3.222758818374077405e-02 5.034641955165300997e-01 -4.538118154832854710e-03 -3.484103045326861214e-02 9.993825634263223678e-01 9.204818194141194121e-02
8.331593163062913643e-01 -5.529615682221546979e-01 -8.891440902834685939e-03 2.246872950513482348e+00 5.526470812044854686e-01 8.318696661662012826e-01 5.073521606040166942e-02 5.009939435895390814e-01 -2.065810466127195044e-02 -4.718434678818998751e-02 9.986725590152037979e-01 -1.536098883648827351e-02
8.111377521671200297e-01 -5.848497016441536189e-01 2.524578383852331409e-03 2.358033114567843924e+00 5.838745214057619037e-01 8.100200326671322948e-01 5.438832532014988702e-02 5.535857092067786311e-01 -3.385395490137362712e-02 -4.264238694869732643e-02 9.985166681497377184e-01 -1.511901244595728611e-02
8.081656993674763978e-01 -5.889397124964081964e-01 4.268185858886599723e-03 2.410187330180589615e+00 5.880690727856168198e-01 8.073259798547052224e-01 4.898497611212161013e-02 6.261852165388861469e-01 -3.229501507884393469e-02 -3.707798937763976538e-02 9.987903957812013234e-01 3.995393805444973079e-02
8.046927652298488942e-01 -5.936193858460333539e-01 -9.250855880276078261e-03 2.546488768026492711e+00 5.936566765926808431e-01 8.043792496492440103e-01 2.336178654667825025e-02 7.142870770962285176e-01 -6.426812870515495255e-03 -2.429089297447855830e-02 9.996842744561054150e-01 7.692271955090730640e-02
8.068375607319852039e-01 -5.899496460700272005e-01 -3.118598553693189765e-02 2.557454891171186517e+00 5.902421470143549564e-01 8.072262145960609203e-01 2.153062910295183707e-04 7.424959553218604125e-01 2.504712518323552392e-02 -1.858100026274181124e-02 9.995135756703313890e-01 7.335499915961703199e-02
8.321401156534266041e-01 -5.512256221614565410e-01 -6.077122175024073092e-02 2.674124220159596277e+00 5.510151525982854848e-01 8.342133751805000941e-01 -2.168746820277328569e-02 7.932507949349383303e-01 6.265085416329145562e-02 -1.543885172780736642e-02 9.979160848137165196e-01 9.196361204545890067e-02
8.323740638499920186e-01 -5.490049908147327518e-01 -7.580856079866338249e-02 2.913274568486664773e+00 5.496752314903308179e-01 8.352677775914320035e-01 -1.359704392584706878e-02 9.013458215199560142e-01 7.078529307632169809e-02 -3.035226149704993437e-02 9.970296798521666171e-01 1.323902738794781597e-01
8.334250953738128187e-01 -5.476957757425808815e-01 -7.370174784144317703e-02 2.993635804437979164e+00 5.494263160197168094e-01 8.355330510092725538e-01 3.904348362880741274e-03 9.553363216336808739e-01 5.944185113329983339e-02 -4.374766170744470717e-02 9.972726850911828311e-01 6.439323029423067724e-02
8.164323435510587590e-01 -5.722259619275903431e-01 -7.743175640375182800e-02 3.085246670547498571e+00 5.742040787204264474e-01 8.187020196392766902e-01 4.083995518574686651e-03 9.946706619195220256e-01 6.105656708784374526e-02 -4.779593638180273940e-02 9.969892898526213632e-01 2.537935315073014397e-03
7.930901981353177810e-01 -6.029448347529506869e-01 -8.640291584442827411e-02 3.063759156074857160e+00 6.045589858992042043e-01 7.965090599966121454e-01 -9.041565784716806831e-03 1.033331632387318955e+00 7.427227066818595236e-02 -4.506488198198725648e-02 9.962192460606958955e-01 3.796452542497348592e-02
7.688192542765661663e-01 -6.320188764134545556e-01 -9.730927042527447168e-02 3.147219758940022594e+00 6.340168574103345334e-01 7.732139807413255239e-01 -1.275791933179747095e-02 1.086588347348671046e+00 8.330413419001674036e-02 -5.188718380513179795e-02 9.951724179174300522e-01 1.524566798672651602e-01
7.447928235655090212e-01 -6.571864309302293261e-01 -1.157136334513067660e-01 3.220485331750688740e+00 6.619157074216599490e-01 7.495710025786413988e-01 3.302780909125349607e-03 1.168455987562246223e+00 8.456504144030084491e-02 -7.905255906317810999e-02 9.932771248104744766e-01 1.388966408851161627e-01
7.416863267155544559e-01 -6.611022394130591229e-01 -1.133367628187178788e-01 3.387193303797813027e+00 6.676303048081974056e-01 7.438947931923056700e-01 2.983810924121137187e-02 1.219196949360164872e+00 6.458458689889920445e-02 -9.779757514588648115e-02 9.931084862343505515e-01 7.500495154760060401e-02
7.233218485342337578e-01 -6.837747807671770151e-01 -9.621617649760376423e-02 3.538873578708769507e+00 6.894284181474266138e-01 7.229421635377817346e-01 4.520049148016472285e-02 1.330679540426066287e+00 3.865177465209244934e-02 -9.902866941502519449e-02 9.943336275869048002e-01 9.314890631626840389e-03
7.170340789206880450e-01 -6.929716892195302291e-01 -7.518222932709212047e-02 3.611002184426290285e+00 6.966216851466470183e-01 7.161529055614472838e-01 4.293301339695224095e-02 1.377394211435115867e+00 2.409060916221337362e-02 -8.315800500329376121e-02 9.962451449086543454e-01 -9.716305180901343985e-04
7.148862088743733745e-01 -6.963374193088335273e-01 -6.365459002726850390e-02 3.641199163434518660e+00 6.987016620707918735e-01 7.149430976915985836e-01 2.592979912483634949e-02 1.448839832749024392e+00 2.745352037059910211e-02 -6.301242364371564819e-02 9.976350729028155007e-01 7.659957871679805297e-02
7.137723756258083085e-01 -6.976554865804891481e-01 -6.169131087625729509e-02 3.730942712878350775e+00 6.994279320459244609e-01 7.146196111878870827e-01 1.092607796213834054e-02 1.531759310795407281e+00 3.646318235497008481e-02 -5.094735861469115723e-02 9.980354718058542796e-01 1.336214247067121774e-01
7.228704976694233508e-01 -6.881608251191049241e-01 -6.239328786458295945e-02 3.787778513829433980e+00 6.900050178276129209e-01 7.237018006615149046e-01 1.219750351492131235e-02 1.627165533255342300e+00 3.676029069356950146e-02 -5.186889714148065766e-02 9.979771032130200226e-01 1.468229535808918684e-01
7.306574729826234016e-01 -6.806433209756366232e-01 -5.351940569460275632e-02 3.990181790307639975e+00 6.825037954611845592e-01 7.302327421517937900e-01 3.080116021434043533e-02 1.709451873600898786e+00 1.811701840051277781e-02 -5.903229540453621554e-02 9.980916599909784859e-01 1.143377463509091529e-01
7.188433880094313722e-01 -6.943984084234550158e-01 -3.278770949753672531e-02 4.104744098726148316e+00 6.950809507732119696e-01 7.171857487066662928e-01 5.007068727575395006e-02 1.808083659457868420e+00 -1.125412756858452240e-02 -5.878309477248738757e-02 9.982073393747608048e-01 4.319406693511712581e-02
7.106885997674762256e-01 -7.033184422514588974e-01 -1.627522502226322679e-02 4.141303002825961421e+00 7.029276078510278136e-01 7.089750200195408247e-01 5.698420052192927632e-02 1.875983309096034946e+00 -2.853931115804645910e-02 -5.193832666993568326e-02 9.982424144171351266e-01 5.047089337188415126e-02
6.924212371376867736e-01 -7.212851535385393920e-01 -1.733659844379095705e-02 4.186457385084744409e+00 7.208538748539090601e-01 6.905961149036259350e-01 5.870857848834961507e-02 1.943609352366427512e+00 -3.037303851807234001e-02 -5.314822071249098584e-02 9.981246140469014483e-01 9.036136709621953034e-02
6.632286539927128022e-01 -7.476633348121993761e-01 -3.357514408778603660e-02 4.342546515339829938e+00 7.480470930000270302e-01 6.608236287012969612e-01 6.113655538431361780e-02 2.021758754295027050e+00 -2.352231232730696633e-02 -6.566330426921465624e-02 9.975645499391130322e-01 1.005459008661018783e-01
6.472947471641813388e-01 -7.613352772293301429e-01 -3.712284929524727745e-02 4.401427872511716188e+00 7.616388523734226590e-01 6.440833782138138952e-01 7.115378039132533305e-02 2.083250773889365970e+00 -3.026167293713937639e-02 -7.433167262224227301e-02 9.967743142739109441e-01 6.011738546946132633e-02
6.404223678300371425e-01 -7.677698659092159206e-01 -1.971354318009210099e-02 4.516608927290534758e+00 7.666172663665141718e-01 6.374874084188220102e-01 7.686202583973027191e-02 2.195295925369483037e+00 -4.644521171985093594e-02 -6.433690316761402073e-02 9.968468313633239708e-01 7.201631986954112885e-02
6.352492509094302964e-01 -7.722971052809065595e-01 -3.945933823584019118e-03 4.580430380359818088e+00 7.705571634935305392e-01 6.334577645691029657e-01 7.051892154535077673e-02 2.295305799362757693e+00 -5.196197655798061310e-02 -4.783765966105905237e-02 9.975026372448048129e-01 9.748447797452826358e-02
6.418522558847350457e-01 -7.668042524094217383e-01 6.076191447349006680e-03 4.646839326071621201e+00 7.655786278905402087e-01 6.412383075736999283e-01 5.198843541841750848e-02 2.378877899671863805e+00 -4.376124007514699960e-02 -2.871709224216744891e-02 9.986292016961251239e-01 9.021828045615208624e-02
6.498243432917978346e-01 -7.598993030731356901e-01 1.677414839407029984e-02 4.725836925934769894e+00 7.588655143529298153e-01 6.498735679631709727e-01 4.227856180951787557e-02 2.484134600889587041e+00 -4.302852532038528577e-02 -1.474431591429311433e-02 9.989650400073930570e-01 1.197166735417525274e-01
6.740677384128732630e-01 -7.381318697407573959e-01 2.817848299621453223e-02 4.778433084555365973e+00 7.364609260219704412e-01 6.745108686250442798e-01 5.157899329717686998e-02 2.552861523655775233e+00 -5.707879180410385667e-02 -1.401538368015425862e-02 9.982712960645927502e-01 1.354293028702041324e-01
6.910913479021184580e-01 -7.222040709959601790e-01 2.853118805264331231e-02 4.899885296305949822e+00 7.198177375136153300e-01 6.912971872793745032e-01 6.301288455867939953e-02 2.670589592762507181e+00 -6.523169180400795186e-02 -2.301040409222913918e-02 9.976048053652805114e-01 1.206729044466401668e-01
6.824750774400651920e-01 -7.305423402786964671e-01 2.314428079034541383e-02 5.045841566654427623e+00 7.283485136163246887e-01 6.823914416846542652e-01 6.205129352745038240e-02 2.798482720108122823e+00 -6.112455632614217926e-02 -2.549135884303598346e-02 9.978045796839518644e-01 8.109286646879346194e-02
6.603310333275662636e-01 -7.507922080250557517e-01 1.655254643279585602e-02 5.100469085305777028e+00 7.490108629816196739e-01 6.600372355494735777e-01 5.773711824933878273e-02 2.849902888026834002e+00 -5.427387548423168173e-02 -2.572757386677001351e-02 9.981945894377769468e-01 5.013560598452519723e-02
6.403938614756303771e-01 -7.678752446229680784e-01 1.622685673653444585e-02 5.100126959154479778e+00 7.660738392674567576e-01 6.401196757418238237e-01 5.811775561909816867e-02 2.904503177326076102e+00 -5.501431608545234719e-02 -2.478728350181135312e-02 9.981778476815896806e-01 9.650774863403314974e-02
6.128520340751313356e-01 -7.901548251096538467e-01 8.230230003266603839e-03 5.205376422610296316e+00 7.880251735630342536e-01 6.119057533930762904e-01 6.773237627162964625e-02 3.018016816611507558e+00 -5.855518901791793851e-02 -3.502429614402254726e-02 9.976695788279262844e-01 1.403996564243478740e-01
5.939716945015280913e-01 -8.044554810054203031e-01 7.000372227329493269e-03 5.259727736710498647e+00 8.011091699968400093e-01 5.922525893089624072e-01 8.637689623854022392e-02 3.116584336677452161e+00 -7.363235618909259872e-02 -4.569736903988352861e-02 9.962379367324230017e-01 1.167551387344692160e-01
5.952818770099125301e-01 -8.035096160610143423e-01 3.432754147438654702e-03 5.340400029411372707e+00 7.997069542056843838e-01 5.928693923602459392e-01 9.473474018257645179e-02 3.209847423589260007e+00 -7.815544957725602260e-02 -5.364867659014539714e-02 9.954966324410660095e-01 8.666926413015522968e-02
6.017215091977046182e-01 -7.986554744923538562e-01 -8.981003965582230048e-03 5.453202458200803626e+00 7.960847459258931780e-01 5.987986025744691521e-01 8.768871568776177849e-02 3.321537026452707320e+00 -6.465526021092810049e-02 -5.991382660334841626e-02 9.961074393401552207e-01 9.720354820325463607e-02
6.131184362517803077e-01 -7.898396444894500990e-01 -1.546347700068874051e-02 5.498052589659982559e+00 7.886911332316078882e-01 6.108698893652159123e-01 6.931287491347623564e-02 3.433386489806474984e+00 -4.529988399558948498e-02 -5.469290867843991377e-02 9.974751156045337241e-01 1.138223498344020507e-01
6.368288043020625677e-01 -7.707666102623804694e-01 -1.918088933926193757e-02 5.606902308477373253e+00 7.704129522217522119e-01 6.351677044890406965e-01 5.500791055009061903e-02 3.481518477336828177e+00 -3.021517930063226387e-02 -4.980782748486854705e-02 9.983016694672348645e-01 1.190058642098218850e-01
6.521766086755866887e-01 -7.578802228888390502e-01 -1.682970143449638578e-02 5.683412371066991930e+00 7.575026177095225410e-01 6.506738231695831098e-01 5.304111617508575072e-02 3.577445295380134560e+00 -2.924816677386042618e-02 -4.734071815933595107e-02 9.984505000972890842e-01 1.277075230296350061e-01
6.804548014393523303e-01 -7.327309421390622024e-01 -9.307503969052773746e-03 5.746187719400085214e+00 7.315556182456184331e-01 6.785167938053486836e-01 6.664336379101024055e-02 3.639375293025596037e+00 -4.251635698649094963e-02 -5.215675369606634360e-02 9.977334475863205432e-01 1.482053830560033647e-01
6.864625593207136500e-01 -7.271627404384150006e-01 -1.871782292380004542e-03 5.870382673257729778e+00 7.250908012418181281e-01 6.843077630738113593e-01 7.724128009953459828e-02 3.770347652484548284e+00 -5.488610575868904662e-02 -5.438045894446669193e-02 9.970106725003675674e-01 9.554107915441260868e-02
6.844072523584933121e-01 -7.290988424335543838e-01 1.261301371096049118e-03 5.930470176250209668e+00 7.270349249900095456e-01 6.825979132229501589e-01 7.402909366218861364e-02 3.848688306613401888e+00 -5.483548817936229752e-02 -4.974903844020344551e-02 9.972552844735425026e-01 5.995565125796593203e-02
6.755558452512229195e-01 -7.373081452134736535e-01 -9.994742482374099901e-04 5.975880553599148826e+00 7.361932973101504851e-01 6.744585907659038648e-01 5.590204233907125619e-02 3.910474276165955221e+00 -4.054292715769269168e-02 -3.850075770602742753e-02 9.984357579301473828e-01 8.259537283171981825e-02
6.655424762454706933e-01 -7.463091481216019840e-01 -8.710209128138173690e-03 6.057331466397820385e+00 7.462068420405256752e-01 6.651242186808472567e-01 2.802003954491352061e-02 4.002323801619385613e+00 -1.511824080219831973e-02 -2.514814415023829824e-02 9.995694121174605318e-01 1.338841187250752185e-01
6.272876208739961434e-01 -7.786733680884083686e-01 -1.334265820951330804e-02 6.114544407060250819e+00 7.787875191663182761e-01 6.271846342977041022e-01 1.137692803996865655e-02 4.087479092440931439e+00 -4.906006656889803919e-04 -1.752770180911757472e-02 9.998462576717870309e-01 1.611096115078195778e-01
6.305754018326360510e-01 -7.761277504361245860e-01 -6.144970060789362726e-04 6.142862665402692990e+00 7.760005425577911620e-01 6.304573069511685279e-01 1.862101130159179649e-02 4.128317234836409000e+00 -1.406486948476800766e-02 -1.221880169414869821e-02 9.998264251016450999e-01 1.828590390319539682e-01
6.348823089712541945e-01 -7.725440198250881352e-01 1.000955482641026871e-02 6.264360758299880594e+00 7.719270568056233461e-01 6.348129645591801262e-01 3.378045291278845841e-02 4.265301610821200740e+00 -3.245108205802885171e-02 -1.371996574628046861e-02 9.993791521805845957e-01 1.536398662273652516e-01
6.466372996384729399e-01 -7.627888730005462081e-01 3.652114842179544560e-03 6.353781797211436100e+00 7.622450021351622196e-01 6.463436452103430430e-01 3.496353838175903644e-02 4.379890308910285412e+00 -2.903031925815443420e-02 -1.982492175931176853e-02 9.993819155062827475e-01 8.411130615277800926e-02
6.640112930343744502e-01 -7.477200153828302831e-01 -1.944561317694248545e-03 6.424474051353945114e+00 7.476240985428830310e-01 6.638794242045484850e-01 1.795320015425218990e-02 4.485459986784694486e+00 -1.213301284758718131e-02 -1.337492855073244870e-02 9.998369373480373579e-01 8.213976918370302638e-02
6.755786936938419363e-01 -7.372725705406708574e-01 -4.752405209303456855e-03 6.514003384426974463e+00 7.372470236871280225e-01 6.755950796807075331e-01 -6.173684126163098661e-03 4.591696232738949668e+00 7.762389541456782803e-03 6.671128613174983138e-04 9.999696496739473028e-01 1.226450761315787952e-01
6.977127658932624765e-01 -7.163714243833511075e-01 -2.979704103116573126e-03 6.565825131149045646e+00 7.163152662020596528e-01 6.977008789081253770e-01 -1.029188887919441943e-02 4.676324963903133458e+00 9.451757267614258745e-03 5.046374718341531396e-03 9.999425975458572369e-01 1.844065462933403010e-01
7.029084571649247826e-01 -7.112782645354136513e-01 1.712088057149840480e-03 6.702557388260677484e+00 7.112802326228895300e-01 7.029051022058703246e-01 -2.201811273305376727e-03 4.771880054524733517e+00 3.626650705147987236e-04 2.765446156647830087e-03 9.999961103832361031e-01 1.654369554423718303e-01
6.982818465758688919e-01 -7.157545447125970295e-01 9.894163221696661986e-03 6.765099635824634916e+00 7.157992044412677668e-01 6.983045295041671041e-01 -1.510958375354846343e-03 4.836834554714027234e+00 -5.827663669332528058e-03 8.137308967144577312e-03 9.999499100149619180e-01 1.102593140889959883e-01
6.923776493312852054e-01 -7.214910472556514964e-01 7.991209947633026722e-03 6.836510556591811394e+00 7.215328623921986040e-01 6.923040487030404089e-01 -1.026803961322876081e-02 4.920822230138174547e+00 1.875951653028576794e-03 1.287528171814051638e-02 9.999153503802579168e-01 1.301098660468107682e-01
6.859603431524368133e-01 -7.276347600020511841e-01 -2.462449785998594570e-03 6.880640895976191551e+00 7.276135945087662815e-01 6.859607725631833297e-01 -6.022922094242644936e-03 5.016100074907765993e+00 6.071631430156938791e-03 2.339773766459299093e-03 9.999788301511678412e-01 1.914535752617446962e-01
6.764507572921449885e-01 -7.364321232192527766e-01 -9.060951918354735388e-03 6.998886173588402038e+00 7.364049905515874794e-01 6.761388908248853191e-01 2.332145374564059681e-02 5.135617463488929779e+00 -1.104820571856771246e-02 -2.244834525921671903e-02 9.996869554743240682e-01 1.574521349937914039e-01
6.695228915760302879e-01 -7.426959188770932974e-01 -1.191090840286659555e-02 7.091331815633112434e+00 7.420266144673678399e-01 6.680200438674033236e-01 5.608675791565175678e-02 5.228211003292373427e+00 -3.369868065321848793e-02 -4.638957937622199129e-02 9.983548496639507164e-01 1.304535487619159495e-01
6.730802999569969192e-01 -7.393706200202829759e-01 -1.714631332449125314e-02 7.175995019949025888e+00 7.384071595774488461e-01 6.705426472863108556e-01 7.160603923573992391e-02 5.302306418426306678e+00 -4.144606729912080068e-02 -6.085757488668687432e-02 9.972856055736230019e-01 1.285721811942328041e-01
6.656911239031403360e-01 -7.457644276799684224e-01 -2.628204641467549521e-02 7.291844457998098328e+00 7.456227071111132254e-01 6.633214529460951248e-01 6.365083425829251573e-02 5.403771622807927777e+00 -3.003508276780877603e-02 -6.196828599090551531e-02 9.976260949546579271e-01 1.080897312680371702e-01
6.695739677576449944e-01 -7.423810680758683445e-01 -2.326051297407900204e-02 7.316625758387847789e+00 7.425218063340407459e-01 6.682757538465009528e-01 4.548498586703248608e-02 5.471574249507411558e+00 -1.822275554677438292e-02 -4.772700057015887704e-02 9.986941797151210887e-01 1.309714970410474355e-01
6.880211364873282109e-01 -7.254823233094879198e-01 -1.738718816120213978e-02 7.392069429681138892e+00 7.256511390844665454e-01 6.875361704972438037e-01 2.691539714366194755e-02 5.591428673968337648e+00 -7.572324088513484805e-03 -3.113539502644236887e-02 9.994864916968342339e-01 1.749884293959137749e-01
7.167551752472847149e-01 -6.970104268596315489e-01 -2.094000012388982923e-02 7.466500452013429268e+00 6.973178432894098222e-01 7.162895730050544696e-01 2.602062709549315608e-02 5.697463689786801844e+00 -3.137544651518138841e-03 -3.325225485874527126e-02 9.994420660350297192e-01 2.417038942448457850e-01
7.230654923150896529e-01 -6.902227830068889958e-01 -2.772730858489731373e-02 7.631037911205828195e+00 6.907126574964850274e-01 7.218545735123302887e-01 4.291852133374634420e-02 5.810233918627886851e+00 -9.608256724323114423e-03 -5.018450475552050510e-02 9.986937452919001368e-01 2.242742610811288284e-01
7.152584322862081123e-01 -6.983404815694561618e-01 -2.694340076560713948e-02 7.675629067039464459e+00 6.985479101740287300e-01 7.132552827254243777e-01 5.742576822100025485e-02 5.875084179371513393e+00 -2.088521570329173599e-02 -5.989552124837998343e-02 9.979861393323115060e-01 1.604076550485879493e-01
7.136852237965877199e-01 -7.000124925364584749e-01 -2.521728826240681939e-02 7.781275249605125843e+00 7.002627421703672139e-01 7.121466551438893067e-01 4.979190190591539777e-02 5.949373063975443188e+00 -1.689654587341838168e-02 -5.319447208371458347e-02 9.984412125294520601e-01 1.452565215164017265e-01
7.015975570379299198e-01 -7.120740901235572684e-01 -2.667129792710921932e-02 7.816731790332807073e+00 7.125046615407558681e-01 7.005183537106699498e-01 4.013905077584110220e-02 6.043593864534156701e+00 -9.898244344404965103e-03 -4.716488406855915555e-02 9.988380741990654510e-01 1.954819780563295528e-01
6.947426323340545329e-01 -7.183023412596670765e-01 -3.707318921309064874e-02 7.896207594132610197e+00 7.192408876228463255e-01 6.934423421664235310e-01 4.278158087594337994e-02 6.154205105225525330e+00 -5.021990546475355033e-03 -5.638674162979819687e-02 9.983963716777648489e-01 2.695233234505026720e-01
6.859060088418758028e-01 -7.265091672987863403e-01 -4.144124594450263044e-02 7.982431271355933333e+00 7.275417736830248616e-01 6.835032635552575897e-01 5.921364923284439669e-02 6.232189484201854590e+00 -1.469403214801257192e-02 -7.076523539236100058e-02 9.973847637091198814e-01 2.244968617370913522e-01
6.878447483238623317e-01 -7.251133774672187116e-01 -3.286627483249787707e-02 8.112878158023008268e+00 7.254180945148316351e-01 6.851471092280774222e-01 6.589405790266539276e-02 6.300142437281702534e+00 -2.526242968824072774e-02 -6.916667213688826310e-02 9.972852055012922934e-01 1.478726100257958809e-01
6.877031427755184723e-01 -7.256365236548382169e-01 -2.271613864185868109e-02 8.229661929739521042e+00 7.256596998982339786e-01 6.861051844444306935e-01 5.174626384656814265e-02 6.378945870353338599e+00 -2.196331851701203985e-02 -5.207025462387395581e-02 9.984018736075794820e-01 1.307740624070000690e-01
6.971784239424732021e-01 -7.166901275547931105e-01 -1.724836962102613974e-02 8.285396935287529629e+00 7.168859343334600398e-01 6.968276449147658980e-01 2.248978517868151228e-02 6.451038882226566962e+00 -4.099066226750106706e-03 -2.804450655717616314e-02 9.995982709609061434e-01 1.746264145282984959e-01
7.071151054351069165e-01 -7.069530345185751630e-01 -1.433996689243230253e-02 8.347446360133172760e+00 7.069523446374753606e-01 7.072358473771658272e-01 -5.986534580086326149e-03 6.551605721894897982e+00 1.437393742417227525e-02 -5.904504185840129399e-03 9.998792560870763957e-01 2.448204841442628288e-01
7.349391690809330413e-01 -6.779453534268985448e-01 -1.595354247512258822e-02 8.411246572680541433e+00 6.780784780444121251e-01 7.349750687770847390e-01 4.607156291390576003e-03 6.608307104077009164e+00 8.602055777631623101e-03 -1.420373341756859045e-02 9.998621197912246350e-01 2.536657441303738492e-01
