1.000000000000000000e+00 0.000000000000000000e+00 0.000000000000000000e+00 0.000000000000000000e+00 0.000000000000000000e+00 1.000000000000000000e+00 0.000000000000000000e+00 0.000000000000000000e+00 0.000000000000000000e+00 0.000000000000000000e+00 1.000000000000000000e+00 0.000000000000000000e+00
9.999985221735259167e-01 -1.689810088672116231e-03 -3.165321919235858134e-04 1.258135428407364774e-02 1.689996673567810718e-03 9.999983978283806252e-01 5.901287275079657472e-04 -4.782752189127240788e-02 3.155344793073331538e-04 -5.906627937515370906e-04 9.999997757777030483e-01 -1.456562226321372888e-02
9.999941117375678035e-01 -3.419442133484831663e-03 -2.896647866365198898e-04 1.314752260276802823e-02 3.419551408266026729e-03 9.999940820279017428e-01 3.775941477391442998e-04 -9.631609193858102491e-02 2.883719110702581841e-04 -3.785824479947775341e-04 9.999998867584790618e-01 -2.258536539494045842e-02
9.999938648136077468e-01 -3.486708295503563714e-03 -3.364526801265749017e-04 1.357590043308326035e-02 3.486883146657895980e-03 9.999937853380020947e-01 5.205106102169076727e-04 -1.064860516972250676e-01 3.346357205243486919e-04 -5.216805879672760556e-04 9.999998079341309021e-01 -1.882473623685164410e-02
9.999982479305520311e-01 -1.856925905407070436e-03 2.365629049349246321e-04 -2.248226403827743858e-02 1.856937444201556308e-03 9.999982747108207004e-01 -4.856655483571707937e-05 -6.396938811542980663e-02 -2.364723123016937239e-04 4.900575225982291099e-05 9.999999708396404285e-01 -8.662295770139535889e-05
9.999997334282449968e-01 -5.368741271005259691e-04 4.948834312821303412e-04 -5.970665953905868878e-02 5.369399395004274909e-04 9.999998470215312185e-01 -1.328623932531773665e-04 -1.717733505660401852e-02 -4.948120251942184208e-04 1.331280805154684414e-04 9.999998687189782798e-01 1.147692366208237155e-02
9.999981470970447095e-01 1.644198731553562663e-03 1.001205777270139331e-03 -9.464124792548342380e-02 -1.644260846208633583e-03 9.999986463282812821e-01 6.121988706418202174e-05 2.407736812520410927e-02 -1.001103764305537195e-03 -6.286601708823553460e-05 9.999994969194319072e-01 1.993935869932603883e-02
9.999991644648452693e-01 6.985459799895934498e-04 1.087705440402126451e-03 -5.408648625730420878e-02 -6.996270464017556763e-04 9.999992614085005949e-01 9.938332099293863305e-04 1.750677114022020087e-04 -1.087010398838558116e-03 -9.945933676914252633e-04 9.999989145956238445e-01 2.287381400638850357e-02
9.999988992374710950e-01 -1.377190823409493291e-03 5.521496917805512883e-04 -4.751068921772660936e-02 1.376558416951891798e-03 9.999983980575390952e-01 1.144101953641878588e-03 -8.638345790706216179e-03 -5.537244539801156658e-04 -1.143340627951680956e-03 9.999991930803932005e-01 1.670848760025018392e-02
9.999971307781019281e-01 -2.334135437099227241e-03 5.387460673302452152e-04 -7.555362811181443039e-02 2.333764668652326974e-03 9.999970402241717959e-01 6.878120146332598753e-04 -9.087193256520622806e-03 -5.403499191600756070e-04 -6.865527346106549628e-04 9.999996183335808642e-01 1.597751423794648018e-02
9.999993610424638968e-01 -6.845164356398372773e-04 8.996398797335162156e-04 -7.540986793549950273e-02 6.840478978506280656e-04 9.999996303132056008e-01 5.210104850184457898e-04 -5.795233045722309080e-03 -8.999961873886688389e-04 -5.203947553463157466e-04 9.999994595979346812e-01 2.654397078434578977e-02
9.999998416009444613e-01 2.028186037157275648e-04 5.250359034162740577e-04 -3.730690221667984363e-02 -2.029962010586908205e-04 9.999999221977420305e-01 3.382263329928266826e-04 8.042148000002970545e-03 -5.249672639746977764e-04 -3.383328597119079450e-04 9.999998049701048775e-01 1.162162799033027161e-02
9.999999813020293837e-01 -1.874589409790893457e-04 4.748774936126726008e-05 -1.057070808278921283e-02 1.874380134635448441e-04 9.999998854949608829e-01 4.403147241723908627e-04 7.786974541290341001e-03 -4.757028485557151756e-05 -4.403058149299949524e-04 9.999999019339238515e-01 -3.885580996052091091e-03
9.999997061472071236e-01 -7.625093386304448387e-04 7.927804228639538230e-05 -9.768771790440486380e-03 7.624824013754351489e-04 9.999996517619479386e-01 3.392588546633856870e-04 4.290969318687275734e-03 -7.953670272365825401e-05 -3.391983068591648961e-04 9.999999393092089406e-01 -5.923904686643843148e-03
9.999995849433277462e-01 -9.110151196901581120e-04 -1.283058522537659646e-05 -9.199470648918559035e-03 9.110182738472147454e-04 9.999995542685140570e-01 2.480090277008436162e-04 -8.422008363678809215e-03 1.260463953232565646e-05 -2.480206136606463870e-04 9.999999691634486876e-01 -4.495942675592432859e-03
9.999999664985899095e-01 -1.211003132614227589e-04 2.287739784309744380e-04 -1.304830462394875046e-02 1.211079447651382918e-04 9.999999921104979483e-01 -3.334470949051405981e-05 -1.742325253536364943e-02 -2.287699385712967505e-04 3.337241471976278847e-05 9.999999732752982151e-01 4.354408437945316013e-03
9.999999374169197264e-01 -3.471346530561928638e-04 6.829120940139490610e-05 1.462133512483121400e-02 3.471415676763894864e-04 9.999999346189425431e-01 -1.012661966202441636e-04 -3.377921413163352538e-02 -6.825605193041333024e-05 1.012898970001837646e-04 9.999999925407340173e-01 7.791070285903013704e-04
9.999996998577238561e-01 -7.207222781427400976e-04 -2.843305468953827774e-04 3.837206867937401067e-02 7.207530041952670474e-04 9.999997344280140421e-01 1.079768883850521790e-04 -3.650175587217396184e-02 2.842526500361710782e-04 -1.081817880724824613e-04 9.999999537485647627e-01 -1.143282445742638959e-02
9.999997652078760346e-01 -5.304374991141486964e-04 -4.338435804948638204e-04 3.072965382697707276e-02 5.303031821020943440e-04 9.999998114463735099e-01 -3.096542468080426178e-04 -5.942827508819739646e-02 4.340077509163502937e-04 3.094241054723933355e-04 9.999998579469874249e-01 -2.953956779240199740e-02
9.999893211920044545e-01 4.616034495705974294e-03 -2.229966112289383034e-04 1.429737492489610746e-02 -4.616159581981865365e-03 9.999891865902695853e-01 -5.637137967147595697e-04 -7.217033254556656785e-02 2.203920775438718770e-04 5.647371648670340303e-04 9.999998162496165355e-01 -2.230480562034932793e-02
9.999817917852694693e-01 6.033004531787455015e-03 -1.376744038444643902e-04 -9.388571007327997653e-03 -6.033068446973421754e-03 9.999816910564599537e-01 -4.686544321080043148e-04 -6.592977063163114881e-02 1.348444888588276169e-04 4.694764978492600022e-04 9.999998807043837257e-01 -1.536511855860684360e-02
9.999849460228831255e-01 5.487040664094630302e-03 1.060009751207932191e-05 -1.358931001953674403e-02 -5.487038879452789744e-03 9.999849330263957947e-01 -1.616308452238613964e-04 -7.825198728506363444e-02 -1.148681282100521825e-05 1.615702488896412505e-04 9.999999868815537818e-01 -7.635743267197275981e-03
9.999905754751555742e-01 4.335441379806689345e-03 -2.300193674809634730e-04 2.570384665809477900e-02 -4.335414639058871901e-03 9.999905952449333890e-01 1.166258598393473756e-04 -8.838726289057992347e-02 2.305228287838547634e-04 -1.156275313629897780e-04 9.999999667447491136e-01 -1.294441857553388711e-02
9.999876830902282299e-01 4.948094399052976530e-03 -3.873366176894340587e-04 3.769537218891438890e-02 -4.948114956478824947e-03 9.999877566452877176e-01 -5.213350440889605726e-05 -7.396585706927384651e-02 3.870739138886619430e-04 5.404944839640717997e-05 9.999999236262182567e-01 -2.058253138845819036e-02
9.999814845175998279e-01 6.065143576888633488e-03 -4.946264943469111343e-04 6.902031632617633417e-02 -6.065314717028628781e-03 9.999815462145439371e-01 -3.452357938362517220e-04 -6.885819057055465875e-02 4.925234619582056573e-04 3.482294669845816221e-04 9.999998180784223090e-01 -2.570613458470341617e-02
9.999315867239433331e-01 1.168895767529405660e-02 -4.360506877290730725e-04 1.051653115230934549e-01 -1.168904189038754912e-02 9.999316625580284557e-01 -1.910853783617755491e-04 -7.347830730202728478e-02 4.337873002404653961e-04 1.961693203402327184e-04 9.999998866730814839e-01 -3.313616235217239220e-02
9.999093251307293873e-01 1.345512927515156443e-02 -5.486463326272606605e-04 8.319875056672995650e-02 -1.345510204778890828e-02 9.999094745972393339e-01 5.328748830351395647e-05 -3.108007929635610983e-02 5.493136562408982692e-04 -4.590056407383334849e-05 9.999998480738111484e-01 -5.158274140449568834e-02
9.999334197076513719e-01 1.151775983430379340e-02 -7.052376630125561496e-04 7.585582205600358008e-02 -1.151788054787596279e-02 9.999336530106088805e-01 -1.673455826017827938e-04 -1.984202051092414515e-02 7.032634263870710285e-04 1.754572838444117444e-04 9.999997373176128246e-01 -6.190782151259001387e-02
9.999566306068955468e-01 9.272715273193010699e-03 -8.681340720456798667e-04 9.596732050594426744e-02 -9.272772630107749270e-03 9.999570049934071170e-01 -6.206742646578013037e-05 -1.539313917466350601e-02 8.675212130421716900e-04 7.011474450169193117e-05 9.999996212453620137e-01 -6.255915800997512155e-02
9.999978166874491370e-01 -1.924523328276641363e-03 -8.141439023247571500e-04 1.335906257727277890e-01 1.925189673456115204e-03 9.999978118727619325e-01 8.184707748948995103e-04 -9.949712939425108330e-03 8.125669547745108896e-04 -8.200363693508471146e-04 9.999993336374264352e-01 -4.751649771870339323e-02
9.997131052838892362e-01 -2.394284438523386349e-02 -6.688246317010847165e-04 1.744869520331782387e-01 2.394341661512168484e-02 9.997129444645530549e-01 8.610869922161502269e-04 3.873130243770929459e-02 6.480157700315313180e-04 -8.768538977072461334e-04 9.999994056012252441e-01 -2.656173474902724305e-02
9.986110314666492016e-01 -5.267954704681477446e-02 -9.344281981310595788e-04 1.983804070703154843e-01 5.268112376808497394e-02 9.986098491563454305e-01 1.751675333124728604e-03 6.569102671491908185e-02 8.408517388610040532e-04 -1.798469038764502481e-03 9.999980292367929291e-01 -3.282659116649565278e-02
9.979661893829151476e-01 -6.372730819224002585e-02 -1.521525259302484567e-03 2.209297914114171091e-01 6.373210584003423385e-02 9.979614337632402021e-01 3.345953737357681024e-03 2.709042185824548504e-02 1.305194904262923193e-03 -3.436118709986519821e-03 9.999932447544197522e-01 -7.284291950187843367e-02
9.977333110322323950e-01 -6.727486439041834021e-02 -1.527310678764894590e-03 2.223885438194871111e-01 6.727756219890686229e-02 9.977326931546363076e-01 1.789590726538623075e-03 -2.557563757326351481e-03 1.403453323365697752e-03 -1.888288020169618482e-03 9.999972323397310348e-01 -6.044741598263441568e-02
9.969723851942542403e-01 -7.774772686963972446e-02 -1.163669490679233344e-03 2.608597024794619412e-01 7.774665003295670729e-02 9.969727016324079205e-01 -9.437205256977162582e-04 -6.468508103054965153e-02 1.233518841602902240e-03 8.503918988157602469e-04 9.999988776318130546e-01 -9.222098230318311052e-03
9.966777425888440067e-01 -8.141762510322161916e-02 -2.155864225167525208e-03 3.261366857119015195e-01 8.141022761508293071e-02 9.966751430395621725e-01 -3.321759583200887406e-03 -2.019780843322476205e-01 2.419146061420801661e-03 3.135214445529417061e-03 9.999921590506167801e-01 -3.500988325983627608e-02
9.959502275906415569e-01 -8.988781279478945396e-02 -1.823533141533034436e-03 3.807771189655052568e-01 8.975620400418733713e-02 9.952544360148336544e-01 -3.758232876704181019e-02 -1.726456058722740383e-01 5.193072780934901780e-03 3.726645547626176308e-02 9.992918709222684548e-01 -6.175411509998102871e-02
9.957577682126104168e-01 -9.160864685338235280e-02 -8.621071043299462222e-03 3.892556063533997301e-01 9.088125543888364577e-02 9.938318988136025656e-01 -6.355119440578307910e-02 -7.315626273340057606e-02 1.438973433019929971e-02 6.249810174910542387e-02 9.979413423762264479e-01 -1.143446664058316020e-02
9.987521178848675074e-01 -4.818967753385260122e-02 -1.311342821976588940e-02 4.742929301390649277e-01 4.727922871552815709e-02 9.969180662257620673e-01 -6.260226645059949191e-02 -7.843301276854569570e-02 1.608979653558205783e-02 6.190415342988205699e-02 9.979524007865170354e-01 3.695838720931481081e-03
9.992002419118289902e-01 -3.848107837849148311e-02 -1.086660803428505205e-02 7.080370530359942904e-01 3.786666395076285913e-02 9.979291668871300702e-01 -5.199513089894522433e-02 -8.791151549819883892e-02 1.284493380996531119e-02 5.154206517774434504e-02 9.985882150279117297e-01 -3.984634071405242228e-02
9.982995413176828370e-01 -5.794236571558615545e-02 -6.380286841935582653e-03 7.672234933033457160e-01 5.759160178186858992e-02 9.972921375175555214e-01 -4.573401195897734001e-02 -3.037453371915225381e-02 9.012946749137128177e-03 4.528879222220965478e-02 9.989332770960984709e-01 -6.216804237968568542e-02
9.981529668200641581e-01 -6.073239950449070557e-02 1.493478734656474450e-03 7.253164772797316973e-01 6.074791871169091251e-02 9.975668767532128722e-01 -3.420550799269043984e-02 8.793507309966606955e-03 5.875376598375264782e-04 3.423305500926193679e-02 9.994137045009093834e-01 -7.745051746751080435e-03
9.976981535092730446e-01 -6.775884640020832239e-02 2.670808622878589628e-03 7.571936995677742699e-01 6.777830945851356925e-02 9.976680582184616064e-01 -8.034076023432789801e-03 -1.122173682530074740e-02 -2.120200729421027521e-03 8.196605707077949179e-03 9.999641595596062693e-01 -8.773836602833866294e-03
9.955513622716921640e-01 -9.420614313066108525e-02 -1.639413133796120605e-03 8.662982017644103028e-01 9.421645186268895467e-02 9.955182901813681706e-01 8.160521599189469316e-03 1.053461902550035210e-02 8.632944940634981398e-04 -8.278678083524008274e-03 9.999653585058864147e-01 6.671224061228676894e-02
9.852660456758595142e-01 -1.686447796863727866e-01 -2.845623873230272716e-02 1.003457768074309975e+00 1.691315810055466773e-01 9.854692062307592870e-01 1.565093854953730074e-02 7.476993870250091268e-02 2.540329791226367956e-02 -2.023318698208412258e-02 9.994725061749967221e-01 8.125092623190514896e-02
9.728852372114222824e-01 -2.265659084190986827e-01 -4.649950922647778928e-02 1.056905493146261144e+00 2.276291693352986978e-01 9.735636708526350658e-01 1.894043462183248039e-02 9.447947988792027019e-02 4.097897611942766249e-02 -2.901151388967112416e-02 9.987387323910257297e-01 5.071114411043811665e-03
9.630212129320755432e-01 -2.666756867310769441e-01 -3.839559283749394147e-02 1.150738813896254653e+00 2.676825378385492837e-01 9.632095777622352584e-01 2.394510896634426123e-02 8.816669698592388693e-02 3.059742438748291882e-02 -3.333747761311556951e-02 9.989756804883926922e-01 -4.545302941964785709e-02
9.569717226414731215e-01 -2.888725397854173815e-01 -2.752776457567857743e-02 1.322828417120847311e+00 2.896003892403243851e-01 9.567482433527207952e-01 2.764802693386039442e-02 1.167414305172036620e-01 1.835038464076785975e-02 -3.443043129856675905e-02 9.992386145381545459e-01 -8.291346803878386906e-02
9.527152566410287404e-01 -3.034623336363642676e-01 -1.562855807138482586e-02 1.402857899177882395e+00 3.036906743356097560e-01 9.526494793963704577e-01 1.519683280841335922e-02 1.505311722546571473e-01 1.027687136249791702e-02 -1.922450180879043541e-02 9.997623739895408201e-01 -4.863036601763107147e-02
9.498853165986261837e-01 -3.124124320962970991e-01 -1.078691716869211413e-02 1.384455545632310436e+00 3.123415605868254952e-01 9.499380953463516519e-01 -7.769462010465224590e-03 2.116659223088431241e-01 1.267418007265547382e-02 4.010895339221643395e-03 9.999116350348483673e-01 8.333712012238488065e-02
9.552480218855247118e-01 -2.947422295485764843e-01 -2.506461259478027712e-02 1.392816020343028649e+00 2.943615209964347001e-01 9.555282729904225336e-01 -1.780490024139751506e-02 2.411700466212072513e-01 2.919780197990387918e-02 9.630038248878161622e-03 9.995272636215919437e-01 1.910615197236184559e-01
9.599261823260828441e-01 -2.766415512178976299e-01 -4.484614392149389311e-02 1.663185040741571807e+00 2.766751794657497654e-01 9.609473024516772544e-01 -5.579155710315425107e-03 2.734920440526063534e-01 4.463820731690709004e-02 -7.052237276220315113e-03 9.989783262898813687e-01 1.168995002657654825e-01
9.549366600171885766e-01 -2.929202457318797470e-01 -4.789264030716591097e-02 1.915030190925845144e+00 2.940403345591014461e-01 9.556206656413054334e-01 1.815007029297745905e-02 3.159145797384003695e-01 4.045067375938365267e-02 -3.141453548349085884e-02 9.986875737450469082e-01 -4.746643574335918103e-02
9.450422422012512147e-01 -3.248760010816422183e-01 -3.675247442598124359e-02 2.006925937962984463e+00 3.259874911263613284e-01 9.449042903907800550e-01 2.979996023884847606e-02 3.366487175008535115e-01 2.504627885279806648e-02 -4.014306817244087805e-02 9.988799817762545885e-01 -1.368067761493764745e-01
9.228823329217010762e-01 -3.844862270931237447e-01 -2.141356478247661427e-02 1.979848512665636662e+00 3.849296550768306346e-01 9.226540224780743760e-01 2.321024445070045752e-02 3.840833262242305257e-01 1.083329236338794778e-02 -2.966304065202949800e-02 9.995012475209049674e-01 -2.617557193922045999e-02
8.980921626941367197e-01 -4.394902126836230383e-01 -1.669791192550792308e-02 1.968626531113554234e+00 4.397439536570005303e-01 8.979597726809223079e-01 1.713189624461119998e-02 4.568301782029779434e-01 7.464752472657217898e-03 -2.272882755731366056e-02 9.997137979783973227e-01 9.870928606452880616e-02
8.581411291952039111e-01 -5.132230781095957761e-01 -1.399551639961976214e-02 2.107190540865719441e+00 5.133938136238037631e-01 8.575477681696024312e-01 3.222758818374079487e-02 5.034641955165326532e-01 -4.538118154832895476e-03 -3.484103045326861908e-02 9.993825634263223678e-01 9.204818194141133059e-02
8.331593163062913643e-01 -5.529615682221546979e-01 -8.891440902834710225e-03 2.246872950513481015e+00 5.526470812044854686e-01 8.318696661662012826e-01 5.073521606040171800e-02 5.009939435895414128e-01 -2.065810466127195738e-02 -4.718434678819004996e-02 9.986725590152037979e-01 -1.536098883648817637e-02
8.111377521671200297e-01 -5.848497016441536189e-01 2.524578383852321001e-03 2.358033114567844368e+00 5.838745214057619037e-01 8.100200326671322948e-01 5.438832532014988008e-02 5.535857092067786311e-01 -3.385395490137362018e-02 -4.264238694869733337e-02 9.985166681497377184e-01 -1.511901244595646732e-02
8.081656993674763978e-01 -5.889397124964080854e-01 4.268185858886610132e-03 2.410187330180590948e+00 5.880690727856167088e-01 8.073259798547052224e-01 4.898497611212160319e-02 6.261852165388874791e-01 -3.229501507884394162e-02 -3.707798937763975844e-02 9.987903957812013234e-01 3.995393805444975854e-02
8.046927652298488942e-01 -5.936193858460333539e-01 -9.250855880276088669e-03 2.546488768026493155e+00 5.936566765926808431e-01 8.043792496492440103e-01 2.336178654667828494e-02 7.142870770962312932e-01 -6.426812870515505663e-03 -2.429089297447859300e-02 9.996842744561054150e-01 7.692271955090689006e-02
8.068375607319852039e-01 -5.899496460700272005e-01 -3.118598553693190806e-02 2.557454891171185185e+00 5.902421470143549564e-01 8.072262145960609203e-01 2.153062910295443916e-04 7.424959553218619668e-01 2.504712518323551351e-02 -1.858100026274183553e-02 9.995135756703313890e-01 7.335499915961649076e-02
8.321401156534264931e-01 -5.512256221614566520e-01 -6.077122175024073092e-02 2.674124220159596277e+00 5.510151525982855958e-01 8.342133751805000941e-01 -2.168746820277329609e-02 7.932507949349378862e-01 6.265085416329145562e-02 -1.543885172780736122e-02 9.979160848137165196e-01 9.196361204545877577e-02
8.323740638499919076e-01 -5.490049908147329738e-01 -7.580856079866336861e-02 2.913274568486665661e+00 5.496752314903310399e-01 8.352677775914318925e-01 -1.359704392584710174e-02 9.013458215199532386e-01 7.078529307632171197e-02 -3.035226149704991355e-02 9.970296798521666171e-01 1.323902738794785483e-01
8.334250953738128187e-01 -5.476957757425808815e-01 -7.370174784144313540e-02 2.993635804437978720e+00 5.494263160197168094e-01 8.355330510092725538e-01 3.904348362880723927e-03 9.553363216336806518e-01 5.944185113329981951e-02 -4.374766170744467941e-02 9.972726850911828311e-01 6.439323029423073275e-02
8.164323435510587590e-01 -5.722259619275902320e-01 -7.743175640375178637e-02 3.085246670547499903e+00 5.742040787204263363e-01 8.187020196392766902e-01 4.083995518574686651e-03 9.946706619195233579e-01 6.105656708784372444e-02 -4.779593638180272552e-02 9.969892898526213632e-01 2.537935315072868681e-03
7.930901981353177810e-01 -6.029448347529506869e-01 -8.640291584442828798e-02 3.063759156074858492e+00 6.045589858992042043e-01 7.965090599966121454e-01 -9.041565784716792953e-03 1.033331632387321397e+00 7.427227066818596624e-02 -4.506488198198727729e-02 9.962192460606958955e-01 3.796452542497355531e-02
7.688192542765660553e-01 -6.320188764134546666e-01 -9.730927042527448556e-02 3.147219758940020373e+00 6.340168574103346444e-01 7.732139807413254129e-01 -1.275791933179748830e-02 1.086588347348670602e+00 8.330413419001675424e-02 -5.188718380513181183e-02 9.951724179174300522e-01 1.524566798672652990e-01
7.447928235655089102e-01 -6.571864309302296592e-01 -1.157136334513067938e-01 3.220485331750688740e+00 6.619157074216602821e-01 7.495710025786412878e-01 3.302780909125321851e-03 1.168455987562246889e+00 8.456504144030087267e-02 -7.905255906317812387e-02 9.932771248104744766e-01 1.388966408851166900e-01
7.416863267155544559e-01 -6.611022394130590119e-01 -1.133367628187178511e-01 3.387193303797811694e+00 6.676303048081972946e-01 7.438947931923056700e-01 2.983810924121135799e-02 1.219196949360167093e+00 6.458458689889920445e-02 -9.779757514588643952e-02 9.931084862343505515e-01 7.500495154760115912e-02
7.233218485342338688e-01 -6.837747807671769040e-01 -9.621617649760369484e-02 3.538873578708771728e+00 6.894284181474265027e-01 7.229421635377817346e-01 4.520049148016475060e-02 1.330679540426066731e+00 3.865177465209237995e-02 -9.902866941502516673e-02 9.943336275869048002e-01 9.314890631627874285e-03
7.170340789206880450e-01 -6.929716892195302291e-01 -7.518222932709212047e-02 3.611002184426291617e+00 6.966216851466470183e-01 7.161529055614472838e-01 4.293301339695226870e-02 1.377394211435116755e+00 2.409060916221334586e-02 -8.315800500329378897e-02 9.962451449086543454e-01 -9.716305180903980765e-04
7.148862088743734855e-01 -6.963374193088333053e-01 -6.365459002726850390e-02 3.641199163434518660e+00 6.987016620707916514e-01 7.149430976915986946e-01 2.592979912483637031e-02 1.448839832749025502e+00 2.745352037059909170e-02 -6.301242364371566207e-02 9.976350729028155007e-01 7.659957871679753949e-02
7.137723756258083085e-01 -6.976554865804890371e-01 -6.169131087625730203e-02 3.730942712878349443e+00 6.994279320459243499e-01 7.146196111878871937e-01 1.092607796213832666e-02 1.531759310795405504e+00 3.646318235497010563e-02 -5.094735861469114335e-02 9.980354718058542796e-01 1.336214247067117333e-01
7.228704976694233508e-01 -6.881608251191050352e-01 -6.239328786458292475e-02 3.787778513829436644e+00 6.900050178276130319e-01 7.237018006615147936e-01 1.219750351492129847e-02 1.627165533255341190e+00 3.676029069356948065e-02 -5.186889714148062991e-02 9.979771032130200226e-01 1.468229535808926178e-01
7.306574729826236236e-01 -6.806433209756365121e-01 -5.351940569460272856e-02 3.990181790307639975e+00 6.825037954611844482e-01 7.302327421517939010e-01 3.080116021434047002e-02 1.709451873600899896e+00 1.811701840051274659e-02 -5.903229540453622248e-02 9.980916599909784859e-01 1.143377463509088615e-01
7.188433880094313722e-01 -6.943984084234550158e-01 -3.278770949753669756e-02 4.104744098726147428e+00 6.950809507732119696e-01 7.171857487066662928e-01 5.007068727575399170e-02 1.808083659457870862e+00 -1.125412756858457791e-02 -5.878309477248740145e-02 9.982073393747608048e-01 4.319406693511613354e-02
7.106885997674762256e-01 -7.033184422514588974e-01 -1.627522502226319903e-02 4.141303002825961421e+00 7.029276078510278136e-01 7.089750200195408247e-01 5.698420052192928326e-02 1.875983309096037610e+00 -2.853931115804648685e-02 -5.193832666993567632e-02 9.982424144171351266e-01 5.047089337188383207e-02
6.924212371376867736e-01 -7.212851535385393920e-01 -1.733659844379098480e-02 4.186457385084742633e+00 7.208538748539090601e-01 6.905961149036259350e-01 5.870857848834959425e-02 1.943609352366425735e+00 -3.037303851807230531e-02 -5.314822071249099278e-02 9.981246140469014483e-01 9.036136709622019647e-02
6.632286539927126912e-01 -7.476633348121994871e-01 -3.357514408778607129e-02 4.342546515339829938e+00 7.480470930000271412e-01 6.608236287012969612e-01 6.113655538431357617e-02 2.021758754295025273e+00 -2.352231232730692123e-02 -6.566330426921464236e-02 9.975645499391130322e-01 1.005459008661021419e-01
6.472947471641813388e-01 -7.613352772293301429e-01 -3.712284929524726357e-02 4.401427872511717077e+00 7.616388523734226590e-01 6.440833782138140062e-01 7.115378039132529142e-02 2.083250773889365970e+00 -3.026167293713935211e-02 -7.433167262224223137e-02 9.967743142739109441e-01 6.011738546946125000e-02
6.404223678300371425e-01 -7.677698659092158096e-01 -1.971354318009208018e-02 4.516608927290536535e+00 7.666172663665140607e-01 6.374874084188220102e-01 7.686202583973025804e-02 2.195295925369480816e+00 -4.644521171985092900e-02 -6.433690316761397909e-02 9.968468313633239708e-01 7.201631986954096232e-02
6.352492509094299633e-01 -7.722971052809068926e-01 -3.945933823584015648e-03 4.580430380359821640e+00 7.705571634935308722e-01 6.334577645691026326e-01 7.051892154535085999e-02 2.295305799362757693e+00 -5.196197655798068249e-02 -4.783765966105908013e-02 9.975026372448047018e-01 9.748447797452830521e-02
6.418522558847350457e-01 -7.668042524094215162e-01 6.076191447349010150e-03 4.646839326071620313e+00 7.655786278905399866e-01 6.412383075737000393e-01 5.198843541841752930e-02 2.378877899671865137e+00 -4.376124007514702041e-02 -2.871709224216745932e-02 9.986292016961251239e-01 9.021828045615157277e-02
6.498243432917980567e-01 -7.598993030731354681e-01 1.677414839407029290e-02 4.725836925934769006e+00 7.588655143529295932e-01 6.498735679631711948e-01 4.227856180951789639e-02 2.484134600889584377e+00 -4.302852532038529271e-02 -1.474431591429314209e-02 9.989650400073930570e-01 1.197166735417532768e-01
6.740677384128732630e-01 -7.381318697407573959e-01 2.817848299621453917e-02 4.778433084555366861e+00 7.364609260219704412e-01 6.745108686250442798e-01 5.157899329717683529e-02 2.552861523655774789e+00 -5.707879180410383585e-02 -1.401538368015423780e-02 9.982712960645927502e-01 1.354293028702049928e-01
6.910913479021185690e-01 -7.222040709959598459e-01 2.853118805264330884e-02 4.899885296305949822e+00 7.198177375136149969e-01 6.912971872793747252e-01 6.301288455867933014e-02 2.670589592762508069e+00 -6.523169180400789635e-02 -2.301040409222909755e-02 9.976048053652805114e-01 1.206729044466407913e-01
6.824750774400651920e-01 -7.305423402786963560e-01 2.314428079034541036e-02 5.045841566654426735e+00 7.283485136163245777e-01 6.823914416846543762e-01 6.205129352745037546e-02 2.798482720108123267e+00 -6.112455632614217232e-02 -2.549135884303598693e-02 9.978045796839518644e-01 8.109286646879296234e-02
6.603310333275662636e-01 -7.507922080250557517e-01 1.655254643279583868e-02 5.100469085305777028e+00 7.490108629816196739e-01 6.600372355494734666e-01 5.773711824933882436e-02 2.849902888026835335e+00 -5.427387548423170949e-02 -2.572757386677004127e-02 9.981945894377769468e-01 5.013560598452473233e-02
6.403938614756301551e-01 -7.678752446229681894e-01 1.622685673653444238e-02 5.100126959154481554e+00 7.660738392674568686e-01 6.401196757418237127e-01 5.811775561909816867e-02 2.904503177326076546e+00 -5.501431608545234719e-02 -2.478728350181134965e-02 9.981778476815896806e-01 9.650774863403327464e-02
6.128520340751315576e-01 -7.901548251096535136e-01 8.230230003266603839e-03 5.205376422610298093e+00 7.880251735630339205e-01 6.119057533930765125e-01 6.773237627162963237e-02 3.018016816611508890e+00 -5.855518901791792463e-02 -3.502429614402254032e-02 9.976695788279262844e-01 1.403996564243477352e-01
5.939716945015278693e-01 -8.044554810054206362e-01 7.000372227329493269e-03 5.259727736710501311e+00 8.011091699968403423e-01 5.922525893089621851e-01 8.637689623854029330e-02 3.116584336677453049e+00 -7.363235618909265423e-02 -4.569736903988357024e-02 9.962379367324230017e-01 1.167551387344695768e-01
5.952818770099125301e-01 -8.035096160610144533e-01 3.432754147438661640e-03 5.340400029411370042e+00 7.997069542056844949e-01 5.928693923602459392e-01 9.473474018257641016e-02 3.209847423589256898e+00 -7.815544957725598096e-02 -5.364867659014538326e-02 9.954966324410660095e-01 8.666926413015571540e-02
6.017215091977046182e-01 -7.986554744923537452e-01 -8.981003965582264742e-03 5.453202458200798297e+00 7.960847459258930670e-01 5.987986025744691521e-01 8.768871568776173686e-02 3.321537026452706431e+00 -6.465526021092803111e-02 -5.991382660334843013e-02 9.961074393401552207e-01 9.720354820325480261e-02
6.131184362517803077e-01 -7.898396444894500990e-01 -1.546347700068872663e-02 5.498052589659986111e+00 7.886911332316078882e-01 6.108698893652159123e-01 6.931287491347622176e-02 3.433386489806474984e+00 -4.529988399558948498e-02 -5.469290867843989989e-02 9.974751156045337241e-01 1.138223498344021756e-01
6.368288043020625677e-01 -7.707666102623805804e-01 -1.918088933926191675e-02 5.606902308477375918e+00 7.704129522217523229e-01 6.351677044890406965e-01 5.500791055009061903e-02 3.481518477336829509e+00 -3.021517930063227081e-02 -4.980782748486853317e-02 9.983016694672348645e-01 1.190058642098215241e-01
6.521766086755866887e-01 -7.578802228888390502e-01 -1.682970143449639619e-02 5.683412371066991042e+00 7.575026177095225410e-01 6.506738231695831098e-01 5.304111617508577847e-02 3.577445295380138113e+00 -2.924816677386043659e-02 -4.734071815933597882e-02 9.984505000972890842e-01 1.277075230296346453e-01
6.804548014393523303e-01 -7.327309421390622024e-01 -9.307503969052780685e-03 5.746187719400081662e+00 7.315556182456184331e-01 6.785167938053486836e-01 6.664336379101025443e-02 3.639375293025598701e+00 -4.251635698649094963e-02 -5.215675369606635747e-02 9.977334475863205432e-01 1.482053830560025875e-01
6.864625593207136500e-01 -7.271627404384150006e-01 -1.871782292380028828e-03 5.870382673257728889e+00 7.250908012418181281e-01 6.843077630738113593e-01 7.724128009953457052e-02 3.770347652484546952e+00 -5.488610575868901886e-02 -5.438045894446669193e-02 9.970106725003675674e-01 9.554107915441134580e-02
6.844072523584933121e-01 -7.290988424335543838e-01 1.261301371096014423e-03 5.930470176250211445e+00 7.270349249900095456e-01 6.825979132229501589e-01 7.402909366218862752e-02 3.848688306613401888e+00 -5.483548817936229058e-02 -4.974903844020348714e-02 9.972552844735425026e-01 5.995565125796609163e-02
6.755558452512229195e-01 -7.373081452134738756e-01 -9.994742482374550929e-04 5.975880553599147937e+00 7.361932973101507072e-01 6.744585907659037538e-01 5.590204233907132558e-02 3.910474276165958774e+00 -4.054292715769271249e-02 -3.850075770602749692e-02 9.984357579301473828e-01 8.259537283172026234e-02
6.655424762454706933e-01 -7.463091481216020950e-01 -8.710209128138185833e-03 6.057331466397817721e+00 7.462068420405257863e-01 6.651242186808472567e-01 2.802003954491358653e-02 4.002323801619390942e+00 -1.511824080219835963e-02 -2.514814415023835723e-02 9.995694121174605318e-01 1.338841187250749409e-01
6.272876208739961434e-01 -7.786733680884083686e-01 -1.334265820951327682e-02 6.114544407060251707e+00 7.787875191663182761e-01 6.271846342977041022e-01 1.137692803996868778e-02 4.087479092440933215e+00 -4.906006656890237599e-04 -1.752770180911757125e-02 9.998462576717870309e-01 1.611096115078188284e-01
6.305754018326359400e-01 -7.761277504361245860e-01 -6.144970060789284663e-04 6.142862665402694766e+00 7.760005425577911620e-01 6.304573069511685279e-01 1.862101130159178955e-02 4.128317234836404559e+00 -1.406486948476800766e-02 -1.221880169414868433e-02 9.998264251016450999e-01 1.828590390319538850e-01
6.348823089712540835e-01 -7.725440198250881352e-01 1.000955482641025657e-02 6.264360758299879706e+00 7.719270568056233461e-01 6.348129645591800152e-01 3.378045291278845841e-02 4.265301610821198963e+00 -3.245108205802884477e-02 -1.371996574628047035e-02 9.993791521805845957e-01 1.536398662273652793e-01
6.466372996384729399e-01 -7.627888730005462081e-01 3.652114842179511600e-03 6.353781797211433435e+00 7.622450021351622196e-01 6.463436452103430430e-01 3.496353838175903644e-02 4.379890308910285412e+00 -2.903031925815441339e-02 -1.982492175931178935e-02 9.993819155062827475e-01 8.411130615277837008e-02
6.640112930343744502e-01 -7.477200153828302831e-01 -1.944561317694256351e-03 6.424474051353946003e+00 7.476240985428830310e-01 6.638794242045484850e-01 1.795320015425220378e-02 4.485459986784697151e+00 -1.213301284758718651e-02 -1.337492855073246605e-02 9.998369373480373579e-01 8.213976918370290148e-02
6.755786936938419363e-01 -7.372725705406708574e-01 -4.752405209303420426e-03 6.514003384426976240e+00 7.372470236871280225e-01 6.755950796807075331e-01 -6.173684126163085650e-03 4.591696232738952332e+00 7.762389541456748109e-03 6.671128613175165284e-04 9.999696496739473028e-01 1.226450761315777960e-01
6.977127658932624765e-01 -7.163714243833511075e-01 -2.979704103116545370e-03 6.565825131149045646e+00 7.163152662020596528e-01 6.977008789081253770e-01 -1.029188887919438994e-02 4.676324963903134346e+00 9.451757267614217112e-03 5.046374718341530528e-03 9.999425975458572369e-01 1.844065462933398014e-01
7.029084571649247826e-01 -7.112782645354136513e-01 1.712088057149838529e-03 6.702557388260677484e+00 7.112802326228895300e-01 7.029051022058703246e-01 -2.201811273305379762e-03 4.771880054524730852e+00 3.626650705148024099e-04 2.765446156647830521e-03 9.999961103832361031e-01 1.654369554423721911e-01
6.982818465758690030e-01 -7.157545447125969185e-01 9.894163221696675864e-03 6.765099635824638469e+00 7.157992044412676558e-01 6.983045295041672151e-01 -1.510958375354877568e-03 4.836834554714026346e+00 -5.827663669332516783e-03 8.137308967144608537e-03 9.999499100149619180e-01 1.102593140889964879e-01
6.923776493312852054e-01 -7.214910472556514964e-01 7.991209947633026722e-03 6.836510556591812282e+00 7.215328623921986040e-01 6.923040487030405199e-01 -1.026803961322876255e-02 4.920822230138177211e+00 1.875951653028576794e-03 1.287528171814051811e-02 9.999153503802579168e-01 1.301098660468107127e-01
6.859603431524368133e-01 -7.276347600020512951e-01 -2.462449785998617122e-03 6.880640895976189775e+00 7.276135945087663925e-01 6.859607725631832187e-01 -6.022922094242630191e-03 5.016100074907765993e+00 6.071631430156943995e-03 2.339773766459271771e-03 9.999788301511678412e-01 1.914535752617440023e-01
6.764507572921449885e-01 -7.364321232192527766e-01 -9.060951918354763143e-03 6.998886173588399373e+00 7.364049905515874794e-01 6.761388908248853191e-01 2.332145374564061763e-02 5.135617463488928003e+00 -1.104820571856770899e-02 -2.244834525921675372e-02 9.996869554743240682e-01 1.574521349937912096e-01
6.695228915760302879e-01 -7.426959188770932974e-01 -1.191090840286659035e-02 7.091331815633113322e+00 7.420266144673678399e-01 6.680200438674033236e-01 5.608675791565177760e-02 5.228211003292373427e+00 -3.369868065321850875e-02 -4.638957937622199823e-02 9.983548496639507164e-01 1.304535487619159217e-01
6.730802999569969192e-01 -7.393706200202829759e-01 -1.714631332449123580e-02 7.175995019949027665e+00 7.384071595774488461e-01 6.705426472863108556e-01 7.160603923573989615e-02 5.302306418426307566e+00 -4.144606729912080068e-02 -6.085757488668684656e-02 9.972856055736230019e-01 1.285721811942330817e-01
6.656911239031403360e-01 -7.457644276799684224e-01 -2.628204641467550562e-02 7.291844457998095663e+00 7.456227071111132254e-01 6.633214529460951248e-01 6.365083425829250185e-02 5.403771622807927777e+00 -3.003508276780876562e-02 -6.196828599090552225e-02 9.976260949546579271e-01 1.080897312680376143e-01
6.695739677576449944e-01 -7.423810680758683445e-01 -2.326051297407899857e-02 7.316625758387847789e+00 7.425218063340407459e-01 6.682757538465009528e-01 4.548498586703249302e-02 5.471574249507412446e+00 -1.822275554677439333e-02 -4.772700057015888397e-02 9.986941797151210887e-01 1.309714970410482127e-01
6.880211364873282109e-01 -7.254823233094879198e-01 -1.738718816120212590e-02 7.392069429681138892e+00 7.256511390844665454e-01 6.875361704972438037e-01 2.691539714366196490e-02 5.591428673968339425e+00 -7.572324088513507356e-03 -3.113539502644236540e-02 9.994864916968342339e-01 1.749884293959136083e-01
7.167551752472847149e-01 -6.970104268596315489e-01 -2.094000012388981188e-02 7.466500452013429268e+00 6.973178432894098222e-01 7.162895730050544696e-01 2.602062709549320813e-02 5.697463689786804508e+00 -3.137544651518189148e-03 -3.325225485874529902e-02 9.994420660350297192e-01 2.417038942448443972e-01
7.230654923150896529e-01 -6.902227830068889958e-01 -2.772730858489735190e-02 7.631037911205828195e+00 6.907126574964850274e-01 7.218545735123302887e-01 4.291852133374637890e-02 5.810233918627885075e+00 -9.608256724323119627e-03 -5.018450475552055368e-02 9.986937452919001368e-01 2.242742610811274129e-01
7.152584322862081123e-01 -6.983404815694561618e-01 -2.694340076560714989e-02 7.675629067039462683e+00 6.985479101740287300e-01 7.132552827254243777e-01 5.742576822100026179e-02 5.875084179371513393e+00 -2.088521570329173252e-02 -5.989552124838000424e-02 9.979861393323115060e-01 1.604076550485879493e-01
7.136852237965877199e-01 -7.000124925364584749e-01 -2.521728826240681939e-02 7.781275249605123179e+00 7.002627421703672139e-01 7.121466551438893067e-01 4.979190190591538390e-02 5.949373063975446740e+00 -1.689654587341837474e-02 -5.319447208371456959e-02 9.984412125294520601e-01 1.452565215164021983e-01
7.015975570379299198e-01 -7.120740901235572684e-01 -2.667129792710919850e-02 7.816731790332809737e+00 7.125046615407558681e-01 7.005183537106699498e-01 4.013905077584108833e-02 6.043593864534157589e+00 -9.898244344404970307e-03 -4.716488406855914167e-02 9.988380741990654510e-01 1.954819780563292753e-01
6.947426323340546439e-01 -7.183023412596669655e-01 -3.707318921309062792e-02 7.896207594132613750e+00 7.192408876228462145e-01 6.934423421664236420e-01 4.278158087594340769e-02 6.154205105225524441e+00 -5.021990546475382788e-03 -5.638674162979821075e-02 9.983963716777648489e-01 2.695233234505023390e-01
6.859060088418758028e-01 -7.265091672987863403e-01 -4.144124594450260962e-02 7.982431271355932445e+00 7.275417736830248616e-01 6.835032635552575897e-01 5.921364923284443832e-02 6.232189484201854590e+00 -1.469403214801259100e-02 -7.076523539236102833e-02 9.973847637091198814e-01 2.244968617370911024e-01
6.878447483238623317e-01 -7.251133774672187116e-01 -3.286627483249786319e-02 8.112878158023010045e+00 7.254180945148316351e-01 6.851471092280774222e-01 6.589405790266533725e-02 6.300142437281701646e+00 -2.526242968824071039e-02 -6.916667213688820759e-02 9.972852055012922934e-01 1.478726100257961307e-01
6.877031427755184723e-01 -7.256365236548382169e-01 -2.271613864185867762e-02 8.229661929739521042e+00 7.256596998982339786e-01 6.861051844444306935e-01 5.174626384656811490e-02 6.378945870353339487e+00 -2.196331851701202251e-02 -5.207025462387392806e-02 9.984018736075794820e-01 1.307740624070008462e-01
6.971784239424732021e-01 -7.166901275547931105e-01 -1.724836962102616750e-02 8.285396935287526077e+00 7.168859343334600398e-01 6.968276449147658980e-01 2.248978517868151575e-02 6.451038882226568738e+00 -4.099066226750089359e-03 -2.804450655717618049e-02 9.995982709609061434e-01 1.746264145282982461e-01
7.071151054351069165e-01 -7.069530345185751630e-01 -1.433996689243233376e-02 8.347446360133170984e+00 7.069523446374753606e-01 7.072358473771658272e-01 -5.986534580086299261e-03 6.551605721894900647e+00 1.437393742417227872e-02 -5.904504185840170165e-03 9.998792560870763957e-01 2.448204841442627733e-01
7.349391690809330413e-01 -6.779453534268985448e-01 -1.595354247512260557e-02 8.411246572680541433e+00 6.780784780444121251e-01 7.349750687770847390e-01 4.607156291390585544e-03 6.608307104077010052e+00 8.602055777631630040e-03 -1.420373341756860780e-02 9.998621197912246350e-01 2.536657441303737381e-01
