1.000000000000000000e+00 0.000000000000000000e+00 0.000000000000000000e+00 0.000000000000000000e+00 0.000000000000000000e+00 1.000000000000000000e+00 0.000000000000000000e+00 0.000000000000000000e+00 0.000000000000000000e+00 0.000000000000000000e+00 1.000000000000000000e+00 0.000000000000000000e+00
9.999989235062088921e-01 -1.439159285669849722e-03 -2.860191844796344633e-04 1.475655534309892533e-02 1.439320177654054888e-03 9.999988056292173910e-01 5.631141668545808004e-04 -4.683721251069811187e-02 2.852084318845562322e-04 -5.635252338490941105e-04 9.999998005477107599e-01 -1.266816690462629208e-02
9.999946995766362257e-01 -3.252054870307952757e-03 -1.579802317377755909e-04 1.276259661696950432e-02 3.252113448983346648e-03 9.999946426851087367e-01 3.719666607960101369e-04 -9.278372598450347619e-02 1.567697293970937115e-04 -3.724784588515386136e-04 9.999999183415214654e-01 -1.894129558562721027e-02
9.999951634843688986e-01 -3.082125576109846690e-03 -4.165450798110196542e-04 1.104852708819715167e-02 3.082286933955725745e-03 9.999951747465070095e-01 3.872866634708191152e-04 -9.930877929320389153e-02 4.153494037446486321e-04 -3.885687018097225840e-04 9.999998382496052551e-01 -2.054872912098388432e-02
9.999982488527648927e-01 -1.862286781031756737e-03 1.848765776485576998e-04 -1.921110310940203625e-02 1.862302978825418646e-03 9.999982620858660631e-01 -8.748064072408574907e-05 -6.689770987555182513e-02 -1.847133423081237459e-04 8.782478373387356708e-05 9.999999790838940417e-01 -1.488047386095699837e-03
9.999997105248137341e-01 -4.943552043653511724e-04 5.784144022081290750e-04 -5.537321053518756697e-02 4.944649056565417460e-04 9.999998597912158615e-01 -1.895310151225374439e-04 -1.800083124531554751e-02 -5.783206254656344776e-04 1.898169658808297852e-04 9.999998147573696539e-01 1.117323722203887593e-02
9.999978946861403095e-01 1.817681196616800126e-03 9.521860923858514042e-04 -9.409080826413269982e-02 -1.817729100020535607e-03 9.999983467066455578e-01 4.944587417050061982e-05 2.635128577929399252e-02 -9.520946413071826060e-04 -5.117658644018102925e-05 9.999995454482721868e-01 1.850300530132330951e-02
9.999990976924207908e-01 8.534729012627051761e-04 1.037399802871112955e-03 -5.618502944230598095e-02 -8.546218214114454422e-04 9.999990214639590258e-01 1.107561586003318532e-03 -4.318629315057415097e-03 -1.036453513937883684e-03 -1.108447171151166625e-03 9.999988485538281457e-01 2.189067573706530989e-02
9.999991262187325480e-01 -1.165514050933719788e-03 6.238098816607460552e-04 -5.421713075987413810e-02 1.164684447748182746e-03 9.999984391481270274e-01 1.328612602278639136e-03 -1.060863672531318219e-02 -6.253574246421272301e-04 -1.327884899694313503e-03 9.999989228243121309e-01 1.705482291562909064e-02
9.999974102595119430e-01 -2.195893582975536312e-03 5.979344793092038158e-04 -7.804389016447943472e-02 2.195496508327640737e-03 9.999973694953713244e-01 6.639257637710691733e-04 -6.626840541468826534e-03 -5.993908167640254374e-04 -6.626112813141055982e-04 9.999996008383896795e-01 1.658606597769501922e-02
9.999995255718517884e-01 -6.202409874198291538e-04 7.511039800052414896e-04 -6.898426898855603007e-02 6.198862445304468291e-04 9.999996962725655747e-01 4.724360489462876844e-04 -4.802497622562264951e-03 -7.513967760758478867e-04 -4.719702257839104983e-04 9.999996063234179999e-01 2.377746103894580465e-02
9.999998385696838854e-01 3.404090111766694122e-04 4.549530869441898231e-04 -3.658179955905929009e-02 -3.405421982856716751e-04 9.999998991777698798e-01 2.927037089861097901e-04 1.155638073970940288e-02 -4.548534020946612411e-04 -2.928585924592023645e-04 9.999998536711030006e-01 1.042509499035746898e-02
9.999999794978460255e-01 -1.470559369083856115e-04 1.392079702766068597e-04 -1.209700174067111257e-02 1.469955528437827679e-04 9.999998951571389405e-01 4.336796265559618099e-04 5.647086491064219615e-03 -1.392717308454462298e-04 -4.336591547120442584e-04 9.999998962715558326e-01 -2.010990149995563539e-03
9.999998221168071577e-01 -5.778563412116308542e-04 1.478120528887608490e-04 -1.089801912475432157e-02 5.778006119968757612e-04 9.999997620867939752e-01 3.767927921280883087e-04 3.667134920815214288e-03 -1.480297498265754929e-04 -3.767073192083637313e-04 9.999999180893910378e-01 -5.049249299448473408e-03
9.999998772235427769e-01 -4.917021550373235853e-04 6.149707343816160951e-05 -1.254255899342812501e-02 4.916838526041623220e-04 9.999998349368044437e-01 2.972765598711653973e-04 -6.300589215640050623e-03 -6.164323481238887209e-05 -2.972462862546105980e-04 9.999999539223773937e-01 -3.479268258505086898e-03
9.999999516818764977e-01 1.778116920394705108e-04 2.549887188563683578e-04 -1.523459141080769561e-02 -1.777990740796739778e-04 9.999999829683126062e-01 -4.950619908828436812e-05 -1.434649327437922083e-02 -2.549975172945065718e-04 4.946085993812430077e-05 9.999999662649441401e-01 4.063180608774231983e-03
9.999999934895785758e-01 -7.395962227925683818e-05 8.689543786432861743e-05 1.112942296451848584e-02 7.397601658427386899e-05 9.999999794638962936e-01 -1.886789761053194413e-04 -2.591331713340663812e-02 -8.688148145403009649e-05 1.886854030552923619e-04 9.999999784247132206e-01 8.388550227125413788e-04
9.999997813411406478e-01 -5.854483230849127961e-04 -3.075189944361872104e-04 3.925450705583889005e-02 5.854679716605070425e-04 9.999998265778990980e-01 6.380772527388968646e-05 -3.490171870937672227e-02 3.074815849798356415e-04 -6.398775384368488581e-05 9.999999506803198823e-01 -1.228967963257372037e-02
9.999998712700096659e-01 -2.655212492330524441e-04 -4.323868989539549393e-04 3.020411656545354123e-02 2.653863717265192456e-04 9.999999161240826773e-01 -3.119645835854002974e-04 -5.839746470667452755e-02 4.324696959130571567e-04 3.118497938359070048e-04 9.999998578598240373e-01 -3.124654731671532015e-02
9.999884481585026297e-01 4.801377425622626455e-03 -2.243309306807338838e-04 1.470631892846363531e-02 -4.801529080319765289e-03 9.999882410802950483e-01 -6.804554566558616195e-04 -7.005615124992117804e-02 2.210611693226035082e-04 6.815247276295591196e-04 9.999997433279695924e-01 -2.470950984329753006e-02
9.999822680775465322e-01 5.954555932018436651e-03 -8.242656282940282104e-05 -4.559832368108615412e-03 -5.954589485580084537e-03 9.999821859909362454e-01 -4.129949717917839489e-04 -7.074971276216018845e-02 7.996589282268894692e-05 4.134784649413269760e-04 9.999999113205035872e-01 -1.311293460172636635e-02
9.999841601427472693e-01 5.628242027872726143e-03 -4.853122699091122906e-05 -1.350573212169471453e-02 -5.628252750465128663e-03 9.999841362363333097e-01 -2.237110890392888813e-04 -7.383473432882521614e-02 4.727135694956368587e-05 2.239806914993676748e-04 9.999999737990339366e-01 -8.689488164639382409e-03
9.999887879469890883e-01 4.720567516247740902e-03 -3.744631306258553566e-04 2.359446391504496643e-02 -4.720548535208020022e-03 9.999888568196505512e-01 5.155633057926476022e-05 -7.680560957500769115e-02 3.747023330550459225e-04 -4.978808114418797231e-05 9.999999285596516962e-01 -1.770216459018601404e-02
9.999860025129911900e-01 5.276073914148807047e-03 -3.972683480655846470e-04 3.741967264626541723e-02 -5.276109369921773949e-03 9.999860773436664019e-01 -8.825385830975738459e-05 -6.699777866658079839e-02 3.967971831552511677e-04 9.034865423112440372e-05 9.999999171945546106e-01 -2.128108775953500495e-02
9.999799649962303194e-01 6.311021680303964196e-03 -4.905216494802083858e-04 5.901691514413504730e-02 -6.311189067252838750e-03 9.999800262946441087e-01 -3.404472357869697710e-04 -6.448271908811908926e-02 4.883632820592597509e-04 3.435361897967677378e-04 9.999998217420795754e-01 -2.731211013670768045e-02
9.999283244258461156e-01 1.196070824334781978e-02 -5.361615776110056344e-04 9.975303950213246229e-02 -1.196080591652460938e-02 9.999284509205318416e-01 -1.793362560711349914e-04 -7.345086674868164800e-02 5.339782271073602099e-04 1.857363266117173658e-04 9.999998401846221796e-01 -3.752192795987027013e-02
9.998273147992984278e-01 1.857275105380222849e-02 -6.272953994744041211e-04 1.082903696568362634e-01 -1.857294264314287777e-02 9.998274627190587571e-01 -3.009889428159619922e-04 -1.775511684896051434e-02 6.215969749269637879e-04 3.125876879547083041e-04 9.999997579530397473e-01 -5.073082059910336700e-02
9.998218567417118674e-01 1.884871733514267844e-02 -9.902708597919031644e-04 1.104715982203070129e-01 -1.884914207063941027e-02 9.998222503604780043e-01 -4.213398990619873601e-04 -1.392145021750480771e-03 9.821531228441089494e-04 4.399305963241534117e-04 9.999994209179892124e-01 -6.768074743323274078e-02
9.999413102054987013e-01 1.076646234975391081e-02 -1.208069940865093717e-03 1.009862392560850891e-01 -1.076665326615573043e-02 9.999420264105990386e-01 -1.516420494619400328e-04 -6.628569576991143186e-03 1.206367256298203003e-03 1.646400197957790796e-04 9.999992587855787152e-01 -7.255590365499402228e-02
9.999904918879015669e-01 -4.241245799103426917e-03 -1.013887500795773548e-03 1.027143977157465998e-01 4.241690176923145622e-03 9.999909087058814761e-01 4.365432719809934567e-04 1.393352887502625863e-02 1.012026795927884436e-03 -4.408397179312582240e-04 9.999993907308680763e-01 -5.569224489946946605e-02
9.996650685655477098e-01 -2.586898286867026636e-02 -7.391990119764832359e-04 1.516841395052792030e-01 2.586954318502676653e-02 9.996650394013081309e-01 7.587714932845090413e-04 4.614266724097192129e-02 7.193227626718669537e-04 -7.776400976224964734e-04 9.999994389251634086e-01 -3.031643965756636999e-02
9.986250630121850103e-01 -5.240925359847436321e-02 -1.119670112238851586e-03 2.198600494105114045e-01 5.241144208868207116e-02 9.986235249617764209e-01 2.023890091123648968e-03 5.168011217303951355e-02 1.012058345237171024e-03 -2.079790895024125758e-03 9.999973251002918229e-01 -3.450539203782190811e-02
9.980853613618798637e-01 -6.182803771658940822e-02 -1.704460982714291108e-03 2.665289410514785073e-01 6.183353950648257796e-02 9.980807184347698646e-01 3.390115165285826661e-03 8.657598402548982719e-03 1.491585473868639773e-03 -3.489017175314615762e-03 9.999928009400490536e-01 -6.931399755367460835e-02
9.974240429890116610e-01 -7.171233270797033876e-02 -1.618581179766037789e-03 2.978352755728883028e-01 7.171498065220988094e-02 9.974238145342152473e-01 1.641873950231461515e-03 -5.055624359499144571e-02 1.496668803471983651e-03 -1.753721071509155988e-03 9.999973422189161187e-01 -5.061834377034051674e-02
9.967934223235607183e-01 -8.000740631864126928e-02 -1.299286976543258774e-03 2.668084097221946616e-01 8.000650488724751763e-02 9.967940729628251839e-01 -7.316296254277791442e-04 -8.416709632660948626e-02 1.353657346012465072e-03 6.253321883647154633e-04 9.999988882851039707e-01 -1.655769184550023171e-02
9.967995927446092752e-01 -7.990309851849347611e-02 -2.463077612454745921e-03 2.952645671172927644e-01 7.989275041557999946e-02 9.967952500408625571e-01 -4.046965160224386300e-03 -1.899702157500251509e-01 2.778549120475199211e-03 3.837231178617241199e-03 9.999887775978623106e-01 -6.073766723944683948e-02
9.965440211969297524e-01 -8.280477380271486498e-02 -6.586596399840236558e-03 3.726387180018264633e-01 8.260529166861682593e-02 9.962352584038273173e-01 -2.629972816213221529e-02 -1.824570592757040477e-01 8.739542607934806112e-03 2.566474914236511681e-02 9.996324029594396698e-01 -9.888593633332365407e-02
9.962188224436608897e-01 -8.606979024298015701e-02 -1.183423070989952051e-02 3.989342590956355683e-01 8.526643693490056075e-02 9.947355859757261998e-01 -5.683967563203826817e-02 -6.747984657111782969e-02 1.666410937891239785e-02 5.561569203973009551e-02 9.983131784452961011e-01 -3.735258544322485330e-02
9.987855944429553379e-01 -4.777345422049446289e-02 -1.204298156913708763e-02 4.911813197312832613e-01 4.689543296353455848e-02 9.967892789581983548e-01 -6.489955100890720807e-02 -5.920974785525763562e-02 1.510479064386170168e-02 6.425597579865574560e-02 9.978191293384626182e-01 2.219058083330090886e-02
9.991901079495953963e-01 -3.944242831829542634e-02 -7.963857358851633705e-03 6.967724640923145252e-01 3.891797070853749568e-02 9.975704852128114419e-01 -5.777991509344262283e-02 -6.645777492308553580e-02 1.022348920894555063e-02 5.742318243211663037e-02 9.982975800770842456e-01 1.725826553600763591e-02
9.983950728465814661e-01 -5.634387203899296481e-02 -5.713720269913733982e-03 7.535734696853710890e-01 5.601347215996030360e-02 9.973179261891128577e-01 -4.711098638781232445e-02 -1.370225865780009405e-02 8.352811039080700398e-03 4.671533137526557439e-02 9.988733194766213908e-01 -4.277534121624094327e-02
9.983088766273456871e-01 -5.813200547017863956e-02 2.383003611048714740e-04 7.248766210237321816e-01 5.811326952534900253e-02 9.978649367844824036e-01 -2.980630539290593170e-02 -3.040710489848955089e-04 1.494908733376590880e-03 2.976974766631639360e-02 9.995556649690715556e-01 -2.698329630088880382e-02
9.978868738352839607e-01 -6.496004099189991998e-02 1.407160820498000887e-03 7.524322771613500827e-01 6.496500972480936942e-02 9.978801831411655554e-01 -3.832441207551672696e-03 -2.080236712441956709e-02 -1.155222359326014709e-03 3.915758992149282955e-03 9.999916661116811101e-01 -2.752084045543239793e-02
9.955692199841710277e-01 -9.401610728243882387e-02 -1.702877437246894717e-03 8.720865665162934599e-01 9.402736040592203637e-02 9.955323345971607285e-01 8.615466709454270081e-03 8.026657971377491874e-03 8.852769081908982984e-04 -8.737410542250105203e-03 9.999614362273236967e-01 6.720008870394587885e-02
9.854398293035974143e-01 -1.693721998632194969e-01 -1.487954083936512788e-02 9.386661564853131523e-01 1.695113843754390004e-01 9.854903287649555699e-01 8.643059519746091462e-03 1.070541431120261011e-01 1.319974958924938734e-02 -1.103946666435108581e-02 9.998519374320118391e-01 1.518378520434035539e-01
9.735534424482724658e-01 -2.264433378408335917e-01 -3.028381489542362331e-02 9.743065285222226590e-01 2.268206266675618088e-01 9.738890428444605396e-01 9.619539782916198753e-03 1.345331635541856807e-01 2.731479480524669906e-02 -1.623412994289060232e-02 9.994950500176299490e-01 1.228325348839070519e-01
9.635862063465010507e-01 -2.648840122928442509e-01 -3.657981643478713796e-02 1.138078663240811528e+00 2.658180467720427376e-01 9.637363238905845009e-01 2.351731328529086534e-02 1.054955946138344675e-01 2.902393751809848391e-02 -3.238453404801058116e-02 9.990539790248766927e-01 -2.920187201953181044e-03
9.579122053744661969e-01 -2.851357190878939796e-01 -3.319380205484225715e-02 1.353460249261143389e+00 2.861687610328754183e-01 9.576395975848808195e-01 3.215340334049553855e-02 1.150219388390419095e-01 2.261961545949604455e-02 -4.029916671219353069e-02 9.989315943340502102e-01 -1.407677410485269065e-01
9.532830591256994390e-01 -3.010478639293653336e-01 -2.493176302459635535e-02 1.443145122977213646e+00 3.015470631483242459e-01 9.532528448009301991e-01 1.945205864565903789e-02 1.477691218254550964e-01 1.791027332479472323e-02 -2.606141789120336796e-02 9.994998872470828299e-01 -1.312383995847694884e-01
9.498215622729864194e-01 -3.125716556512948552e-01 -1.174563428308094196e-02 1.380333468434483901e+00 3.124873686267848338e-01 9.498840691524673696e-01 -8.479364307454191965e-03 2.113881936819659857e-01 1.380739982804109894e-02 4.383520703615424730e-03 9.998950647224085220e-01 6.900006525624005627e-02
9.551521082870118029e-01 -2.953663137688410933e-01 -2.105209551287281003e-02 1.362394856304490309e+00 2.949864971970534433e-01 9.553049296449069860e-01 -1.937673521396276327e-02 2.340354452065456781e-01 2.583440547582590077e-02 1.229764557733555724e-02 9.995905918959846481e-01 2.263844488804030997e-01
9.606494032692518559e-01 -2.758909529595339749e-01 -3.220102596984303345e-02 1.604427926853652764e+00 2.759069890144055237e-01 9.611758807229263679e-01 -4.032335490936673865e-03 2.542814138254909095e-01 3.206333437799277486e-02 -5.010827435364329473e-03 9.994732783806569154e-01 1.941644998005594147e-01
9.557837636398731629e-01 -2.907360806669361253e-01 -4.415799543489204448e-02 1.897251414689192783e+00 2.918456252245288374e-01 9.562337001137184433e-01 2.105330862670008393e-02 3.053639158270395337e-01 3.610440692911333349e-02 -3.300972834265717554e-02 9.988026980515426478e-01 -4.132963683877460825e-02
9.460480174723331359e-01 -3.215856381262669483e-01 -3.969667476741364776e-02 1.999844849794438328e+00 3.228654601805183155e-01 9.459190019484208234e-01 3.154578221134513027e-02 3.498474755851412321e-01 2.740516847403531853e-02 -4.266050988707442704e-02 9.987136915237943002e-01 -1.818073994031196849e-01
9.238768427465364752e-01 -3.815663288838644362e-01 -2.930385808698518502e-02 2.002237761282809281e+00 3.823355682624228757e-01 9.236058278597103488e-01 2.778107242402939187e-02 3.731714873488248818e-01 1.646489229061976617e-02 -3.687019671319401865e-02 9.991844153689490859e-01 -8.678619843740725814e-02
8.988626416489491344e-01 -4.378676255080903301e-01 -1.782958159295016873e-02 1.983709234062608129e+00 4.381903761287684329e-01 8.985865965783039755e-01 2.305043856304822558e-02 4.096674259271058660e-01 5.928382241502224738e-03 -2.853192916238173754e-02 9.995753014667136949e-01 7.410166776885149242e-02
8.583717885047560392e-01 -5.129136024957813289e-01 -1.084016023617589974e-02 2.100211316875365331e+00 5.129822960179711844e-01 8.578209933269184129e-01 3.150091077650837845e-02 4.839810309600722227e-01 -6.858328606657720927e-03 -3.260030340991647291e-02 9.994449377260883338e-01 1.477532214580071779e-01
8.339109963704496309e-01 -5.518816978223128888e-01 -4.363684361320363872e-03 2.213912769499743138e+00 5.514319578213724427e-01 8.328541416581592971e-01 4.771555947632668410e-02 5.226423398667927600e-01 -2.269903138312211188e-02 -4.219680475595443542e-02 9.988514322173522864e-01 4.457784082594520858e-02
8.126862561333624280e-01 -5.826654495745369200e-01 6.482512170573793975e-03 2.319563836003007751e+00 5.814913347996588655e-01 8.116648711832070706e-01 5.538920869681073639e-02 5.770348972017373956e-01 -3.753500559277742066e-02 -4.124452399107860628e-02 9.984437954115892300e-01 8.185828958140697886e-03
8.095136947664653970e-01 -5.870683415434100327e-01 6.191957930746358127e-03 2.399574757604531872e+00 5.861012141714231349e-01 8.087054538661898606e-01 4.980818842181880535e-02 6.317535335092769877e-01 -3.424828072078342500e-02 -3.669129657766199981e-02 9.987396077172069342e-01 3.231570510234912236e-02
8.053628146591943482e-01 -5.927228765727629023e-01 -8.386200064965093973e-03 2.538426669191150786e+00 5.927092364348890419e-01 8.049611357856514271e-01 2.708008344604635742e-02 6.882145172284451773e-01 -9.300419828751045961e-03 -2.677987046240942748e-02 9.995980895985273618e-01 6.767231140837368097e-02
8.077890039579679327e-01 -5.885694410201740556e-01 -3.260273273506290870e-02 2.564211012131822010e+00 5.888967066223371738e-01 8.082081259699354092e-01 5.422596517226235813e-04 7.526473476847022059e-01 2.603063606520168369e-02 -1.963767331851842476e-02 9.994682425033204476e-01 6.178608189967474407e-02
8.331479054904691317e-01 -5.496045991537096276e-01 -6.163888517757646485e-02 2.672046764108901851e+00 5.494843888395396503e-01 8.352546604962830523e-01 -2.040976582120666849e-02 8.172028139654500256e-01 6.270146727535137743e-02 -1.686525150506186510e-02 9.978898182130074845e-01 1.079813904973943584e-01
8.338403464528141296e-01 -5.466814496685643565e-01 -7.648313026888940713e-02 2.901490944623659640e+00 5.474602897429974302e-01 8.367420083185728163e-01 -1.224919056569299426e-02 9.144193808269009960e-01 7.069305327940110517e-02 -3.165760735239362550e-02 9.969956309406563522e-01 1.882532250111252359e-01
8.341472142448139726e-01 -5.467089981038614210e-01 -7.285393853381212648e-02 2.990286516701359254e+00 5.483711846910602761e-01 8.362280626740038469e-01 3.416284093180104592e-03 9.616244973866189261e-01 5.905479462448002398e-02 -4.280068444259128857e-02 9.973367699243351758e-01 1.063609057226410082e-01
8.165867381365465860e-01 -5.722483713211513612e-01 -7.561680117410948809e-02 3.088942998925599426e+00 5.742630568045371531e-01 8.186476623720893020e-01 6.160071608570606705e-03 9.731571066744303389e-01 5.837842657201359337e-02 -4.845416816955523676e-02 9.971179232658354818e-01 1.292995153510231171e-02
7.939599677969385594e-01 -6.020718608098509783e-01 -8.448102720047714898e-02 3.047351330296959038e+00 6.039266115059576112e-01 7.970276113467315016e-01 -4.431102103962584332e-03 1.009633381471648494e+00 7.000155320288575789e-02 -4.750222280995972102e-02 9.964152354201015749e-01 1.163286553320463240e-02
7.700893602218156220e-01 -6.306222996945248793e-01 -9.632181684926610643e-02 3.124241637047763476e+00 6.327253199804715456e-01 7.743015026920274657e-01 -1.076347455416392165e-02 1.095944849330314108e+00 8.136981460446335301e-02 -5.265641515387237126e-02 9.952920451879329056e-01 1.315099952397110750e-01
7.458128904382214097e-01 -6.566975719954650792e-01 -1.118545099289544043e-01 3.209051226187773054e+00 6.609377466806642953e-01 7.504399174021424423e-01 1.106969806095543796e-03 1.182069587398574040e+00 8.321314480820643511e-02 -7.475446009922506740e-02 9.937239773832580170e-01 1.732055297650075265e-01
7.420468763543611734e-01 -6.607993407093606386e-01 -1.127415833258065547e-01 3.398639493872704254e+00 6.671475119813123911e-01 7.443994544274764591e-01 2.799374046496989898e-02 1.232951214368048998e+00 6.542652787577923901e-02 -9.598793448215124646e-02 9.932299259909409539e-01 9.549886615875002871e-02
7.238973353062350125e-01 -6.830789276968535217e-01 -9.682885144960179380e-02 3.552616531741494388e+00 6.888678728252851657e-01 7.233547165361714493e-01 4.710634621833725832e-02 1.322910761322642736e+00 3.786425393031123132e-02 -1.008024434296699856e-01 9.941856796760397685e-01 7.683471281104414796e-04
7.175371593316082208e-01 -6.922027379125950119e-01 -7.743251645551441076e-02 3.616389663977649604e+00 6.961077382671563285e-01 7.164925126451505699e-01 4.552467515560257999e-02 1.375337666175503015e+00 2.396751349035889517e-02 -8.656701998882782023e-02 9.959576845164374026e-01 -1.302975733673228387e-02
7.153031356992429757e-01 -6.957419722376703142e-01 -6.545633755158565548e-02 3.640589771686170817e+00 6.982509362382247620e-01 7.153445650365267694e-01 2.697745939010296259e-02 1.446914175176128303e+00 2.805448451269121346e-02 -6.500201027305960166e-02 9.974906939712210319e-01 5.816499103843482399e-02
7.147680279347394805e-01 -6.967924138979265658e-01 -5.989155346611103881e-02 3.721350348569963273e+00 6.984615196330853371e-01 7.155691097469925044e-01 1.059975319230522725e-02 1.529678812015324407e+00 3.547071798152086342e-02 -4.940831013298506436e-02 9.981486097048265504e-01 1.209826885882096803e-01
7.244646599284971789e-01 -6.865867248133580292e-01 -6.123418836526955261e-02 3.785814878954220308e+00 6.884350307222831811e-01 7.251619314373691783e-01 1.404925864354478540e-02 1.627204346786797595e+00 3.475866782683138118e-02 -5.233395173394159161e-02 9.980245450422616793e-01 1.659227945359517675e-01
7.315834642025584866e-01 -6.795751923678253759e-01 -5.443521675916458691e-02 3.998079564383418827e+00 6.815301825572711580e-01 7.310466551076177932e-01 3.297572318261502572e-02 1.706459377069502681e+00 1.738519970655166488e-02 -6.122373701594017309e-02 9.979726493531605458e-01 1.235816940611611653e-01
7.187294092719940242e-01 -6.945125403870038294e-01 -3.286894419845419468e-02 4.105907255124624733e+00 6.951652758042909941e-01 7.169021759470171062e-01 5.288203322846268123e-02 1.786552767733108560e+00 -1.316341762137665169e-02 -6.085722116250919661e-02 9.980596791118768740e-01 4.377349642967428428e-02
7.100163682089073447e-01 -7.040339453228039446e-01 -1.459317335744967845e-02 4.122186907680597479e+00 7.034998406885852873e-01 7.082589614061487460e-01 5.879810999529377913e-02 1.840581857615497974e+00 -3.106011955174367914e-02 -5.201391564851309823e-02 9.981632239029550879e-01 4.427756421557451499e-02
6.922524933874955044e-01 -7.215048189230147679e-01 -1.474047725357431962e-02 4.167467513893877040e+00 7.209751153314031269e-01 6.905689754442634332e-01 5.752715208256069246e-02 1.944202922557676683e+00 -3.132680117192439273e-02 -5.045083175456996361e-02 9.982351151425232771e-01 1.107197980418939132e-01
6.648309223066983797e-01 -7.463096723760944684e-01 -3.196431858668988962e-02 4.338886912845211441e+00 7.466758326709632687e-01 6.626906502375328190e-01 5.758735097987694590e-02 2.050129323849079199e+00 -2.179554197418594533e-02 -6.215283586162776569e-02 9.978286322532586849e-01 1.222663360306638636e-01
6.488069738232757899e-01 -7.600951670218093481e-01 -3.612267692697777866e-02 4.398075015451693659e+00 7.603798578668591324e-01 6.457452723119636584e-01 6.953786764866382031e-02 2.110890319820470040e+00 -2.952934927590324457e-02 -7.258360942275887684e-02 9.969250910547422517e-01 9.126582688717629899e-02
6.407550687119518695e-01 -7.674992144830614649e-01 -1.943959073194048010e-02 4.504456678447023243e+00 7.661860846107677592e-01 6.376357521723650112e-01 7.987196817659920900e-02 2.180479988976913308e+00 -4.890629477647217421e-02 -6.607271236649690793e-02 9.966155582830176218e-01 8.383761296739213054e-02
6.355935123312930202e-01 -7.720093227848652262e-01 -4.742638044846494982e-03 4.576445573318210336e+00 7.702008947833196562e-01 6.336587927071533066e-01 7.257489993025739716e-02 2.277838487223903918e+00 -5.302328504859291775e-02 -4.978091961953860778e-02 9.973516888663139790e-01 8.940478120783160176e-02
6.430635948199971974e-01 -7.657619315592932852e-01 8.824805480175085259e-03 4.647726477212454910e+00 7.645095722901432689e-01 6.425986315760165990e-01 5.091279380836531698e-02 2.381716861534215024e+00 -4.465788725325888636e-02 -2.599351594554433209e-02 9.986641128201533268e-01 1.091450969248767278e-01
6.502220682941296515e-01 -7.594557669819831380e-01 2.093322481396601986e-02 4.723694181474956899e+00 7.586209209859552383e-01 6.505119493977860046e-01 3.644862045555960495e-02 2.514196262361403367e+00 -4.129842788442735640e-02 -7.819315091504731169e-03 9.991162585834415522e-01 1.362036652016710425e-01
6.738864482727082716e-01 -7.382331917650711839e-01 2.981290678129976807e-02 4.781294733067911196e+00 7.366637055723418426e-01 6.744500889741296135e-01 4.943341355009565896e-02 2.575031130834870563e+00 -5.660070429615488702e-02 -1.135042109987485434e-02 9.983323736181426433e-01 1.345690006083182788e-01
6.918937241064881949e-01 -7.214983383859288057e-01 2.689279175538828934e-02 4.903659390308490629e+00 7.190810106925009659e-01 6.919644822314706678e-01 6.409099306130316975e-02 2.683037952707430396e+00 -6.485040172201034236e-02 -2.500605999506057622e-02 9.975816369400638539e-01 1.031965752118144258e-01
6.827571493574935424e-01 -7.303104000789697459e-01 2.212226339515119267e-02 5.042999453152919642e+00 7.278997623936476202e-01 6.825020179752809835e-01 6.597674868421969652e-02 2.771210887136028589e+00 -6.328199513685350830e-02 -2.894330658657337171e-02 9.975758989146313871e-01 5.294581651330367705e-02
6.609938513709909813e-01 -7.501769658620597303e-01 1.793455713806296065e-02 5.093965928623915396e+00 7.482900717533448320e-01 6.607419949428372519e-01 5.900834376877479859e-02 2.845084177420247773e+00 -5.611681535082487654e-02 -2.558390136304027410e-02 9.980963716124449103e-01 6.047834222498420231e-02
6.414829549591103408e-01 -7.669121292921058375e-01 1.858505963337739320e-02 5.091541578536543433e+00 7.652811789032240020e-01 6.414273034249355909e-01 5.399751510493014384e-02 2.954910330524132434e+00 -5.333231397023351084e-02 -2.041568920374201013e-02 9.983681004123261538e-01 1.118634106241336856e-01
6.129961635316745205e-01 -7.899677324461704675e-01 1.366327886359099825e-02 5.190448694556127229e+00 7.879647411251975431e-01 6.125253749352719268e-01 6.264368925841817815e-02 3.054241401533031475e+00 -5.785559816430137919e-02 -2.763415919220986103e-02 9.979424246953280120e-01 1.404305111208852819e-01
5.942639211157136891e-01 -8.042206392435636841e-01 8.919387582703899864e-03 5.259158285867738591e+00 8.008356494282723448e-01 5.927136570551234662e-01 8.574837225941238372e-02 3.115532103911157868e+00 -7.424725358539617515e-02 -4.381420038087115165e-02 9.962768998526517761e-01 1.153277617267765010e-01
5.959483829809069100e-01 -8.030187056111592891e-01 2.546224856628510891e-03 5.347305218139164928e+00 7.990385352377527006e-01 5.933040621025937877e-01 9.760998462077516424e-02 3.190885331691757809e+00 -7.989332905536433715e-02 -5.613598071771574993e-02 9.952214867261013342e-01 9.529664961657442757e-02
6.028556439908541176e-01 -7.977702365609630197e-01 -1.130142317753772205e-02 5.460735292748477576e+00 7.950225138029601846e-01 5.994671904888646541e-01 9.261905891234858967e-02 3.273468922106764545e+00 -6.711389613779382424e-02 -6.482080827058783745e-02 9.956374780814315484e-01 8.271334946714641034e-02
6.134749493743257842e-01 -7.894918409698579165e-01 -1.873818380187717431e-02 5.526687036003786524e+00 7.884935623204303301e-01 6.110355403283943554e-01 7.009615278190861609e-02 3.407106426279744138e+00 -4.389064444054068675e-02 -5.777717107657350665e-02 9.973642312781135777e-01 8.747086020280200880e-02
6.370803743295005983e-01 -7.705431667178653798e-01 -1.979456664307785788e-02 5.615630891865822427e+00 7.702829054928964636e-01 6.355070613934817869e-01 5.286795271658389223e-02 3.489093268812994530e+00 -2.815745282522707713e-02 -4.892855141351839382e-02 9.984053058287349902e-01 1.227001886547639531e-01
6.529195158429217383e-01 -7.573296683199689516e-01 -1.216056387715236733e-02 5.667499774493331088e+00 7.566595352372241789e-01 6.514509173624285499e-01 5.548017666012070026e-02 3.581252313436002144e+00 -3.409477329492717479e-02 -4.542549669531446843e-02 9.983857324120529730e-01 1.409106605048818239e-01
6.801322145506409900e-01 -7.330866279433599919e-01 -2.041240082456572541e-03 5.711860957108691572e+00 7.316080226428559596e-01 6.785782253730247016e-01 6.543159217233500413e-02 3.662259940230724542e+00 -4.658188419386855017e-02 -4.599552130620998547e-02 9.978549694643601420e-01 1.854382748120545210e-01
6.871458105925862814e-01 -7.265134891567951447e-01 2.963959898014845162e-03 5.845250248479193722e+00 7.244245748297036824e-01 6.854682776490435003e-01 7.309087302568560707e-02 3.780637084577443296e+00 -5.513320567372019532e-02 -4.807692180322283015e-02 9.973208807711116952e-01 1.432137878599092085e-01
6.838503933019755010e-01 -7.296154459766710509e-01 3.152867424566999782e-03 5.925132117778201035e+00 7.275858588757961876e-01 6.822580056118532355e-01 7.171353946436093141e-02 3.841591842366026022e+00 -5.447437511989895731e-02 -4.674735041475485547e-02 9.974202863810704978e-01 8.494761647463766607e-02
6.752437231642731685e-01 -7.375946417962303547e-01 -2.423236291244808271e-04 5.975705627098418127e+00 7.364265439128540036e-01 6.741558126341338220e-01 5.647907322345181724e-02 3.910470504407734360e+00 -4.149529790012213004e-02 -3.831559323697578123e-02 9.984037537825459774e-01 8.105436506767990656e-02
6.658109075913836161e-01 -7.460666699949143332e-01 -8.964332381034794198e-03 6.061068547495028547e+00 7.459635306158829415e-01 6.653763120511960727e-01 2.850919767787138057e-02 4.010311139960565541e+00 -1.530510775606219905e-02 -2.566879981317670908e-02 9.995533334408556181e-01 1.211478287749458288e-01
6.285486742352923706e-01 -7.776581005908130839e-01 -1.320767589492369103e-02 6.120556310188861815e+00 7.777700661424441497e-01 6.284696144258066219e-01 9.983384008248240293e-03 4.112559963142658148e+00 5.369635318206895935e-04 -1.654757773714901278e-02 9.998629352772301360e-01 1.721475097083632888e-01
6.312574621422362142e-01 -7.755726826938199592e-01 1.015061010164159706e-03 6.127220395690529564e+00 7.754272099958051667e-01 6.311633830537638490e-01 1.858563666516103996e-02 4.144023611946321850e+00 -1.505518142915275234e-02 -1.094521590646013731e-02 9.998267568738578026e-01 2.087440086101798042e-01
6.347505523758502077e-01 -7.726520610197182837e-01 1.002640815719416448e-02 6.284928332059667611e+00 7.720522656783423976e-01 6.346891632496872715e-01 3.324101554330183284e-02 4.260986322850338404e+00 -3.204739177361004554e-02 -1.335884184326749033e-02 9.993970712510195087e-01 1.589312176567192481e-01
6.470434413897265813e-01 -7.624325518888857012e-01 5.602568584238213842e-03 6.362979682418132832e+00 7.618616701955733816e-01 6.468134247471104548e-01 3.462930917193663555e-02 4.384066796909738883e+00 -3.002632913546053606e-02 -1.813828512058572595e-02 9.993845216789848385e-01 9.575639970979224480e-02
6.642329984906838458e-01 -7.475250613523420906e-01 -8.979789821696084612e-04 6.439397936806241063e+00 7.474077555555163066e-01 6.641064754732677322e-01 1.855360261349464288e-02 4.471840153575155519e+00 -1.327292927506182503e-02 -1.299507155236554953e-02 9.998274638475420639e-01 7.459472379958190236e-02
6.774613705085590354e-01 -7.355431464588815249e-01 -4.729816701860493737e-03 6.507341298073368030e+00 7.355563493959453858e-01 6.774605293232458525e-01 2.021898211464561411e-03 4.543535317461396161e+00 1.717070754164110946e-03 -4.848804639900060852e-03 9.999867702932820901e-01 1.084382687523585131e-01
6.994907381082731135e-01 -7.146343144264331038e-01 -3.240979019600544447e-03 6.572403014447967706e+00 7.146136824401481125e-01 6.994962888092461917e-01 -5.676866338308967676e-03 4.654316876446882745e+00 6.323936280087132794e-03 1.654867473217743606e-03 9.999786343935411770e-01 1.544733848116246477e-01
7.039818109598525719e-01 -7.102121873145688102e-01 2.873817590302351135e-03 6.708780069512783939e+00 7.102178858242831350e-01 7.039736221806642824e-01 -3.419638741283710214e-03 4.782794172976425173e+00 4.055773317410875725e-04 4.448400127146548422e-03 9.999900235719038077e-01 1.499364846566962617e-01
6.991399383538068335e-01 -7.149140684503445531e-01 1.006088119457826738e-02 6.777647620865576705e+00 7.149639114208821145e-01 6.991579477581464364e-01 -2.183907591923025908e-03 4.833874706472505167e+00 -5.472838786978584565e-03 8.720023990403950181e-03 9.999470032042790946e-01 1.039249503954866038e-01
6.931855759053420218e-01 -7.207139989179220940e-01 8.067782874922692360e-03 6.843983212000498639e+00 7.207553975232319221e-01 6.931024003012947743e-01 -1.098724886910613582e-02 4.919046348644560140e+00 2.326864393841302121e-03 1.343110048809268223e-02 9.999070913048728748e-01 1.395035335165749346e-01
6.883317981879939484e-01 -7.253958003487904760e-01 -5.181115911022135360e-04 6.880587029626969553e+00 7.253794720510268190e-01 6.883207724106996661e-01 -6.255860844969129628e-03 5.042228423841486062e+00 4.894602155089453066e-03 3.930280432214224018e-03 9.999802976886432715e-01 1.945345710911944581e-01
6.777892779746981233e-01 -7.352286933029837934e-01 -6.361069605380543883e-03 6.997252003507256291e+00 7.351418390950509307e-01 6.775058929041332112e-01 2.349981898056934665e-02 5.126648139811919691e+00 -1.296807905912196468e-02 -2.060421374768729025e-02 9.997036037253022034e-01 1.557161037473530629e-01
6.696441606819065750e-01 -7.426183182481125300e-01 -9.733009142603835789e-03 7.074670611547630550e+00 7.419242368910363705e-01 6.683114915114061194e-01 5.392751642207341961e-02 5.222490906360036433e+00 -3.354287969566990824e-02 -4.333340185289891872e-02 9.984974168747643430e-01 1.306539504397761509e-01
6.740158105435651859e-01 -7.385329937136466683e-01 -1.648345636266206060e-02 7.179003725805423564e+00 7.375691915375481855e-01 6.715576913748370069e-01 7.072449964437217684e-02 5.297823198792816157e+00 -4.116278455047070461e-02 -5.982712053624271442e-02 9.973596847759556017e-01 1.287323025750237437e-01
6.669847241730112453e-01 -7.445943758038254812e-01 -2.665695483665641088e-02 7.303443975167626334e+00 7.444540378504819200e-01 6.645492559396444232e-01 6.451722218274795473e-02 5.409427942617607954e+00 -3.032430127744321566e-02 -6.287687930691583660e-02 9.975604918002007881e-01 1.023541201815982293e-01
6.707753396627735842e-01 -7.413344964950512317e-01 -2.199108925723661928e-02 7.313295095935160361e+00 7.414589596858478515e-01 6.696067463092312266e-01 4.319046652613606901e-02 5.490912344221331232e+00 -1.729320103020533933e-02 -4.527659001729186089e-02 9.988247972465116309e-01 1.343861368371682685e-01
6.880884329632652729e-01 -7.254643085614892462e-01 -1.535725970211868942e-02 7.374683444959642564e+00 7.255763278510604097e-01 6.876367113391689267e-01 2.635802877346665740e-02 5.598459712229551855e+00 -8.561593562440386954e-03 -2.927951881525368144e-02 9.995345961464359164e-01 1.867848364071341694e-01
7.170946113655636278e-01 -6.967330924227133071e-01 -1.839337580636216454e-02 7.448522617646258226e+00 6.969480878269431745e-01 7.165808261050198302e-01 2.784389579450046240e-02 5.692378023267663067e+00 -6.219423191815003950e-03 -3.278593573058703053e-02 9.994430454975565814e-01 2.441772320313412570e-01
7.246580188216527052e-01 -6.885896954275355641e-01 -2.673924285560785874e-02 7.646719301262854707e+00 6.889914938758135987e-01 7.232736163876690716e-01 4.654027507737500818e-02 5.791090835963885297e+00 -1.270736496099972995e-02 -5.214889441317874935e-02 9.985584688375693796e-01 2.267279802757579954e-01
7.168156082285610520e-01 -6.966358903080595022e-01 -2.956044882296586171e-02 7.705380445404664158e+00 6.970173232489872417e-01 7.147942142603832538e-01 5.688657443279541981e-02 5.868175714804374721e+00 -1.849959163696998296e-02 -6.138132936470590273e-02 9.979429329950119110e-01 1.421508242580304948e-01
7.131797617129522759e-01 -7.004577944589130967e-01 -2.708330970933474705e-02 7.773132126265641872e+00 7.008367600597028568e-01 7.117161625115331347e-01 4.783241337080595956e-02 5.956474463768122618e+00 -1.422895751892269342e-02 -5.309408819833047466e-02 9.984881344143817783e-01 1.481135633484421121e-01
7.014958081590991767e-01 -7.122155632955782245e-01 -2.554647793287216292e-02 7.802167471284775502e+00 7.125827459382050311e-01 7.003833291430394681e-01 4.109771830260609826e-02 6.054471752587652134e+00 -1.137810732854939097e-02 -4.703385650863746437e-02 9.988284912914453528e-01 1.924180573204826161e-01
6.961582795888623387e-01 -7.169904337461988630e-01 -3.589383897430178244e-02 7.903432604997655098e+00 7.178300952135517887e-01 6.945943419156639376e-01 4.752530467497150662e-02 6.127641944990062761e+00 -9.143531351646104477e-03 -5.885081218796762298e-02 9.982249134034063554e-01 2.416742403373832726e-01
6.871977823865422774e-01 -7.252578089704975195e-01 -4.195614865942480509e-02 8.011199335248644360e+00 7.263075502843758802e-01 6.846742942679762134e-01 6.081490909766831821e-02 6.213496406402761352e+00 -1.538019125132092726e-02 -7.226493822015075952e-02 9.972668792359999923e-01 2.143284204440472906e-01
6.883134314364199868e-01 -7.247331985135270216e-01 -3.140718192664690434e-02 8.117429317187742299e+00 7.249089547705918068e-01 6.855754261722882825e-01 6.703239755590875704e-02 6.293782590239636043e+00 -2.704861175049253635e-02 -6.890664700185328284e-02 9.972563595191223929e-01 1.592190074141950629e-01
6.878830249964678067e-01 -7.255525394668674855e-01 -1.975996950626667317e-02 8.205510630298542551e+00 7.254373283707699072e-01 6.863783204051898679e-01 5.123947583680424356e-02 6.382546006604505884e+00 -2.361411713337542226e-02 -4.958138512516829799e-02 9.984908911557885958e-01 1.513291784909291948e-01
6.978303120098439116e-01 -7.160969034767050712e-01 -1.542985649052998169e-02 8.270719629323908251e+00 7.162481256469970248e-01 6.975143851721786747e-01 2.150127868386082775e-02 6.452768937196637467e+00 -4.634452223015455771e-03 -2.605584980291345693e-02 9.996497459328644863e-01 1.975706707475369805e-01
7.072696380965604046e-01 -7.068259368049800706e-01 -1.291332979997127095e-02 8.355833474124585436e+00 7.068230361593981215e-01 7.073684870333921682e-01 -5.569479912867183330e-03 6.550264405889937080e+00 1.307113542009775975e-02 -5.188314933783692157e-03 9.999011085137256005e-01 2.499416012475707272e-01
7.366393922015190832e-01 -6.761007166787984524e-01 -1.581855756356835563e-02 8.427164128201743765e+00 6.762349183476172865e-01 7.366692662345508680e-01 4.972664561362212694e-03 6.603175462389576644e+00 8.291023119502652361e-03 -1.436012158248062276e-02 9.998625134706112805e-01 2.522016054921195072e-01
