1.000000000000000000e+00 0.000000000000000000e+00 0.000000000000000000e+00 0.000000000000000000e+00 0.000000000000000000e+00 1.000000000000000000e+00 0.000000000000000000e+00 0.000000000000000000e+00 0.000000000000000000e+00 0.000000000000000000e+00 1.000000000000000000e+00 0.000000000000000000e+00
9.999989235062088921e-01 -1.439159285669849722e-03 -2.860191844796343549e-04 1.475655534309892186e-02 1.439320177654054888e-03 9.999988056292173910e-01 5.631141668545809088e-04 -4.683721251069811187e-02 2.852084318845561238e-04 -5.635252338490942189e-04 9.999998005477107599e-01 -1.266816690462629555e-02
9.999946995766362257e-01 -3.252054870307951890e-03 -1.579802317377759161e-04 1.276259661696952513e-02 3.252113448983345780e-03 9.999946426851087367e-01 3.719666607960101369e-04 -9.278372598450349007e-02 1.567697293970940367e-04 -3.724784588515386136e-04 9.999999183415214654e-01 -1.894129558562713395e-02
9.999951634843688986e-01 -3.082125576109854929e-03 -4.165450798110390614e-04 1.104852708819505785e-02 3.082286933955733985e-03 9.999951747465070095e-01 3.872866634708114174e-04 -9.930877929320469644e-02 4.153494037446680393e-04 -3.885687018097148861e-04 9.999998382496052551e-01 -2.054872912098386351e-02
9.999982488527648927e-01 -1.862286781031758471e-03 1.848765776485454754e-04 -1.921110310940414567e-02 1.862302978825420381e-03 9.999982620858660631e-01 -8.748064072409553399e-05 -6.689770987555336557e-02 -1.847133423081114673e-04 8.782478373388332489e-05 9.999999790838940417e-01 -1.488047386095300850e-03
9.999997105248137341e-01 -4.943552043653627734e-04 5.784144022081138961e-04 -5.537321053518830249e-02 4.944649056565533470e-04 9.999998597912158615e-01 -1.895310151225463344e-04 -1.800083124531530118e-02 -5.783206254656192988e-04 1.898169658808386757e-04 9.999998147573696539e-01 1.117323722203890889e-02
9.999978946861403095e-01 1.817681196616794705e-03 9.521860923858482600e-04 -9.409080826413289411e-02 -1.817729100020530186e-03 9.999983467066455578e-01 4.944587417050795174e-05 2.635128577929456498e-02 -9.520946413071794618e-04 -5.117658644018834762e-05 9.999995454482721868e-01 1.850300530132306664e-02
9.999990976924207908e-01 8.534729012627186202e-04 1.037399802871108402e-03 -5.618502944230564788e-02 -8.546218214114588863e-04 9.999990214639590258e-01 1.107561586003329374e-03 -4.318629315056915496e-03 -1.036453513937879130e-03 -1.108447171151177467e-03 9.999988485538281457e-01 2.189067573706502193e-02
9.999991262187325480e-01 -1.165514050933711332e-03 6.238098816607423689e-04 -5.421713075987473485e-02 1.164684447748174289e-03 9.999984391481270274e-01 1.328612602278641738e-03 -1.060863672531368526e-02 -6.253574246421235439e-04 -1.327884899694316105e-03 9.999989228243121309e-01 1.705482291562863961e-02
9.999974102595119430e-01 -2.195893582975540648e-03 5.979344793092070684e-04 -7.804389016447982330e-02 2.195496508327645074e-03 9.999973694953713244e-01 6.639257637710610418e-04 -6.626840541469485729e-03 -5.993908167640286900e-04 -6.626112813140974667e-04 9.999996008383896795e-01 1.658606597769506780e-02
9.999995255718517884e-01 -6.202409874198391284e-04 7.511039800052447422e-04 -6.898426898855576639e-02 6.198862445304568038e-04 9.999996962725655747e-01 4.724360489462807997e-04 -4.802497622563049913e-03 -7.513967760758511394e-04 -4.719702257839036136e-04 9.999996063234179999e-01 2.377746103894595037e-02
9.999998385696838854e-01 3.404090111766701712e-04 4.549530869442182292e-04 -3.658179955905858233e-02 -3.405421982856725424e-04 9.999998991777698798e-01 2.927037089861097359e-04 1.155638073971029106e-02 -4.548534020946896472e-04 -2.928585924592023103e-04 9.999998536711030006e-01 1.042509499035765633e-02
9.999999794978460255e-01 -1.470559369083795670e-04 1.392079702766143678e-04 -1.209700174066994857e-02 1.469955528437766692e-04 9.999998951571389405e-01 4.336796265559732483e-04 5.647086491066346386e-03 -1.392717308454537379e-04 -4.336591547120556968e-04 9.999998962715558326e-01 -2.010990149995467262e-03
9.999998221168071577e-01 -5.778563412116332395e-04 1.478120528887390023e-04 -1.089801912475660967e-02 5.778006119968781464e-04 9.999997620867939752e-01 3.767927921280923203e-04 3.667134920815137526e-03 -1.480297498265536462e-04 -3.767073192083677429e-04 9.999999180893910378e-01 -5.049249299448829026e-03
9.999998772235427769e-01 -4.917021550373236937e-04 6.149707343814622739e-05 -1.254255899343033852e-02 4.916838526041624304e-04 9.999998349368044437e-01 2.972765598711755346e-04 -6.300589215641643967e-03 -6.164323481237351707e-05 -2.972462862546207353e-04 9.999999539223773937e-01 -3.479268258505350576e-03
9.999999516818764977e-01 1.778116920394745223e-04 2.549887188563693878e-04 -1.523459141080691498e-02 -1.777990740796779893e-04 9.999999829683126062e-01 -4.950619908829179491e-05 -1.434649327437980890e-02 -2.549975172945076018e-04 4.946085993813172755e-05 9.999999662649441401e-01 4.063180608774821789e-03
9.999999934895785758e-01 -7.395962227925174243e-05 8.689543786430987428e-05 1.112942296451761501e-02 7.397601658426877324e-05 9.999999794638962936e-01 -1.886789761053366530e-04 -2.591331713340639525e-02 -8.688148145401135335e-05 1.886854030553095736e-04 9.999999784247132206e-01 8.388550227133497600e-04
9.999997813411406478e-01 -5.854483230849214697e-04 -3.075189944362086776e-04 3.925450705583867494e-02 5.854679716605157161e-04 9.999998265778990980e-01 6.380772527388429256e-05 -3.490171870937574389e-02 3.074815849798571087e-04 -6.398775384367951901e-05 9.999999506803198823e-01 -1.228967963257348098e-02
9.999998712700096659e-01 -2.655212492330539620e-04 -4.323868989539542888e-04 3.020411656545391593e-02 2.653863717265207635e-04 9.999999161240826773e-01 -3.119645835853919491e-04 -5.839746470667408346e-02 4.324696959130565062e-04 3.118497938358986564e-04 9.999998578598240373e-01 -3.124654731671570873e-02
9.999884481585026297e-01 4.801377425622627322e-03 -2.243309306807433976e-04 1.470631892846363184e-02 -4.801529080319766156e-03 9.999882410802950483e-01 -6.804554566558461155e-04 -7.005615124992113640e-02 2.210611693226130763e-04 6.815247276295436155e-04 9.999997433279695924e-01 -2.470950984329773129e-02
9.999822680775465322e-01 5.954555932018427977e-03 -8.242656282939662753e-05 -4.559832368109076849e-03 -5.954589485580075864e-03 9.999821859909362454e-01 -4.129949717917836237e-04 -7.074971276215996641e-02 7.996589282268275342e-05 4.134784649413265423e-04 9.999999113205035872e-01 -1.311293460172653635e-02
9.999841601427472693e-01 5.628242027872738286e-03 -4.853122699091742934e-05 -1.350573212169432075e-02 -5.628252750465140807e-03 9.999841362363333097e-01 -2.237110890392900468e-04 -7.383473432882536880e-02 4.727135694956987260e-05 2.239806914993688945e-04 9.999999737990339366e-01 -8.689488164638962606e-03
9.999887879469890883e-01 4.720567516247757382e-03 -3.744631306258670118e-04 2.359446391504527174e-02 -4.720548535208036502e-03 9.999888568196505512e-01 5.155633057925543608e-05 -7.680560957500891239e-02 3.747023330550575777e-04 -4.978808114417858041e-05 9.999999285596516962e-01 -1.770216459018593425e-02
9.999860025129911900e-01 5.276073914148818322e-03 -3.972683480655834543e-04 3.741967264626587519e-02 -5.276109369921785225e-03 9.999860773436664019e-01 -8.825385830976589558e-05 -6.699777866658178371e-02 3.967971831552499751e-04 9.034865423113291470e-05 9.999999171945546106e-01 -2.128108775953475862e-02
9.999799649962303194e-01 6.311021680303963328e-03 -4.905216494802134815e-04 5.901691514413454076e-02 -6.311189067252837882e-03 9.999800262946441087e-01 -3.404472357869718852e-04 -6.448271908811881170e-02 4.883632820592648466e-04 3.435361897967698520e-04 9.999998217420795754e-01 -2.731211013670744800e-02
9.999283244258461156e-01 1.196070824334782151e-02 -5.361615776110337152e-04 9.975303950213208759e-02 -1.196080591652461111e-02 9.999284509205318416e-01 -1.793362560711224960e-04 -7.345086674868035737e-02 5.339782271073885075e-04 1.857363266117051956e-04 9.999998401846221796e-01 -3.752192795987037421e-02
9.998273147992984278e-01 1.857275105380222849e-02 -6.272953994744189746e-04 1.082903696568360274e-01 -1.857294264314287777e-02 9.998274627190587571e-01 -3.009889428159527223e-04 -1.775511684895976494e-02 6.215969749269788583e-04 3.125876879546993594e-04 9.999997579530397473e-01 -5.073082059910368619e-02
9.998218567417118674e-01 1.884871733514267844e-02 -9.902708597919040318e-04 1.104715982203064301e-01 -1.884914207063941027e-02 9.998222503604780043e-01 -4.213398990619810175e-04 -1.392145021750355871e-03 9.821531228441098167e-04 4.399305963241471776e-04 9.999994209179892124e-01 -6.768074743323264364e-02
9.999413102054987013e-01 1.076646234975390908e-02 -1.208069940865106728e-03 1.009862392560844507e-01 -1.076665326615572869e-02 9.999420264105990386e-01 -1.516420494619797417e-04 -6.628569576993797313e-03 1.206367256298215580e-03 1.646400197958188970e-04 9.999992587855787152e-01 -7.255590365499359207e-02
9.999904918879015669e-01 -4.241245799103419978e-03 -1.013887500795802388e-03 1.027143977157465443e-01 4.241690176923138683e-03 9.999909087058814761e-01 4.365432719809595212e-04 1.393352887502394798e-02 1.012026795927913709e-03 -4.408397179312243969e-04 9.999993907308680763e-01 -5.569224489946905665e-02
9.996650685655477098e-01 -2.586898286867025942e-02 -7.391990119765119672e-04 1.516841395052797581e-01 2.586954318502675959e-02 9.996650394013081309e-01 7.587714932845082824e-04 4.614266724097136618e-02 7.193227626718956850e-04 -7.776400976224963650e-04 9.999994389251634086e-01 -3.031643965756660938e-02
9.986250630121850103e-01 -5.240925359847434933e-02 -1.119670112238842479e-03 2.198600494105106828e-01 5.241144208868205728e-02 9.986235249617764209e-01 2.023890091123695806e-03 5.168011217304324667e-02 1.012058345237159748e-03 -2.079790895024171728e-03 9.999973251002918229e-01 -3.450539203782244241e-02
9.980853613618798637e-01 -6.182803771658938741e-02 -1.704460982714277881e-03 2.665289410514765644e-01 6.183353950648255715e-02 9.980807184347698646e-01 3.390115165285893014e-03 8.657598402552868500e-03 1.491585473868622643e-03 -3.489017175314681248e-03 9.999928009400490536e-01 -6.931399755367455284e-02
9.974240429890116610e-01 -7.171233270797032489e-02 -1.618581179766041258e-03 2.978352755728876922e-01 7.171498065220986706e-02 9.974238145342152473e-01 1.641873950231468454e-03 -5.055624359499043263e-02 1.496668803471986687e-03 -1.753721071509163360e-03 9.999973422189161187e-01 -5.061834377034010735e-02
9.967934223235607183e-01 -8.000740631864128316e-02 -1.299286976543260292e-03 2.668084097221950501e-01 8.000650488724753151e-02 9.967940729628251839e-01 -7.316296254278158986e-04 -8.416709632661190099e-02 1.353657346012469625e-03 6.253321883647520009e-04 9.999988882851039707e-01 -1.655769184549995068e-02
9.967995927446092752e-01 -7.990309851849348999e-02 -2.463077612454765870e-03 2.952645671172917097e-01 7.989275041558001333e-02 9.967952500408625571e-01 -4.046965160224394106e-03 -1.899702157500252619e-01 2.778549120475220027e-03 3.837231178617247270e-03 9.999887775978623106e-01 -6.073766723944681867e-02
9.965440211969297524e-01 -8.280477380271485111e-02 -6.586596399840247834e-03 3.726387180018260747e-01 8.260529166861681205e-02 9.962352584038274284e-01 -2.629972816213218753e-02 -1.824570592757021603e-01 8.739542607934813051e-03 2.566474914236508212e-02 9.996324029594396698e-01 -9.888593633332308508e-02
9.962188224436608897e-01 -8.606979024298014314e-02 -1.183423070989954133e-02 3.989342590956344026e-01 8.526643693490054687e-02 9.947355859757261998e-01 -5.683967563203826817e-02 -6.747984657111905094e-02 1.666410937891241867e-02 5.561569203973009551e-02 9.983131784452961011e-01 -3.735258544322503371e-02
9.987855944429553379e-01 -4.777345422049446289e-02 -1.204298156913706855e-02 4.911813197312829837e-01 4.689543296353455848e-02 9.967892789581983548e-01 -6.489955100890720807e-02 -5.920974785525905115e-02 1.510479064386168260e-02 6.425597579865574560e-02 9.978191293384626182e-01 2.219058083330065212e-02
9.991901079495953963e-01 -3.944242831829541940e-02 -7.963857358851616358e-03 6.967724640923131929e-01 3.891797070853748874e-02 9.975704852128114419e-01 -5.777991509344264365e-02 -6.645777492308835299e-02 1.022348920894553329e-02 5.742318243211665119e-02 9.982975800770842456e-01 1.725826553600820490e-02
9.983950728465814661e-01 -5.634387203899295787e-02 -5.713720269913733982e-03 7.535734696853710890e-01 5.601347215996029666e-02 9.973179261891128577e-01 -4.711098638781231751e-02 -1.370225865779967772e-02 8.352811039080700398e-03 4.671533137526556745e-02 9.988733194766213908e-01 -4.277534121624059632e-02
9.983088766273456871e-01 -5.813200547017863262e-02 2.383003611048747266e-04 7.248766210237337360e-01 5.811326952534899559e-02 9.978649367844824036e-01 -2.980630539290592823e-02 -3.040710489842432529e-04 1.494908733376586977e-03 2.976974766631639013e-02 9.995556649690715556e-01 -2.698329630088815156e-02
9.978868738352839607e-01 -6.496004099189991998e-02 1.407160820497989394e-03 7.524322771613511929e-01 6.496500972480936942e-02 9.978801831411655554e-01 -3.832441207551664022e-03 -2.080236712441911259e-02 -1.155222359326004084e-03 3.915758992149273414e-03 9.999916661116811101e-01 -2.752084045543239099e-02
9.955692199841710277e-01 -9.401610728243883774e-02 -1.702877437246914450e-03 8.720865665162920166e-01 9.402736040592205025e-02 9.955323345971607285e-01 8.615466709454240590e-03 8.026657971376905537e-03 8.852769081909206330e-04 -8.737410542250079182e-03 9.999614362273236967e-01 6.720008870394605927e-02
9.854398293035974143e-01 -1.693721998632195247e-01 -1.487954083936515216e-02 9.386661564853109319e-01 1.695113843754390281e-01 9.854903287649555699e-01 8.643059519746065442e-03 1.070541431120229647e-01 1.319974958924941509e-02 -1.103946666435106326e-02 9.998519374320118391e-01 1.518378520434028878e-01
9.735534424482724658e-01 -2.264433378408336195e-01 -3.028381489542364413e-02 9.743065285222216598e-01 2.268206266675618366e-01 9.738890428444605396e-01 9.619539782916191814e-03 1.345331635541839876e-01 2.731479480524671988e-02 -1.623412994289059885e-02 9.994950500176299490e-01 1.228325348839065245e-01
9.635862063465009397e-01 -2.648840122928443064e-01 -3.657981643478717959e-02 1.138078663240810418e+00 2.658180467720427931e-01 9.637363238905845009e-01 2.351731328529089310e-02 1.054955946138344258e-01 2.902393751809852207e-02 -3.238453404801061586e-02 9.990539790248766927e-01 -2.920187201952750833e-03
9.579122053744661969e-01 -2.851357190878940906e-01 -3.319380205484230573e-02 1.353460249261142501e+00 2.861687610328755293e-01 9.576395975848808195e-01 3.215340334049555243e-02 1.150219388390422981e-01 2.261961545949608271e-02 -4.029916671219355845e-02 9.989315943340502102e-01 -1.407677410485270730e-01
9.532830591256994390e-01 -3.010478639293653336e-01 -2.493176302459635535e-02 1.443145122977213424e+00 3.015470631483242459e-01 9.532528448009301991e-01 1.945205864565904136e-02 1.477691218254550964e-01 1.791027332479472323e-02 -2.606141789120337143e-02 9.994998872470828299e-01 -1.312383995847698492e-01
9.498215622729864194e-01 -3.125716556512947997e-01 -1.174563428308092461e-02 1.380333468434483457e+00 3.124873686267847783e-01 9.498840691524673696e-01 -8.479364307454211047e-03 2.113881936819639873e-01 1.380739982804108854e-02 4.383520703615447281e-03 9.998950647224085220e-01 6.900006525624025056e-02
9.551521082870118029e-01 -2.953663137688410933e-01 -2.105209551287279615e-02 1.362394856304490309e+00 2.949864971970534433e-01 9.553049296449069860e-01 -1.937673521396275633e-02 2.340354452065459001e-01 2.583440547582588689e-02 1.229764557733555724e-02 9.995905918959846481e-01 2.263844488804034882e-01
9.606494032692518559e-01 -2.758909529595339749e-01 -3.220102596984303345e-02 1.604427926853650321e+00 2.759069890144056347e-01 9.611758807229263679e-01 -4.032335490936659120e-03 2.542814138254939071e-01 3.206333437799276098e-02 -5.010827435364344218e-03 9.994732783806569154e-01 1.941644998005590816e-01
9.557837636398731629e-01 -2.907360806669361808e-01 -4.415799543489201673e-02 1.897251414689191895e+00 2.918456252245288929e-01 9.562337001137184433e-01 2.105330862670008740e-02 3.053639158270389231e-01 3.610440692911330574e-02 -3.300972834265717554e-02 9.988026980515426478e-01 -4.132963683877477479e-02
9.460480174723331359e-01 -3.215856381262669483e-01 -3.969667476741366163e-02 1.999844849794438995e+00 3.228654601805183155e-01 9.459190019484208234e-01 3.154578221134513027e-02 3.498474755851407325e-01 2.740516847403532893e-02 -4.266050988707444092e-02 9.987136915237943002e-01 -1.818073994031191576e-01
9.238768427465364752e-01 -3.815663288838643807e-01 -2.930385808698520583e-02 2.002237761282810169e+00 3.823355682624228202e-01 9.236058278597103488e-01 2.778107242402937799e-02 3.731714873488249373e-01 1.646489229061978699e-02 -3.687019671319401865e-02 9.991844153689490859e-01 -8.678619843740661977e-02
8.988626416489491344e-01 -4.378676255080903301e-01 -1.782958159295021383e-02 1.983709234062605908e+00 4.381903761287684329e-01 8.985865965783039755e-01 2.305043856304822558e-02 4.096674259271057550e-01 5.928382241502268106e-03 -2.853192916238175142e-02 9.995753014667136949e-01 7.410166776885108997e-02
8.583717885047560392e-01 -5.129136024957813289e-01 -1.084016023617592750e-02 2.100211316875363998e+00 5.129822960179711844e-01 8.578209933269184129e-01 3.150091077650839927e-02 4.839810309600721672e-01 -6.858328606657703580e-03 -3.260030340991649372e-02 9.994449377260883338e-01 1.477532214580071779e-01
8.339109963704497419e-01 -5.518816978223127778e-01 -4.363684361320353464e-03 2.213912769499745359e+00 5.514319578213723316e-01 8.328541416581594081e-01 4.771555947632669797e-02 5.226423398667936482e-01 -2.269903138312211882e-02 -4.219680475595443542e-02 9.988514322173522864e-01 4.457784082594518082e-02
8.126862561333625390e-01 -5.826654495745369200e-01 6.482512170573814791e-03 2.319563836003010859e+00 5.814913347996588655e-01 8.116648711832071816e-01 5.538920869681075720e-02 5.770348972017399491e-01 -3.753500559277744841e-02 -4.124452399107862710e-02 9.984437954115892300e-01 8.185828958140642375e-03
8.095136947664653970e-01 -5.870683415434100327e-01 6.191957930746382413e-03 2.399574757604532316e+00 5.861012141714231349e-01 8.087054538661898606e-01 4.980818842181884004e-02 6.317535335092787641e-01 -3.424828072078346664e-02 -3.669129657766202063e-02 9.987396077172069342e-01 3.231570510234911542e-02
8.053628146591943482e-01 -5.927228765727629023e-01 -8.386200064965067952e-03 2.538426669191151674e+00 5.927092364348890419e-01 8.049611357856514271e-01 2.708008344604638865e-02 6.882145172284480639e-01 -9.300419828751085860e-03 -2.677987046240943789e-02 9.995980895985273618e-01 6.767231140837420833e-02
8.077890039579679327e-01 -5.885694410201740556e-01 -3.260273273506292258e-02 2.564211012131821565e+00 5.888967066223371738e-01 8.082081259699354092e-01 5.422596517226149077e-04 7.526473476847016508e-01 2.603063606520169757e-02 -1.963767331851842129e-02 9.994682425033204476e-01 6.178608189967495223e-02
8.331479054904691317e-01 -5.496045991537096276e-01 -6.163888517757647179e-02 2.672046764108899630e+00 5.494843888395396503e-01 8.352546604962830523e-01 -2.040976582120671012e-02 8.172028139654451406e-01 6.270146727535140518e-02 -1.686525150506183041e-02 9.978898182130074845e-01 1.079813904973942473e-01
8.338403464528141296e-01 -5.466814496685643565e-01 -7.648313026888940713e-02 2.901490944623657864e+00 5.474602897429974302e-01 8.367420083185728163e-01 -1.224919056569300120e-02 9.144193808268997747e-01 7.069305327940110517e-02 -3.165760735239361856e-02 9.969956309406563522e-01 1.882532250111248473e-01
8.341472142448139726e-01 -5.467089981038614210e-01 -7.285393853381212648e-02 2.990286516701360142e+00 5.483711846910602761e-01 8.362280626740038469e-01 3.416284093180139286e-03 9.616244973866209245e-01 5.905479462448000316e-02 -4.280068444259131633e-02 9.973367699243351758e-01 1.063609057226404392e-01
8.165867381365465860e-01 -5.722483713211513612e-01 -7.561680117410950197e-02 3.088942998925598538e+00 5.742630568045371531e-01 8.186476623720893020e-01 6.160071608570624052e-03 9.731571066744306719e-01 5.837842657201360030e-02 -4.845416816955526451e-02 9.971179232658354818e-01 1.292995153510193007e-02
7.939599677969385594e-01 -6.020718608098509783e-01 -8.448102720047716285e-02 3.047351330296957261e+00 6.039266115059576112e-01 7.970276113467315016e-01 -4.431102103962598210e-03 1.009633381471646718e+00 7.000155320288577177e-02 -4.750222280995970714e-02 9.964152354201015749e-01 1.163286553320466710e-02
7.700893602218156220e-01 -6.306222996945248793e-01 -9.632181684926612031e-02 3.124241637047763920e+00 6.327253199804715456e-01 7.743015026920274657e-01 -1.076347455416396329e-02 1.095944849330311666e+00 8.136981460446339465e-02 -5.265641515387235738e-02 9.952920451879329056e-01 1.315099952397117689e-01
7.458128904382214097e-01 -6.566975719954650792e-01 -1.118545099289544598e-01 3.209051226187773498e+00 6.609377466806642953e-01 7.504399174021424423e-01 1.106969806095550735e-03 1.182069587398575150e+00 8.321314480820646287e-02 -7.475446009922509516e-02 9.937239773832580170e-01 1.732055297650080816e-01
7.420468763543611734e-01 -6.607993407093606386e-01 -1.127415833258065964e-01 3.398639493872703365e+00 6.671475119813123911e-01 7.443994544274764591e-01 2.799374046496985735e-02 1.232951214368046777e+00 6.542652787577928064e-02 -9.598793448215123258e-02 9.932299259909409539e-01 9.549886615874952911e-02
7.238973353062350125e-01 -6.830789276968535217e-01 -9.682885144960176604e-02 3.552616531741494388e+00 6.888678728252851657e-01 7.233547165361714493e-01 4.710634621833725832e-02 1.322910761322640960e+00 3.786425393031120357e-02 -1.008024434296699856e-01 9.941856796760397685e-01 7.683471281103165795e-04
7.175371593316082208e-01 -6.922027379125950119e-01 -7.743251645551442464e-02 3.616389663977649604e+00 6.961077382671563285e-01 7.164925126451505699e-01 4.552467515560261468e-02 1.375337666175504348e+00 2.396751349035887782e-02 -8.656701998882783411e-02 9.959576845164374026e-01 -1.302975733673221448e-02
7.153031356992429757e-01 -6.957419722376703142e-01 -6.545633755158566935e-02 3.640589771686169929e+00 6.982509362382247620e-01 7.153445650365267694e-01 2.697745939010294525e-02 1.446914175176128525e+00 2.805448451269123775e-02 -6.500201027305960166e-02 9.974906939712210319e-01 5.816499103843444235e-02
7.147680279347394805e-01 -6.967924138979265658e-01 -5.989155346611102493e-02 3.721350348569963717e+00 6.984615196330853371e-01 7.155691097469925044e-01 1.059975319230522725e-02 1.529678812015323075e+00 3.547071798152084954e-02 -4.940831013298505048e-02 9.981486097048265504e-01 1.209826885882098468e-01
7.244646599284972899e-01 -6.865867248133578071e-01 -6.123418836526954567e-02 3.785814878954221196e+00 6.884350307222829590e-01 7.251619314373694003e-01 1.404925864354479234e-02 1.627204346786796707e+00 3.475866782683138811e-02 -5.233395173394157773e-02 9.980245450422616793e-01 1.659227945359521561e-01
7.315834642025584866e-01 -6.795751923678252648e-01 -5.443521675916461466e-02 3.998079564383420159e+00 6.815301825572710470e-01 7.310466551076180153e-01 3.297572318261503266e-02 1.706459377069505345e+00 1.738519970655169264e-02 -6.122373701594019391e-02 9.979726493531605458e-01 1.235816940611612347e-01
7.187294092719939131e-01 -6.945125403870038294e-01 -3.286894419845419468e-02 4.105907255124624733e+00 6.951652758042909941e-01 7.169021759470171062e-01 5.288203322846266735e-02 1.786552767733107450e+00 -1.316341762137666210e-02 -6.085722116250918273e-02 9.980596791118768740e-01 4.377349642967368754e-02
7.100163682089073447e-01 -7.040339453228039446e-01 -1.459317335744967845e-02 4.122186907680599255e+00 7.034998406885852873e-01 7.082589614061487460e-01 5.879810999529380688e-02 1.840581857615493755e+00 -3.106011955174369996e-02 -5.201391564851311211e-02 9.981632239029550879e-01 4.427756421557441091e-02
6.922524933874957265e-01 -7.215048189230145459e-01 -1.474047725357431615e-02 4.167467513893878817e+00 7.209751153314029049e-01 6.905689754442636552e-01 5.752715208256063695e-02 1.944202922557674684e+00 -3.132680117192435110e-02 -5.045083175456993585e-02 9.982351151425232771e-01 1.107197980418947181e-01
6.648309223066984908e-01 -7.463096723760943574e-01 -3.196431858668986187e-02 4.338886912845212329e+00 7.466758326709631577e-01 6.626906502375329300e-01 5.758735097987691121e-02 2.050129323849079199e+00 -2.179554197418592451e-02 -6.215283586162771712e-02 9.978286322532586849e-01 1.222663360306647240e-01
6.488069738232755679e-01 -7.600951670218095702e-01 -3.612267692697780641e-02 4.398075015451692771e+00 7.603798578668593544e-01 6.457452723119634364e-01 6.953786764866386194e-02 2.110890319820472261e+00 -2.952934927590328273e-02 -7.258360942275891847e-02 9.969250910547422517e-01 9.126582688717689573e-02
6.407550687119518695e-01 -7.674992144830615759e-01 -1.943959073194050091e-02 4.504456678447019691e+00 7.661860846107678702e-01 6.376357521723650112e-01 7.987196817659925063e-02 2.180479988976913752e+00 -4.890629477647219503e-02 -6.607271236649694957e-02 9.966155582830176218e-01 8.383761296739120072e-02
6.355935123312930202e-01 -7.720093227848652262e-01 -4.742638044846526207e-03 4.576445573318206783e+00 7.702008947833196562e-01 6.336587927071533066e-01 7.257489993025741104e-02 2.277838487223903918e+00 -5.302328504859291081e-02 -4.978091961953863553e-02 9.973516888663139790e-01 8.940478120783135196e-02
6.430635948199969754e-01 -7.657619315592933962e-01 8.824805480175060973e-03 4.647726477212452245e+00 7.645095722901433799e-01 6.425986315760164880e-01 5.091279380836533780e-02 2.381716861534216800e+00 -4.465788725325889330e-02 -2.599351594554435291e-02 9.986641128201533268e-01 1.091450969248770608e-01
6.502220682941295404e-01 -7.594557669819832491e-01 2.093322481396601292e-02 4.723694181474956899e+00 7.586209209859553493e-01 6.505119493977857825e-01 3.644862045555960495e-02 2.514196262361404255e+00 -4.129842788442735640e-02 -7.819315091504734638e-03 9.991162585834415522e-01 1.362036652016715421e-01
6.738864482727082716e-01 -7.382331917650711839e-01 2.981290678129976113e-02 4.781294733067912972e+00 7.366637055723418426e-01 6.744500889741296135e-01 4.943341355009567284e-02 2.575031130834873672e+00 -5.660070429615489396e-02 -1.135042109987487516e-02 9.983323736181426433e-01 1.345690006083185286e-01
6.918937241064883059e-01 -7.214983383859286947e-01 2.689279175538828934e-02 4.903659390308493293e+00 7.190810106925008549e-01 6.919644822314707788e-01 6.409099306130316975e-02 2.683037952707431284e+00 -6.485040172201034236e-02 -2.500605999506058316e-02 9.975816369400638539e-01 1.031965752118146618e-01
6.827571493574937644e-01 -7.303104000789696348e-01 2.212226339515117532e-02 5.042999453152917866e+00 7.278997623936475092e-01 6.825020179752812055e-01 6.597674868421968264e-02 2.771210887136026368e+00 -6.328199513685346667e-02 -2.894330658657337865e-02 9.975758989146313871e-01 5.294581651330393379e-02
6.609938513709909813e-01 -7.501769658620597303e-01 1.793455713806293983e-02 5.093965928623913619e+00 7.482900717533448320e-01 6.607419949428372519e-01 5.900834376877479859e-02 2.845084177420247773e+00 -5.611681535082485572e-02 -2.558390136304030185e-02 9.980963716124449103e-01 6.047834222498441048e-02
6.414829549591103408e-01 -7.669121292921059485e-01 1.858505963337746605e-02 5.091541578536544321e+00 7.652811789032241130e-01 6.414273034249355909e-01 5.399751510493012996e-02 2.954910330524131545e+00 -5.333231397023355247e-02 -2.041568920374194421e-02 9.983681004123261538e-01 1.118634106241340742e-01
6.129961635316746316e-01 -7.899677324461703565e-01 1.366327886359102600e-02 5.190448694556129006e+00 7.879647411251974320e-01 6.125253749352719268e-01 6.264368925841817815e-02 3.054241401533031919e+00 -5.785559816430139307e-02 -2.763415919220984368e-02 9.979424246953280120e-01 1.404305111208856705e-01
5.942639211157135781e-01 -8.042206392435639062e-01 8.919387582703837414e-03 5.259158285867739480e+00 8.008356494282725668e-01 5.927136570551233552e-01 8.574837225941243923e-02 3.115532103911156980e+00 -7.424725358539618902e-02 -4.381420038087123492e-02 9.962768998526517761e-01 1.153277617267766814e-01
5.959483829809069100e-01 -8.030187056111594002e-01 2.546224856628469257e-03 5.347305218139165817e+00 7.990385352377528116e-01 5.933040621025937877e-01 9.760998462077516424e-02 3.190885331691756477e+00 -7.989332905536430940e-02 -5.613598071771578463e-02 9.952214867261013342e-01 9.529664961657458022e-02
6.028556439908541176e-01 -7.977702365609630197e-01 -1.130142317753777409e-02 5.460735292748476688e+00 7.950225138029601846e-01 5.994671904888646541e-01 9.261905891234860355e-02 3.273468922106766321e+00 -6.711389613779381036e-02 -6.482080827058787909e-02 9.956374780814315484e-01 8.271334946714695158e-02
6.134749493743257842e-01 -7.894918409698579165e-01 -1.873818380187717431e-02 5.526687036003785636e+00 7.884935623204303301e-01 6.110355403283943554e-01 7.009615278190856058e-02 3.407106426279742806e+00 -4.389064444054064512e-02 -5.777717107657347889e-02 9.973642312781135777e-01 8.747086020280253615e-02
6.370803743295005983e-01 -7.705431667178653798e-01 -1.979456664307782665e-02 5.615630891865821539e+00 7.702829054928964636e-01 6.355070613934817869e-01 5.286795271658389223e-02 3.489093268812994975e+00 -2.815745282522709447e-02 -4.892855141351836606e-02 9.984053058287349902e-01 1.227001886547647025e-01
6.529195158429217383e-01 -7.573296683199689516e-01 -1.216056387715236387e-02 5.667499774493331088e+00 7.566595352372241789e-01 6.514509173624285499e-01 5.548017666012074189e-02 3.581252313436005252e+00 -3.409477329492720948e-02 -4.542549669531448231e-02 9.983857324120529730e-01 1.409106605048822403e-01
6.801322145506409900e-01 -7.330866279433599919e-01 -2.041240082456551724e-03 5.711860957108693349e+00 7.316080226428559596e-01 6.785782253730247016e-01 6.543159217233501801e-02 3.662259940230725430e+00 -4.658188419386857793e-02 -4.599552130620998547e-02 9.978549694643600310e-01 1.854382748120544933e-01
6.871458105925862814e-01 -7.265134891567951447e-01 2.963959898014838223e-03 5.845250248479193722e+00 7.244245748297036824e-01 6.854682776490435003e-01 7.309087302568562095e-02 3.780637084577444185e+00 -5.513320567372020226e-02 -4.807692180322284403e-02 9.973208807711116952e-01 1.432137878599088476e-01
6.838503933019755010e-01 -7.296154459766710509e-01 3.152867424566961618e-03 5.925132117778196594e+00 7.275858588757961876e-01 6.822580056118532355e-01 7.171353946436090365e-02 3.841591842366025578e+00 -5.447437511989891568e-02 -4.674735041475487629e-02 9.974202863810704978e-01 8.494761647463723586e-02
6.752437231642731685e-01 -7.375946417962303547e-01 -2.423236291245224605e-04 5.975705627098416350e+00 7.364265439128540036e-01 6.741558126341338220e-01 5.647907322345181030e-02 3.910470504407733472e+00 -4.149529790012210229e-02 -3.831559323697580205e-02 9.984037537825459774e-01 8.105436506768040616e-02
6.658109075913833941e-01 -7.460666699949145553e-01 -8.964332381034830627e-03 6.061068547495031211e+00 7.459635306158831636e-01 6.653763120511959617e-01 2.850919767787138751e-02 4.010311139960563764e+00 -1.530510775606218343e-02 -2.566879981317673684e-02 9.995533334408556181e-01 1.211478287749467309e-01
6.285486742352923706e-01 -7.776581005908129729e-01 -1.320767589492370317e-02 6.120556310188860927e+00 7.777700661424440387e-01 6.284696144258066219e-01 9.983384008248233354e-03 4.112559963142659925e+00 5.369635318207017366e-04 -1.654757773714901972e-02 9.998629352772301360e-01 1.721475097083631778e-01
6.312574621422362142e-01 -7.755726826938200702e-01 1.015061010164210881e-03 6.127220395690531340e+00 7.754272099958052777e-01 6.311633830537638490e-01 1.858563666516099486e-02 4.144023611946320074e+00 -1.505518142915274887e-02 -1.094521590646006966e-02 9.998267568738578026e-01 2.087440086101790548e-01
6.347505523758502077e-01 -7.726520610197183947e-01 1.002640815719420611e-02 6.284928332059669387e+00 7.720522656783425086e-01 6.346891632496872715e-01 3.324101554330183284e-02 4.260986322850337515e+00 -3.204739177361007330e-02 -1.335884184326746604e-02 9.993970712510195087e-01 1.589312176567192481e-01
6.470434413897265813e-01 -7.624325518888857012e-01 5.602568584238199964e-03 6.362979682418131944e+00 7.618616701955733816e-01 6.468134247471104548e-01 3.462930917193662861e-02 4.384066796909738883e+00 -3.002632913546052218e-02 -1.813828512058573636e-02 9.993845216789848385e-01 9.575639970979243909e-02
6.642329984906838458e-01 -7.475250613523420906e-01 -8.979789821696075938e-04 6.439397936806240175e+00 7.474077555555163066e-01 6.641064754732677322e-01 1.855360261349464288e-02 4.471840153575156407e+00 -1.327292927506182676e-02 -1.299507155236554953e-02 9.998274638475420639e-01 7.459472379958172195e-02
6.774613705085590354e-01 -7.355431464588815249e-01 -4.729816701860484196e-03 6.507341298073367142e+00 7.355563493959453858e-01 6.774605293232458525e-01 2.021898211464577891e-03 4.543535317461397938e+00 1.717070754164092298e-03 -4.848804639900066056e-03 9.999867702932820901e-01 1.084382687523582911e-01
6.994907381082731135e-01 -7.146343144264331038e-01 -3.240979019600531870e-03 6.572403014447965930e+00 7.146136824401481125e-01 6.994962888092461917e-01 -5.676866338308958135e-03 4.654316876446882745e+00 6.323936280087118049e-03 1.654867473217746642e-03 9.999786343935411770e-01 1.544733848116246477e-01
7.039818109598525719e-01 -7.102121873145688102e-01 2.873817590302302129e-03 6.708780069512779498e+00 7.102178858242831350e-01 7.039736221806642824e-01 -3.419638741283697204e-03 4.782794172976426061e+00 4.055773317411131597e-04 4.448400127146505054e-03 9.999900235719038077e-01 1.499364846566957898e-01
6.991399383538068335e-01 -7.149140684503445531e-01 1.006088119457824309e-02 6.777647620865574929e+00 7.149639114208821145e-01 6.991579477581464364e-01 -2.183907591923027643e-03 4.833874706472506055e+00 -5.472838786978566350e-03 8.720023990403932834e-03 9.999470032042790946e-01 1.039249503954863957e-01
6.931855759053420218e-01 -7.207139989179220940e-01 8.067782874922678482e-03 6.843983212000500416e+00 7.207553975232319221e-01 6.931024003012947743e-01 -1.098724886910614276e-02 4.919046348644560140e+00 2.326864393841315565e-03 1.343110048809267529e-02 9.999070913048728748e-01 1.395035335165751289e-01
6.883317981879939484e-01 -7.253958003487904760e-01 -5.181115911022412916e-04 6.880587029626969553e+00 7.253794720510268190e-01 6.883207724106996661e-01 -6.255860844969120954e-03 5.042228423841486062e+00 4.894602155089465209e-03 3.930280432214196262e-03 9.999802976886432715e-01 1.945345710911944581e-01
6.777892779746981233e-01 -7.352286933029837934e-01 -6.361069605380572506e-03 6.997252003507252738e+00 7.351418390950509307e-01 6.775058929041332112e-01 2.349981898056934318e-02 5.126648139811917915e+00 -1.296807905912194039e-02 -2.060421374768730760e-02 9.997036037253022034e-01 1.557161037473530074e-01
6.696441606819065750e-01 -7.426183182481125300e-01 -9.733009142603865280e-03 7.074670611547626997e+00 7.419242368910363705e-01 6.683114915114061194e-01 5.392751642207340573e-02 5.222490906360036433e+00 -3.354287969566987354e-02 -4.333340185289893259e-02 9.984974168747643430e-01 1.306539504397765117e-01
6.740158105435651859e-01 -7.385329937136466683e-01 -1.648345636266208142e-02 7.179003725805421787e+00 7.375691915375481855e-01 6.715576913748368959e-01 7.072449964437219072e-02 5.297823198792817045e+00 -4.116278455047069768e-02 -5.982712053624273524e-02 9.973596847759556017e-01 1.287323025750242156e-01
6.669847241730112453e-01 -7.445943758038254812e-01 -2.665695483665644905e-02 7.303443975167625446e+00 7.444540378504819200e-01 6.645492559396444232e-01 6.451722218274803800e-02 5.409427942617613283e+00 -3.032430127744326076e-02 -6.287687930691591986e-02 9.975604918002007881e-01 1.023541201815973412e-01
6.707753396627735842e-01 -7.413344964950511207e-01 -2.199108925723664010e-02 7.313295095935157697e+00 7.414589596858477405e-01 6.696067463092312266e-01 4.319046652613608983e-02 5.490912344221331232e+00 -1.729320103020533933e-02 -4.527659001729189558e-02 9.988247972465116309e-01 1.343861368371680187e-01
6.880884329632652729e-01 -7.254643085614892462e-01 -1.535725970211869115e-02 7.374683444959642564e+00 7.255763278510604097e-01 6.876367113391689267e-01 2.635802877346663312e-02 5.598459712229550078e+00 -8.561593562440367872e-03 -2.927951881525366409e-02 9.995345961464359164e-01 1.867848364071343359e-01
7.170946113655636278e-01 -6.967330924227133071e-01 -1.839337580636217495e-02 7.448522617646256450e+00 6.969480878269431745e-01 7.165808261050198302e-01 2.784389579450045199e-02 5.692378023267663067e+00 -6.219423191814990939e-03 -3.278593573058702360e-02 9.994430454975565814e-01 2.441772320313407019e-01
7.246580188216527052e-01 -6.885896954275355641e-01 -2.673924285560786568e-02 7.646719301262853818e+00 6.889914938758135987e-01 7.232736163876690716e-01 4.654027507737505676e-02 5.791090835963887073e+00 -1.270736496099975771e-02 -5.214889441317878405e-02 9.985584688375693796e-01 2.267279802757579676e-01
7.168156082285610520e-01 -6.966358903080595022e-01 -2.956044882296586171e-02 7.705380445404664158e+00 6.970173232489872417e-01 7.147942142603832538e-01 5.688657443279543369e-02 5.868175714804374721e+00 -1.849959163696999684e-02 -6.138132936470591661e-02 9.979429329950119110e-01 1.421508242580309944e-01
7.131797617129522759e-01 -7.004577944589130967e-01 -2.708330970933476439e-02 7.773132126265640984e+00 7.008367600597028568e-01 7.117161625115331347e-01 4.783241337080597344e-02 5.956474463768125283e+00 -1.422895751892269169e-02 -5.309408819833050241e-02 9.984881344143817783e-01 1.481135633484422787e-01
7.014958081590991767e-01 -7.122155632955782245e-01 -2.554647793287217333e-02 7.802167471284774614e+00 7.125827459382050311e-01 7.003833291430394681e-01 4.109771830260609826e-02 6.054471752587654798e+00 -1.137810732854938750e-02 -4.703385650863747824e-02 9.988284912914453528e-01 1.924180573204825606e-01
6.961582795888623387e-01 -7.169904337461988630e-01 -3.589383897430180326e-02 7.903432604997655098e+00 7.178300952135517887e-01 6.945943419156639376e-01 4.752530467497152050e-02 6.127641944990065426e+00 -9.143531351646095803e-03 -5.885081218796765073e-02 9.982249134034063554e-01 2.416742403373837722e-01
6.871977823865422774e-01 -7.252578089704975195e-01 -4.195614865942480509e-02 8.011199335248644360e+00 7.263075502843758802e-01 6.846742942679762134e-01 6.081490909766831821e-02 6.213496406402763128e+00 -1.538019125132092206e-02 -7.226493822015075952e-02 9.972668792359999923e-01 2.143284204440474294e-01
6.883134314364199868e-01 -7.247331985135270216e-01 -3.140718192664691821e-02 8.117429317187742299e+00 7.249089547705918068e-01 6.855754261722882825e-01 6.703239755590877091e-02 6.293782590239635155e+00 -2.704861175049253982e-02 -6.890664700185329672e-02 9.972563595191223929e-01 1.592190074141943967e-01
6.878830249964678067e-01 -7.255525394668674855e-01 -1.975996950626670787e-02 8.205510630298538999e+00 7.254373283707699072e-01 6.863783204051898679e-01 5.123947583680427825e-02 6.382546006604504996e+00 -2.361411713337542226e-02 -4.958138512516834656e-02 9.984908911557885958e-01 1.513291784909289450e-01
6.978303120098439116e-01 -7.160969034767050712e-01 -1.542985649052999036e-02 8.270719629323908251e+00 7.162481256469970248e-01 6.975143851721786747e-01 2.150127868386085203e-02 6.452768937196640131e+00 -4.634452223015464445e-03 -2.605584980291348121e-02 9.996497459328644863e-01 1.975706707475367307e-01
7.072696380965604046e-01 -7.068259368049801816e-01 -1.291332979997128309e-02 8.355833474124585436e+00 7.068230361593982325e-01 7.073684870333921682e-01 -5.569479912867183330e-03 6.550264405889938857e+00 1.307113542009776842e-02 -5.188314933783699096e-03 9.999011085137256005e-01 2.499416012475705051e-01
7.366393922015190832e-01 -6.761007166787984524e-01 -1.581855756356835563e-02 8.427164128201738436e+00 6.762349183476172865e-01 7.366692662345508680e-01 4.972664561362217898e-03 6.603175462389576644e+00 8.291023119502650626e-03 -1.436012158248062623e-02 9.998625134706112805e-01 2.522016054921185635e-01
