1.000000000000000000e+00 0.000000000000000000e+00 0.000000000000000000e+00 0.000000000000000000e+00 0.000000000000000000e+00 1.000000000000000000e+00 0.000000000000000000e+00 0.000000000000000000e+00 0.000000000000000000e+00 0.000000000000000000e+00 1.000000000000000000e+00 0.000000000000000000e+00
9.999985221735259167e-01 -1.689810088672116014e-03 -3.165321919235857592e-04 1.258135428407364774e-02 1.689996673567810501e-03 9.999983978283806252e-01 5.901287275079655304e-04 -4.782752189127236625e-02 3.155344793073330996e-04 -5.906627937515368737e-04 9.999997757777030483e-01 -1.456562226321372021e-02
9.999941117375678035e-01 -3.419442133484831663e-03 -2.896647866365195103e-04 1.314752260276803517e-02 3.419551408266026729e-03 9.999940820279017428e-01 3.775941477391445166e-04 -9.631609193858096940e-02 2.883719110702578046e-04 -3.785824479947777509e-04 9.999998867584790618e-01 -2.258536539494041678e-02
9.999938648136077468e-01 -3.486708295503563714e-03 -3.364526801265739801e-04 1.357590043308319443e-02 3.486883146657895980e-03 9.999937853380020947e-01 5.205106102169070222e-04 -1.064860516972250259e-01 3.346357205243477703e-04 -5.216805879672754050e-04 9.999998079341309021e-01 -1.882473623685151920e-02
9.999982479305520311e-01 -1.856925905407072388e-03 2.365629049349329805e-04 -2.248226403827739694e-02 1.856937444201558259e-03 9.999982747108207004e-01 -4.856655483572077243e-05 -6.396938811542957071e-02 -2.364723123017020722e-04 4.900575225982661760e-05 9.999999708396404285e-01 -8.662295770111780313e-05
9.999997334282449968e-01 -5.368741271005314985e-04 4.948834312821312085e-04 -5.970665953905927165e-02 5.369399395004330203e-04 9.999998470215312185e-01 -1.328623932531821912e-04 -1.717733505660342871e-02 -4.948120251942192882e-04 1.331280805154732661e-04 9.999998687189782798e-01 1.147692366208257625e-02
9.999981470970447095e-01 1.644198731553551821e-03 1.001205777270139114e-03 -9.464124792548481158e-02 -1.644260846208622740e-03 9.999986463282812821e-01 6.121988706418614171e-05 2.407736812520466091e-02 -1.001103764305536978e-03 -6.286601708823962747e-05 9.999994969194319072e-01 1.993935869932616373e-02
9.999991644648452693e-01 6.985459799895951845e-04 1.087705440402114308e-03 -5.408648625730530513e-02 -6.996270464017574110e-04 9.999992614085005949e-01 9.938332099293897999e-04 1.750677114022436420e-04 -1.087010398838545973e-03 -9.945933676914287327e-04 9.999989145956238445e-01 2.287381400638844459e-02
9.999988992374710950e-01 -1.377190823409487870e-03 5.521496917805479273e-04 -4.751068921772672732e-02 1.376558416951886377e-03 9.999983980575390952e-01 1.144101953641878588e-03 -8.638345790706693228e-03 -5.537244539801123048e-04 -1.143340627951680956e-03 9.999991930803932005e-01 1.670848760025014576e-02
9.999971307781019281e-01 -2.334135437099228109e-03 5.387460673302495520e-04 -7.555362811181362548e-02 2.333764668652327842e-03 9.999970402241717959e-01 6.878120146332552132e-04 -9.087193256521566495e-03 -5.403499191600799438e-04 -6.865527346106503007e-04 9.999996183335808642e-01 1.597751423794644202e-02
9.999993610424638968e-01 -6.845164356398320731e-04 8.996398797335040725e-04 -7.540986793550112643e-02 6.840478978506228614e-04 9.999996303132056008e-01 5.210104850184422119e-04 -5.795233045723985690e-03 -8.999961873886566958e-04 -5.203947553463121687e-04 9.999994595979346812e-01 2.654397078434550528e-02
9.999998416009444613e-01 2.028186037157384881e-04 5.250359034162683115e-04 -3.730690221668116896e-02 -2.029962010587017438e-04 9.999999221977420305e-01 3.382263329928197437e-04 8.042148000000722344e-03 -5.249672639746920302e-04 -3.383328597119010061e-04 9.999998049701048775e-01 1.162162799033027508e-02
9.999999813020293837e-01 -1.874589409790895355e-04 4.748774936125986040e-05 -1.057070808279005590e-02 1.874380134635450338e-04 9.999998854949608829e-01 4.403147241723914590e-04 7.786974541289477109e-03 -4.757028485556411788e-05 -4.403058149299955487e-04 9.999999019339238515e-01 -3.885580996052189536e-03
9.999997061472071236e-01 -7.625093386304367072e-04 7.927804228639748294e-05 -9.768771790439660652e-03 7.624824013754270173e-04 9.999996517619479386e-01 3.392588546634009742e-04 4.290969318688436264e-03 -7.953670272366038176e-05 -3.391983068591801834e-04 9.999999393092089406e-01 -5.923904686643735595e-03
9.999995849433277462e-01 -9.110151196901524742e-04 -1.283058522537061980e-05 -9.199470648917872084e-03 9.110182738472091075e-04 9.999995542685140570e-01 2.480090277008406888e-04 -8.422008363678358187e-03 1.260463953231968318e-05 -2.480206136606434597e-04 9.999999691634486876e-01 -4.495942675592239438e-03
9.999999664985899095e-01 -1.211003132614199400e-04 2.287739784309648157e-04 -1.304830462394934547e-02 1.211079447651354729e-04 9.999999921104979483e-01 -3.334470949053001113e-05 -1.742325253536406576e-02 -2.287699385712871282e-04 3.337241471977873980e-05 9.999999732752982151e-01 4.354408437945399279e-03
9.999999374169197264e-01 -3.471346530562021879e-04 6.829120940138314251e-05 1.462133512483024950e-02 3.471415676763988105e-04 9.999999346189425431e-01 -1.012661966202562931e-04 -3.377921413163373354e-02 -6.825605193040156665e-05 1.012898970001958941e-04 9.999999925407340173e-01 7.791070285902371856e-04
9.999996998577238561e-01 -7.207222781427355439e-04 -2.843305468953813680e-04 3.837206867937484334e-02 7.207530041952624937e-04 9.999997344280140421e-01 1.079768883850599310e-04 -3.650175587217364959e-02 2.842526500361696688e-04 -1.081817880724902133e-04 9.999999537485647627e-01 -1.143282445742640173e-02
9.999997652078760346e-01 -5.304374991141433838e-04 -4.338435804948721146e-04 3.072965382697639969e-02 5.303031821020890314e-04 9.999998114463735099e-01 -3.096542468080247285e-04 -5.942827508819682747e-02 4.340077509163585878e-04 3.094241054723754461e-04 9.999998579469874249e-01 -2.953956779240231312e-02
9.999893211920044545e-01 4.616034495705960417e-03 -2.229966112289213627e-04 1.429737492489460346e-02 -4.616159581981851487e-03 9.999891865902695853e-01 -5.637137967147576182e-04 -7.217033254556666499e-02 2.203920775438549364e-04 5.647371648670318619e-04 9.999998162496165355e-01 -2.230480562034943895e-02
9.999817917852694693e-01 6.033004531787448076e-03 -1.376744038444415407e-04 -9.388571007327406112e-03 -6.033068446973414815e-03 9.999816910564599537e-01 -4.686544321079845281e-04 -6.592977063162894225e-02 1.348444888588049299e-04 4.694764978492399986e-04 9.999998807043837257e-01 -1.536511855860639084e-02
9.999849460228831255e-01 5.487040664094640710e-03 1.060009751206143935e-05 -1.358931001953610912e-02 -5.487038879452800152e-03 9.999849330263957947e-01 -1.616308452238619114e-04 -7.825198728506320422e-02 -1.148681282098733908e-05 1.615702488896418739e-04 9.999999868815537818e-01 -7.635743267196921230e-03
9.999905754751555742e-01 4.335441379806705825e-03 -2.300193674809735832e-04 2.570384665809541391e-02 -4.335414639058888381e-03 9.999905952449333890e-01 1.166258598393300826e-04 -8.838726289058035368e-02 2.305228287838648193e-04 -1.156275313629724578e-04 9.999999667447491136e-01 -1.294441857553332506e-02
9.999876830902282299e-01 4.948094399052993010e-03 -3.873366176894201809e-04 3.769537218891481911e-02 -4.948114956478841427e-03 9.999877566452877176e-01 -5.213350440890706869e-05 -7.396585706927369386e-02 3.870739138886480652e-04 5.404944839641812363e-05 9.999999236262182567e-01 -2.058253138845779484e-02
9.999814845175998279e-01 6.065143576888633488e-03 -4.946264943469014849e-04 6.902031632617665335e-02 -6.065314717028628781e-03 9.999815462145439371e-01 -3.452357938362523183e-04 -6.885819057055379833e-02 4.925234619581960079e-04 3.482294669845822184e-04 9.999998180784223090e-01 -2.570613458470366597e-02
9.999315867239433331e-01 1.168895767529403405e-02 -4.360506877290532858e-04 1.051653115230932189e-01 -1.168904189038752657e-02 9.999316625580284557e-01 -1.910853783617950377e-04 -7.347830730202888072e-02 4.337873002404453926e-04 1.961693203402519901e-04 9.999998866730814839e-01 -3.313616235217264200e-02
9.999093251307293873e-01 1.345512927515154188e-02 -5.486463326272553480e-04 8.319875056672916547e-02 -1.345510204778888573e-02 9.999094745972393339e-01 5.328748830350021421e-05 -3.108007929635677596e-02 5.493136562408927398e-04 -4.590056407381968754e-05 9.999998480738111484e-01 -5.158274140449610468e-02
9.999334197076513719e-01 1.151775983430380033e-02 -7.052376630125372844e-04 7.585582205600414907e-02 -1.151788054787596972e-02 9.999336530106088805e-01 -1.673455826017781318e-04 -1.984202051092305574e-02 7.032634263870523803e-04 1.754572838444068655e-04 9.999997373176128246e-01 -6.190782151259015958e-02
9.999566306068955468e-01 9.272715273193036720e-03 -8.681340720456608932e-04 9.596732050594597441e-02 -9.272772630107775291e-03 9.999570049934071170e-01 -6.206742646577587488e-05 -1.539313917466341580e-02 8.675212130421529333e-04 7.011474450168751304e-05 9.999996212453620137e-01 -6.255915800997463583e-02
9.999978166874491370e-01 -1.924523328276630954e-03 -8.141439023247762320e-04 1.335906257727265678e-01 1.925189673456104795e-03 9.999978118727619325e-01 8.184707748948940893e-04 -9.949712939425155167e-03 8.125669547745299716e-04 -8.200363693508416936e-04 9.999993336374264352e-01 -4.751649771870344874e-02
9.997131052838892362e-01 -2.394284438523388431e-02 -6.688246317011245067e-04 1.744869520331749080e-01 2.394341661512170566e-02 9.997129444645530549e-01 8.610869922161393849e-04 3.873130243770855213e-02 6.480157700315713250e-04 -8.768538977072361587e-04 9.999994056012252441e-01 -2.656173474902743040e-02
9.986110314666492016e-01 -5.267954704681478834e-02 -9.344281981310557841e-04 1.983804070703134859e-01 5.268112376808498781e-02 9.986098491563454305e-01 1.751675333124716894e-03 6.569102671491777734e-02 8.408517388610009091e-04 -1.798469038764490772e-03 9.999980292367929291e-01 -3.282659116649603442e-02
9.979661893829151476e-01 -6.372730819223999810e-02 -1.521525259302494758e-03 2.209297914114189965e-01 6.373210584003420609e-02 9.979614337632402021e-01 3.345953737357710515e-03 2.709042185824887816e-02 1.305194904262931650e-03 -3.436118709986550179e-03 9.999932447544197522e-01 -7.284291950187865572e-02
9.977333110322323950e-01 -6.727486439041832633e-02 -1.527310678764929718e-03 2.223885438194878883e-01 6.727756219890684841e-02 9.977326931546363076e-01 1.789590726538609631e-03 -2.557563757326835469e-03 1.403453323365733748e-03 -1.888288020169607640e-03 9.999972323397310348e-01 -6.044741598263456833e-02
9.969723851942542403e-01 -7.774772686963975221e-02 -1.163669490679245704e-03 2.608597024794607755e-01 7.774665003295673504e-02 9.969727016324079205e-01 -9.437205256977065004e-04 -6.468508103054929070e-02 1.233518841602913732e-03 8.503918988157496217e-04 9.999988776318130546e-01 -9.222098230318408196e-03
9.966777425888440067e-01 -8.141762510322163304e-02 -2.155864225167541687e-03 3.261366857119001872e-01 8.141022761508294459e-02 9.966751430395621725e-01 -3.321759583200872227e-03 -2.019780843322467045e-01 2.419146061420817274e-03 3.135214445529400148e-03 9.999921590506167801e-01 -3.500988325983624139e-02
9.959502275906415569e-01 -8.988781279478944009e-02 -1.823533141533013619e-03 3.807771189655064781e-01 8.975620400418732325e-02 9.952544360148336544e-01 -3.758232876704181713e-02 -1.726456058722758424e-01 5.193072780934882698e-03 3.726645547626178390e-02 9.992918709222684548e-01 -6.175411509998004339e-02
9.957577682126104168e-01 -9.160864685338231117e-02 -8.621071043299448344e-03 3.892556063533980093e-01 9.088125543888363189e-02 9.938318988136025656e-01 -6.355119440578306522e-02 -7.315626273340229691e-02 1.438973433019928236e-02 6.249810174910541000e-02 9.979413423762264479e-01 -1.143446664058309081e-02
9.987521178848675074e-01 -4.818967753385262204e-02 -1.311342821976595879e-02 4.742929301390613195e-01 4.727922871552817791e-02 9.969180662257620673e-01 -6.260226645059945028e-02 -7.843301276854472426e-02 1.608979653558212375e-02 6.190415342988200842e-02 9.979524007865170354e-01 3.695838720930759436e-03
9.992002419118289902e-01 -3.848107837849149698e-02 -1.086660803428502603e-02 7.080370530359949566e-01 3.786666395076287300e-02 9.979291668871300702e-01 -5.199513089894520351e-02 -8.791151549819797850e-02 1.284493380996528517e-02 5.154206517774433810e-02 9.985882150279117297e-01 -3.984634071405335209e-02
9.982995413176828370e-01 -5.794236571558614851e-02 -6.380286841935569643e-03 7.672234933033464932e-01 5.759160178186858298e-02 9.972921375175555214e-01 -4.573401195897738858e-02 -3.037453371915578570e-02 9.012946749137117769e-03 4.528879222220970335e-02 9.989332770960984709e-01 -6.216804237968463764e-02
9.981529668200641581e-01 -6.073239950449071944e-02 1.493478734656469246e-03 7.253164772797296989e-01 6.074791871169092639e-02 9.975668767532128722e-01 -3.420550799269052311e-02 8.793507309963487922e-03 5.875376598375365612e-04 3.423305500926200617e-02 9.994137045009093834e-01 -7.745051746750220012e-03
9.976981535092730446e-01 -6.775884640020836402e-02 2.670808622878597001e-03 7.571936995677714943e-01 6.777830945851361089e-02 9.976680582184616064e-01 -8.034076023432807148e-03 -1.122173682530142741e-02 -2.120200729421033159e-03 8.196605707077966527e-03 9.999641595596062693e-01 -8.773836602834123033e-03
9.955513622716921640e-01 -9.420614313066111301e-02 -1.639413133796122123e-03 8.662982017644091925e-01 9.421645186268898242e-02 9.955182901813681706e-01 8.160521599189502276e-03 1.053461902550085691e-02 8.632944940634961883e-04 -8.278678083524041234e-03 9.999653585058864147e-01 6.671224061228582525e-02
9.852660456758595142e-01 -1.686447796863727866e-01 -2.845623873230270981e-02 1.003457768074311751e+00 1.691315810055466773e-01 9.854692062307592870e-01 1.565093854953734931e-02 7.476993870250316088e-02 2.540329791226365527e-02 -2.023318698208416422e-02 9.994725061749967221e-01 8.125092623190463548e-02
9.728852372114222824e-01 -2.265659084190986550e-01 -4.649950922647777540e-02 1.056905493146264252e+00 2.276291693352986700e-01 9.735636708526350658e-01 1.894043462183250814e-02 9.447947988792279594e-02 4.097897611942764862e-02 -2.901151388967114497e-02 9.987387323910257297e-01 5.071114411043992076e-03
9.630212129320755432e-01 -2.666756867310769441e-01 -3.839559283749396229e-02 1.150738813896255097e+00 2.676825378385492837e-01 9.632095777622352584e-01 2.394510896634425776e-02 8.816669698592471960e-02 3.059742438748293963e-02 -3.333747761311556951e-02 9.989756804883926922e-01 -4.545302941964668442e-02
9.569717226414731215e-01 -2.888725397854173815e-01 -2.752776457567858437e-02 1.322828417120846867e+00 2.896003892403243851e-01 9.567482433527207952e-01 2.764802693386037014e-02 1.167414305172019690e-01 1.835038464076786668e-02 -3.443043129856673823e-02 9.992386145381545459e-01 -8.291346803878306415e-02
9.527152566410287404e-01 -3.034623336363642676e-01 -1.562855807138483280e-02 1.402857899177881729e+00 3.036906743356097560e-01 9.526494793963704577e-01 1.519683280841336789e-02 1.505311722546556763e-01 1.027687136249792223e-02 -1.922450180879044582e-02 9.997623739895408201e-01 -4.863036601763104372e-02
9.498853165986261837e-01 -3.124124320962970991e-01 -1.078691716869212974e-02 1.384455545632310214e+00 3.123415605868254952e-01 9.499380953463516519e-01 -7.769462010465215049e-03 2.116659223088407926e-01 1.267418007265548596e-02 4.010895339221628650e-03 9.999116350348483673e-01 8.333712012238421452e-02
9.552480218855247118e-01 -2.947422295485764843e-01 -2.506461259478029099e-02 1.392816020343028427e+00 2.943615209964347001e-01 9.555282729904225336e-01 -1.780490024139750119e-02 2.411700466212073624e-01 2.919780197990389306e-02 9.630038248878144275e-03 9.995272636215919437e-01 1.910615197236181506e-01
9.599261823260828441e-01 -2.766415512178976299e-01 -4.484614392149390005e-02 1.663185040741572251e+00 2.766751794657497654e-01 9.609473024516772544e-01 -5.579155710315412964e-03 2.734920440526075192e-01 4.463820731690709698e-02 -7.052237276220328990e-03 9.989783262898813687e-01 1.168995002657658155e-01
9.549366600171885766e-01 -2.929202457318797470e-01 -4.789264030716591097e-02 1.915030190925843590e+00 2.940403345591014461e-01 9.556206656413054334e-01 1.815007029297747987e-02 3.159145797384038667e-01 4.045067375938365267e-02 -3.141453548349087965e-02 9.986875737450469082e-01 -4.746643574335929899e-02
9.450422422012512147e-01 -3.248760010816422183e-01 -3.675247442598125053e-02 2.006925937962984463e+00 3.259874911263613284e-01 9.449042903907800550e-01 2.979996023884851769e-02 3.366487175008555655e-01 2.504627885279805954e-02 -4.014306817244091968e-02 9.988799817762545885e-01 -1.368067761493768630e-01
9.228823329217010762e-01 -3.844862270931237447e-01 -2.141356478247662121e-02 1.979848512665637328e+00 3.849296550768306346e-01 9.226540224780743760e-01 2.321024445070046793e-02 3.840833262242296930e-01 1.083329236338795298e-02 -2.966304065202950840e-02 9.995012475209049674e-01 -2.617557193922095959e-02
8.980921626941367197e-01 -4.394902126836230383e-01 -1.669791192550792308e-02 1.968626531113555123e+00 4.397439536570005303e-01 8.979597726809223079e-01 1.713189624461117916e-02 4.568301782029773328e-01 7.464752472657225704e-03 -2.272882755731364668e-02 9.997137979783973227e-01 9.870928606452926413e-02
8.581411291952039111e-01 -5.132230781095957761e-01 -1.399551639961977775e-02 2.107190540865718553e+00 5.133938136238037631e-01 8.575477681696024312e-01 3.222758818374076711e-02 5.034641955165320981e-01 -4.538118154832866853e-03 -3.484103045326860520e-02 9.993825634263223678e-01 9.204818194141184406e-02
8.331593163062913643e-01 -5.529615682221546979e-01 -8.891440902834718898e-03 2.246872950513480127e+00 5.526470812044854686e-01 8.318696661662012826e-01 5.073521606040172494e-02 5.009939435895397475e-01 -2.065810466127195738e-02 -4.718434678819005690e-02 9.986725590152037979e-01 -1.536098883648823188e-02
8.111377521671200297e-01 -5.848497016441536189e-01 2.524578383852314062e-03 2.358033114567844368e+00 5.838745214057619037e-01 8.100200326671322948e-01 5.438832532014990090e-02 5.535857092067781871e-01 -3.385395490137362018e-02 -4.264238694869735419e-02 9.985166681497376073e-01 -1.511901244595691141e-02
8.081656993674763978e-01 -5.889397124964080854e-01 4.268185858886610132e-03 2.410187330180590060e+00 5.880690727856167088e-01 8.073259798547052224e-01 4.898497611212160319e-02 6.261852165388868130e-01 -3.229501507884394162e-02 -3.707798937763975844e-02 9.987903957812013234e-01 3.995393805444935609e-02
8.046927652298488942e-01 -5.936193858460333539e-01 -9.250855880276067852e-03 2.546488768026493155e+00 5.936566765926808431e-01 8.043792496492440103e-01 2.336178654667825025e-02 7.142870770962279625e-01 -6.426812870515502193e-03 -2.429089297447855136e-02 9.996842744561054150e-01 7.692271955090683455e-02
8.068375607319852039e-01 -5.899496460700272005e-01 -3.118598553693189765e-02 2.557454891171187406e+00 5.902421470143549564e-01 8.072262145960609203e-01 2.153062910295044929e-04 7.424959553218584141e-01 2.504712518323553086e-02 -1.858100026274179736e-02 9.995135756703313890e-01 7.335499915961703199e-02
8.321401156534266041e-01 -5.512256221614565410e-01 -6.077122175024073092e-02 2.674124220159597165e+00 5.510151525982854848e-01 8.342133751805000941e-01 -2.168746820277329956e-02 7.932507949349389964e-01 6.265085416329145562e-02 -1.543885172780735254e-02 9.979160848137165196e-01 9.196361204545890067e-02
8.323740638499920186e-01 -5.490049908147327518e-01 -7.580856079866336861e-02 2.913274568486666105e+00 5.496752314903308179e-01 8.352677775914320035e-01 -1.359704392584707051e-02 9.013458215199549040e-01 7.078529307632168421e-02 -3.035226149704992743e-02 9.970296798521666171e-01 1.323902738794783540e-01
8.334250953738128187e-01 -5.476957757425807705e-01 -7.370174784144316316e-02 2.993635804437977832e+00 5.494263160197166984e-01 8.355330510092725538e-01 3.904348362880758622e-03 9.553363216336804298e-01 5.944185113329981951e-02 -4.374766170744472105e-02 9.972726850911828311e-01 6.439323029423099642e-02
8.164323435510587590e-01 -5.722259619275903431e-01 -7.743175640375182800e-02 3.085246670547499015e+00 5.742040787204264474e-01 8.187020196392766902e-01 4.083995518574672773e-03 9.946706619195221366e-01 6.105656708784375913e-02 -4.779593638180273940e-02 9.969892898526213632e-01 2.537935315073482773e-03
7.930901981353178920e-01 -6.029448347529505758e-01 -8.640291584442827411e-02 3.063759156074856715e+00 6.045589858992040933e-01 7.965090599966121454e-01 -9.041565784716799892e-03 1.033331632387321397e+00 7.427227066818595236e-02 -4.506488198198725648e-02 9.962192460606958955e-01 3.796452542497343041e-02
7.688192542765661663e-01 -6.320188764134545556e-01 -9.730927042527445781e-02 3.147219758940020373e+00 6.340168574103345334e-01 7.732139807413255239e-01 -1.275791933179747789e-02 1.086588347348669714e+00 8.330413419001672648e-02 -5.188718380513179101e-02 9.951724179174300522e-01 1.524566798672649659e-01
7.447928235655090212e-01 -6.571864309302293261e-01 -1.157136334513067522e-01 3.220485331750688740e+00 6.619157074216599490e-01 7.495710025786413988e-01 3.302780909125294095e-03 1.168455987562242004e+00 8.456504144030085879e-02 -7.905255906317806835e-02 9.932771248104744766e-01 1.388966408851165790e-01
7.416863267155542339e-01 -6.611022394130592339e-01 -1.133367628187178511e-01 3.387193303797812582e+00 6.676303048081975167e-01 7.438947931923054480e-01 2.983810924121133024e-02 1.219196949360163318e+00 6.458458689889920445e-02 -9.779757514588643952e-02 9.931084862343505515e-01 7.500495154760067340e-02
7.233218485342336468e-01 -6.837747807671770151e-01 -9.621617649760372259e-02 3.538873578708769063e+00 6.894284181474266138e-01 7.229421635377816235e-01 4.520049148016476448e-02 1.330679540426069396e+00 3.865177465209237995e-02 -9.902866941502520837e-02 9.943336275869048002e-01 9.314890631627117945e-03
7.170340789206881560e-01 -6.929716892195301181e-01 -7.518222932709212047e-02 3.611002184426289841e+00 6.966216851466469073e-01 7.161529055614472838e-01 4.293301339695228258e-02 1.377394211435118310e+00 2.409060916221334239e-02 -8.315800500329380285e-02 9.962451449086543454e-01 -9.716305180902662375e-04
7.148862088743733745e-01 -6.963374193088335273e-01 -6.365459002726853166e-02 3.641199163434519104e+00 6.987016620707918735e-01 7.149430976915985836e-01 2.592979912483638072e-02 1.448839832749025502e+00 2.745352037059910211e-02 -6.301242364371568982e-02 9.976350729028155007e-01 7.659957871679712316e-02
7.137723756258083085e-01 -6.976554865804891481e-01 -6.169131087625734366e-02 3.730942712878347667e+00 6.994279320459244609e-01 7.146196111878870827e-01 1.092607796213835095e-02 1.531759310795406170e+00 3.646318235497010563e-02 -5.094735861469119886e-02 9.980354718058542796e-01 1.336214247067112337e-01
7.228704976694233508e-01 -6.881608251191049241e-01 -6.239328786458296638e-02 3.787778513829437088e+00 6.900050178276129209e-01 7.237018006615149046e-01 1.219750351492129847e-02 1.627165533255340302e+00 3.676029069356952228e-02 -5.186889714148065766e-02 9.979771032130200226e-01 1.468229535808929231e-01
7.306574729826234016e-01 -6.806433209756366232e-01 -5.351940569460275632e-02 3.990181790307641307e+00 6.825037954611845592e-01 7.302327421517937900e-01 3.080116021434043533e-02 1.709451873600898786e+00 1.811701840051277781e-02 -5.903229540453621554e-02 9.980916599909784859e-01 1.143377463509100134e-01
7.188433880094313722e-01 -6.943984084234549048e-01 -3.278770949753671143e-02 4.104744098726147428e+00 6.950809507732118586e-01 7.171857487066662928e-01 5.007068727575392231e-02 1.808083659457868198e+00 -1.125412756858452414e-02 -5.878309477248735981e-02 9.982073393747608048e-01 4.319406693511727152e-02
7.106885997674763367e-01 -7.033184422514587864e-01 -1.627522502226319903e-02 4.141303002825961421e+00 7.029276078510277026e-01 7.089750200195409358e-01 5.698420052192926938e-02 1.875983309096034946e+00 -2.853931115804646604e-02 -5.193832666993566244e-02 9.982424144171351266e-01 5.047089337188418595e-02
6.924212371376867736e-01 -7.212851535385393920e-01 -1.733659844379097092e-02 4.186457385084741745e+00 7.208538748539090601e-01 6.905961149036259350e-01 5.870857848834963588e-02 1.943609352366428178e+00 -3.037303851807234695e-02 -5.314822071249100666e-02 9.981246140469014483e-01 9.036136709621972463e-02
6.632286539927126912e-01 -7.476633348121994871e-01 -3.357514408778605741e-02 4.342546515339829050e+00 7.480470930000271412e-01 6.608236287012969612e-01 6.113655538431359698e-02 2.021758754295026606e+00 -2.352231232730694552e-02 -6.566330426921464236e-02 9.975645499391130322e-01 1.005459008661014897e-01
6.472947471641813388e-01 -7.613352772293301429e-01 -3.712284929524727745e-02 4.401427872511714412e+00 7.616388523734226590e-01 6.440833782138138952e-01 7.115378039132531918e-02 2.083250773889366414e+00 -3.026167293713936252e-02 -7.433167262224225913e-02 9.967743142739109441e-01 6.011738546946074346e-02
6.404223678300371425e-01 -7.677698659092159206e-01 -1.971354318009214263e-02 4.516608927290535647e+00 7.666172663665141718e-01 6.374874084188220102e-01 7.686202583973024416e-02 2.195295925369479484e+00 -4.644521171985088043e-02 -6.433690316761402073e-02 9.968468313633239708e-01 7.201631986954143416e-02
6.352492509094302964e-01 -7.722971052809065595e-01 -3.945933823584012179e-03 4.580430380359821640e+00 7.705571634935305392e-01 6.334577645691029657e-01 7.051892154535080448e-02 2.295305799362757249e+00 -5.196197655798063392e-02 -4.783765966105905931e-02 9.975026372448048129e-01 9.748447797452881869e-02
6.418522558847350457e-01 -7.668042524094217383e-01 6.076191447349065661e-03 4.646839326071621201e+00 7.655786278905402087e-01 6.412383075736999283e-01 5.198843541841751542e-02 2.378877899671864249e+00 -4.376124007514703429e-02 -2.871709224216740380e-02 9.986292016961251239e-01 9.021828045615178093e-02
6.498243432917978346e-01 -7.598993030731356901e-01 1.677414839407030678e-02 4.725836925934767230e+00 7.588655143529298153e-01 6.498735679631709727e-01 4.227856180951791720e-02 2.484134600889583933e+00 -4.302852532038531352e-02 -1.474431591429313688e-02 9.989650400073930570e-01 1.197166735417531935e-01
6.740677384128732630e-01 -7.381318697407573959e-01 2.817848299621452529e-02 4.778433084555362420e+00 7.364609260219704412e-01 6.745108686250442798e-01 5.157899329717684223e-02 2.552861523655773901e+00 -5.707879180410383585e-02 -1.401538368015425515e-02 9.982712960645927502e-01 1.354293028702043822e-01
6.910913479021184580e-01 -7.222040709959601790e-01 2.853118805264330191e-02 4.899885296305948934e+00 7.198177375136153300e-01 6.912971872793745032e-01 6.301288455867935789e-02 2.670589592762507625e+00 -6.523169180400791023e-02 -2.301040409222912184e-02 9.976048053652805114e-01 1.206729044466400141e-01
6.824750774400651920e-01 -7.305423402786963560e-01 2.314428079034541036e-02 5.045841566654428512e+00 7.283485136163245777e-01 6.823914416846543762e-01 6.205129352745036853e-02 2.798482720108122379e+00 -6.112455632614217232e-02 -2.549135884303599039e-02 9.978045796839518644e-01 8.109286646879312888e-02
6.603310333275663746e-01 -7.507922080250557517e-01 1.655254643279588378e-02 5.100469085305778805e+00 7.490108629816196739e-01 6.600372355494736887e-01 5.773711824933879661e-02 2.849902888026834891e+00 -5.427387548423170949e-02 -2.572757386677001351e-02 9.981945894377769468e-01 5.013560598452562050e-02
6.403938614756303771e-01 -7.678752446229681894e-01 1.622685673653447014e-02 5.100126959154478001e+00 7.660738392674568686e-01 6.401196757418238237e-01 5.811775561909816867e-02 2.904503177326079211e+00 -5.501431608545236107e-02 -2.478728350181133577e-02 9.981778476815896806e-01 9.650774863403355219e-02
6.128520340751315576e-01 -7.901548251096535136e-01 8.230230003266610778e-03 5.205376422610296316e+00 7.880251735630339205e-01 6.119057533930765125e-01 6.773237627162963237e-02 3.018016816611506670e+00 -5.855518901791791075e-02 -3.502429614402252644e-02 9.976695788279262844e-01 1.403996564243475687e-01
5.939716945015278693e-01 -8.044554810054206362e-01 7.000372227329486330e-03 5.259727736710500423e+00 8.011091699968403423e-01 5.922525893089621851e-01 8.637689623854025167e-02 3.116584336677449496e+00 -7.363235618909264035e-02 -4.569736903988355636e-02 9.962379367324230017e-01 1.167551387344690217e-01
5.952818770099125301e-01 -8.035096160610144533e-01 3.432754147438647763e-03 5.340400029411370042e+00 7.997069542056844949e-01 5.928693923602459392e-01 9.473474018257647955e-02 3.209847423589259119e+00 -7.815544957725603648e-02 -5.364867659014542489e-02 9.954966324410660095e-01 8.666926413015503539e-02
6.017215091977046182e-01 -7.986554744923538562e-01 -8.981003965582264742e-03 5.453202458200800073e+00 7.960847459258931780e-01 5.987986025744691521e-01 8.768871568776179237e-02 3.321537026452709540e+00 -6.465526021092805886e-02 -5.991382660334846483e-02 9.961074393401552207e-01 9.720354820325463607e-02
6.131184362517803077e-01 -7.898396444894500990e-01 -1.546347700068874918e-02 5.498052589659986111e+00 7.886911332316078882e-01 6.108698893652159123e-01 6.931287491347623564e-02 3.433386489806475428e+00 -4.529988399558947804e-02 -5.469290867843992071e-02 9.974751156045337241e-01 1.138223498344018703e-01
6.368288043020625677e-01 -7.707666102623804694e-01 -1.918088933926190981e-02 5.606902308477375918e+00 7.704129522217522119e-01 6.351677044890406965e-01 5.500791055009064678e-02 3.481518477336831729e+00 -3.021517930063230550e-02 -4.980782748486854705e-02 9.983016694672348645e-01 1.190058642098214825e-01
6.521766086755866887e-01 -7.578802228888390502e-01 -1.682970143449636150e-02 5.683412371066991930e+00 7.575026177095225410e-01 6.506738231695831098e-01 5.304111617508576459e-02 3.577445295380135004e+00 -2.924816677386045047e-02 -4.734071815933593719e-02 9.984505000972890842e-01 1.277075230296350061e-01
6.804548014393523303e-01 -7.327309421390622024e-01 -9.307503969052763337e-03 5.746187719400083438e+00 7.315556182456184331e-01 6.785167938053486836e-01 6.664336379101019892e-02 3.639375293025592484e+00 -4.251635698649092882e-02 -5.215675369606630196e-02 9.977334475863205432e-01 1.482053830560031704e-01
6.864625593207136500e-01 -7.271627404384150006e-01 -1.871782292380018420e-03 5.870382673257730666e+00 7.250908012418181281e-01 6.843077630738113593e-01 7.724128009953461216e-02 3.770347652484549172e+00 -5.488610575868904662e-02 -5.438045894446671275e-02 9.970106725003675674e-01 9.554107915441231724e-02
6.844072523584933121e-01 -7.290988424335543838e-01 1.261301371096007484e-03 5.930470176250207892e+00 7.270349249900095456e-01 6.825979132229501589e-01 7.402909366218862752e-02 3.848688306613402776e+00 -5.483548817936227671e-02 -4.974903844020349408e-02 9.972552844735425026e-01 5.995565125796570305e-02
6.755558452512229195e-01 -7.373081452134738756e-01 -9.994742482374724402e-04 5.975880553599145273e+00 7.361932973101507072e-01 6.744585907659037538e-01 5.590204233907133946e-02 3.910474276165959218e+00 -4.054292715769270555e-02 -3.850075770602752467e-02 9.984357579301473828e-01 8.259537283171983213e-02
6.655424762454706933e-01 -7.463091481216020950e-01 -8.710209128138184098e-03 6.057331466397816833e+00 7.462068420405257863e-01 6.651242186808472567e-01 2.802003954491358653e-02 4.002323801619389165e+00 -1.511824080219836136e-02 -2.514814415023835723e-02 9.995694121174605318e-01 1.338841187250748299e-01
6.272876208739961434e-01 -7.786733680884083686e-01 -1.334265820951323518e-02 6.114544407060253484e+00 7.787875191663182761e-01 6.271846342977041022e-01 1.137692803996867563e-02 4.087479092440930550e+00 -4.906006656890411072e-04 -1.752770180911752962e-02 9.998462576717870309e-01 1.611096115078193280e-01
6.305754018326359400e-01 -7.761277504361246971e-01 -6.144970060788998434e-04 6.142862665402696543e+00 7.760005425577912730e-01 6.304573069511683059e-01 1.862101130159178955e-02 4.128317234836406335e+00 -1.406486948476803021e-02 -1.221880169414866178e-02 9.998264251016450999e-01 1.828590390319543291e-01
6.348823089712540835e-01 -7.725440198250881352e-01 1.000955482641024963e-02 6.264360758299878817e+00 7.719270568056233461e-01 6.348129645591800152e-01 3.378045291278845841e-02 4.265301610821202516e+00 -3.245108205802883783e-02 -1.371996574628047208e-02 9.993791521805845957e-01 1.536398662273656401e-01
6.466372996384729399e-01 -7.627888730005462081e-01 3.652114842179506396e-03 6.353781797211430771e+00 7.622450021351622196e-01 6.463436452103430430e-01 3.496353838175901563e-02 4.379890308910283636e+00 -2.903031925815439951e-02 -1.982492175931178241e-02 9.993819155062827475e-01 8.411130615277825906e-02
6.640112930343744502e-01 -7.477200153828302831e-01 -1.944561317694240739e-03 6.424474051353946003e+00 7.476240985428830310e-01 6.638794242045484850e-01 1.795320015425221072e-02 4.485459986784694486e+00 -1.213301284758720386e-02 -1.337492855073245911e-02 9.998369373480373579e-01 8.213976918370327618e-02
6.755786936938419363e-01 -7.372725705406708574e-01 -4.752405209303442110e-03 6.514003384426977128e+00 7.372470236871280225e-01 6.755950796807075331e-01 -6.173684126163072640e-03 4.591696232738950556e+00 7.762389541456752445e-03 6.671128613174922423e-04 9.999696496739473028e-01 1.226450761315783650e-01
6.977127658932624765e-01 -7.163714243833511075e-01 -2.979704103116556646e-03 6.565825131149045646e+00 7.163152662020596528e-01 6.977008789081253770e-01 -1.029188887919441249e-02 4.676324963903133458e+00 9.451757267614241398e-03 5.046374718341538335e-03 9.999425975458572369e-01 1.844065462933398014e-01
7.029084571649247826e-01 -7.112782645354136513e-01 1.712088057149829205e-03 6.702557388260678373e+00 7.112802326228895300e-01 7.029051022058703246e-01 -2.201811273305367619e-03 4.771880054524732628e+00 3.626650705148001331e-04 2.765446156647815776e-03 9.999961103832361031e-01 1.654369554423718580e-01
6.982818465758690030e-01 -7.157545447125969185e-01 9.894163221696672395e-03 6.765099635824636692e+00 7.157992044412676558e-01 6.983045295041672151e-01 -1.510958375354844608e-03 4.836834554714027234e+00 -5.827663669332537599e-03 8.137308967144584251e-03 9.999499100149619180e-01 1.102593140889958634e-01
6.923776493312852054e-01 -7.214910472556514964e-01 7.991209947633012844e-03 6.836510556591809618e+00 7.215328623921986040e-01 6.923040487030405199e-01 -1.026803961322870357e-02 4.920822230138180764e+00 1.875951653028545569e-03 1.287528171814046607e-02 9.999153503802579168e-01 1.301098660468102408e-01
6.859603431524368133e-01 -7.276347600020512951e-01 -2.462449785998613652e-03 6.880640895976191551e+00 7.276135945087663925e-01 6.859607725631832187e-01 -6.022922094242613711e-03 5.016100074907769546e+00 6.071631430156930118e-03 2.339773766459262230e-03 9.999788301511678412e-01 1.914535752617441411e-01
6.764507572921450995e-01 -7.364321232192527766e-01 -9.060951918354764878e-03 6.998886173588400261e+00 7.364049905515874794e-01 6.761388908248854301e-01 2.332145374564061763e-02 5.135617463488928891e+00 -1.104820571856770725e-02 -2.244834525921676066e-02 9.996869554743240682e-01 1.574521349937915704e-01
6.695228915760302879e-01 -7.426959188770932974e-01 -1.191090840286662331e-02 7.091331815633111546e+00 7.420266144673678399e-01 6.680200438674033236e-01 5.608675791565175678e-02 5.228211003292370762e+00 -3.369868065321846018e-02 -4.638957937622201905e-02 9.983548496639507164e-01 1.304535487619163103e-01
6.730802999569969192e-01 -7.393706200202829759e-01 -1.714631332449125661e-02 7.175995019949026776e+00 7.384071595774488461e-01 6.705426472863107445e-01 7.160603923573989615e-02 5.302306418426304013e+00 -4.144606729912080068e-02 -6.085757488668684656e-02 9.972856055736230019e-01 1.285721811942329706e-01
6.656911239031403360e-01 -7.457644276799684224e-01 -2.628204641467550562e-02 7.291844457998100992e+00 7.456227071111132254e-01 6.633214529460951248e-01 6.365083425829255737e-02 5.403771622807927777e+00 -3.003508276780880032e-02 -6.196828599090555001e-02 9.976260949546579271e-01 1.080897312680370592e-01
6.695739677576449944e-01 -7.423810680758683445e-01 -2.326051297407900897e-02 7.316625758387849565e+00 7.425218063340407459e-01 6.682757538465009528e-01 4.548498586703249996e-02 5.471574249507409782e+00 -1.822275554677438986e-02 -4.772700057015889091e-02 9.986941797151210887e-01 1.309714970410474355e-01
6.880211364873282109e-01 -7.254823233094879198e-01 -1.738718816120209468e-02 7.392069429681138004e+00 7.256511390844665454e-01 6.875361704972438037e-01 2.691539714366194755e-02 5.591428673968335872e+00 -7.572324088513518632e-03 -3.113539502644233417e-02 9.994864916968342339e-01 1.749884293959133585e-01
7.167551752472847149e-01 -6.970104268596315489e-01 -2.094000012388978760e-02 7.466500452013430156e+00 6.973178432894098222e-01 7.162895730050544696e-01 2.602062709549319078e-02 5.697463689786803620e+00 -3.137544651518194352e-03 -3.325225485874526432e-02 9.994420660350297192e-01 2.417038942448444527e-01
7.230654923150896529e-01 -6.902227830068889958e-01 -2.772730858489729638e-02 7.631037911205829971e+00 6.907126574964850274e-01 7.218545735123302887e-01 4.291852133374635808e-02 5.810233918627885963e+00 -9.608256724323136974e-03 -5.018450475552050510e-02 9.986937452919001368e-01 2.242742610811279402e-01
7.152584322862081123e-01 -6.983404815694561618e-01 -2.694340076560715336e-02 7.675629067039463571e+00 6.985479101740287300e-01 7.132552827254243777e-01 5.742576822100023404e-02 5.875084179371514281e+00 -2.088521570329170823e-02 -5.989552124837997649e-02 9.979861393323115060e-01 1.604076550485885877e-01
7.136852237965877199e-01 -7.000124925364584749e-01 -2.521728826240683327e-02 7.781275249605123179e+00 7.002627421703672139e-01 7.121466551438893067e-01 4.979190190591537696e-02 5.949373063975445852e+00 -1.689654587341836087e-02 -5.319447208371457653e-02 9.984412125294520601e-01 1.452565215164027257e-01
7.015975570379299198e-01 -7.120740901235572684e-01 -2.667129792710920544e-02 7.816731790332806185e+00 7.125046615407558681e-01 7.005183537106699498e-01 4.013905077584109526e-02 6.043593864534155813e+00 -9.898244344404968573e-03 -4.716488406855914861e-02 9.988380741990654510e-01 1.954819780563295528e-01
6.947426323340546439e-01 -7.183023412596669655e-01 -3.707318921309064180e-02 7.896207594132612861e+00 7.192408876228462145e-01 6.934423421664236420e-01 4.278158087594339382e-02 6.154205105225523553e+00 -5.021990546475361972e-03 -5.638674162979821075e-02 9.983963716777648489e-01 2.695233234505026720e-01
6.859060088418758028e-01 -7.265091672987863403e-01 -4.144124594450263044e-02 7.982431271355934221e+00 7.275417736830248616e-01 6.835032635552575897e-01 5.921364923284443138e-02 6.232189484201851926e+00 -1.469403214801257192e-02 -7.076523539236102833e-02 9.973847637091198814e-01 2.244968617370911856e-01
6.878447483238623317e-01 -7.251133774672187116e-01 -3.286627483249787707e-02 8.112878158023010045e+00 7.254180945148316351e-01 6.851471092280774222e-01 6.589405790266539276e-02 6.300142437281703423e+00 -2.526242968824074162e-02 -6.916667213688826310e-02 9.972852055012922934e-01 1.478726100257962695e-01
6.877031427755184723e-01 -7.256365236548382169e-01 -2.271613864185868803e-02 8.229661929739519266e+00 7.256596998982339786e-01 6.861051844444306935e-01 5.174626384656814265e-02 6.378945870353343039e+00 -2.196331851701203985e-02 -5.207025462387395581e-02 9.984018736075794820e-01 1.307740624070009572e-01
6.971784239424732021e-01 -7.166901275547931105e-01 -1.724836962102616056e-02 8.285396935287524300e+00 7.168859343334600398e-01 6.968276449147658980e-01 2.248978517868150187e-02 6.451038882226568738e+00 -4.099066226750085890e-03 -2.804450655717616661e-02 9.995982709609061434e-01 1.746264145282983571e-01
7.071151054351069165e-01 -7.069530345185751630e-01 -1.433996689243232162e-02 8.347446360133172760e+00 7.069523446374753606e-01 7.072358473771658272e-01 -5.986534580086306200e-03 6.551605721894897982e+00 1.437393742417227352e-02 -5.904504185840156287e-03 9.998792560870763957e-01 2.448204841442630231e-01
7.349391690809330413e-01 -6.779453534268985448e-01 -1.595354247512258822e-02 8.411246572680543210e+00 6.780784780444121251e-01 7.349750687770847390e-01 4.607156291390583809e-03 6.608307104077009164e+00 8.602055777631619632e-03 -1.420373341756859739e-02 9.998621197912246350e-01 2.536657441303745708e-01
