1.000000000000000000e+00 0.000000000000000000e+00 0.000000000000000000e+00 0.000000000000000000e+00 0.000000000000000000e+00 1.000000000000000000e+00 0.000000000000000000e+00 0.000000000000000000e+00 0.000000000000000000e+00 0.000000000000000000e+00 1.000000000000000000e+00 0.000000000000000000e+00
9.999989235062088921e-01 -1.439159285669849939e-03 -2.860191844796346259e-04 1.475655534309892880e-02 1.439320177654055104e-03 9.999988056292173910e-01 5.631141668545811257e-04 -4.683721251069812574e-02 2.852084318845563948e-04 -5.635252338490944358e-04 9.999998005477107599e-01 -1.266816690462630249e-02
9.999946995766362257e-01 -3.252054870307952324e-03 -1.579802317377765125e-04 1.276259661696946615e-02 3.252113448983346214e-03 9.999946426851087367e-01 3.719666607960099201e-04 -9.278372598450357334e-02 1.567697293970946330e-04 -3.724784588515383968e-04 9.999999183415214654e-01 -1.894129558562714088e-02
9.999951634843688986e-01 -3.082125576109848858e-03 -4.165450798110152631e-04 1.104852708819687758e-02 3.082286933955727913e-03 9.999951747465070095e-01 3.872866634708152121e-04 -9.930877929320391928e-02 4.153494037446442411e-04 -3.885687018097186808e-04 9.999998382496052551e-01 -2.054872912098372473e-02
9.999982488527648927e-01 -1.862286781031757387e-03 1.848765776485542303e-04 -1.921110310940252891e-02 1.862302978825419297e-03 9.999982620858660631e-01 -8.748064072408475974e-05 -6.689770987555193615e-02 -1.847133423081202765e-04 8.782478373387257774e-05 9.999999790838940417e-01 -1.488047386095738001e-03
9.999997105248137341e-01 -4.943552043653581113e-04 5.784144022081143298e-04 -5.537321053518758085e-02 4.944649056565486849e-04 9.999998597912158615e-01 -1.895310151225590737e-04 -1.800083124531673059e-02 -5.783206254656197325e-04 1.898169658808514151e-04 9.999998147573696539e-01 1.117323722203886552e-02
9.999978946861403095e-01 1.817681196616790801e-03 9.521860923858764493e-04 -9.409080826413317167e-02 -1.817729100020526282e-03 9.999983467066455578e-01 4.944587417048692499e-05 2.635128577929275046e-02 -9.520946413072076510e-04 -5.117658644016737508e-05 9.999995454482721868e-01 1.850300530132298685e-02
9.999990976924207908e-01 8.534729012627081035e-04 1.037399802871126183e-03 -5.618502944230553686e-02 -8.546218214114485864e-04 9.999990214639590258e-01 1.107561586003316364e-03 -4.318629315057873064e-03 -1.036453513937896911e-03 -1.108447171151164456e-03 9.999988485538281457e-01 2.189067573706527173e-02
9.999991262187325480e-01 -1.165514050933713283e-03 6.238098816606957482e-04 -5.421713075987566466e-02 1.164684447748176241e-03 9.999984391481270274e-01 1.328612602278646292e-03 -1.060863672531272769e-02 -6.253574246420769232e-04 -1.327884899694321092e-03 9.999989228243121309e-01 1.705482291562864655e-02
9.999974102595119430e-01 -2.195893582975541516e-03 5.979344793091761687e-04 -7.804389016448076699e-02 2.195496508327645941e-03 9.999973694953713244e-01 6.639257637710730764e-04 -6.626840541468248871e-03 -5.993908167639977903e-04 -6.626112813141095013e-04 9.999996008383896795e-01 1.658606597769494290e-02
9.999995255718517884e-01 -6.202409874198230822e-04 7.511039800052405138e-04 -6.898426898855564149e-02 6.198862445304407576e-04 9.999996962725655747e-01 4.724360489462860581e-04 -4.802497622563128843e-03 -7.513967760758469110e-04 -4.719702257839088720e-04 9.999996063234179999e-01 2.377746103894561730e-02
9.999998385696838854e-01 3.404090111766819890e-04 4.549530869442108025e-04 -3.658179955905874192e-02 -3.405421982856842518e-04 9.999998991777698798e-01 2.927037089861028512e-04 1.155638073970894665e-02 -4.548534020946822204e-04 -2.928585924591954257e-04 9.999998536711030006e-01 1.042509499035747245e-02
9.999999794978460255e-01 -1.470559369083737123e-04 1.392079702766185962e-04 -1.209700174066923734e-02 1.469955528437708145e-04 9.999998951571389405e-01 4.336796265559589368e-04 5.647086491064295943e-03 -1.392717308454579663e-04 -4.336591547120413853e-04 9.999998962715558326e-01 -2.010990149995293789e-03
9.999998221168071577e-01 -5.778563412116352995e-04 1.478120528887252329e-04 -1.089801912475684559e-02 5.778006119968802064e-04 9.999997620867939752e-01 3.767927921280828335e-04 3.667134920813790080e-03 -1.480297498265398769e-04 -3.767073192083582561e-04 9.999999180893910378e-01 -5.049249299448860251e-03
9.999998772235427769e-01 -4.917021550373284642e-04 6.149707343812625096e-05 -1.254255899343085894e-02 4.916838526041672009e-04 9.999998349368044437e-01 2.972765598711775946e-04 -6.300589215641152173e-03 -6.164323481235354065e-05 -2.972462862546227953e-04 9.999999539223773937e-01 -3.479268258505373995e-03
9.999999516818764977e-01 1.778116920394803770e-04 2.549887188563702009e-04 -1.523459141080592966e-02 -1.777990740796838440e-04 9.999999829683126062e-01 -4.950619908828013974e-05 -1.434649327437876806e-02 -2.549975172945084150e-04 4.946085993812007238e-05 9.999999662649441401e-01 4.063180608774852147e-03
9.999999934895785758e-01 -7.395962227924328565e-05 8.689543786432747901e-05 1.112942296451841645e-02 7.397601658426031647e-05 9.999999794638962936e-01 -1.886789761053201731e-04 -2.591331713340502135e-02 -8.688148145402895808e-05 1.886854030552930937e-04 9.999999784247132206e-01 8.388550227134937420e-04
9.999997813411406478e-01 -5.854483230849177834e-04 -3.075189944361887825e-04 3.925450705583924393e-02 5.854679716605120298e-04 9.999998265778990980e-01 6.380772527388139232e-05 -3.490171870937608389e-02 3.074815849798372136e-04 -6.398775384367659167e-05 9.999999506803198823e-01 -1.228967963257344108e-02
9.999998712700096659e-01 -2.655212492330527693e-04 -4.323868989539461573e-04 3.020411656545345797e-02 2.653863717265195709e-04 9.999999161240826773e-01 -3.119645835854098384e-04 -5.839746470667581124e-02 4.324696959130483746e-04 3.118497938359165457e-04 9.999998578598240373e-01 -3.124654731671558730e-02
9.999884481585026297e-01 4.801377425622636863e-03 -2.243309306807479784e-04 1.470631892846342367e-02 -4.801529080319775697e-03 9.999882410802950483e-01 -6.804554566558415618e-04 -7.005615124992171927e-02 2.210611693226176571e-04 6.815247276295390618e-04 9.999997433279695924e-01 -2.470950984329771741e-02
9.999822680775465322e-01 5.954555932018441855e-03 -8.242656282940161486e-05 -4.559832368108526941e-03 -5.954589485580089742e-03 9.999821859909362454e-01 -4.129949717917680654e-04 -7.074971276215985538e-02 7.996589282268782206e-05 4.134784649413110924e-04 9.999999113205035872e-01 -1.311293460172649472e-02
9.999841601427472693e-01 5.628242027872726143e-03 -4.853122699090603166e-05 -1.350573212169459136e-02 -5.628252750465128663e-03 9.999841362363333097e-01 -2.237110890392787169e-04 -7.383473432882443899e-02 4.727135694955854269e-05 2.239806914993575104e-04 9.999999737990339366e-01 -8.689488164639356388e-03
9.999887879469890883e-01 4.720567516247755648e-03 -3.744631306258769323e-04 2.359446391504466459e-02 -4.720548535208034767e-03 9.999888568196505512e-01 5.155633057928952069e-05 -7.680560957500685848e-02 3.747023330550677150e-04 -4.978808114421262435e-05 9.999999285596516962e-01 -1.770216459018606608e-02
9.999860025129911900e-01 5.276073914148813986e-03 -3.972683480655996090e-04 3.741967264626493150e-02 -5.276109369921780888e-03 9.999860773436664019e-01 -8.825385830975338659e-05 -6.699777866658082615e-02 3.967971831552662382e-04 9.034865423112048704e-05 9.999999171945546106e-01 -2.128108775953500148e-02
9.999799649962303194e-01 6.311021680303965931e-03 -4.905216494802120721e-04 5.901691514413551914e-02 -6.311189067252840484e-03 9.999800262946441087e-01 -3.404472357869821309e-04 -6.448271908812053255e-02 4.883632820592634372e-04 3.435361897967800977e-04 9.999998217420795754e-01 -2.731211013670774290e-02
9.999283244258461156e-01 1.196070824334782845e-02 -5.361615776110023818e-04 9.975303950213279536e-02 -1.196080591652461805e-02 9.999284509205318416e-01 -1.793362560711489234e-04 -7.345086674868313292e-02 5.339782271073567404e-04 1.857363266117312436e-04 9.999998401846221796e-01 -3.752192795987025625e-02
9.998273147992984278e-01 1.857275105380223543e-02 -6.272953994743988085e-04 1.082903696568359581e-01 -1.857294264314288471e-02 9.998274627190587571e-01 -3.009889428159609622e-04 -1.775511684896124986e-02 6.215969749269586921e-04 3.125876879547072741e-04 9.999997579530397473e-01 -5.073082059910324210e-02
9.998218567417118674e-01 1.884871733514267844e-02 -9.902708597919137896e-04 1.104715982203065411e-01 -1.884914207063941027e-02 9.998222503604780043e-01 -4.213398990619825354e-04 -1.392145021750453016e-03 9.821531228441195745e-04 4.399305963241488039e-04 9.999994209179892124e-01 -6.768074743323250486e-02
9.999413102054987013e-01 1.076646234975390040e-02 -1.208069940865095018e-03 1.009862392560848116e-01 -1.076665326615572002e-02 9.999420264105990386e-01 -1.516420494619745375e-04 -6.628569576992440759e-03 1.206367256298203870e-03 1.646400197958135844e-04 9.999992587855787152e-01 -7.255590365499356431e-02
9.999904918879015669e-01 -4.241245799103418243e-03 -1.013887500795801954e-03 1.027143977157467941e-01 4.241690176923136948e-03 9.999909087058814761e-01 4.365432719809827773e-04 1.393352887502644251e-02 1.012026795927912842e-03 -4.408397179312476531e-04 9.999993907308680763e-01 -5.569224489946890400e-02
9.996650685655477098e-01 -2.586898286867024901e-02 -7.391990119765336513e-04 1.516841395052787589e-01 2.586954318502674918e-02 9.996650394013081309e-01 7.587714932845135950e-04 4.614266724097203232e-02 7.193227626719171522e-04 -7.776400976225023281e-04 9.999994389251634086e-01 -3.031643965756655040e-02
9.986250630121850103e-01 -5.240925359847436321e-02 -1.119670112238837275e-03 2.198600494105101277e-01 5.241144208868207116e-02 9.986235249617764209e-01 2.023890091123668050e-03 5.168011217304117888e-02 1.012058345237155845e-03 -2.079790895024143972e-03 9.999973251002918229e-01 -3.450539203782248404e-02
9.980853613618798637e-01 -6.182803771658940128e-02 -1.704460982714252077e-03 2.665289410514772306e-01 6.183353950648257102e-02 9.980807184347698646e-01 3.390115165285873065e-03 8.657598402551390515e-03 1.491585473868597706e-03 -3.489017175314659564e-03 9.999928009400490536e-01 -6.931399755367438631e-02
9.974240429890116610e-01 -7.171233270797032489e-02 -1.618581179766036488e-03 2.978352755728882473e-01 7.171498065220986706e-02 9.974238145342152473e-01 1.641873950231482766e-03 -5.055624359498991222e-02 1.496668803471981049e-03 -1.753721071509177238e-03 9.999973422189161187e-01 -5.061834377034035715e-02
9.967934223235607183e-01 -8.000740631864126928e-02 -1.299286976543262244e-03 2.668084097221944395e-01 8.000650488724751763e-02 9.967940729628251839e-01 -7.316296254277942146e-04 -8.416709632660959728e-02 1.353657346012469842e-03 6.253321883647303169e-04 9.999988882851039707e-01 -1.655769184550025253e-02
9.967995927446092752e-01 -7.990309851849347611e-02 -2.463077612454761100e-03 2.952645671172918207e-01 7.989275041557999946e-02 9.967952500408625571e-01 -4.046965160224413188e-03 -1.899702157500263167e-01 2.778549120475216124e-03 3.837231178617266786e-03 9.999887775978623106e-01 -6.073766723944673540e-02
9.965440211969297524e-01 -8.280477380271483723e-02 -6.586596399840251304e-03 3.726387180018252976e-01 8.260529166861679817e-02 9.962352584038274284e-01 -2.629972816213218753e-02 -1.824570592757046861e-01 8.739542607934816520e-03 2.566474914236508212e-02 9.996324029594396698e-01 -9.888593633332364019e-02
9.962188224436608897e-01 -8.606979024298015701e-02 -1.183423070989952919e-02 3.989342590956344581e-01 8.526643693490056075e-02 9.947355859757261998e-01 -5.683967563203824042e-02 -6.747984657111827378e-02 1.666410937891240479e-02 5.561569203973006775e-02 9.983131784452961011e-01 -3.735258544322543617e-02
9.987855944429553379e-01 -4.777345422049446289e-02 -1.204298156913703038e-02 4.911813197312836499e-01 4.689543296353455848e-02 9.967892789581983548e-01 -6.489955100890719419e-02 -5.920974785525622008e-02 1.510479064386164444e-02 6.425597579865573172e-02 9.978191293384626182e-01 2.219058083329985762e-02
9.991901079495953963e-01 -3.944242831829541940e-02 -7.963857358851628501e-03 6.967724640923140811e-01 3.891797070853748874e-02 9.975704852128114419e-01 -5.777991509344265753e-02 -6.645777492308796441e-02 1.022348920894554543e-02 5.742318243211666506e-02 9.982975800770842456e-01 1.725826553600719182e-02
9.983950728465814661e-01 -5.634387203899295787e-02 -5.713720269913744390e-03 7.535734696853727543e-01 5.601347215996029666e-02 9.973179261891128577e-01 -4.711098638781233139e-02 -1.370225865779980956e-02 8.352811039080710806e-03 4.671533137526558133e-02 9.988733194766213908e-01 -4.277534121624038815e-02
9.983088766273456871e-01 -5.813200547017863262e-02 2.383003611048690887e-04 7.248766210237341800e-01 5.811326952534899559e-02 9.978649367844824036e-01 -2.980630539290594558e-02 -3.040710489849718368e-04 1.494908733376593916e-03 2.976974766631640748e-02 9.995556649690715556e-01 -2.698329630088790176e-02
9.978868738352839607e-01 -6.496004099189991998e-02 1.407160820498003055e-03 7.524322771613505267e-01 6.496500972480936942e-02 9.978801831411655554e-01 -3.832441207551674431e-03 -2.080236712441935892e-02 -1.155222359326016877e-03 3.915758992149284690e-03 9.999916661116811101e-01 -2.752084045543234242e-02
9.955692199841710277e-01 -9.401610728243885162e-02 -1.702877437246886694e-03 8.720865665162919056e-01 9.402736040592206412e-02 9.955323345971607285e-01 8.615466709454242325e-03 8.026657971377148398e-03 8.852769081908928774e-04 -8.737410542250077447e-03 9.999614362273236967e-01 6.720008870394525435e-02
9.854398293035974143e-01 -1.693721998632195247e-01 -1.487954083936514002e-02 9.386661564853115980e-01 1.695113843754390281e-01 9.854903287649555699e-01 8.643059519746094932e-03 1.070541431120256015e-01 1.319974958924939601e-02 -1.103946666435108928e-02 9.998519374320118391e-01 1.518378520434025547e-01
9.735534424482724658e-01 -2.264433378408335917e-01 -3.028381489542365454e-02 9.743065285222221039e-01 2.268206266675618088e-01 9.738890428444605396e-01 9.619539782916203957e-03 1.345331635541844872e-01 2.731479480524672335e-02 -1.623412994289061273e-02 9.994950500176299490e-01 1.228325348839069686e-01
9.635862063465010507e-01 -2.648840122928442509e-01 -3.657981643478714490e-02 1.138078663240811306e+00 2.658180467720427376e-01 9.637363238905845009e-01 2.351731328529085147e-02 1.054955946138321221e-01 2.902393751809850125e-02 -3.238453404801056729e-02 9.990539790248766927e-01 -2.920187201952278988e-03
9.579122053744661969e-01 -2.851357190878939796e-01 -3.319380205484226409e-02 1.353460249261142945e+00 2.861687610328754183e-01 9.576395975848808195e-01 3.215340334049551774e-02 1.150219388390414238e-01 2.261961545949605495e-02 -4.029916671219350988e-02 9.989315943340502102e-01 -1.407677410485263791e-01
9.532830591256994390e-01 -3.010478639293653336e-01 -2.493176302459637270e-02 1.443145122977212313e+00 3.015470631483242459e-01 9.532528448009301991e-01 1.945205864565906217e-02 1.477691218254579830e-01 1.791027332479473363e-02 -2.606141789120339225e-02 9.994998872470828299e-01 -1.312383995847700713e-01
9.498215622729863084e-01 -3.125716556512949107e-01 -1.174563428308094369e-02 1.380333468434482347e+00 3.124873686267848893e-01 9.498840691524673696e-01 -8.479364307454165944e-03 2.113881936819665408e-01 1.380739982804109374e-02 4.383520703615396974e-03 9.998950647224085220e-01 6.900006525623933462e-02
9.551521082870116919e-01 -2.953663137688411489e-01 -2.105209551287281697e-02 1.362394856304488755e+00 2.949864971970534988e-01 9.553049296449069860e-01 -1.937673521396278756e-02 2.340354452065425694e-01 2.583440547582591465e-02 1.229764557733557979e-02 9.995905918959846481e-01 2.263844488804029054e-01
9.606494032692518559e-01 -2.758909529595341414e-01 -3.220102596984306814e-02 1.604427926853650543e+00 2.759069890144056902e-01 9.611758807229263679e-01 -4.032335490936714631e-03 2.542814138254907985e-01 3.206333437799280955e-02 -5.010827435364300850e-03 9.994732783806569154e-01 1.941644998005591372e-01
9.557837636398731629e-01 -2.907360806669361253e-01 -4.415799543489205142e-02 1.897251414689194560e+00 2.918456252245288374e-01 9.562337001137184433e-01 2.105330862670009434e-02 3.053639158270420317e-01 3.610440692911332655e-02 -3.300972834265718248e-02 9.988026980515426478e-01 -4.132963683877427519e-02
9.460480174723331359e-01 -3.215856381262668928e-01 -3.969667476741364776e-02 1.999844849794439439e+00 3.228654601805182600e-01 9.459190019484208234e-01 3.154578221134515803e-02 3.498474755851433415e-01 2.740516847403530465e-02 -4.266050988707445479e-02 9.987136915237943002e-01 -1.818073994031194629e-01
9.238768427465364752e-01 -3.815663288838643807e-01 -2.930385808698519196e-02 2.002237761282809281e+00 3.823355682624228202e-01 9.236058278597103488e-01 2.778107242402940574e-02 3.731714873488247153e-01 1.646489229061976617e-02 -3.687019671319403252e-02 9.991844153689490859e-01 -8.678619843740781326e-02
8.988626416489491344e-01 -4.378676255080903301e-01 -1.782958159295018954e-02 1.983709234062607907e+00 4.381903761287684329e-01 8.985865965783039755e-01 2.305043856304821864e-02 4.096674259271044782e-01 5.928382241502248157e-03 -2.853192916238173754e-02 9.995753014667136949e-01 7.410166776885145079e-02
8.583717885047560392e-01 -5.129136024957813289e-01 -1.084016023617592576e-02 2.100211316875365331e+00 5.129822960179711844e-01 8.578209933269184129e-01 3.150091077650837151e-02 4.839810309600706129e-01 -6.858328606657694906e-03 -3.260030340991647985e-02 9.994449377260883338e-01 1.477532214580078995e-01
8.339109963704497419e-01 -5.518816978223127778e-01 -4.363684361320330912e-03 2.213912769499744915e+00 5.514319578213723316e-01 8.328541416581594081e-01 4.771555947632667022e-02 5.226423398667932041e-01 -2.269903138312212923e-02 -4.219680475595440766e-02 9.988514322173522864e-01 4.457784082594529185e-02
8.126862561333625390e-01 -5.826654495745369200e-01 6.482512170573825200e-03 2.319563836003010415e+00 5.814913347996588655e-01 8.116648711832071816e-01 5.538920869681072945e-02 5.770348972017366185e-01 -3.753500559277743454e-02 -4.124452399107858547e-02 9.984437954115892300e-01 8.185828958140350942e-03
8.095136947664653970e-01 -5.870683415434100327e-01 6.191957930746363331e-03 2.399574757604530983e+00 5.861012141714231349e-01 8.087054538661898606e-01 4.980818842181884004e-02 6.317535335092765436e-01 -3.424828072078345276e-02 -3.669129657766203451e-02 9.987396077172069342e-01 3.231570510234839377e-02
8.053628146591943482e-01 -5.927228765727629023e-01 -8.386200064965102646e-03 2.538426669191150786e+00 5.927092364348890419e-01 8.049611357856514271e-01 2.708008344604642681e-02 6.882145172284482859e-01 -9.300419828751082391e-03 -2.677987046240948993e-02 9.995980895985273618e-01 6.767231140837393077e-02
8.077890039579679327e-01 -5.885694410201740556e-01 -3.260273273506294339e-02 2.564211012131822010e+00 5.888967066223371738e-01 8.082081259699354092e-01 5.422596517226114382e-04 7.526473476847030941e-01 2.603063606520172185e-02 -1.963767331851843517e-02 9.994682425033204476e-01 6.178608189967522979e-02
8.331479054904691317e-01 -5.496045991537096276e-01 -6.163888517757644403e-02 2.672046764108899630e+00 5.494843888395396503e-01 8.352546604962830523e-01 -2.040976582120673441e-02 8.172028139654445855e-01 6.270146727535140518e-02 -1.686525150506179918e-02 9.978898182130074845e-01 1.079813904973952188e-01
8.338403464528141296e-01 -5.466814496685643565e-01 -7.648313026888942101e-02 2.901490944623657420e+00 5.474602897429974302e-01 8.367420083185728163e-01 -1.224919056569302375e-02 9.144193808268982204e-01 7.069305327940111905e-02 -3.165760735239360468e-02 9.969956309406563522e-01 1.882532250111251249e-01
8.341472142448138616e-01 -5.467089981038615321e-01 -7.285393853381209872e-02 2.990286516701360142e+00 5.483711846910603871e-01 8.362280626740038469e-01 3.416284093180156634e-03 9.616244973866245882e-01 5.905479462447996847e-02 -4.280068444259133020e-02 9.973367699243351758e-01 1.063609057226397037e-01
8.165867381365465860e-01 -5.722483713211513612e-01 -7.561680117410950197e-02 3.088942998925598094e+00 5.742630568045371531e-01 8.186476623720893020e-01 6.160071608570655277e-03 9.731571066744338916e-01 5.837842657201357949e-02 -4.845416816955528533e-02 9.971179232658354818e-01 1.292995153510118761e-02
7.939599677969385594e-01 -6.020718608098509783e-01 -8.448102720047716285e-02 3.047351330296957261e+00 6.039266115059576112e-01 7.970276113467315016e-01 -4.431102103962601679e-03 1.009633381471646940e+00 7.000155320288577177e-02 -4.750222280995970714e-02 9.964152354201015749e-01 1.163286553320477812e-02
7.700893602218156220e-01 -6.306222996945248793e-01 -9.632181684926612031e-02 3.124241637047764364e+00 6.327253199804715456e-01 7.743015026920274657e-01 -1.076347455416395982e-02 1.095944849330312332e+00 8.136981460446339465e-02 -5.265641515387235738e-02 9.952920451879329056e-01 1.315099952397121297e-01
7.458128904382214097e-01 -6.566975719954650792e-01 -1.118545099289544181e-01 3.209051226187773942e+00 6.609377466806642953e-01 7.504399174021424423e-01 1.106969806095543796e-03 1.182069587398575594e+00 8.321314480820644899e-02 -7.475446009922506740e-02 9.937239773832580170e-01 1.732055297650078318e-01
7.420468763543611734e-01 -6.607993407093606386e-01 -1.127415833258065686e-01 3.398639493872702033e+00 6.671475119813123911e-01 7.443994544274764591e-01 2.799374046496987123e-02 1.232951214368044557e+00 6.542652787577925289e-02 -9.598793448215121871e-02 9.932299259909409539e-01 9.549886615874905726e-02
7.238973353062350125e-01 -6.830789276968535217e-01 -9.682885144960182155e-02 3.552616531741493944e+00 6.888678728252851657e-01 7.233547165361714493e-01 4.710634621833727220e-02 1.322910761322639628e+00 3.786425393031123132e-02 -1.008024434296700272e-01 9.941856796760397685e-01 7.683471281104137240e-04
7.175371593316082208e-01 -6.922027379125950119e-01 -7.743251645551442464e-02 3.616389663977650049e+00 6.961077382671563285e-01 7.164925126451505699e-01 4.552467515560259387e-02 1.375337666175505458e+00 2.396751349035888823e-02 -8.656701998882782023e-02 9.959576845164374026e-01 -1.302975733673232550e-02
7.153031356992429757e-01 -6.957419722376703142e-01 -6.545633755158564160e-02 3.640589771686170373e+00 6.982509362382247620e-01 7.153445650365267694e-01 2.697745939010295566e-02 1.446914175176129191e+00 2.805448451269120652e-02 -6.500201027305957391e-02 9.974906939712210319e-01 5.816499103843474072e-02
7.147680279347394805e-01 -6.967924138979265658e-01 -5.989155346611102493e-02 3.721350348569963717e+00 6.984615196330853371e-01 7.155691097469925044e-01 1.059975319230523419e-02 1.529678812015323297e+00 3.547071798152084954e-02 -4.940831013298505048e-02 9.981486097048265504e-01 1.209826885882091946e-01
7.244646599284971789e-01 -6.865867248133579182e-01 -6.123418836526955261e-02 3.785814878954219420e+00 6.884350307222830700e-01 7.251619314373694003e-01 1.404925864354478540e-02 1.627204346786795153e+00 3.475866782683138118e-02 -5.233395173394159161e-02 9.980245450422616793e-01 1.659227945359514622e-01
7.315834642025584866e-01 -6.795751923678252648e-01 -5.443521675916458691e-02 3.998079564383421047e+00 6.815301825572710470e-01 7.310466551076177932e-01 3.297572318261502572e-02 1.706459377069503791e+00 1.738519970655165794e-02 -6.122373701594017309e-02 9.979726493531605458e-01 1.235816940611614845e-01
7.187294092719939131e-01 -6.945125403870038294e-01 -3.286894419845417387e-02 4.105907255124626509e+00 6.951652758042909941e-01 7.169021759470171062e-01 5.288203322846268123e-02 1.786552767733109892e+00 -1.316341762137668292e-02 -6.085722116250918273e-02 9.980596791118768740e-01 4.377349642967302834e-02
7.100163682089073447e-01 -7.040339453228038336e-01 -1.459317335744966977e-02 4.122186907680600143e+00 7.034998406885851763e-01 7.082589614061487460e-01 5.879810999529380688e-02 1.840581857615496197e+00 -3.106011955174371036e-02 -5.201391564851311211e-02 9.981632239029550879e-01 4.427756421557404315e-02
6.922524933874955044e-01 -7.215048189230148790e-01 -1.474047725357431442e-02 4.167467513893880593e+00 7.209751153314032379e-01 6.905689754442634332e-01 5.752715208256066470e-02 1.944202922557677127e+00 -3.132680117192437885e-02 -5.045083175456994973e-02 9.982351151425232771e-01 1.107197980418944683e-01
6.648309223066983797e-01 -7.463096723760943574e-01 -3.196431858668985493e-02 4.338886912845212329e+00 7.466758326709631577e-01 6.626906502375329300e-01 5.758735097987690427e-02 2.050129323849079199e+00 -2.179554197418593492e-02 -6.215283586162771018e-02 9.978286322532586849e-01 1.222663360306642660e-01
6.488069738232757899e-01 -7.600951670218093481e-01 -3.612267692697775784e-02 4.398075015451694547e+00 7.603798578668591324e-01 6.457452723119636584e-01 6.953786764866383419e-02 2.110890319820470484e+00 -2.952934927590327580e-02 -7.258360942275886296e-02 9.969250910547422517e-01 9.126582688717664593e-02
6.407550687119518695e-01 -7.674992144830614649e-01 -1.943959073194050438e-02 4.504456678447021467e+00 7.661860846107677592e-01 6.376357521723650112e-01 7.987196817659925063e-02 2.180479988976914196e+00 -4.890629477647219503e-02 -6.607271236649694957e-02 9.966155582830176218e-01 8.383761296739175584e-02
6.355935123312930202e-01 -7.720093227848652262e-01 -4.742638044846519269e-03 4.576445573318209448e+00 7.702008947833196562e-01 6.336587927071533066e-01 7.257489993025741104e-02 2.277838487223903474e+00 -5.302328504859291081e-02 -4.978091961953863553e-02 9.973516888663139790e-01 8.940478120783162952e-02
6.430635948199971974e-01 -7.657619315592932852e-01 8.824805480175081790e-03 4.647726477212453133e+00 7.645095722901432689e-01 6.425986315760165990e-01 5.091279380836530311e-02 2.381716861534214136e+00 -4.465788725325886555e-02 -2.599351594554432168e-02 9.986641128201533268e-01 1.091450969248767139e-01
6.502220682941296515e-01 -7.594557669819831380e-01 2.093322481396603027e-02 4.723694181474956011e+00 7.586209209859552383e-01 6.505119493977860046e-01 3.644862045555960495e-02 2.514196262361403367e+00 -4.129842788442736334e-02 -7.819315091504724230e-03 9.991162585834415522e-01 1.362036652016712368e-01
6.738864482727082716e-01 -7.382331917650711839e-01 2.981290678129976113e-02 4.781294733067911196e+00 7.366637055723418426e-01 6.744500889741296135e-01 4.943341355009564508e-02 2.575031130834870563e+00 -5.660070429615488008e-02 -1.135042109987484740e-02 9.983323736181426433e-01 1.345690006083185841e-01
6.918937241064883059e-01 -7.214983383859286947e-01 2.689279175538828240e-02 4.903659390308492405e+00 7.190810106925008549e-01 6.919644822314707788e-01 6.409099306130316975e-02 2.683037952707429952e+00 -6.485040172201034236e-02 -2.500605999506058663e-02 9.975816369400638539e-01 1.031965752118143287e-01
6.827571493574937644e-01 -7.303104000789696348e-01 2.212226339515118226e-02 5.042999453152920530e+00 7.278997623936475092e-01 6.825020179752812055e-01 6.597674868421968264e-02 2.771210887136028589e+00 -6.328199513685349442e-02 -2.894330658657338212e-02 9.975758989146313871e-01 5.294581651330344113e-02
6.609938513709909813e-01 -7.501769658620597303e-01 1.793455713806293289e-02 5.093965928623915396e+00 7.482900717533448320e-01 6.607419949428372519e-01 5.900834376877479165e-02 2.845084177420247773e+00 -5.611681535082484878e-02 -2.558390136304030532e-02 9.980963716124449103e-01 6.047834222498469497e-02
6.414829549591103408e-01 -7.669121292921059485e-01 1.858505963337737932e-02 5.091541578536543433e+00 7.652811789032241130e-01 6.414273034249355909e-01 5.399751510493012996e-02 2.954910330524130213e+00 -5.333231397023349696e-02 -2.041568920374201013e-02 9.983681004123261538e-01 1.118634106241349069e-01
6.129961635316746316e-01 -7.899677324461703565e-01 1.366327886359099478e-02 5.190448694556128117e+00 7.879647411251974320e-01 6.125253749352719268e-01 6.264368925841817815e-02 3.054241401533032363e+00 -5.785559816430137225e-02 -2.763415919220986450e-02 9.979424246953280120e-01 1.404305111208856149e-01
5.942639211157136891e-01 -8.042206392435635731e-01 8.919387582703872108e-03 5.259158285867739480e+00 8.008356494282722338e-01 5.927136570551234662e-01 8.574837225941239760e-02 3.115532103911156536e+00 -7.424725358539617515e-02 -4.381420038087116553e-02 9.962768998526517761e-01 1.153277617267761262e-01
5.959483829809067990e-01 -8.030187056111594002e-01 2.546224856628462319e-03 5.347305218139166705e+00 7.990385352377528116e-01 5.933040621025936767e-01 9.760998462077519200e-02 3.190885331691758253e+00 -7.989332905536433715e-02 -5.613598071771579850e-02 9.952214867261013342e-01 9.529664961657485778e-02
6.028556439908538955e-01 -7.977702365609631308e-01 -1.130142317753776021e-02 5.460735292748478464e+00 7.950225138029602956e-01 5.994671904888646541e-01 9.261905891234854804e-02 3.273468922106761880e+00 -6.711389613779378260e-02 -6.482080827058782357e-02 9.956374780814315484e-01 8.271334946714764547e-02
6.134749493743257842e-01 -7.894918409698580275e-01 -1.873818380187717778e-02 5.526687036003784748e+00 7.884935623204304411e-01 6.110355403283943554e-01 7.009615278190857446e-02 3.407106426279742806e+00 -4.389064444054063818e-02 -5.777717107657349277e-02 9.973642312781135777e-01 8.747086020280231411e-02
6.370803743295008204e-01 -7.705431667178652688e-01 -1.979456664307783706e-02 5.615630891865819763e+00 7.702829054928963526e-01 6.355070613934818979e-01 5.286795271658389916e-02 3.489093268812994975e+00 -2.815745282522709100e-02 -4.892855141351838688e-02 9.984053058287349902e-01 1.227001886547634674e-01
6.529195158429219603e-01 -7.573296683199688406e-01 -1.216056387715237774e-02 5.667499774493327536e+00 7.566595352372240679e-01 6.514509173624285499e-01 5.548017666012072802e-02 3.581252313436006141e+00 -3.409477329492718867e-02 -4.542549669531449619e-02 9.983857324120529730e-01 1.409106605048815741e-01
6.801322145506409900e-01 -7.330866279433599919e-01 -2.041240082456562133e-03 5.711860957108692460e+00 7.316080226428559596e-01 6.785782253730247016e-01 6.543159217233500413e-02 3.662259940230725874e+00 -4.658188419386856405e-02 -4.599552130620997853e-02 9.978549694643601420e-01 1.854382748120542712e-01
6.871458105925862814e-01 -7.265134891567951447e-01 2.963959898014869448e-03 5.845250248479194610e+00 7.244245748297036824e-01 6.854682776490435003e-01 7.309087302568559319e-02 3.780637084577441964e+00 -5.513320567372019532e-02 -4.807692180322280240e-02 9.973208807711116952e-01 1.432137878599094583e-01
6.838503933019755010e-01 -7.296154459766710509e-01 3.152867424566999782e-03 5.925132117778199259e+00 7.275858588757961876e-01 6.822580056118532355e-01 7.171353946436087590e-02 3.841591842366023357e+00 -5.447437511989891568e-02 -4.674735041475482078e-02 9.974202863810704978e-01 8.494761647463798526e-02
6.752437231642731685e-01 -7.375946417962303547e-01 -2.423236291244808271e-04 5.975705627098419015e+00 7.364265439128540036e-01 6.741558126341338220e-01 5.647907322345180336e-02 3.910470504407733916e+00 -4.149529790012211616e-02 -3.831559323697576736e-02 9.984037537825459774e-01 8.105436506768026739e-02
6.658109075913833941e-01 -7.460666699949145553e-01 -8.964332381034841035e-03 6.061068547495030323e+00 7.459635306158831636e-01 6.653763120511959617e-01 2.850919767787141526e-02 4.010311139960565541e+00 -1.530510775606219731e-02 -2.566879981317676460e-02 9.995533334408556181e-01 1.211478287749462313e-01
6.285486742352923706e-01 -7.776581005908129729e-01 -1.320767589492371184e-02 6.120556310188862703e+00 7.777700661424440387e-01 6.284696144258066219e-01 9.983384008248254171e-03 4.112559963142659925e+00 5.369635318206930630e-04 -1.654757773714903707e-02 9.998629352772301360e-01 1.721475097083628725e-01
6.312574621422362142e-01 -7.755726826938200702e-01 1.015061010164150165e-03 6.127220395690530452e+00 7.754272099958052777e-01 6.311633830537638490e-01 1.858563666516099486e-02 4.144023611946320962e+00 -1.505518142915270897e-02 -1.094521590646011650e-02 9.998267568738578026e-01 2.087440086101794157e-01
6.347505523758502077e-01 -7.726520610197183947e-01 1.002640815719417315e-02 6.284928332059669387e+00 7.720522656783425086e-01 6.346891632496872715e-01 3.324101554330182590e-02 4.260986322850337515e+00 -3.204739177361005248e-02 -1.335884184326748686e-02 9.993970712510195087e-01 1.589312176567192203e-01
6.470434413897265813e-01 -7.624325518888857012e-01 5.602568584238213842e-03 6.362979682418133720e+00 7.618616701955733816e-01 6.468134247471104548e-01 3.462930917193663555e-02 4.384066796909737995e+00 -3.002632913546052912e-02 -1.813828512058572595e-02 9.993845216789848385e-01 9.575639970979246685e-02
6.642329984906838458e-01 -7.475250613523420906e-01 -8.979789821696006549e-04 6.439397936806241063e+00 7.474077555555163066e-01 6.641064754732677322e-01 1.855360261349465328e-02 4.471840153575158183e+00 -1.327292927506183717e-02 -1.299507155236555127e-02 9.998274638475420639e-01 7.459472379958126398e-02
6.774613705085590354e-01 -7.355431464588815249e-01 -4.729816701860487665e-03 6.507341298073368030e+00 7.355563493959453858e-01 6.774605293232458525e-01 2.021898211464564013e-03 4.543535317461397049e+00 1.717070754164105092e-03 -4.848804639900059117e-03 9.999867702932820901e-01 1.084382687523579580e-01
6.994907381082731135e-01 -7.146343144264331038e-01 -3.240979019600502813e-03 6.572403014447970371e+00 7.146136824401481125e-01 6.994962888092461917e-01 -5.676866338308964206e-03 4.654316876446883633e+00 6.323936280087101569e-03 1.654867473217771362e-03 9.999786343935411770e-01 1.544733848116242314e-01
7.039818109598526830e-01 -7.102121873145686992e-01 2.873817590302311670e-03 6.708780069512781274e+00 7.102178858242830239e-01 7.039736221806645045e-01 -3.419638741283692000e-03 4.782794172976426061e+00 4.055773317411018840e-04 4.448400127146507656e-03 9.999900235719038077e-01 1.499364846566957621e-01
6.991399383538070555e-01 -7.149140684503442200e-01 1.006088119457822921e-02 6.777647620865576705e+00 7.149639114208817814e-01 6.991579477581466584e-01 -2.183907591923038485e-03 4.833874706472504279e+00 -5.472838786978550737e-03 8.720023990403929365e-03 9.999470032042790946e-01 1.039249503954865900e-01
6.931855759053420218e-01 -7.207139989179219830e-01 8.067782874922685421e-03 6.843983212000502192e+00 7.207553975232318111e-01 6.931024003012948853e-01 -1.098724886910614797e-02 4.919046348644561029e+00 2.326864393841314264e-03 1.343110048809268396e-02 9.999070913048728748e-01 1.395035335165751844e-01
6.883317981879937264e-01 -7.253958003487905870e-01 -5.181115911022200413e-04 6.880587029626970441e+00 7.253794720510269300e-01 6.883207724106994441e-01 -6.255860844969103607e-03 5.042228423841488727e+00 4.894602155089439188e-03 3.930280432214199732e-03 9.999802976886432715e-01 1.945345710911944304e-01
6.777892779746980123e-01 -7.352286933029837934e-01 -6.361069605380538679e-03 6.997252003507254514e+00 7.351418390950509307e-01 6.775058929041331002e-01 2.349981898056935359e-02 5.126648139811917027e+00 -1.296807905912198203e-02 -2.060421374768728331e-02 9.997036037253022034e-01 1.557161037473531739e-01
6.696441606819065750e-01 -7.426183182481125300e-01 -9.733009142603835789e-03 7.074670611547631438e+00 7.419242368910363705e-01 6.683114915114061194e-01 5.392751642207341267e-02 5.222490906360035545e+00 -3.354287969566989436e-02 -4.333340185289891178e-02 9.984974168747643430e-01 1.306539504397764007e-01
6.740158105435651859e-01 -7.385329937136466683e-01 -1.648345636266206754e-02 7.179003725805424452e+00 7.375691915375481855e-01 6.715576913748370069e-01 7.072449964437217684e-02 5.297823198792817045e+00 -4.116278455047069768e-02 -5.982712053624271442e-02 9.973596847759556017e-01 1.287323025750237437e-01
6.669847241730111342e-01 -7.445943758038257032e-01 -2.665695483665644211e-02 7.303443975167626334e+00 7.444540378504821421e-01 6.645492559396443122e-01 6.451722218274801024e-02 5.409427942617611507e+00 -3.032430127744323994e-02 -6.287687930691589211e-02 9.975604918002007881e-01 1.023541201815977020e-01
6.707753396627735842e-01 -7.413344964950512317e-01 -2.199108925723662969e-02 7.313295095935157697e+00 7.414589596858478515e-01 6.696067463092312266e-01 4.319046652613608289e-02 5.490912344221335673e+00 -1.729320103020534280e-02 -4.527659001729187477e-02 9.988247972465116309e-01 1.343861368371678799e-01
6.880884329632652729e-01 -7.254643085614892462e-01 -1.535725970211870677e-02 7.374683444959640788e+00 7.255763278510604097e-01 6.876367113391689267e-01 2.635802877346663659e-02 5.598459712229550966e+00 -8.561593562440359198e-03 -2.927951881525367450e-02 9.995345961464359164e-01 1.867848364071343359e-01
7.170946113655636278e-01 -6.967330924227133071e-01 -1.839337580636217495e-02 7.448522617646257338e+00 6.969480878269431745e-01 7.165808261050198302e-01 2.784389579450043811e-02 5.692378023267659515e+00 -6.219423191814978796e-03 -3.278593573058701666e-02 9.994430454975565814e-01 2.441772320313415068e-01
7.246580188216527052e-01 -6.885896954275355641e-01 -2.673924285560786221e-02 7.646719301262853818e+00 6.889914938758135987e-01 7.232736163876690716e-01 4.654027507737502900e-02 5.791090835963886185e+00 -1.270736496099974036e-02 -5.214889441317877017e-02 9.985584688375693796e-01 2.267279802757579121e-01
7.168156082285610520e-01 -6.966358903080595022e-01 -2.956044882296586518e-02 7.705380445404664158e+00 6.970173232489872417e-01 7.147942142603832538e-01 5.688657443279543369e-02 5.868175714804373833e+00 -1.849959163696999337e-02 -6.138132936470591661e-02 9.979429329950119110e-01 1.421508242580307446e-01
7.131797617129522759e-01 -7.004577944589130967e-01 -2.708330970933475398e-02 7.773132126265642761e+00 7.008367600597028568e-01 7.117161625115331347e-01 4.783241337080597344e-02 5.956474463768124394e+00 -1.422895751892270036e-02 -5.309408819833048854e-02 9.984881344143817783e-01 1.481135633484426395e-01
7.014958081590991767e-01 -7.122155632955782245e-01 -2.554647793287215599e-02 7.802167471284776390e+00 7.125827459382050311e-01 7.003833291430394681e-01 4.109771830260607745e-02 6.054471752587654798e+00 -1.137810732854938403e-02 -4.703385650863744355e-02 9.988284912914453528e-01 1.924180573204823663e-01
6.961582795888623387e-01 -7.169904337461989741e-01 -3.589383897430181714e-02 7.903432604997655098e+00 7.178300952135518997e-01 6.945943419156639376e-01 4.752530467497152050e-02 6.127641944990064538e+00 -9.143531351646088864e-03 -5.885081218796766461e-02 9.982249134034063554e-01 2.416742403373838000e-01
6.871977823865422774e-01 -7.252578089704976305e-01 -4.195614865942481897e-02 8.011199335248642583e+00 7.263075502843759912e-01 6.846742942679761024e-01 6.081490909766832514e-02 6.213496406402764016e+00 -1.538019125132091339e-02 -7.226493822015077340e-02 9.972668792359999923e-01 2.143284204440475127e-01
6.883134314364200979e-01 -7.247331985135266885e-01 -3.140718192664686964e-02 8.117429317187740523e+00 7.249089547705914738e-01 6.855754261722883935e-01 6.703239755590874316e-02 6.293782590239637820e+00 -2.704861175049253635e-02 -6.890664700185324121e-02 9.972563595191223929e-01 1.592190074141945078e-01
6.878830249964679178e-01 -7.255525394668673744e-01 -1.975996950626666970e-02 8.205510630298540775e+00 7.254373283707697961e-01 6.863783204051899789e-01 5.123947583680425050e-02 6.382546006604505884e+00 -2.361411713337542573e-02 -4.958138512516830493e-02 9.984908911557885958e-01 1.513291784909290283e-01
6.978303120098439116e-01 -7.160969034767050712e-01 -1.542985649052999383e-02 8.270719629323908251e+00 7.162481256469970248e-01 6.975143851721786747e-01 2.150127868386085550e-02 6.452768937196641019e+00 -4.634452223015467914e-03 -2.605584980291348468e-02 9.996497459328644863e-01 1.975706707475362589e-01
7.072696380965604046e-01 -7.068259368049801816e-01 -1.291332979997130391e-02 8.355833474124585436e+00 7.068230361593982325e-01 7.073684870333921682e-01 -5.569479912867167717e-03 6.550264405889938857e+00 1.307113542009777189e-02 -5.188314933783725116e-03 9.999011085137256005e-01 2.499416012475704774e-01
7.366393922015190832e-01 -6.761007166787983413e-01 -1.581855756356838685e-02 8.427164128201740212e+00 6.762349183476171754e-01 7.366692662345508680e-01 4.972664561362164122e-03 6.603175462389575756e+00 8.291023119502706137e-03 -1.436012158248060888e-02 9.998625134706112805e-01 2.522016054921193406e-01
