1.000000000000000000e+00 0.000000000000000000e+00 0.000000000000000000e+00 0.000000000000000000e+00 0.000000000000000000e+00 1.000000000000000000e+00 0.000000000000000000e+00 0.000000000000000000e+00 0.000000000000000000e+00 0.000000000000000000e+00 1.000000000000000000e+00 0.000000000000000000e+00
9.999982121931578760e-01 -1.794682828419015812e-03 -5.955871334075430032e-04 2.582202143345038031e-02 1.794836720887577671e-03 9.999983560090855983e-01 2.579540101495217570e-04 -5.306482051289598822e-02 5.951232086351697153e-04 -2.590225306351054370e-04 9.999997893678254091e-01 -1.931624671804793233e-02
9.999884056779536623e-01 -4.775670813594362976e-03 -6.176390083548376686e-04 4.261898419212951927e-02 4.775863858420326125e-03 9.999885469940289484e-01 3.114565402767983373e-04 -1.243146252530276941e-01 6.161445206224841443e-04 -3.144026889669194070e-04 9.999997607584107939e-01 -2.829702014563437173e-02
9.999864607791222326e-01 -5.183618993215671246e-03 -4.564565458607858207e-04 4.628166049941503934e-02 5.183872010582167046e-03 9.999864096970846328e-01 5.548802683514650726e-04 -1.434649675397828283e-01 4.535740545800726032e-04 -5.572389680170859163e-04 9.999997418776214175e-01 -1.858099324610966441e-02
9.999923439831126526e-01 -3.913043618381548822e-03 8.049890164314437371e-06 8.992393293733025317e-04 3.913042777978168255e-03 9.999923388277184300e-01 1.018925285147883095e-04 -1.050836983843700806e-01 -8.448538401184593411e-06 -1.018602488592983119e-04 9.999999947765559893e-01 -3.765584209362815050e-03
9.999986384538820383e-01 -1.498699768544003216e-03 6.906441818952583191e-04 -6.875767717750035091e-02 1.498875008391866836e-03 9.999988446092361594e-01 -2.532862056479562112e-04 -3.208350096893559239e-02 -6.902637839535694748e-04 2.543210500910402633e-04 9.999997294283193838e-01 1.664442201903591073e-02
9.999868029430080130e-01 5.000972395740346972e-03 1.176526633213972363e-03 -1.411305081184314192e-01 -5.000644026872878324e-03 9.999874569737864372e-01 -2.818765971571372928e-04 5.213005585513295903e-02 -1.177921533090959139e-03 2.759894863347815588e-04 9.999992681650649029e-01 2.316332199617087903e-02
9.999951907726160050e-01 2.903236478427511161e-03 1.090710589316021707e-03 -8.480217521886398990e-02 -2.904068753988468983e-03 9.999954926689933465e-01 7.622508573070677996e-04 2.416866059867324446e-02 -1.088492678627716453e-03 -7.654146900114483293e-04 9.999991146616284965e-01 2.319887190181523645e-02
9.999974701481267880e-01 -2.108346699070048902e-03 7.839461351988628391e-04 -6.082305587948731718e-02 2.107704167993526383e-03 9.999974429686029342e-01 8.195360858457017986e-04 1.960364743385247487e-04 -7.856719968253430197e-04 -8.178816860041586553e-04 9.999993568943237321e-01 1.809075908569925811e-02
9.999925117933614604e-01 -3.824208765011544945e-03 5.931142600412860847e-04 -1.000947165016140006e-01 3.823972434525043252e-03 9.999926089575021937e-01 3.990804280315469544e-04 3.088542791746671373e-03 -5.946360431794068310e-04 -3.968093870539148808e-04 9.999997444751106412e-01 1.017766307360009129e-02
9.999989546146176300e-01 -1.284330805464854513e-03 6.642770913000675594e-04 -1.004568337538637723e-01 1.283993291950154573e-03 9.999990465116730398e-01 5.082686013253071271e-04 3.627458166635507113e-03 -6.649292429417477494e-04 -5.074151426595154869e-04 9.999996501994262710e-01 1.504463987367835390e-02
9.999998887332660624e-01 4.251151966476570320e-04 2.044762210885100605e-04 -5.010305250124624799e-02 -4.251831907746565819e-04 9.999998542982899696e-01 3.325998392559842529e-04 1.390916956665219466e-02 -2.043347980499047234e-04 -3.326867421008064302e-04 9.999999237834080734e-01 1.618593802734949461e-03
9.999999892383857336e-01 -8.517029723222907685e-05 -1.194539610929695690e-04 -4.631928775367966447e-03 8.518631407622877705e-05 9.999999873822326135e-01 1.340851468623492008e-04 1.513067466904209971e-02 1.194425395139145813e-04 -1.340953212620239103e-04 9.999999838759621174e-01 -7.711392011550381384e-03
9.999985580416484998e-01 -1.686550838543911810e-03 1.986476599235345575e-04 -9.806753073402965648e-03 1.686531603697403710e-03 9.999985731042555503e-01 9.695670531564300589e-05 -2.077962065998608526e-03 -1.988108988866865224e-04 -9.662153995165047088e-05 9.999999755692519088e-01 -3.547609173946196168e-03
9.999984114804097990e-01 -1.778508277759958739e-03 1.180887923991581691e-04 -1.784473605185711576e-02 1.778485418271763150e-03 9.999983997912729183e-01 1.934024575231832010e-04 -1.727021687917405096e-02 -1.184325713040860909e-04 -1.931921311042474293e-04 9.999999743252628859e-01 -7.554587108610829726e-04
9.999997942910996418e-01 -5.710146684721107866e-04 2.921643489852881808e-04 -2.323756014680987414e-02 5.710509792991928747e-04 9.999998292358316387e-01 -1.242138740883731046e-04 -2.561695890801390582e-02 -2.920933711499538663e-04 1.243806892740780250e-04 9.999999496054520209e-01 4.762612745994594492e-03
9.999999356408114659e-01 -3.570852338660973190e-04 3.476361074168641033e-05 2.196332777715336027e-02 3.570936968420980809e-04 9.999999065368476714e-01 -2.437424614724118227e-04 -3.315850548756035104e-02 -3.467657065871179083e-05 2.437548596516201499e-04 9.999999696905514934e-01 3.953944452734781123e-04
9.999991077574725828e-01 -1.286048731986853648e-03 -3.613349108243036679e-04 6.836701123824699688e-02 1.286063329877805677e-03 9.999991722133807492e-01 4.017044590316965662e-05 -5.550521615527458791e-02 3.612829505650823098e-04 -4.063510964000527890e-05 9.999999339117066066e-01 -1.085795783138852194e-02
9.999981727205166093e-01 -1.804380634381939734e-03 -6.314793377543922743e-04 6.440416577298566092e-02 1.804431623652476020e-03 9.999983687970835922e-01 8.018533240473033356e-05 -1.057470340615412896e-01 6.313336228225023203e-04 -8.132464717044471218e-05 9.999997974020586877e-01 -2.973299148135030365e-02
9.999917301989479368e-01 4.026405397929834311e-03 -5.723576557212821858e-04 2.575719329198618290e-02 -4.026540915434724012e-03 9.999918656464824585e-01 -2.358158681948888699e-04 -1.018931932650613964e-01 5.714035096771545976e-04 2.381185395635980104e-04 9.999998083987767794e-01 -3.147097531663543835e-02
9.999817594955024980e-01 6.032617110761385841e-03 -2.969967576231652136e-04 -2.105213637125677439e-02 -6.032765022086353408e-03 9.999816778690483465e-01 -4.996722837009397438e-04 -6.976399042234039671e-02 2.939769844412523582e-04 5.014548810774637280e-04 9.999998310602531415e-01 -2.303991550604766320e-02
9.999496990728574675e-01 1.002760789198541350e-02 -2.154160306906163205e-04 -2.979584828166593341e-02 -1.002768842240375768e-02 9.999496507516407728e-01 -3.760672478415564169e-04 -6.217036842846078437e-02 2.116341297530133063e-04 3.782084561472785810e-04 9.999999060846750387e-01 -1.765650970576806630e-02
9.999411222842089497e-01 1.083499234806974999e-02 -5.957397199944234256e-04 1.186170174654688908e-02 -1.083499463108308740e-02 9.999412997226280186e-01 -6.048530810267008864e-07 -7.095076906114936022e-02 5.956981963291136392e-04 7.059654136321420208e-06 9.999998225468943458e-01 -2.751518058160741520e-02
9.999454523569091258e-01 1.042088590681963627e-02 -7.052996904881496734e-04 4.988768908498993765e-02 -1.042084265062774746e-02 9.999456994339135374e-01 6.497747589753086704e-05 -7.571449385785723740e-02 7.059385151785369048e-04 -5.762411443325320652e-05 9.999997491651057002e-01 -2.942756467865166592e-02
9.999479710611214323e-01 1.016837475181574940e-02 -8.119887027199688360e-04 7.991882784361230285e-02 -1.016853010516539577e-02 9.999482815961386883e-01 -1.874257977198742222e-04 -8.110017392514368151e-02 8.100408922109370111e-04 1.956727777231625966e-04 9.999996527728982620e-01 -3.645961799482269616e-02
9.999419388258615760e-01 1.076319823610651788e-02 -5.220545060411382323e-04 9.816604393289946051e-02 -1.076320153234389815e-02 9.999420750625960252e-01 -3.504812228460692946e-06 -9.432049011323737076e-02 5.219865430777591948e-04 9.123586594336590200e-06 9.999998637233952214e-01 -3.819713942036730842e-02
9.999438387306404108e-01 1.057669308252440557e-02 -6.730141670546074427e-04 8.786873357389532457e-02 -1.057636911091098045e-02 9.999439519321032810e-01 4.831261090991287744e-04 -6.701218202872943897e-02 6.780863224869726176e-04 -4.759809298759391403e-04 9.999996568204879699e-01 -5.600900898457968069e-02
9.999464495130603314e-01 1.030798101695658102e-02 -9.184952796863862139e-04 8.302452687449908553e-02 -1.030775371886686644e-02 9.999468419772347128e-01 2.518591398003670314e-04 -4.402916128418169622e-02 9.210426135254080578e-04 -2.423780294858415190e-04 9.999995464665946132e-01 -6.822992467572898401e-02
9.999563851851981378e-01 9.247411762037758068e-03 -1.308855627998056596e-03 1.251988141449354441e-01 -9.247511201051340432e-03 9.999572384080429588e-01 -6.994245327057079182e-05 -2.245885002235281647e-02 1.308152872582721282e-03 8.204305982389571554e-05 9.999991410021301652e-01 -7.339955988689031430e-02
9.999961152692451449e-01 -2.391000652573894558e-03 -1.432676620175431540e-03 1.814179110315411458e-01 2.391773321583073788e-03 9.999969950653787576e-01 5.378481114212529252e-04 -7.780827878606535325e-03 1.431386319890460895e-03 -5.412726597447444898e-04 9.999988290778699662e-01 -6.022335231665138650e-02
9.996832838865085114e-01 -2.511583852548162493e-02 -1.589519753974104463e-03 2.131166400058512600e-01 2.511866503541762552e-02 9.996828847974000842e-01 1.783959076492271176e-03 1.188188415519341769e-02 1.544210064994039301e-03 -1.823320682174191503e-03 9.999971454544083205e-01 -6.171268474574095886e-02
9.984996429967721854e-01 -5.473230248419733851e-02 -1.684636488064596973e-03 2.213780944504560588e-01 5.473767620085293745e-02 9.984952210444126841e-01 3.328716809836751705e-03 8.848766027507958681e-03 1.499913147209325530e-03 -3.415935632859172771e-03 9.999930407979362723e-01 -6.597925838840558443e-02
9.978006796110123755e-01 -6.627898515801050605e-02 -9.486275486062349400e-04 2.343404573114685752e-01 6.628554227936567234e-02 9.977328142411040490e-01 1.163865418581063599e-02 -7.612994940563357071e-02 1.750786456969784764e-04 -1.167593734783991741e-02 9.999318185929064740e-01 -1.752346576823447244e-01
9.975394966127153484e-01 -7.009239234966016530e-02 -1.417473933343060214e-03 3.003609348809241908e-01 7.010542131855340697e-02 9.974402903626587991e-01 1.407469584051923746e-02 -1.291138092229479339e-01 4.273165085993976906e-04 -1.413943761103372311e-02 9.998999418465055466e-01 -2.437033413613596267e-01
9.969875544578461479e-01 -7.753377219186156910e-02 -2.080967530713882536e-03 2.981906808199152881e-01 7.755077747953049994e-02 9.969385044416649855e-01 9.974731772668788896e-03 -1.280751219863491830e-01 1.301218076924537089e-03 -1.010606408632255294e-02 9.999480858025577845e-01 -2.122568956681238905e-01
9.971331634809822431e-01 -7.558319469493549048e-02 -3.554569751217010083e-03 3.097785096622301393e-01 7.554531554533930326e-02 9.970942300358335286e-01 -9.798047172955192535e-03 -1.378495819584605597e-01 4.284808696302023177e-03 9.501426680021098775e-03 9.999456801774185832e-01 -1.320505689994914134e-01
9.962520699957169157e-01 -8.640683877790482359e-02 -3.958691912523758238e-03 3.727064207920210981e-01 8.614468233145945730e-02 9.952783767179184116e-01 -4.472187992199285617e-02 -1.192431058518880482e-01 7.804276728887452746e-03 4.421324518913279794e-02 9.989916327049914724e-01 -1.130398131961103669e-02
9.957064431149327266e-01 -9.207029027277285893e-02 -9.578141181700042250e-03 4.049399561175436868e-01 9.122394675236908390e-02 9.935541244456852494e-01 -6.729333797552930485e-02 -5.801224278032132697e-02 1.571211883643193821e-02 6.613065435979922913e-02 9.976872585513030245e-01 3.665608541397460951e-02
9.987089519505074620e-01 -4.923293268658264499e-02 -1.251189965582595945e-02 5.018019745480885030e-01 4.835494817403714063e-02 9.968549165351447972e-01 -6.278594083706716400e-02 -7.630061312283724362e-02 1.556368468599958130e-02 6.209986891119769620e-02 9.979485848480406096e-01 -3.201715404622942907e-02
9.992432261621154721e-01 -3.737277933703609528e-02 -1.078194480381863309e-02 7.256702584190483085e-01 3.678659830238733414e-02 9.980602088983947517e-01 -5.022514906928006451e-02 -9.395526437309299761e-02 1.263808349656613504e-02 4.979050891804399914e-02 9.986797204645821990e-01 -1.023890098996108750e-01
9.983599254767822062e-01 -5.676235944344876910e-02 -7.449412890053264472e-03 7.896478409070593063e-01 5.639202006462137179e-02 9.974840807916031116e-01 -4.295868527273585119e-02 -6.125494481492414767e-02 9.869107103740922329e-03 4.246814238630357979e-02 9.990490766760317110e-01 -1.030161804061190955e-01
9.981652583265339107e-01 -6.054054814318101524e-02 -9.793367383589366305e-04 7.503962897118987563e-01 6.047600876993432933e-02 9.976313722937060202e-01 -3.277647599477048063e-02 -1.922496799982308796e-02 2.961322877151887321e-03 3.265711325117579694e-02 9.994622271606451447e-01 -3.218999609031251985e-02
9.977125370062926990e-01 -6.759855470886962092e-02 -3.590288832764659713e-04 7.714101211113274514e-01 6.758920147520537658e-02 9.976390905172427548e-01 -1.216326090622202837e-02 3.771084138543188274e-03 1.180400106388859597e-03 1.211117142148904723e-02 9.999259603502591576e-01 2.587854364431345713e-02
9.956895045978612080e-01 -9.272593610936462338e-02 -2.076344457878380109e-03 8.649476489190031092e-01 9.273400183094283877e-02 9.956820586454973032e-01 4.200356637604930367e-03 5.369834664913943761e-02 1.677896923062414383e-03 -4.374798750389752126e-03 9.999890228386555391e-01 1.082904305860458716e-01
9.856638756992156525e-01 -1.680552125912808115e-01 -1.497229650055342982e-02 9.525992539665569803e-01 1.682066229920693434e-01 9.857060342938339659e-01 9.494521490142002196e-03 1.283344262451602824e-01 1.316267918035367128e-02 -1.187684628267692694e-02 9.998428298483580390e-01 1.293692142971609726e-01
9.733523088129311107e-01 -2.272023867929010565e-01 -3.105411992224899748e-02 9.914743203040271569e-01 2.276581897721481895e-01 9.736673956386368012e-01 1.198128957762269707e-02 1.175243954196069779e-01 2.751420647965330257e-02 -1.873174059940177147e-02 9.994458916499240342e-01 6.683860774837341312e-02
9.630787659401712775e-01 -2.666386637557526251e-01 -3.719023508534848727e-02 1.159092516060239220e+00 2.676099112278748082e-01 9.632259996134338031e-01 2.409583120189428412e-02 7.207863104728415293e-02 2.939772113218613175e-02 -3.315865888795692384e-02 9.990176561667898358e-01 -2.899165081050514292e-02
9.567574749331198003e-01 -2.888346621778941081e-01 -3.449162339152059970e-02 1.372157175463847301e+00 2.898783449644484200e-01 9.565791835238129925e-01 3.044356696557645389e-02 9.748512563659156305e-02 2.420081156227925356e-02 -3.912548496181331159e-02 9.989411980423221760e-01 -1.457306726478034553e-01
9.527892714341494873e-01 -3.025922243935846856e-01 -2.511075420064497882e-02 1.454153566239545281e+00 3.030576381925497165e-01 9.528140874676357397e-01 1.736037604345784524e-02 1.562861222779965975e-01 1.867276554601263877e-02 -2.415078590355018012e-02 9.995339250706323231e-01 -1.419870050014623852e-01
9.498103783161457869e-01 -3.126203376265874190e-01 -1.134767576107208187e-02 1.387716455972441087e+00 3.125460310425633437e-01 9.498700641159835145e-01 -7.863827047842223555e-03 2.027405446027188696e-01 1.323720976947045588e-02 3.922473522642785058e-03 9.999046906975600502e-01 6.895425901491922249e-02
9.553427066738630069e-01 -2.947413790492663943e-01 -2.116204813324979936e-02 1.372834248388134615e+00 2.944033308244524139e-01 9.555174413894873542e-01 -1.769457543869231569e-02 2.214879827681255631e-01 2.543602965333547836e-02 1.067420613554904626e-02 9.996194624550136520e-01 2.088836219513751924e-01
9.603786626671192428e-01 -2.768319855831932186e-01 -3.220055980541942919e-02 1.596861029322116377e+00 2.768231511143062207e-01 9.609087888757636975e-01 -4.821044332829378665e-03 2.566012304338126659e-01 3.227642019898893655e-02 -4.283832323959301663e-03 9.994698001839568136e-01 1.736335741022209667e-01
9.553880068463364017e-01 -2.918936702275050643e-01 -4.507595429163012424e-02 1.905889503689781161e+00 2.929649729017019255e-01 9.559305110753749668e-01 1.919329695173474862e-02 3.026455673106054900e-01 3.748707813219998020e-02 -3.154272144709349690e-02 9.987991668482815166e-01 -5.118699432137430172e-02
9.458509567952427810e-01 -3.223736173229365676e-01 -3.796338214185718957e-02 2.026152230362645579e+00 3.235724730687346007e-01 9.456867560656800897e-01 3.126362221742456926e-02 3.413162540392079558e-01 2.582290072216581606e-02 -4.185463243293019442e-02 9.987899516626093099e-01 -1.689385477059545948e-01
9.236815719025779359e-01 -3.824540265538928230e-01 -2.326523802365060636e-02 1.992132360277135028e+00 3.829562338204643979e-01 9.234693854281572634e-01 2.342684688530272119e-02 4.038293156558432906e-01 1.252504313879487449e-02 -3.054851468821132704e-02 9.994548071547384449e-01 -4.621292880672817072e-02
8.980405976764689324e-01 -4.394886164195632716e-01 -1.930909015227206399e-02 1.998735811934019280e+00 4.398283305840243740e-01 8.978622953627281023e-01 1.985795008663496924e-02 4.347081974346286848e-01 8.609560996980897621e-03 -2.632593025120139735e-02 9.996163368292098061e-01 5.384455057961394508e-02
8.581255648055777785e-01 -5.132161271618377318e-01 -1.515657771769614477e-02 2.129973928208328982e+00 5.134290409287168844e-01 8.575416259783663619e-01 3.182734116129616597e-02 4.846864125550517932e-01 -3.336908468358336030e-03 -3.509368227165537979e-02 9.993784560948318907e-01 7.487899182493379380e-02
8.336222671680103558e-01 -5.522854262870350306e-01 -7.397539632497771023e-03 2.236438434121273744e+00 5.519113267006149348e-01 8.323837054198376384e-01 5.031157333167003004e-02 4.923970231280023757e-01 -2.162875727436420342e-02 -4.602363373842861122e-02 9.987061740052864955e-01 -5.769851696488761950e-03
8.116795484117083070e-01 -5.840921250091019035e-01 3.563732946913811261e-03 2.347065031373298805e+00 5.829744762969529814e-01 8.104753389019619947e-01 5.718815452559419810e-02 5.581933668953360517e-01 -3.629146837010925608e-02 -4.434089009144401294e-02 9.983570577651263989e-01 -2.841602535498540666e-02
8.080690977484681348e-01 -5.890604991002553747e-01 5.662301981939813975e-03 2.416641984492346129e+00 5.881842056258069773e-01 8.073246117381854825e-01 4.760579307318026782e-02 6.297568490263196761e-01 -3.261400797686496433e-02 -3.513829366298435591e-02 9.988501523262329762e-01 2.597544160576236577e-02
8.044157857006961621e-01 -5.940064006991986334e-01 -8.464020552596858080e-03 2.539538133657867292e+00 5.940423402699400723e-01 8.041721311211212919e-01 2.051539652862686275e-02 7.241266932316509086e-01 -5.379747405251690540e-03 -2.153089539469422303e-02 9.997537091010757493e-01 7.518205336269290218e-02
8.075423786331509257e-01 -5.888665982266162446e-01 -3.333820937791535932e-02 2.575700112956090138e+00 5.891532430478186866e-01 8.080199439379223136e-01 -1.492114202990760599e-03 7.634687757704216038e-01 2.781659428741467197e-02 -1.843636871973056840e-02 9.994430135784028169e-01 7.447490731614257731e-02
8.328151825258384156e-01 -5.500202914346679073e-01 -6.242235789024196124e-02 2.708573896316373020e+00 5.499715285099107120e-01 8.349555052325747795e-01 -1.950953895632871749e-02 7.821415721820976774e-01 6.285053367257149859e-02 -1.808267933517919424e-02 9.978591218830110687e-01 8.902393504697732329e-02
8.330038764816125596e-01 -5.479261676818812932e-01 -7.669065481565075226e-02 2.934178728554614146e+00 5.489924646740605985e-01 8.357861254859176858e-01 -8.296154310182254910e-03 8.598681836281212298e-01 6.864266528702635262e-02 -3.519186290444024923e-02 9.970204196944054686e-01 8.744801055155099201e-02
8.331152117274804869e-01 -5.468785337177112238e-01 -8.272190367152794377e-02 3.046021102292235661e+00 5.493111590456908333e-01 8.355774370705252307e-01 8.221752035434844869e-03 9.281141669733613542e-01 6.462425656172098021e-02 -5.228973147204515892e-02 9.965387546134000241e-01 -2.092508113653893109e-02
8.160441085383429716e-01 -5.723251929104452573e-01 -8.072104112239242291e-02 3.099788126717486492e+00 5.744316057156361177e-01 8.185448228457496977e-01 3.564175553545829989e-03 1.007509877337424031e+00 6.403392284420336700e-02 -4.927724172924121543e-02 9.967303598128937070e-01 -3.443312680111380863e-02
7.934446613903538559e-01 -6.033889885375921525e-01 -7.979534963096662770e-02 3.028590524358873992e+00 6.045069780095760903e-01 7.965086652477344487e-01 -1.205237416455583188e-02 1.044123237136070026e+00 7.082995728416546788e-02 -3.867395372668732539e-02 9.967384022170858726e-01 8.384208566286147080e-02
7.701902553296776643e-01 -6.311336350346030688e-01 -9.207228314327008112e-02 3.114754433964972868e+00 6.327976911348540678e-01 7.741985054548820022e-01 -1.355567209048888153e-02 1.080837129439992550e+00 7.983766460514578334e-02 -4.782268164203683225e-02 9.956600516395948119e-01 1.795930505308015734e-01
7.458810510614102274e-01 -6.572336761532681093e-01 -1.081912778258357216e-01 3.198259560647652933e+00 6.612842002045579148e-01 7.501325246120869039e-01 2.098113179801651407e-03 1.144665839610493840e+00 7.977884573835518356e-02 -7.311012548996312366e-02 9.941278817755276886e-01 1.680158303121985774e-01
7.418098721259380746e-01 -6.608744702920473779e-01 -1.138553825372577155e-01 3.409389949800050168e+00 6.675154385924070288e-01 7.439589041505485500e-01 3.079428804017955018e-02 1.206194828451004897e+00 6.435256682748535795e-02 -9.884373248375874499e-02 9.930199714463919802e-01 5.400576880465515067e-02
7.226601577039968305e-01 -6.839570803353443029e-01 -9.982489031492054743e-02 3.569932803198015758e+00 6.900202642976647205e-01 7.223067047638644933e-01 4.631478286409587697e-02 1.317110495030648920e+00 4.042686391269202650e-02 -1.023510454871807696e-01 9.939265225165619944e-01 -5.761017524082037711e-02
7.177423946577625724e-01 -6.921119823363486301e-01 -7.633386415864588936e-02 3.601826893928487205e+00 6.958950129050973654e-01 7.167710712591306432e-01 4.437749902656249607e-02 1.363144475538927924e+00 2.399970676393802307e-02 -8.497196780402432870e-02 9.960942619866640646e-01 -2.779129510105468603e-02
7.153419432624434915e-01 -6.957967291525500864e-01 -6.444234562866225924e-02 3.643535900791114113e+00 6.982210716844333698e-01 7.153991859179800183e-01 2.629334219403857420e-02 1.451222511713344154e+00 2.780718010428931061e-02 -6.380373412665117649e-02 9.975749817663548402e-01 5.869181491030101006e-02
7.141861630341896916e-01 -6.974663163588583625e-01 -5.898187921138909467e-02 3.714850478341947593e+00 6.990417241154318617e-01 7.150217633906504888e-01 9.194880284655409380e-03 1.534346551963579941e+00 3.576020800032248675e-02 -4.779765080555434253e-02 9.982167059818444210e-01 1.503190692199102285e-01
7.236851124531060719e-01 -6.873973647877377191e-01 -6.135732145888799643e-02 3.809873487404479508e+00 6.891757758190971694e-01 7.244967585812166488e-01 1.188262721185393000e-02 1.614594011721877997e+00 3.628509388000663444e-02 -5.088526002865971509e-02 9.980451303793504980e-01 1.408050910584864313e-01
7.311370382939839097e-01 -6.801151609141260490e-01 -5.368425401785838907e-02 4.005439190301418151e+00 6.819866167064105866e-01 7.307136456672582714e-01 3.085162344201505813e-02 1.694545325621443110e+00 1.824516012658836811e-02 -5.916870735800290604e-02 9.980812482967196253e-01 9.696581792785968767e-02
7.190492605678568960e-01 -6.941608290993582786e-01 -3.330021352649045058e-02 4.123559387831802425e+00 6.948645046471023656e-01 7.173349351120248407e-01 5.093045306458736377e-02 1.783030327974742146e+00 -1.146651901647830450e-02 -5.976064099320500811e-02 9.981468753293405438e-01 2.325297193356063580e-02
7.117725499673599465e-01 -7.022312145398185157e-01 -1.584797901606485940e-02 4.138088581271578192e+00 7.018058444112148520e-01 7.100436847405297014e-01 5.750236960641702533e-02 1.857767926166872030e+00 -2.912720143137448661e-02 -5.205081253950566422e-02 9.982195745680172427e-01 4.556661828032972789e-02
6.936555365615622026e-01 -7.201406833319796696e-01 -1.547232392501677462e-02 4.182242087263825958e+00 7.196589852612427229e-01 6.919608652315135666e-01 5.728093854690057690e-02 1.947639596000075857e+00 -3.054409157676524905e-02 -5.086803709801101386e-02 9.982381986637987037e-01 1.074875858493021530e-01
6.643639037635880040e-01 -7.466409887047332772e-01 -3.387974855314408729e-02 4.347278967577161701e+00 7.471176320510338753e-01 6.621558704451280253e-01 5.800730224300204574e-02 2.038574516623310462e+00 -2.087695510514014224e-02 -6.385011527846462531e-02 9.977411064622249137e-01 1.143752247239140651e-01
6.484632975789981213e-01 -7.603006756025052493e-01 -3.792406058620259590e-02 4.426865683099257431e+00 7.606709758400056476e-01 6.452330824204255411e-01 7.109103927254166455e-02 2.091791249583241807e+00 -2.958070667826318001e-02 -7.494766192891265388e-02 9.967486291757836625e-01 5.699527504409604428e-02
6.397696730734405701e-01 -7.682997535003367462e-01 -2.025473245502945607e-02 4.524146131433662177e+00 7.670813621329873877e-01 6.366738244442473604e-01 7.894697673588539633e-02 2.177794793037234111e+00 -4.775928479053895281e-02 -6.604490925769714027e-02 9.966730259605899311e-01 3.189372053337739821e-02
6.364114176890425245e-01 -7.713333500494883310e-01 -5.036917356528138739e-03 4.575688335406105089e+00 7.694755585440218315e-01 6.343965831668967326e-01 7.381287197726547900e-02 2.263859614142613275e+00 -5.373892665832269433e-02 -5.085113929500588437e-02 9.972593892232909374e-01 4.349413567606676828e-02
6.422528570844017182e-01 -7.664616516113105238e-01 6.914056420440913009e-03 4.658496700755143216e+00 7.652142772843331109e-01 6.416762451925569488e-01 5.194907309853642047e-02 2.362638192691409955e+00 -4.425355812969894442e-02 -2.807370593355065086e-02 9.986258006020162226e-01 7.854169579972258841e-02
6.497424134620375380e-01 -7.599575520346029123e-01 1.730072987189948397e-02 4.738714868601598518e+00 7.591676011673156310e-01 6.498901580539333533e-01 3.615709892258089919e-02 2.494156639324470515e+00 -3.872143445677471429e-02 -1.035864712244970523e-02 9.991963515462825018e-01 1.007370159968452722e-01
6.751109168371609570e-01 -7.371793256946753692e-01 2.814057098980001642e-02 4.777813682957154917e+00 7.356256207898020927e-01 6.755775045052546668e-01 4.949728723951624110e-02 2.568969589871598291e+00 -5.549951355558428029e-02 -1.271523396547099768e-02 9.983777475586567141e-01 1.245965631150829367e-01
6.915906760621670646e-01 -7.218412160732082805e-01 2.544789896683924413e-02 4.916984600964773300e+00 7.193513614616368068e-01 6.915243618193160913e-01 6.578507257484067505e-02 2.674438675772115470e+00 -6.508421887957320517e-02 -2.719036204869880111e-02 9.975092624454654500e-01 1.081886066851509010e-01
6.819589427220884570e-01 -7.310779563113164459e-01 2.137807842254015392e-02 5.053406350061600882e+00 7.287098822778511620e-01 6.816694281000877931e-01 6.564067537967417654e-02 2.775916878519592235e+00 -6.256123329963851620e-02 -2.918582857087052840e-02 9.976142939526577713e-01 4.417523040253426569e-02
6.604453592065518963e-01 -7.506071994710384887e-01 2.001898111226628127e-02 5.084128634972412186e+00 7.486252196326544928e-01 6.602951316008731641e-01 5.975466269794710295e-02 2.825600198841415001e+00 -5.807071579108186166e-02 -2.447797553781971835e-02 9.980123349343340555e-01 5.788514791057623732e-02
6.405178855295510232e-01 -7.677111616215755996e-01 1.887884102385332247e-02 5.098005945017793472e+00 7.659554206359185935e-01 6.404345042580366076e-01 5.617774785638818269e-02 2.912212005324633424e+00 -5.521894525618954025e-02 -2.152250165324182118e-02 9.982422802142675300e-01 1.044609406036796917e-01
6.124654756948387790e-01 -7.904480136357917575e-01 8.830561767284708652e-03 5.225611081659659263e+00 7.886422727503771268e-01 6.117549250682980944e-01 6.163827776471832859e-02 3.035121904777795088e+00 -5.412399387530904271e-02 -3.078716281036481678e-02 9.980594891553676851e-01 1.171636961339249106e-01
5.945402316519778907e-01 -8.040493866352567132e-01 5.147504121409129940e-03 5.285607274660694799e+00 8.008193740535223260e-01 5.927022885756008108e-01 8.597864419592790575e-02 3.106006967617779058e+00 -7.218201360267834099e-02 -4.699554200892518824e-02 9.962836824637599786e-01 1.017357950214338586e-01
5.958518366913498898e-01 -8.030920622451774848e-01 1.930872945802825091e-03 5.357956579675517084e+00 7.992657616544341925e-01 5.932439846824364427e-01 9.610315751869108469e-02 3.196726806642716134e+00 -7.832516172024234224e-02 -5.571996228366515869e-02 9.953695066881468323e-01 9.087031210414497906e-02
6.014752890113048700e-01 -7.988395402815524626e-01 -9.103053966946619835e-03 5.456673132473965460e+00 7.962788381260923476e-01 5.985486348722950378e-01 8.763300545497990091e-02 3.288130129561181114e+00 -6.455608926606219711e-02 -5.995765651916267619e-02 9.961112341317119867e-01 8.430991445990608513e-02
6.116260091200511617e-01 -7.909988651051517161e-01 -1.531079260656204033e-02 5.514933524197233261e+00 7.898316736550529127e-01 6.093792710637799814e-01 6.944660746958222775e-02 3.388083817055461466e+00 -4.560210805584700294e-02 -5.456830032297362715e-02 9.974681690864749539e-01 9.747633155396985549e-02
6.370317707430427356e-01 -7.705943820696709023e-01 -1.936030440477797682e-02 5.603765133917326224e+00 7.702087927685025148e-01 6.352971427217131151e-01 5.635562076415675387e-02 3.455538821704319030e+00 -3.112777868833003364e-02 -5.081179756994893409e-02 9.982230325040796215e-01 1.087454283563986379e-01
6.523853282662399611e-01 -7.577165270613113179e-01 -1.609497067706172277e-02 5.680021324514866521e+00 7.572736139805142930e-01 6.508553889113143365e-01 5.407343427222468385e-02 3.571963847934104042e+00 -3.049683642349297272e-02 -4.746501177969717628e-02 9.984072393692424718e-01 1.155446584272936672e-01
6.803089260414429962e-01 -7.328909318936193129e-01 -7.116677345562094636e-03 5.719670072635163471e+00 7.316071654382675371e-01 6.784711088080257468e-01 6.654254272412349347e-02 3.654797687015768570e+00 -4.393996617798136967e-02 -5.047609791684071201e-02 9.977582086414360507e-01 1.284732610651406759e-01
6.872894928350260502e-01 -7.263836058674273399e-01 1.008246336707749324e-04 5.855803365676313987e+00 7.242472191069584397e-01 6.852787114862634033e-01 7.654445244146643179e-02 3.777474499445564682e+00 -5.566972834862816272e-02 -5.253517593727669716e-02 9.970661646224032726e-01 1.131666680172330047e-01
6.846362554878662188e-01 -7.288764167120411752e-01 3.516650760009544519e-03 5.925103510909332627e+00 7.267566795054845041e-01 6.829977113603997729e-01 7.306746930487251213e-02 3.863363199888829147e+00 -5.565901962589287627e-02 -4.746888915353754401e-02 9.973207999920655764e-01 9.155006777332803936e-02
6.748160258383575361e-01 -7.379859966411080885e-01 -5.775418527118741929e-06 5.984071802622777270e+00 7.368622432469228434e-01 6.737880314963573536e-01 5.516994733889545033e-02 3.910095789968500490e+00 -4.071075716365175901e-02 -3.723382029679649097e-02 9.984769786416050064e-01 8.182292500324486739e-02
6.658381289483770171e-01 -7.460690435248884533e-01 -6.369327467060100813e-03 6.054473660959738268e+00 7.458981019638506460e-01 6.654403302470675019e-01 2.872609210106484914e-02 3.983826837022801381e+00 -1.719324068491711113e-02 -2.387779668503812666e-02 9.995670279176972484e-01 1.193111107163099122e-01
6.286400747134230915e-01 -7.775949991525467064e-01 -1.255682114441280910e-02 6.115291581123688758e+00 7.776960218998906216e-01 6.285423857492924427e-01 1.110706251322331022e-02 4.106252499083343110e+00 -7.443019460207749016e-04 -1.674773445987763620e-02 9.998594698281726423e-01 1.561953410364291805e-01
6.308577392039835807e-01 -7.758920226509108398e-01 -3.175228041745229227e-03 6.162316178705024683e+00 7.757888498799668797e-01 6.306944849119895391e-01 1.939399658447210281e-02 4.146785185485614811e+00 -1.304504842294430637e-02 -1.469815935002199633e-02 9.998068767633899734e-01 1.447553788637770400e-01
6.353751192462728792e-01 -7.721645975995262701e-01 7.764795988689527501e-03 6.272079739521460695e+00 7.715244772120267713e-01 6.352058429906450865e-01 3.554599968002961768e-02 4.259845596310900540e+00 -3.237960632084888046e-02 -1.659431361959506912e-02 9.993378757207200813e-01 1.280768257448964276e-01
6.473797619622245758e-01 -7.621522345397735432e-01 4.838924236196801357e-03 6.359484620826775902e+00 7.615342178442920940e-01 6.470875177624375585e-01 3.665214056954160804e-02 4.352807014096477189e+00 -3.106571830838310982e-02 -2.004284765389591910e-02 9.993163690262993892e-01 9.417014950112165272e-02
6.632350878333644895e-01 -7.484099742657811527e-01 -1.314795102660477888e-03 6.449051511313480312e+00 7.483120985021308735e-01 6.631177263404601785e-01 1.743227605322075421e-02 4.459125060933525120e+00 -1.217462533330515052e-02 -1.254557422166550917e-02 9.998471818560286106e-01 8.603492773839994945e-02
6.751395678678875356e-01 -7.376677368856852102e-01 -5.733572805299242368e-03 6.520362313621561157e+00 7.376440799408068294e-01 6.751638716052252853e-01 -5.912512775746746330e-03 4.575039446842148472e+00 8.232571131949070753e-03 -2.375647163075683861e-04 9.999660835926201807e-01 1.036470986007116263e-01
6.975129250663731906e-01 -7.165675889544402821e-01 -2.570958065069838764e-03 6.565210313305881229e+00 7.165175092467619411e-01 6.974995262793388662e-01 -9.852399855600520520e-03 4.662875089741346457e+00 8.853152442412998147e-03 5.030039773041719217e-03 9.999481588521041964e-01 1.709106978894052720e-01
7.028675012774727726e-01 -7.113056123739393000e-01 4.647736362710182603e-03 6.692089044343106252e+00 7.113207410047083235e-01 7.028550254667140784e-01 -4.197212491327009104e-03 4.773831010632680005e+00 -2.811840581683345934e-04 6.256115529627145552e-03 9.999803907847419904e-01 1.575306700979937913e-01
6.985593757267407611e-01 -7.154816400933158294e-01 1.004097971541581188e-02 6.778712874588167736e+00 7.155233477605603687e-01 6.985883151051981432e-01 -8.395284394937196047e-04 4.823999140005146735e+00 -6.413843916603855118e-03 7.771015883367775670e-03 9.999492356706684015e-01 9.211063418486999110e-02
6.933978204606819906e-01 -7.204938344240998660e-01 9.386007523628690785e-03 6.840198320239142760e+00 7.205536711796918237e-01 6.933130242531055920e-01 -1.092965463686542023e-02 4.923938733618387076e+00 1.367307516376896868e-03 1.434172088246133021e-02 9.998962173707255374e-01 1.231328616001741288e-01
6.870256373159764340e-01 -7.266329813531453574e-01 5.329919473924383914e-04 6.882969104165997720e+00 7.266195251647344922e-01 6.870080486783152196e-01 -6.633754637418460415e-03 5.039392070639726384e+00 4.454135152013295740e-03 4.944841863301152954e-03 9.999778543642826589e-01 1.957204839915128169e-01
6.763390758240724887e-01 -7.365417166805522386e-01 -8.470779344600493435e-03 7.004808010382626904e+00 7.365086499510010709e-01 6.760479147114111242e-01 2.267654210206123538e-02 5.128126482815725140e+00 -1.097556653633333969e-02 -2.157583378731830343e-02 9.997069672336932333e-01 1.600338703820385622e-01
6.697025233670033106e-01 -7.425353367580812547e-01 -1.182386829390186765e-02 7.096597400609872430e+00 7.419285359130575186e-01 6.682940159260659652e-01 5.408471018058753910e-02 5.208138631693010723e+00 -3.225798806149321463e-02 -4.499313217563596923e-02 9.984663440813867918e-01 1.162589162877523397e-01
6.738205848651974694e-01 -7.387043176623020457e-01 -1.678542459981833407e-02 7.187889568033184240e+00 7.377069711377153283e-01 6.712758865113763740e-01 7.195212938603011421e-02 5.275877515695627018e+00 -4.188369786374410847e-02 -6.086555064598365983e-02 9.972668352040088280e-01 1.073460099638552795e-01
6.659864233209261686e-01 -7.456373015163954010e-01 -2.207030900437176313e-02 7.284899347352274290e+00 7.452455036618020889e-01 6.637557000979716904e-01 6.354140271758584868e-02 5.402383111936721605e+00 -3.272954665233189508e-02 -5.876551007861421927e-02 9.977351309847384275e-01 1.099540245845224279e-01
6.708301467621560210e-01 -7.413616806415785909e-01 -1.922947402708010886e-02 7.302590100619834601e+00 7.413735526452593927e-01 6.697337312004747467e-01 4.268471307666240472e-02 5.492788569372817342e+00 -1.876618323503903216e-02 -4.289041581267408892e-02 9.989035201650882101e-01 1.320602037450684663e-01
6.878712067286154586e-01 -7.256529086268681539e-01 -1.615732512158418732e-02 7.382892989326501620e+00 7.257946804132617835e-01 6.874366390436774665e-01 2.555287036995896113e-02 5.587855240117153066e+00 -7.435377430208224905e-03 -2.930398439971691402e-02 9.995428913562296458e-01 1.754755244877850839e-01
7.165533577500459161e-01 -6.972632788531538672e-01 -1.937022096115150610e-02 7.460868550244350139e+00 6.975167191812197132e-01 7.160755315917363140e-01 2.657554361212374067e-02 5.689822205463276994e+00 -4.659609404488429182e-03 -3.255384798393773371e-02 9.994591212358994170e-01 2.273936153596317900e-01
7.234801984326038049e-01 -6.897759568356861548e-01 -2.802734106785908369e-02 7.638744279946525495e+00 6.902591481440204513e-01 7.221529068102325866e-01 4.513853773687109133e-02 5.798228365523196537e+00 -1.089545223529773087e-02 -5.200296680907139785e-02 9.985874926933758777e-01 2.276519411016187100e-01
7.156386278919250055e-01 -6.979157957762385234e-01 -2.783695879550471264e-02 7.683207424750586156e+00 6.982453584239287636e-01 7.138269997824095991e-01 5.389279934353904261e-02 5.891389554508728033e+00 -1.774186316039350758e-02 -5.800479624706444265e-02 9.981586396479942280e-01 1.556385823048503925e-01
7.133746429606137029e-01 -7.003928126719271008e-01 -2.337791133364641727e-02 7.757995563034758568e+00 7.005565726493639955e-01 7.118996599038847073e-01 4.918701806889361899e-02 5.940922178803101694e+00 -1.780750680453124096e-02 -5.146632089279429972e-02 9.985159540614093610e-01 1.257304811870293137e-01
7.021625876388311038e-01 -7.116386898370780090e-01 -2.319645764568151886e-02 7.793613067532882077e+00 7.119189289666606468e-01 7.011538369677479121e-01 3.943013421696492382e-02 6.033941403934579562e+00 -1.179572377193160992e-02 -4.420036235566460192e-02 9.989530463782190228e-01 1.613661605782415187e-01
6.959348269531113740e-01 -7.172382006625459550e-01 -3.527152029749355128e-02 7.907996969201644077e+00 7.180775903818297223e-01 6.946396174779461141e-01 4.289960397856797114e-02 6.138461892659011099e+00 -6.268239399407347576e-03 -5.518301677550967177e-02 9.984565808458500946e-01 2.476989620306702389e-01
6.879171890974505876e-01 -7.245617092047038632e-01 -4.219325181377463208e-02 8.020149890411575555e+00 7.256655372030507145e-01 6.855637238706748793e-01 5.841154533464137932e-02 6.235729747010407387e+00 -1.339660628929134970e-02 -7.080049482123115800e-02 9.974005318190874991e-01 2.129016552266795037e-01
6.869058637881677587e-01 -7.259516610028238226e-01 -3.397823098209318965e-02 8.119194542460604680e+00 7.263627677345243505e-01 6.842735325264900359e-01 6.455123804204120075e-02 6.303060854194072249e+00 -2.361067433329052528e-02 -6.902114582474012938e-02 9.973357596549755621e-01 1.493688364209599939e-01
6.858533100805263016e-01 -7.274497568039373085e-01 -2.054478954571989022e-02 8.206837874115002762e+00 7.273549936843830555e-01 6.842994600134569838e-01 5.185520405593244814e-02 6.357477087650698522e+00 -2.366326718728036307e-02 -5.050841861693646656e-02 9.984432630023799549e-01 1.407454180428921175e-01
6.968734866509032067e-01 -7.170476052655163635e-01 -1.449397757697396677e-02 8.261856659629936317e+00 7.171820966529125485e-01 6.966027186194965193e-01 1.986183910062203073e-02 6.441363252217404245e+00 -4.145339979539932294e-03 -2.423601029284420255e-02 9.996976702791395830e-01 1.777960966639824669e-01
7.071240493485759782e-01 -7.069351860331030135e-01 -1.477232484122287942e-02 8.372550407413807960e+00 7.069246749874515956e-01 7.072559871427315237e-01 -6.817077427044299608e-03 6.543582576930758066e+00 1.526704708706181149e-02 -5.622401542256203442e-03 9.998676441780377511e-01 2.055088237262957529e-01
7.354335948646244514e-01 -6.774283244616913224e-01 -1.510936006324710076e-02 8.429897926428314037e+00 6.775450480965116151e-01 7.354701723439565075e-01 4.041459172925821082e-03 6.606915101758368714e+00 8.374684733827769678e-03 -1.320949693880371992e-02 9.998776794419569347e-01 2.376188992349420603e-01
