1.000000000000000000e+00 0.000000000000000000e+00 0.000000000000000000e+00 0.000000000000000000e+00 0.000000000000000000e+00 1.000000000000000000e+00 0.000000000000000000e+00 0.000000000000000000e+00 0.000000000000000000e+00 0.000000000000000000e+00 1.000000000000000000e+00 0.000000000000000000e+00
9.999979668879990236e-01 -1.915471675928648960e-03 -6.302286308693204721e-04 3.127344632342307640e-02 1.915699275634504027e-03 9.999980999821659333e-01 3.607330639655050562e-04 -5.658796143383500871e-02 6.295364594570853180e-04 -3.619396590864240875e-04 9.999997363417298946e-01 -2.048641303215429851e-02
9.999879705176885070e-01 -4.867095259175669743e-03 -6.084436314818661082e-04 4.495403354373056493e-02 4.867347699810654037e-03 9.999880686502393701e-01 4.141057030498587884e-04 -1.251424052480997473e-01 6.064208800239776105e-04 -4.170622282827866076e-04 9.999997291563703650e-01 -2.772564137927127290e-02
9.999852355402290005e-01 -5.401989453279057787e-03 -5.892465523321295529e-04 5.146607697217168292e-02 5.402402484826804296e-03 9.999851607757097582e-01 7.016236668119069748e-04 -1.460503949107988531e-01 5.854476447220884408e-04 -7.047966547559985978e-04 9.999995802562772207e-01 -1.880233230674338910e-02
9.999928473114878535e-01 -3.781073637554807371e-03 -9.385100281705272289e-05 -1.721620234073899247e-03 3.781078124908976174e-03 9.999928505617481367e-01 4.768230987907633964e-05 -9.779963756722606649e-02 9.367004151024169850e-05 -4.803682679611856763e-05 9.999999944591932977e-01 -4.920265712813277209e-03
9.999994597312871214e-01 -7.987916419643068845e-04 6.651834683060004957e-04 -7.290352093226322439e-02 7.991104474435019658e-04 9.999995659203575471e-01 -4.791467304867594703e-04 -1.978578464960111319e-02 -6.648004411598110522e-04 4.796780266777621966e-04 9.999996639746255855e-01 1.380492544354552237e-02
9.999832901527933027e-01 5.665839608634566128e-03 1.147901007748741752e-03 -1.355509221960851662e-01 -5.665641531476453031e-03 9.999839346826882025e-01 -1.757343620395257001e-04 5.419306115145533509e-02 -1.148878249063851236e-03 1.692278299216621121e-04 9.999993257201278407e-01 1.969010196674121985e-02
9.999940528767152781e-01 3.264840328422364581e-03 1.111318510197228243e-03 -8.424190564341138554e-02 -3.265834693814437771e-03 9.999942674145739785e-01 8.941262450760365833e-04 2.877882807969957268e-02 -1.108392960045308153e-03 -8.977503101435051723e-04 9.999989827541959642e-01 2.147345655643316184e-02
9.999973665998013184e-01 -2.174234695364775892e-03 7.345045623647747293e-04 -6.143810054198371728e-02 2.173562669820615183e-03 9.999972196538478020e-01 9.144998055504296791e-04 -2.406364075480506640e-04 -7.364908573939731116e-04 -9.129009056088910638e-04 9.999993120963401871e-01 1.528751067481490256e-02
9.999923159718859811e-01 -3.898170749556919851e-03 4.150445650501421394e-04 -9.788790336132981162e-02 3.898003712001859525e-03 9.999923217476799353e-01 4.025080693425728512e-04 -3.139533904335384262e-04 -4.166104234156193901e-04 -4.008871312040402529e-04 9.999998328626176214e-01 5.853696970816982606e-03
9.999991060792005060e-01 -1.211843804014267915e-03 5.650445951776798250e-04 -1.017482456638983956e-01 1.211575112232221455e-03 9.999991529337975971e-01 4.756232067415972539e-04 1.797033780876772712e-03 -5.656204975836356128e-04 -4.749381876033014361e-04 9.999997272535481319e-01 1.157662034772334245e-02
9.999996346515102053e-01 8.089852652165580461e-04 2.761153506752070884e-04 -5.248970771512655176e-02 -8.090513716311703660e-04 9.999996440645043672e-01 2.393882677123757247e-04 1.684297774116978730e-02 -2.759215908147078021e-04 -2.396115717554258347e-04 9.999999332267829333e-01 1.977846861641126622e-03
9.999999915666266670e-01 1.268080338711185390e-04 -2.804405903780620351e-05 -7.777880159248433053e-03 -1.268048352769615846e-04 9.999999854590269077e-01 1.140284162482223728e-04 1.999368767577452272e-02 2.805851834928816942e-05 -1.140248591642913653e-04 9.999999931055254532e-01 -6.320116641649212684e-03
9.999986164300903591e-01 -1.663046140366207862e-03 3.762233535558239466e-05 -8.214849339521351768e-03 1.663037118414851297e-03 9.999985886933622226e-01 2.385766681064824105e-04 -1.356634485230105019e-03 -3.801904626600668779e-05 -2.385137706788054797e-04 9.999999708328661807e-01 -7.883517615148927932e-03
9.999979188754211101e-01 -2.039047581891318978e-03 -6.730368112313941920e-05 -6.994480664669064547e-03 2.039075635330470527e-03 9.999978331281456079e-01 4.194157447643769823e-04 -3.057994810070897157e-02 6.644832662451813387e-05 -4.195521092043079880e-04 9.999999097803197179e-01 -6.234828729649407285e-03
9.999997560678094422e-01 -6.374734539156115326e-04 2.854678917861303163e-04 -2.114712519472787197e-02 6.374944358493750971e-04 9.999997941055055461e-01 -7.341519388643239570e-05 -2.823688062549950528e-02 -2.854210327726464168e-04 7.359716017073063537e-05 9.999999565591450867e-01 4.717219066720808492e-03
9.999999280998728146e-01 -3.748620760419604380e-04 5.725969936574012650e-05 2.339668827174716526e-02 3.748788261997348047e-04 9.999998868671435837e-01 -2.927995316460546538e-04 -3.206402361666645107e-02 -5.714993344748982697e-05 2.928209760426178274e-04 9.999999554948795222e-01 1.956658034411499700e-03
9.999987739124492903e-01 -1.503714945060157047e-03 -4.370525851318697174e-04 7.386126238532075838e-02 1.503754785751079161e-03 9.999988652338712702e-01 9.084334937572231990e-05 -6.276057125119773039e-02 4.369154866772839902e-04 -9.150045791033950353e-05 9.999999003662568553e-01 -1.220812901960358597e-02
9.999980512125955512e-01 -1.867809444266368708e-03 -6.394207465411997629e-04 7.246792080312580708e-02 1.867848185252718625e-03 9.999982537703046015e-01 5.999581943091882778e-05 -1.095157648311567006e-01 6.393075692075546627e-04 -6.119004339286151736e-05 9.999997937707839624e-01 -3.006036638546455766e-02
9.999921311386769096e-01 3.934888287050545760e-03 -5.042964361805777652e-04 3.658892895788801169e-02 -3.935092287313136233e-03 9.999921758159464602e-01 -4.041727100417116846e-04 -9.779704574833023023e-02 5.027021160097550241e-04 4.061539826792395476e-04 9.999997911647406923e-01 -2.776438742897394812e-02
9.999812810250531259e-01 6.112050983058965777e-03 -2.836058431409900016e-04 -1.902512517122073588e-02 -6.112222103334085700e-03 9.999811362825515859e-01 -6.064816703638888258e-04 -6.610757924200680313e-02 2.798936463909434003e-04 6.082037795517765150e-04 9.999997758738294884e-01 -2.146755042056862697e-02
9.999477365709562582e-01 1.021899802906688255e-02 -3.101707648931276433e-04 -3.051447916260967286e-02 -1.021906887636551096e-02 9.999477580285400791e-01 -2.276949632013795420e-04 -6.272008870548509418e-02 3.078277465806970501e-04 2.308527194917045012e-04 9.999999259745474545e-01 -1.917999202581075271e-02
9.999400876709100272e-01 1.092441562086709020e-02 -6.915287667912585912e-04 1.180800665308482517e-02 -1.092435228767404259e-02 9.999403229422527684e-01 9.529553028441457971e-05 -7.196692771026744206e-02 6.925285463687466669e-04 -8.773531704175489560e-05 9.999997563533336020e-01 -3.010110584943406081e-02
9.999462760338234668e-01 1.033670074820590944e-02 -7.730871428873486474e-04 5.225512152048725906e-02 -1.033665005801708177e-02 9.999465729879741804e-01 6.953548799374571787e-05 -7.959426793081743334e-02 7.737646066820404612e-04 -6.154062101116191123e-05 9.999996987504973234e-01 -3.107699552729616815e-02
9.999500411639180575e-01 9.969799293877137578e-03 -7.199154939652433914e-04 8.835073116808316029e-02 -9.969965305793771285e-03 9.999502728087393821e-01 -2.273797020184292479e-04 -8.714405315408292607e-02 7.176127645971581157e-04 2.345458748911045889e-04 9.999997150100357057e-01 -3.203175730584212344e-02
9.999425115245734741e-01 1.070320457582302730e-02 -6.442497468671052208e-04 1.152640086453603080e-01 -1.070327149472318808e-02 9.999427132973461863e-01 -1.005129426075853586e-04 -1.003558737922799066e-01 6.431370293361747710e-04 1.074027442228795435e-04 9.999997874196834280e-01 -3.796928294886571520e-02
9.999400482900863141e-01 1.092652118158002686e-02 -7.148150028444344786e-04 1.002546396060451650e-01 -1.092634026385793516e-02 9.999402728606240354e-01 2.565148321900365580e-04 -5.881294384962093558e-02 7.175751237364453791e-04 -2.486891417404397150e-04 9.999997116197847369e-01 -5.507423398139640880e-02
9.999452103294093064e-01 1.042446444765532214e-02 -9.523026057670605678e-04 9.404334330600382097e-02 -1.042435669698301044e-02 9.999456579503310794e-01 1.180412364633082477e-04 -3.768861674489362018e-02 9.534813723644272165e-04 -1.081076269768640764e-04 9.999995395929007769e-01 -6.778084028724207233e-02
9.999588750183516783e-01 8.992039419648751794e-03 -1.179618204335363633e-03 1.228588649383774156e-01 -8.991926538305059294e-03 9.999595667144899336e-01 1.009618705051041959e-04 -2.698190246820252047e-02 1.180478361615178336e-03 -9.035067821340159113e-05 9.999992991535507914e-01 -6.823542225872067379e-02
9.999955517850154241e-01 -2.620772394987700479e-03 -1.424065390448159447e-03 1.822877386390453214e-01 2.621713914518429642e-03 9.999963457092158059e-01 6.596850498023228799e-04 -1.899736533514892814e-02 1.422331302131219118e-03 -6.634156074307213805e-04 9.999987684259410425e-01 -5.914115085022415841e-02
9.996869084608736022e-01 -2.497796158927537147e-02 -1.478677377104150713e-03 2.155457873968135707e-01 2.498009102573043455e-02 9.996869123199335627e-01 1.439579307854308527e-03 1.514267036054479931e-02 1.442256664778286072e-03 -1.476066083230867998e-03 9.999978705600481854e-01 -5.216623456691659583e-02
9.985248229500655048e-01 -5.427897343817544851e-02 -1.403921307700879998e-03 2.281008888348536046e-01 5.428306348537820236e-02 9.985208963349414546e-01 3.060817065342872571e-03 1.073368669174576406e-02 1.235706754360346151e-03 -3.132510967728433220e-03 9.999943301858537081e-01 -5.409462190134577131e-02
9.979723879203357129e-01 -6.363540298531480954e-02 -1.283914124709999421e-03 2.421474658279654246e-01 6.364596786346884971e-02 9.979065845677140834e-01 1.147341497210316828e-02 -5.734792575900834327e-02 5.511109737000722316e-04 -1.153186729443147519e-02 9.999333539358502554e-01 -1.848446720429728629e-01
9.977752339117580416e-01 -6.662857635709037996e-02 -2.283726114030151886e-03 2.827991533250276412e-01 6.665336851325770473e-02 9.976855597080981353e-01 1.344813800400718011e-02 -9.020298809221909131e-02 1.382410276435490533e-03 -1.357043708088766752e-02 9.999069617615737871e-01 -2.577638310796318555e-01
9.970601741247893113e-01 -7.657558506341208271e-02 -2.681221072752240989e-03 2.845813813050850349e-01 7.659817336575514002e-02 9.970149394598750714e-01 9.691766136846861196e-03 -1.128771520739109829e-01 1.931064803301803245e-03 -9.868650668543858806e-03 9.999494390831507040e-01 -2.220646113864149229e-01
9.970480819974278930e-01 -7.670558874062455290e-02 -3.372660849295005831e-03 2.965770855814399143e-01 7.667031372664773192e-02 9.970105305276646401e-01 -9.574184560685971082e-03 -1.482235770247524453e-01 4.096971846084313321e-03 9.287339387512303854e-03 9.999484787471770719e-01 -1.305884150095577845e-01
9.962817325399723201e-01 -8.609371391269432516e-02 -3.252972774275615653e-03 3.753446735613359397e-01 8.585951035460662184e-02 9.952802928541135685e-01 -4.522480666511655839e-02 -1.262894267377355495e-01 7.131191262210949400e-03 4.477735008851144866e-02 9.989715386487407756e-01 3.005857023793759297e-04
9.957763497976044320e-01 -9.135310569634579048e-02 -9.169038302417779202e-03 4.152653268231685235e-01 9.053275732428918421e-02 9.936057075414672646e-01 -6.746493750298455938e-02 -6.261036873703698658e-02 1.527354035645614450e-02 6.634989088651556399e-02 9.976795131425357788e-01 4.526251312805956717e-02
9.987712628980823792e-01 -4.778652772752004646e-02 -1.313058173565226534e-02 5.065145823033910810e-01 4.683643384644572277e-02 9.967833145652472693e-01 -6.503362414064590979e-02 -5.062827066143368859e-02 1.619607586785145464e-02 6.433872529096491821e-02 9.977966804687298241e-01 -5.845887887997891497e-02
9.992736499353707114e-01 -3.667852542079033662e-02 -1.033722969652028228e-02 7.168812024638172575e-01 3.609263672980198012e-02 9.979903278269002254e-01 -5.208288718808551376e-02 -7.710323775677006830e-02 1.222677875536859471e-02 5.167195890338134590e-02 9.985892621815810610e-01 -1.144103246151654679e-01
9.983264387681527463e-01 -5.742286119227926755e-02 -6.851034154780622984e-03 7.857481353086950282e-01 5.707831358308754210e-02 9.974494410587995130e-01 -4.285648900690831181e-02 -7.649234722458660152e-02 9.294502407792814766e-03 4.239372057251825782e-02 9.990577484214867576e-01 -1.022591719312411357e-01
9.981596463333686220e-01 -6.063942243459374132e-02 -4.252980641676296037e-04 7.353262323993704497e-01 6.059824669243406986e-02 9.976958514088659635e-01 -3.050968009240702036e-02 -3.829758406640144247e-02 2.274407493700049583e-03 3.042775917377096503e-02 9.995343808705209332e-01 -4.099038398733481636e-02
9.977500299186419230e-01 -6.704351515985790266e-02 2.118309678580296794e-04 7.449613230805958164e-01 6.704094224449436146e-02 9.976723536625420330e-01 -1.246542419711524005e-02 1.483820402311967178e-02 6.243879558518204481e-04 1.245157871330206112e-02 9.999222811435032332e-01 3.384465218059937164e-02
9.956292172109256766e-01 -9.337334509314072772e-02 -1.969838083857909997e-03 8.566307234396253190e-01 9.337952174670076377e-02 9.956250536002106966e-01 3.319271295773305094e-03 4.694048771031000822e-02 1.651288683666770870e-03 -3.488706020110559757e-03 9.999925510602508671e-01 1.125937847791394636e-01
9.855285999327755286e-01 -1.688418010453255902e-01 -1.502747265224415110e-02 9.442034138020065637e-01 1.689913058664207490e-01 9.855736808731346832e-01 9.298285419485038603e-03 1.058176576337926666e-01 1.324074227923329253e-02 -1.170323843861509512e-02 9.998438462849805752e-01 1.361210290647644205e-01
9.733505006916846058e-01 -2.271564653963498159e-01 -3.144428456625761314e-02 9.845118126387857327e-01 2.276276381533797188e-01 9.736709412094758376e-01 1.227015048674705809e-02 1.069717451863233387e-01 2.782914213483588667e-02 -1.910074534907755736e-02 9.994301878446282261e-01 6.226257672324357617e-02
9.632524298034270682e-01 -2.659818675536975152e-01 -3.739522175948520322e-02 1.157318432162664168e+00 2.669714824221842142e-01 9.633932080945852849e-01 2.448987894058381187e-02 6.821562924609630985e-02 2.951243892149844547e-02 -3.357339318374522041e-02 9.990004220314596672e-01 -4.514223325954419552e-02
9.568128561896275253e-01 -2.886942866617976944e-01 -3.412868411004161412e-02 1.377077232628127312e+00 2.897082670345986766e-01 9.566511070929237803e-01 2.979562568050591817e-02 1.005381905507422013e-01 2.404741653602039328e-02 -3.839619963901327870e-02 9.989731996461287400e-01 -1.391920062055373719e-01
9.528014446316918074e-01 -3.025024206225169765e-01 -2.572338673812202270e-02 1.458439675997208695e+00 3.029677381348461207e-01 9.528564186218414500e-01 1.658900661924279929e-02 1.600282841561636027e-01 1.949247950406762103e-02 -2.359938576903596041e-02 9.995314463457903864e-01 -1.456999682783524652e-01
9.500780777939299426e-01 -3.117901745453880991e-01 -1.177001071994141466e-02 1.371486363216015469e+00 3.117110455926665469e-01 9.501424755595546667e-01 -8.093218957104058447e-03 2.083168042197870162e-01 1.370657327407715127e-02 4.020347561780984215e-03 9.998979781230507013e-01 4.914327259774403656e-02
9.555280904787578633e-01 -2.941483699272600116e-01 -2.104292696262932694e-02 1.359925486045360898e+00 2.938051695366413751e-01 9.556968889410575319e-01 -1.794376833135453986e-02 2.283530547080703799e-01 2.538879003741906920e-02 1.096325396584993742e-02 9.996175350617435562e-01 2.029510697384387941e-01
9.606890342335552280e-01 -2.757587566498188592e-01 -3.215101295985721419e-02 1.600531113207251943e+00 2.757562667505819576e-01 9.612165877374688749e-01 -4.599217989908647303e-03 2.664810929269250117e-01 3.217236160403577627e-02 -4.447425017104870981e-03 9.994724406203187028e-01 1.751885241482400990e-01
9.558114008150054852e-01 -2.905412810693505654e-01 -4.483670445781530456e-02 1.919903712342805324e+00 2.916221320082570956e-01 9.563312882718540964e-01 1.967229511914028728e-02 3.139992771956461315e-01 3.716312951051754798e-02 -3.187837930128389896e-02 9.988006161081940393e-01 -5.149696254718477695e-02
9.460813309370024182e-01 -3.217463644025901903e-01 -3.754187323756942585e-02 2.028761911044758115e+00 3.229060844126515617e-01 9.459420183643927338e-01 3.041970647439597858e-02 3.405711156933102779e-01 2.572500537919576377e-02 -4.090201567666915811e-02 9.988319424266656199e-01 -1.566907371433008123e-01
9.234001865848627810e-01 -3.830844019928164590e-01 -2.405070404056369390e-02 1.992397807185059655e+00 3.835896821954543068e-01 9.232443583841331014e-01 2.188173724960477962e-02 3.984606107800063302e-01 1.382212459178812705e-02 -2.943120217858274934e-02 9.994712368097905530e-01 -3.727000517604170393e-02
8.983929494995323006e-01 -4.387511281386539674e-01 -1.968643813871133810e-02 1.985996724129538205e+00 4.390756005380294646e-01 8.982853704603384060e-01 1.720494780874030211e-02 4.466685783349724770e-01 1.013534911582537890e-02 -2.410063845608916011e-02 9.996581585343607967e-01 7.291497262177644434e-02
8.582661385290326628e-01 -5.129799022542904652e-01 -1.519392436607420321e-02 2.122264415900531720e+00 5.131953408701677155e-01 8.576936048560395154e-01 3.149956028588903056e-02 4.894777003441245777e-01 -3.126909595060283799e-03 -3.483245716613544984e-02 9.993882740777748630e-01 8.570927614122812732e-02
8.334676305792199091e-01 -5.525108341433755399e-01 -7.967868651796144314e-03 2.242513800339882568e+00 5.522030694421762309e-01 8.323059799618350851e-01 4.835830661229083283e-02 5.082280872086020196e-01 -2.008678359767754676e-02 -4.470496475740338982e-02 9.987982715497356612e-01 2.490632336438244887e-03
8.120662575649553183e-01 -5.835495577891548491e-01 4.278659665096093412e-03 2.341076187320460633e+00 5.824663154661037234e-01 8.109649940094171283e-01 5.539647857623784116e-02 5.651241655673314712e-01 -3.579643378591296221e-02 -4.249343590942073617e-02 9.984552685187367826e-01 -2.194556928641162863e-02
8.083048596079301928e-01 -5.887343027906227766e-01 5.930822189504464728e-03 2.410529174985220457e+00 5.878245180160756034e-01 8.075427648083159937e-01 4.834272463265884556e-02 6.305678426048847429e-01 -3.325041283010642112e-02 -3.558937655228162911e-02 9.988131989132138511e-01 4.810707141708106191e-03
8.047825850241007162e-01 -5.935320039299516459e-01 -6.689630245534398598e-03 2.547160448078165107e+00 5.935081392515919596e-01 8.044856955383925534e-01 2.347028581465514241e-02 6.956151621581854183e-01 -8.548653931407575873e-03 -2.285882728848093876e-02 9.997021529090334147e-01 5.576705133133717796e-02
8.075730908143773368e-01 -5.889352316875027249e-01 -3.132085359151334097e-02 2.569306799473280556e+00 5.892068144929063500e-01 8.079819672981787271e-01 -6.857667874377738199e-04 7.364616013623381807e-01 2.571055712417243469e-02 -1.790065356774530464e-02 9.995091464585065255e-01 7.739648323323322643e-02
8.330386596778608377e-01 -5.498594503283664725e-01 -6.083729420922550507e-02 2.673462720956355732e+00 5.496584810893858641e-01 8.351127936095047444e-01 -2.149828170431022922e-02 7.932426930584223213e-01 6.262703608364605934e-02 -1.553083495229530715e-02 9.979161525484304684e-01 9.192920563011937329e-02
8.334010440626159477e-01 -5.473517210246513498e-01 -7.647740350387111086e-02 2.919821974955399302e+00 5.484622269597024813e-01 8.361415830329476107e-01 -7.512570902171823023e-03 8.605274998043230816e-01 6.805795584459975456e-02 -3.568398260436447811e-02 9.970430121272331192e-01 1.001177077929677750e-01
8.324848876563639699e-01 -5.478972789593608006e-01 -8.232547317021239597e-02 3.050548935881360890e+00 5.501577450786512280e-01 8.350402476853889810e-01 5.851519076097762978e-03 9.282309827875551145e-01 6.553905212729825569e-02 -5.016329788254138278e-02 9.965883183099241149e-01 -2.276359743586796325e-02
8.154411670113399513e-01 -5.733675844602994509e-01 -7.940602139224214873e-02 3.096913718271044225e+00 5.753686472907695304e-01 8.178891514728817702e-01 2.873259083261105878e-03 9.811437453081590654e-01 6.329788983824038984e-02 -4.803070885517664312e-02 9.968382156342598943e-01 -2.497247647725456265e-02
7.934929364969192100e-01 -6.035071903020350348e-01 -7.840938070945023541e-02 3.022850518721183377e+00 6.044820264651242780e-01 7.965071625772293107e-01 -1.333490321629255716e-02 1.050721706578450654e+00 7.050134332133624337e-02 -3.681590983412571377e-02 9.968320567542822142e-01 1.035536820136599145e-01
7.713635402740147695e-01 -6.298933629140629487e-01 -9.073389715399128586e-02 3.104094462074502569e+00 6.314129789697336959e-01 7.753113888058318359e-01 -1.448793900245586713e-02 1.112806224328943161e+00 7.947288043417723158e-02 -4.611509237532674527e-02 9.957697823948615801e-01 1.949699888690956673e-01
7.470160014980882224e-01 -6.559809779033058952e-01 -1.079631887952114816e-01 3.192959914312585301e+00 6.600271634648418040e-01 7.512380805464455857e-01 2.343037653798195341e-03 1.171782782286068247e+00 7.956907058878538719e-02 -7.300892387862242816e-02 9.941521312353167605e-01 1.734942605161008955e-01
7.420385138758585075e-01 -6.606037772999192592e-01 -1.139363565416505603e-01 3.408565355424766352e+00 6.672325085354379182e-01 7.442250406781680816e-01 3.049374331048977649e-02 1.216265957266729147e+00 6.465000756700846340e-02 -9.864957295730127085e-02 9.930199586498389408e-01 5.941186170253284771e-02
7.228752512173159950e-01 -6.836981120343939011e-01 -1.000413053598751267e-01 3.565081559461994232e+00 6.897466728305372552e-01 7.226250559076388136e-01 4.541537067651840731e-02 1.313287598058213490e+00 4.124195068987512175e-02 -1.018328050045134436e-01 9.939462668214045227e-01 -5.550445121715478353e-02
7.181009013002912500e-01 -6.917951361955979594e-01 -7.583261229723906038e-02 3.594956828491821632e+00 6.955212228302288802e-01 7.171716090292852286e-01 4.376199030081887043e-02 1.363854024352589622e+00 2.411066453775947624e-02 -8.416871591309901812e-02 9.961597779056770019e-01 -1.445550488792526900e-02
7.152469643846397496e-01 -6.959383142177264503e-01 -6.396594986668302507e-02 3.644641180646352119e+00 6.983470391486470419e-01 7.152561588248069757e-01 2.683356434580775121e-02 1.440893208069440323e+00 2.707753406194954304e-02 -6.386305713768777870e-02 9.975912575209109345e-01 6.633731714245125199e-02
7.148546683291989723e-01 -6.966810884939850235e-01 -6.015200830219352701e-02 3.722323819985798199e+00 6.982907545872002464e-01 7.157623764756372298e-01 8.616407603330815401e-03 1.542057921297374845e+00 3.705165618416393636e-02 -4.816307046674248721e-02 9.981520392291076682e-01 1.304132696265668523e-01
7.244483122511782280e-01 -6.866435640271337792e-01 -6.078864085118836774e-02 3.801585803982621581e+00 6.884662357250561637e-01 7.251336329901855171e-01 1.398057842244877780e-02 1.613684030316773876e+00 3.448021378980675039e-02 -5.197913318409828898e-02 9.980527463869026672e-01 1.360744687005959741e-01
7.315171509200399935e-01 -6.796184951032805399e-01 -5.478466047517069337e-02 4.012315659160003101e+00 6.815908888770904062e-01 7.310002603482228523e-01 3.274873387732968322e-02 1.687755109439232681e+00 1.779095583619014556e-02 -6.129698593228399828e-02 9.979610019464949522e-01 7.795662351947456326e-02
7.189270520929518238e-01 -6.941750561820601018e-01 -3.556522379476564910e-02 4.124709695125846842e+00 6.949896378692974608e-01 7.170364146830146002e-01 5.336837333881036538e-02 1.769362510688821999e+00 -1.154543300361605268e-02 -6.308542932533171832e-02 9.979413467652282765e-01 1.194081412370773948e-02
7.106834090761365852e-01 -7.033094197862013175e-01 -1.688052439699065307e-02 4.122738664961026700e+00 7.029582373935066020e-01 7.089677501223465850e-01 5.669608246671228868e-02 1.857759861846420391e+00 -2.790714146119420078e-02 -5.215926884509150541e-02 9.982487676571458746e-01 4.261442834180625971e-02
6.927353218670830870e-01 -7.210255458570850040e-01 -1.548986956696813376e-02 4.192590903359852739e+00 7.205709565249739379e-01 6.910881105607599162e-01 5.634465417626673134e-02 1.933953895334861395e+00 -2.992107034170276431e-02 -5.019348227660293260e-02 9.982912119650033667e-01 1.045209664563608309e-01
6.636852548566829491e-01 -7.473367239509205451e-01 -3.177583232781295425e-02 4.336912113973000693e+00 7.476936609963857894e-01 6.615648642324130080e-01 5.732468681964709295e-02 2.041767676526633046e+00 -2.181906944948607679e-02 -6.180413778586679036e-02 9.978497766502251176e-01 1.210339658954321940e-01
6.469628869548720296e-01 -7.617721234393094454e-01 -3.379726103966282369e-02 4.397614366684349463e+00 7.619780095287725930e-01 6.441932785012421947e-01 6.636665524486448642e-02 2.109211820359017331e+00 -2.878429949794230128e-02 -6.868953256928284068e-02 9.972227495488790172e-01 6.912106193119722797e-02
6.395710799866868301e-01 -7.685167782564329420e-01 -1.818777564782610850e-02 4.514776687286045309e+00 7.672821261281613792e-01 6.367337438497953084e-01 7.647403721048938452e-02 2.195947662204266848e+00 -4.719081021672742043e-02 -6.286573773826077682e-02 9.969056758037407873e-01 6.370427112382848200e-02
6.359587125899053284e-01 -7.716915723608281930e-01 -6.973738471070387718e-03 4.599409827374879356e+00 7.699697403943879248e-01 6.338791169387821833e-01 7.310173722907298277e-02 2.275372874412657787e+00 -5.199148736080730360e-02 -5.185925429643522405e-02 9.973001067812179432e-01 4.920921084791877315e-02
6.431584891653752134e-01 -7.657206786594474845e-01 4.358909017995134250e-03 4.673324502923585477e+00 7.645395321984385095e-01 6.424632976576239995e-01 5.215567916041480290e-02 2.372164599133786300e+00 -4.273712110454792878e-02 -3.021180954869287505e-02 9.986294533226469650e-01 6.032501766329809167e-02
6.502212151532118511e-01 -7.595307933935606659e-01 1.803732939292238685e-02 4.731288606084220305e+00 7.586896099601947441e-01 6.503859186853688801e-01 3.725899239426963550e-02 2.492894928500417606e+00 -4.003057710211069264e-02 -1.054185290814643391e-02 9.991428437586564737e-01 9.788782817070637576e-02
6.752301404877734115e-01 -7.371278269715503262e-01 2.658616333850858868e-02 4.775328242055385530e+00 7.355412209531807521e-01 6.755971932034910976e-01 5.047320887628116426e-02 2.562708220700917305e+00 -5.516674410880026413e-02 -1.452581287793275333e-02 9.983714895291578850e-01 1.111451950523224541e-01
6.915221123477841569e-01 -7.219457529813788632e-01 2.432072955748893969e-02 4.921461051755996685e+00 7.194776233307715874e-01 6.913790689134554635e-01 6.593127175072416302e-02 2.664428949964005700e+00 -6.441364498584911669e-02 -2.809471161114397708e-02 9.975277286968636803e-01 1.007023575198183474e-01
6.830089139751507332e-01 -7.300966930506486152e-01 2.139257410860987210e-02 5.061986974119414562e+00 7.277101944995741922e-01 6.827082669869133369e-01 6.593402011949271724e-02 2.768866432902315822e+00 -6.274309724485471751e-02 -2.946592921040742594e-02 9.975946384999720973e-01 5.380236776797373000e-02
6.619664729110752432e-01 -7.492522324794219646e-01 2.052999917858938650e-02 5.085182973661310335e+00 7.472409280795793141e-01 6.618348140142213953e-01 6.004726772743421148e-02 2.830726590529700104e+00 -5.857801758714344109e-02 -2.440842238579453774e-02 9.979843910463714884e-01 6.755324712801652476e-02
6.409269031236424219e-01 -7.673460207480649053e-01 1.981891254452218185e-02 5.081334961818657625e+00 7.656446394636184927e-01 6.409221436280516659e-01 5.483695713520880810e-02 2.931009432482309940e+00 -5.478130076004672500e-02 -1.997223696368163881e-02 9.982986120583879908e-01 1.033442801963921354e-01
6.131405599159966968e-01 -7.899142156197742626e-01 9.704934193234312362e-03 5.207247105505540929e+00 7.881065625874978942e-01 6.124892926695408857e-01 6.119568915931682812e-02 3.048251814951244310e+00 -5.428351308101178607e-02 -2.987303678842104931e-02 9.980786050610549465e-01 1.216934954908098637e-01
5.942598076848942812e-01 -8.042521679245085986e-01 5.807870439378262639e-03 5.266037941042904791e+00 8.011350872949437596e-01 5.925630197369496921e-01 8.397404090044827130e-02 3.113844778001461311e+00 -7.097783368936581849e-02 -4.524950860457480767e-02 9.964510169074088930e-01 9.449096927952904679e-02
5.948279972351118161e-01 -8.038497284679161359e-01 2.295157363554706231e-03 5.346132698592083621e+00 8.001968815597552132e-01 5.923921640064955252e-01 9.357603734794772699e-02 3.191538651568096352e+00 -7.658070545058295875e-02 -5.382506911987239295e-02 9.956094904564399828e-01 7.817662075917222730e-02
6.019541681156617141e-01 -7.984799649119699305e-01 -8.995839169365190541e-03 5.448509974038809212e+00 7.959068150933187313e-01 5.990256930266375512e-01 8.775283916755266533e-02 3.283611414403878381e+00 -6.468014514664802150e-02 -5.998303700327278776e-02 9.961016585146681424e-01 8.671263853639898933e-02
6.123119882580021489e-01 -7.904538496188917573e-01 -1.602312885197246239e-02 5.492853138544712799e+00 7.893511907032968455e-01 6.100606627698321738e-01 6.892521654750723148e-02 3.402549219873191255e+00 -4.470712214871207235e-02 -5.485161222341431581e-02 9.974931447712672705e-01 9.913492214880315068e-02
6.369538808978829625e-01 -7.706730903785469211e-01 -1.878141037051779538e-02 5.598124349390309895e+00 7.702713287341832471e-01 6.352587576438232242e-01 5.593202094419712223e-02 3.453295138535021458e+00 -3.117424801340804713e-02 -5.009289972846873995e-02 9.982579164011633477e-01 1.110588035531445417e-01
6.522627553535652600e-01 -7.578094924060599924e-01 -1.667546694532738571e-02 5.695276827141224629e+00 7.573794908275405247e-01 6.506922366433052218e-01 5.455199396858347732e-02 3.552733517633181126e+00 -3.048942197534409981e-02 -4.821189056034286963e-02 9.983716786629150963e-01 1.030857428219596472e-01
6.809788982955392589e-01 -7.322499957053383302e-01 -8.813845115820319320e-03 5.753126875534134932e+00 7.311358659471363097e-01 6.791650177079430195e-01 6.461597517255840417e-02 3.647761703002049494e+00 -4.132899226844095886e-02 -5.044623386637997475e-02 9.978712802194347198e-01 1.323968113923627565e-01
6.874384618975750705e-01 -7.262425524268519839e-01 -3.408055567856761725e-04 5.867245531193841401e+00 7.242135695229808823e-01 6.854826847872553808e-01 7.502129414798730522e-02 3.767486966403807092e+00 -5.425003984034408588e-02 -5.181933906745095353e-02 9.971818737201021410e-01 1.264915270591580876e-01
6.848208465838951930e-01 -7.287071641401980937e-01 2.505397147668789876e-03 5.927143185309907913e+00 7.266520153550173333e-01 6.831396984658504312e-01 7.278049849017788342e-02 3.854719397085042853e+00 -5.474720691148314555e-02 -4.802105070422329341e-02 9.973448360645648103e-01 7.960586155153648313e-02
6.748506047290799836e-01 -7.379533554421254804e-01 1.227390933247016203e-03 5.971247078152139842e+00 7.369107489265126487e-01 6.739837122964067451e-01 5.204328655764034472e-02 3.915553453429861275e+00 -3.923275944107552926e-02 -3.421696583366772015e-02 9.986440756524700424e-01 7.882408848360407394e-02
6.660780178396294993e-01 -7.458564474455544602e-01 -6.183361118935116162e-03 6.044102334789377196e+00 7.457067987958696520e-01 6.657188988323550216e-01 2.719775665478860183e-02 3.996296680590808670e+00 -1.616924180184902901e-02 -2.272680226810613185e-02 9.996109483585200461e-01 1.326729433833798988e-01
6.287438647139651504e-01 -7.775115579853373315e-01 -1.252716183981140291e-02 6.124958028493375117e+00 7.776116430723625239e-01 6.286381184203633232e-01 1.158657098567138569e-02 4.093294588853639837e+00 -1.133641410650644034e-03 -1.702625232160286453e-02 9.998544001948649340e-01 1.573173077135681941e-01
6.323016328302124567e-01 -7.747150624004256469e-01 -3.349210377380536577e-03 6.169601367395372016e+00 7.745964451712087362e-01 6.321150833734524577e-01 2.075737218194797368e-02 4.129285950357993507e+00 -1.396396248827355170e-02 -1.571920677635961494e-02 9.997789327096006096e-01 1.487457437461553178e-01
6.361740460376499318e-01 -7.715155721379315379e-01 6.804784843485896934e-03 6.283091154162178782e+00 7.709762272855139598e-01 6.360186277963590928e-01 3.280186056661909405e-02 4.263480160940356534e+00 -2.963511614084714599e-02 -1.562136500810850682e-02 9.994387088994511892e-01 1.411807807714055285e-01
6.469546677778792443e-01 -7.625132397246884297e-01 4.818411042422789115e-03 6.358008336939366956e+00 7.620103466239039891e-01 6.467350751790692520e-01 3.277154514577065164e-02 4.385269969681472979e+00 -2.810497248765042588e-02 -1.753002503373678883e-02 9.994512538107023225e-01 1.002752047944534541e-01
6.636128938164331803e-01 -7.480761179434818331e-01 -2.211858704333552125e-04 6.428877397805104366e+00 7.479781659939670480e-01 6.635211579435784657e-01 1.638096937041298023e-02 4.475078657609470767e+00 -1.210745046989892409e-02 -1.103606468912863431e-02 9.998657984546207578e-01 7.565251679191209444e-02
6.766987183894982438e-01 -7.362449603754867011e-01 -4.711990206748709401e-03 6.501503758064606231e+00 7.362407728354779524e-01 6.767134511162302690e-01 -2.903358913320972217e-03 4.574500841088577907e+00 5.326250522528613515e-03 -1.504460055740844664e-03 9.999846837103616437e-01 1.067817599354095592e-01
6.985698429804571008e-01 -7.155320934690803103e-01 -3.741349223863904561e-03 6.567935996488680317e+00 7.154858683754974358e-01 6.985710350864102747e-01 -8.858955540118564412e-03 4.661099919943841208e+00 8.952465203504888017e-03 3.511716682299216921e-03 9.999537595372715026e-01 1.702090182276277675e-01
7.030143449557989532e-01 -7.111737324034139718e-01 1.659254581551168313e-03 6.719809892336608748e+00 7.111737185612758694e-01 7.030050416120621204e-01 -3.981644854868356120e-03 4.757955595968456741e+00 1.665176896393194680e-03 3.979171700293483022e-03 9.999906966459654045e-01 1.417391468862675974e-01
6.990335554690325637e-01 -7.150246813949628910e-01 9.580883276331761400e-03 6.783962170691323124e+00 7.150710379415042839e-01 6.990479951662033065e-01 -2.304593537181810498e-03 4.821462447579798472e+00 -5.049655986572807939e-03 8.462000363010107121e-03 9.999514465834197230e-01 7.890598098545564820e-02
6.937091601001953434e-01 -7.202296652008284283e-01 6.068818483387984283e-03 6.854389848297460119e+00 7.202375215888912052e-01 6.936083853714072323e-01 -1.285769178200605635e-02 4.939370456030474976e+00 5.051107658034769896e-03 1.329048935037081998e-02 9.998989194934929658e-01 9.595683614892394631e-02
6.882227109739402771e-01 -7.254994811331526572e-01 -5.454545551578354051e-05 6.884492213364961977e+00 7.254732893038470243e-01 6.881984998847452406e-01 -8.445783743571706054e-03 5.059120614250182335e+00 6.164949824385580063e-03 5.773008913270941123e-03 9.999643322447806515e-01 1.917135752023121087e-01
6.772555669196043127e-01 -7.357189468956926159e-01 -6.521369112260260933e-03 7.006839114004641544e+00 7.356545254220203667e-01 6.770018920878604352e-01 2.192845948896102182e-02 5.130237643511463830e+00 -1.171820389425973045e-02 -1.964864596225152082e-02 9.997382729541480773e-01 1.748382791455725949e-01
6.702011170556276820e-01 -7.421074377458792837e-01 -1.034473487503360933e-02 7.087727874335198130e+00 7.414093237704691974e-01 6.688057262263992220e-01 5.487362930401498001e-02 5.200202917357287902e+00 -3.380351052190333494e-02 -4.444605054473072664e-02 9.984397183943409804e-01 1.348654979655831698e-01
6.736991335047205487e-01 -7.388149876573080199e-01 -1.678962560393910258e-02 7.182900272897898120e+00 7.378018903763341463e-01 6.711318029557995501e-01 7.232201337356244930e-02 5.280047200632624005e+00 -4.216453571541570189e-02 -6.111069525238300298e-02 9.972400086507128281e-01 9.855469894055540747e-02
6.666127654263998004e-01 -7.449300100782300094e-01 -2.658384952213867919e-02 7.304592480958591594e+00 7.447930099323297748e-01 6.641985382369313129e-01 6.421584041234933149e-02 5.412198796473947304e+00 -3.017935265223833929e-02 -6.260656426263834506e-02 9.975818887613787656e-01 7.748077024709310034e-02
6.716594000408326881e-01 -7.405166379132995802e-01 -2.255569352451254270e-02 7.324797239807795179e+00 7.406940559799554125e-01 6.705531030152677152e-01 4.160350312844596915e-02 5.510190732232618238e+00 -1.568329597856897920e-02 -4.465025207296093729e-02 9.988795669233953012e-01 1.252821058772012330e-01
6.883790384172390198e-01 -7.252036890808903902e-01 -1.462562173805196514e-02 7.370991855967223394e+00 7.253026061862788421e-01 6.879597338812089014e-01 2.544668971571660554e-02 5.592045868366671613e+00 -8.392194417976981541e-03 -2.812496936111062718e-02 9.995691857851999318e-01 1.946602602797728454e-01
7.172900144058673710e-01 -6.965531697262804522e-01 -1.757034370472109613e-02 7.444193716917669512e+00 6.967520378982025031e-01 7.168350146528040812e-01 2.615644189135972117e-02 5.687023644391534738e+00 -5.624314921159329420e-03 -3.100392736389592438e-02 9.995034384981783537e-01 2.356117056132985832e-01
7.236699256059071494e-01 -6.896245169375898598e-01 -2.683028908038019578e-02 7.637055161619565880e+00 6.900470060529129146e-01 7.223596207076652398e-01 4.507446958633392481e-02 5.802021563166793072e+00 -1.170334187111316676e-02 -5.113319870371851178e-02 9.986232661916975006e-01 2.344191275627309501e-01
7.168885214641342873e-01 -6.965677377769344814e-01 -2.939786525058126279e-02 7.717205328786009844e+00 6.969755229755175696e-01 7.149923361871739491e-01 5.487330468097345593e-02 5.892423651459769651e+00 -1.720372535154130952e-02 -5.982763476798169666e-02 9.980604620723625420e-01 1.521220061622655384e-01
7.132739242537500246e-01 -7.003682383833017555e-01 -2.691913155223269946e-02 7.787649274123279675e+00 7.007044199219764069e-01 7.116909331484468915e-01 5.009322884482103611e-02 5.921931638645184570e+00 -1.592560458702461587e-02 -5.459254837579723130e-02 9.983817049507537345e-01 1.215993313311626717e-01
7.018398344442924319e-01 -7.118427124744631795e-01 -2.647261763043105495e-02 7.796941235267782488e+00 7.122262157612059275e-01 7.005992954957056540e-01 4.352521950999441169e-02 6.003224563566716299e+00 -1.243641305523364785e-02 -4.940222513126125981e-02 9.987015348853729435e-01 1.710539690551814429e-01
6.949987479580492789e-01 -7.181315363253699680e-01 -3.555048342439193904e-02 7.881865721384941459e+00 7.189756488684309055e-01 6.936247153659259590e-01 4.425800004244524050e-02 6.135415814781622679e+00 -7.124371618804551873e-03 -5.631918650426532419e-02 9.983873960344926690e-01 2.573482688380049899e-01
6.868261981545824568e-01 -7.257810009027630960e-01 -3.888074404002309081e-02 7.993154105115107377e+00 7.266671125304425827e-01 6.845936881137401064e-01 5.732704214850439101e-02 6.228317410839762758e+00 -1.498936607037067506e-02 -6.762707241490356624e-02 9.975980643432492689e-01 2.387004869391258222e-01
6.881032687985881857e-01 -7.249765007010083862e-01 -3.038033739145652029e-02 8.125110697994635700e+00 7.251392382443803131e-01 6.855388767656692695e-01 6.488091862192151005e-02 6.275661379417129204e+00 -2.621023897368637834e-02 -6.667474690004741855e-02 9.974304494543752009e-01 1.545233046664756249e-01
6.876250771269831752e-01 -7.256974749273399361e-01 -2.312851465601048831e-02 8.234370325492118781e+00 7.257621327606653683e-01 6.860671254590755552e-01 5.080576753688030578e-02 6.358499954792697473e+00 -2.100190364707223492e-02 -5.172111994537538504e-02 9.984407072003801398e-01 1.381444806414227899e-01
6.963548461460635775e-01 -7.174619610285211113e-01 -1.839192012816979332e-02 8.284298247010447369e+00 7.176927890026936208e-01 6.960270410958184772e-01 2.152716137661687609e-02 6.435540019026747771e+00 -2.643645669764334294e-03 -2.819029160027648404e-02 9.995990789296796963e-01 1.758829140040402972e-01
7.069812468879521639e-01 -7.070707945719040266e-01 -1.511317346598160284e-02 8.371537049692902244e+00 7.070690970464393876e-01 7.071157519224376964e-01 -6.372235486737948089e-03 6.535419740876024619e+00 1.519238462813890002e-02 -6.181006926220166710e-03 9.998654842541013776e-01 2.108574395030203830e-01
7.355383197374496529e-01 -6.773562522901601657e-01 -1.311059423664931965e-02 8.427199990519831374e+00 6.774168803905180614e-01 7.355992841344454192e-01 2.516800942983527661e-04 6.618414222853580497e+00 9.473666649606459281e-03 -9.066458201528461783e-03 9.999140207917338596e-01 2.407863258765584047e-01
