1.000000000000000000e+00 0.000000000000000000e+00 0.000000000000000000e+00 0.000000000000000000e+00 0.000000000000000000e+00 1.000000000000000000e+00 0.000000000000000000e+00 0.000000000000000000e+00 0.000000000000000000e+00 0.000000000000000000e+00 1.000000000000000000e+00 0.000000000000000000e+00
9.999985926858503404e-01 -1.651841808864999532e-03 -2.933342075690394514e-04 1.258288226721083515e-02 1.652017846521920685e-03 9.999984548758449332e-01 6.009017869758108378e-04 -4.789372804463136457e-02 2.923411596365214481e-04 -6.013855346641228334e-04 9.999997764360175623e-01 -1.379158619960980936e-02
9.999940972721348409e-01 -3.431789579866930274e-03 -1.680510861650520976e-04 1.304535188536524483e-02 3.431847874331085419e-03 9.999940506979935195e-01 3.478344237199126627e-04 -9.604720649792436449e-02 1.668563918275469738e-04 -3.484090963108019351e-04 9.999999253850202496e-01 -1.904521498829196691e-02
9.999944533303306571e-01 -3.315705142432039208e-03 -3.152903130688631769e-04 1.232104046367650703e-02 3.315843091332004635e-03 9.999944066466422976e-01 4.380182911736929378e-04 -1.062592032037960182e-01 3.138362100382079719e-04 -4.390613148372760175e-04 9.999998543659869288e-01 -1.890675673984252778e-02
9.999984009390869844e-01 -1.774409259405108083e-03 2.226904782258352315e-04 -2.343481562049920530e-02 1.774424568257636616e-03 9.999984233568178782e-01 -6.856624468621393825e-05 -6.394274771509042554e-02 -2.225684625429571431e-04 6.896128250029307546e-05 9.999999728538101484e-01 -1.206766316274199280e-03
9.999996872110108459e-01 -6.069272269992925708e-04 5.071658718844231258e-04 -5.981866569231217984e-02 6.070063749912960396e-04 9.999998036160832049e-01 -1.559200297632176181e-04 -1.676524177113300484e-02 -5.070711401739048160e-04 1.562278339105609593e-04 9.999998592358514404e-01 1.120257697274060389e-02
9.999982656232577760e-01 1.543322434349063193e-03 1.042548003690811458e-03 -9.408838008052650137e-02 -1.543355940808899046e-03 9.999988085345609123e-01 3.133526169854214031e-05 2.351985759547298854e-02 -1.042498401118530961e-03 -3.294423000646771066e-05 9.999994560557327050e-01 2.096942221618059918e-02
9.999990538441878574e-01 8.092768161744383045e-04 1.112376628600397852e-03 -5.480424530894682789e-02 -8.103862713615979764e-04 9.999991743479379469e-01 9.972850813548391966e-04 8.289749634214776952e-04 -1.111568630468883542e-03 -9.981855925161645625e-04 9.999988840197285844e-01 2.425527275119892037e-02
9.999989709417628214e-01 -1.237621658920114382e-03 7.255398298697936319e-04 -5.137756240256798057e-02 1.236832217022580021e-03 9.999986437765814307e-01 1.087516006639985830e-03 -6.428779130682503798e-03 -7.268847792399253140e-04 -1.086617516486364969e-03 9.999991454500801735e-01 2.069625565280880722e-02
9.999969973523665789e-01 -2.363393027969079834e-03 6.478114280058380010e-04 -7.681176497049328755e-02 2.362988436671515247e-03 9.999970130717183991e-01 6.246065077475850685e-04 -9.011157908331048072e-03 -6.492856837051972632e-04 -6.230738613608112660e-04 9.999995951034501562e-01 1.821469103491928088e-02
9.999992987380507126e-01 -7.820737816923659927e-04 8.893165953947571728e-04 -7.300191658822446916e-02 7.815511266461857382e-04 9.999995217756748600e-01 5.878998708082847644e-04 -1.016322244388240953e-02 -8.897759511771478804e-04 -5.872044121493993777e-04 9.999994317447060688e-01 2.720694972730320488e-02
9.999998838535600898e-01 8.173426530226052104e-05 4.749867115210797347e-04 -3.517510944767120867e-02 -8.195687278464625818e-05 9.999998868204886815e-01 4.686598774901909285e-04 3.871479725546599082e-03 -4.749483521915524994e-04 -4.686987514825051611e-04 9.999997773727468120e-01 1.113071694224501348e-02
9.999999867228857031e-01 -1.528565020278692963e-04 5.647227892964488158e-05 -1.033982939371232493e-02 1.528298676836580472e-04 9.999998772411033965e-01 4.713393785383419290e-04 6.369431590691285866e-03 -5.654431928584158695e-05 -4.713307416293984657e-04 9.999998873250296461e-01 -4.279422908967654357e-03
9.999997224881302937e-01 -7.367661277135640350e-04 1.104506016888116637e-04 -1.004350040721006809e-02 7.367331956675580518e-04 9.999996842381684292e-01 2.979056255696682794e-04 4.517203352917898047e-03 -1.106700535869024215e-04 -2.978241702725755260e-04 9.999999495264501048e-01 -5.940226464997601027e-03
9.999997071259365544e-01 -7.650888619573450490e-04 1.967420903605652228e-05 -9.212272409719017910e-03 7.650846414889570825e-04 9.999996845021066338e-01 2.136379614490662500e-04 -6.100719361607941614e-03 -1.983765485368096902e-05 -2.136228464448814530e-04 9.999999769858731735e-01 -3.890221385652136224e-03
9.999999651835381753e-01 7.328608529797253179e-05 2.534996491152286023e-04 -1.405336226589873685e-02 -7.326993783091982171e-05 9.999999952864745412e-01 -6.370688351337289829e-05 -1.502195569294002310e-02 -2.535043167484508095e-04 6.368830739179378588e-05 9.999999658396798718e-01 4.882933500385451715e-03
9.999999276234389223e-01 -3.656951176170236792e-04 1.049771299071683504e-04 1.357233809108463266e-02 3.657067952676404626e-04 9.999999269418409220e-01 -1.112423157217485664e-04 -3.339237637739941866e-02 -1.049364414660006368e-04 1.112806985201670473e-04 9.999999883024746072e-01 1.687987181536237599e-03
9.999996412750520314e-01 -8.094664958344922846e-04 -2.494268616239682119e-04 3.843176846651839146e-02 8.094981237313723368e-04 9.999996643264161822e-01 1.267274343328057048e-04 -3.870251258600549554e-02 2.493241962857642132e-04 -1.269292994490062447e-04 9.999999608631983117e-01 -1.055995834706146760e-02
9.999998143635875358e-01 -4.735178927068316472e-04 -3.834756782169863529e-04 2.927022803605540402e-02 4.733928319536274054e-04 9.999998347628611395e-01 -3.261494705244175215e-04 -5.929356498902998290e-02 3.836300524625525701e-04 3.259678753419034312e-04 9.999998732864555651e-01 -2.831128376123608070e-02
9.999888788580484356e-01 4.714212353932992899e-03 -1.355068459624644134e-04 1.119869396576277099e-02 -4.714289762328377487e-03 9.999887213674328867e-01 -5.767234722686346952e-04 -7.113588587415546616e-02 1.327865207127665239e-04 5.773558769816789990e-04 9.999998245139501973e-01 -1.980448789196011597e-02
9.999816809823465213e-01 6.052393835842688127e-03 -7.892133002528304729e-05 -9.968342540345179886e-03 -6.052431247052411992e-03 9.999815673504713898e-01 -4.827372934056328615e-04 -6.633044126828428755e-02 7.599815907712672875e-05 4.832061160565369611e-04 9.999998803680574255e-01 -1.386760566068333082e-02
9.999848287110345568e-01 5.508347195518907731e-03 2.142280447912573690e-05 -1.265693572975793574e-02 -5.508342560728332095e-03 9.999848067678202002e-01 -2.107030114480646830e-04 -7.780991014231504466e-02 -2.258310433968067779e-05 2.105818106661095940e-04 9.999999775726519102e-01 -7.027187133766418792e-03
9.999901328642624154e-01 4.437559043774033651e-03 -2.055330821338549325e-04 2.390073061023542667e-02 -4.437550278877162857e-03 9.999901530972890029e-01 4.308112127257280433e-05 -8.430978544151504495e-02 2.057222332889103045e-04 -4.216863279935990921e-05 9.999999779500843289e-01 -1.258468008621450168e-02
9.999875756178594477e-01 4.974899689310980332e-03 -3.146156337853339160e-04 3.638407026016458878e-02 -4.974936191206666934e-03 9.999876182761021637e-01 -1.153446230854993597e-04 -7.190294382148573749e-02 3.140379103718706909e-04 1.169083827026623658e-04 9.999999438563088594e-01 -1.821090666680880155e-02
9.999815419450955867e-01 6.059535943448256592e-03 -4.447395406498919198e-04 6.959824224497164480e-02 -6.059699350429778933e-03 9.999815725081363516e-01 -3.669985521526792087e-04 -6.924326194484739516e-02 4.425075042976625182e-04 3.696867659788403439e-04 9.999998337593880571e-01 -2.459735880139756609e-02
9.999312388743472058e-01 1.171991659683445375e-02 -4.013454577529248124e-04 1.055811647073865156e-01 -1.171995270446047829e-02 9.999313151469598759e-01 -8.773298385519874662e-05 -7.541274487959899464e-02 4.002896681455663419e-04 9.243070101948629646e-05 9.999999156123700050e-01 -3.259136356260365630e-02
9.999078648378603162e-01 1.356577787190537017e-02 -4.811508302137912818e-04 8.025430539951471098e-02 -1.356571439347227341e-02 9.999079723562444011e-01 1.349496892488615831e-04 -3.106300760050745291e-02 4.829372485448283421e-04 -1.284101008944995952e-04 9.999998751412222386e-01 -4.970978249441795893e-02
9.999327974260726615e-01 1.157583198095148320e-02 -6.330447199093989456e-04 7.349194088210421472e-02 -1.157591299666232455e-02 9.999329891282991989e-01 -1.244638034786304756e-04 -1.898692638120573484e-02 6.315615269541134755e-04 1.317835097913435879e-04 9.999997918815504150e-01 -5.886210140863001872e-02
9.999548850749874207e-01 9.462453994414614031e-03 -8.305293928409044355e-04 9.456656529918383569e-02 -9.462606425041998268e-03 9.999552123733735920e-01 -1.797970136310667207e-04 -1.368973772335824873e-02 8.287908744307384687e-04 1.876478748711618040e-04 9.999996389469155700e-01 -6.110917399056388366e-02
9.999984318913186510e-01 -1.590956681354970198e-03 -7.778635753478376803e-04 1.226703780486809725e-01 1.591546290169826424e-03 9.999984462416182662e-01 7.579543229244951148e-04 -6.871012424136659948e-03 7.766564942415690297e-04 -7.591911402573442479e-04 9.999994102165773446e-01 -4.794788839275208880e-02
9.997196233632434925e-01 -2.367066480094781947e-02 -6.117927229492317294e-04 1.619359308132740927e-01 2.367119534722881766e-02 9.997194150654586942e-01 8.750154344409930918e-04 4.496588542904983443e-02 5.909088660838015877e-04 -8.892519656133187700e-04 9.999994300286644267e-01 -2.670317665827644932e-02
9.985985487634413404e-01 -5.291868270026751919e-02 -7.425825323128586002e-04 1.876117628877942145e-01 5.291985482401702356e-02 9.985973843256915616e-01 1.659211647761367177e-03 7.117167888627369543e-02 6.537376796930970992e-04 -1.696183703350746764e-03 9.999983477925804554e-01 -2.613005747696581921e-02
9.978389157469168547e-01 -6.569314332752435037e-02 -1.381716601425780986e-03 2.167675439789308600e-01 6.569677528515291409e-02 9.978357834269652171e-01 2.771827885477393810e-03 2.812188352361630339e-02 1.196636180897842766e-03 -2.856612056953466809e-03 9.999952039032020679e-01 -5.782491434323600021e-02
9.974865261089325141e-01 -7.084296804985583396e-02 -1.379894568821760743e-03 2.594274671331985860e-01 7.084502953766462496e-02 9.974861955179080697e-01 1.507163235052583899e-03 -2.808423605827102543e-02 1.269653866763094602e-03 -1.601133691098743147e-03 9.999979121728014286e-01 -4.426369281108039760e-02
9.969370977112413934e-01 -7.819991632041682628e-02 -1.093752516134969969e-03 2.782273281627368755e-01 7.819893095546547046e-02 9.969373537572722155e-01 -9.164501458952037643e-04 -7.181804143217737635e-02 1.162069063821793936e-03 8.281128711542030171e-04 9.999989819117635070e-01 -7.783235268176556809e-03
9.968476911142695185e-01 -7.930836430351752286e-02 -2.205464044228836601e-03 3.173625764383863346e-01 7.930077475414608335e-02 9.968451432744852569e-01 -3.338780235839666332e-03 -1.863553571325871072e-01 2.463299320429376132e-03 3.153360361834968689e-03 9.999919942053968613e-01 -4.431054662050051829e-02
9.960477560245835082e-01 -8.863866619940011238e-02 -5.661675792831524084e-03 3.812594171680923072e-01 8.842331923094653989e-02 9.956029259159547840e-01 -3.092136031567745136e-02 -1.817644027022907727e-01 8.377609120383310362e-03 3.029852738964646658e-02 9.995057853276512194e-01 -6.696471162547318334e-02
9.957119150665859619e-01 -9.194759611213239314e-02 -1.016964914007154053e-02 3.822515372091780383e-01 9.117153032841647520e-02 9.939969812268131255e-01 -6.047936317089618735e-02 -8.122439943412895769e-02 1.566953260332350564e-02 5.929284004989720386e-02 9.981176407953176177e-01 -8.940182375195795950e-03
9.987822001012125472e-01 -4.789047786737385404e-02 -1.185828362858241600e-02 4.614380122134978945e-01 4.703468772366363460e-02 9.968286240682457944e-01 -6.419059424047457441e-02 -5.784211701376022058e-02 1.489479478605783974e-02 6.355467227389641205e-02 9.978671999421760974e-01 9.427836398368326376e-03
9.992319304330066210e-01 -3.808691847439667211e-02 -9.216064466548672465e-03 7.013641730368096461e-01 3.754005527868953251e-02 9.978562142806105539e-01 -5.360708788249178569e-02 -7.410596836619126604e-02 1.123803598498659441e-02 5.321994234018789793e-02 9.985195763151102355e-01 -2.861258769610502614e-02
9.982994920012623341e-01 -5.785888839555829860e-02 -7.104456604964596959e-03 7.796523979063569865e-01 5.748025461083259430e-02 9.973212086050038394e-01 -4.523745347086123580e-02 -2.629333277824699028e-02 9.702814019414914698e-03 4.475216084486653700e-02 9.989509995489367356e-01 -6.887991956023749307e-02
9.981628688798440674e-01 -6.058735874674845562e-02 2.432070146500927210e-04 7.290098342471479365e-01 6.056512393637444175e-02 9.976705507929127803e-01 -3.139009148023828161e-02 -6.347001766393854313e-03 1.659202257343791054e-03 3.134715362929987176e-02 9.995071800678624330e-01 -9.545001076582834698e-03
9.977179802467509573e-01 -6.750194328929777499e-02 1.523005092697762245e-03 7.421557488825545335e-01 6.750926655935417242e-02 9.977039224287921337e-01 -5.420525695988200922e-03 -2.188754362267823772e-02 -1.153612136734806677e-03 5.510972906051149305e-03 9.999841490527071608e-01 -2.228621207664312903e-02
9.955428537877596407e-01 -9.429495959718710296e-02 -1.699078187787409237e-03 8.521866631422988503e-01 9.430570117320673240e-02 9.955103544498850043e-01 8.097463139407281782e-03 1.887257770350510636e-02 9.278999693921906929e-04 -8.221604322094110476e-03 9.999657715262146862e-01 5.576960383956911654e-02
9.855124644908503928e-01 -1.689276853450490667e-01 -1.512016723235912706e-02 9.433784285473355569e-01 1.690700469232992165e-01 9.855657874145498099e-01 8.683197066283766807e-03 1.104857502358864291e-01 1.343508714239745848e-02 -1.111376632391612371e-02 9.998479797607101593e-01 1.432092687911475648e-01
9.731797499410997920e-01 -2.279467735038808729e-01 -3.100714036716252509e-02 9.886459886282860099e-01 2.283163987435367082e-01 9.735462461580733917e-01 8.906663590047176476e-03 1.211210826636078680e-01 2.815663988051179956e-02 -1.574722326933750485e-02 9.994794788238249295e-01 1.143359925061930432e-01
9.629248003395446398e-01 -2.669340173459833765e-01 -3.901357807971995301e-02 1.151314209939234612e+00 2.678718017487662917e-01 9.632234222961604253e-01 2.110299902720446166e-02 8.999504870394149647e-02 3.194568388558625266e-02 -3.077123857771721718e-02 9.990158177714081322e-01 -5.031196091253575808e-03
9.574257069684499744e-01 -2.865379364133560647e-01 -3.510023692141117646e-02 1.347788987433172325e+00 2.875878974412124367e-01 9.572928986299462650e-01 2.972385368719883750e-02 1.184148903288326227e-01 2.508419584731309132e-02 -3.855278496621017403e-02 9.989416729169140474e-01 -1.383491499390872848e-01
9.530355420511932296e-01 -3.018277293705206588e-01 -2.496552363208235856e-02 1.435509923164275836e+00 3.023083513692824131e-01 9.530330066130180411e-01 1.837794870320301130e-02 1.552977062743093051e-01 1.824599352117613552e-02 -2.506212459443178317e-02 9.995193713136520941e-01 -1.424328234915082925e-01
9.494195102031119937e-01 -3.138206773718534293e-01 -1.091678064056027589e-02 1.376277800585762323e+00 3.137482817340143115e-01 9.494737103754000707e-01 -7.854235476770343033e-03 2.103809941508865411e-01 1.283001771770521382e-02 4.031843231332266075e-03 9.999095633533671146e-01 5.974068783267724725e-02
9.550035054385100919e-01 -2.958537665920700777e-01 -2.094882797300234856e-02 1.371086282999872452e+00 2.955142113088099487e-01 9.551715260432250831e-01 -1.785235981008360950e-02 2.271300130136831297e-01 2.529141187615978337e-02 1.085838982269369916e-02 9.996211481635274287e-01 2.121528751681759362e-01
9.601492004700469263e-01 -2.775724396940531524e-01 -3.266578575544804713e-02 1.603702430576106064e+00 2.775452752964736036e-01 9.606970774574413729e-01 -5.453945850079813806e-03 2.518725437647256760e-01 3.289578996367576585e-02 -3.829632752910388030e-03 9.994514500042728233e-01 1.979215247058774829e-01
9.549827043155644235e-01 -2.932240983104628662e-01 -4.502957503849263493e-02 1.901703917387480791e+00 2.942806641087700181e-01 9.555337378194607156e-01 1.881931509039216563e-02 3.100276569088402656e-01 3.750900145075202613e-02 -3.122345366525272961e-02 9.988083753910863560e-01 -3.078027646666586792e-02
9.453607142800036778e-01 -3.234600838268152367e-01 -4.082516462613372532e-02 2.025104842424124918e+00 3.247124946034265491e-01 9.453703836779974168e-01 2.892461776645642579e-02 3.563574879947407625e-01 2.923894225892886833e-02 -4.060063836032078155e-02 9.987475518970314603e-01 -1.638365529788681219e-01
9.233900119462256084e-01 -3.824717937692245773e-01 -3.265291424821229610e-02 2.022523227597425866e+00 3.833239536733130670e-01 9.232578177469662473e-01 2.564660814551315143e-02 3.999190429549073222e-01 2.033795413037248548e-02 -3.619846599044594659e-02 9.991376475149604808e-01 -1.058878939877626602e-01
8.982560139221359430e-01 -4.388973634452280614e-01 -2.247749571333167509e-02 2.001158986398372974e+00 4.393411850035822686e-01 8.980626924230539210e-01 2.151101200555971538e-02 4.358721974179962655e-01 1.074507386496349401e-02 -2.919768550215336156e-02 9.995159020990880272e-01 5.429662782816752770e-02
8.577517908890794907e-01 -5.138617205038825686e-01 -1.442211591156360335e-02 2.103502658671602354e+00 5.140542793344194950e-01 8.572247104102935777e-01 3.023232971438024122e-02 5.001331639339657853e-01 -3.172242826078282632e-03 -3.334558535665507750e-02 9.994388469599700953e-01 1.250394632853397969e-01
8.329996741119480852e-01 -5.532597740820148768e-01 -3.894266568461294056e-03 2.198202156740538094e+00 5.528013601570067603e-01 8.319775295400388959e-01 4.715979801713419961e-02 5.162753724874556971e-01 -2.285167691771432946e-02 -4.143685223531744233e-02 9.988797666080121429e-01 4.188903975446617300e-02
8.108509326740923617e-01 -5.852000054397561435e-01 7.856119580558439813e-03 2.314470406535789504e+00 5.838777425912229369e-01 8.097926421092533911e-01 5.764250595083682954e-02 5.360035580074904438e-01 -4.009422262785754254e-02 -4.215246634568479284e-02 9.983063772674417580e-01 -4.625127941248689811e-03
8.085002456179906094e-01 -5.884408721943804599e-01 8.043181383369879187e-03 2.391726382279602436e+00 5.874211391298701512e-01 8.077740057710109944e-01 4.937166094046979703e-02 6.185691546029354893e-01 -3.554937607068277272e-02 -3.519226522649068767e-02 9.987480895246876322e-01 2.220007110214981816e-02
8.048199898055299339e-01 -5.934484818477474555e-01 -9.147863249455078991e-03 2.545110336816271079e+00 5.934865442284613657e-01 8.045192613441378704e-01 2.285782023819386832e-02 7.059126435264576616e-01 -6.205306534376078820e-03 -2.382556439807346355e-02 9.996968723827877046e-01 6.105940670427999900e-02
8.073123507058933557e-01 -5.892034490003060787e-01 -3.295548640011896485e-02 2.567382107545816528e+00 5.894797620493895662e-01 8.077815223352181606e-01 -1.619354189981251149e-03 7.545421044504820873e-01 2.757496204747572621e-02 -1.811926764362481457e-02 9.994555085686100959e-01 8.577255249138879267e-02
8.324106387296890119e-01 -5.507122719431553071e-01 -6.171322435944565782e-02 2.671588062141921682e+00 5.505487297084440401e-01 8.345347807005645269e-01 -2.116119130576547824e-02 8.186108547732716678e-01 6.315555989815657689e-02 -1.636133650619162744e-02 9.978695715982532910e-01 1.085995241865989891e-01
8.327387399855471495e-01 -5.484858793239021368e-01 -7.556077758711295111e-02 2.905299670129090739e+00 5.492585522510103901e-01 8.355661778707916820e-01 -1.200854602025249601e-02 9.096990418705057646e-01 6.972254804872869693e-02 -3.150242182249473472e-02 9.970688861422315474e-01 1.484221684219035053e-01
8.334580287420890743e-01 -5.473449966923187304e-01 -7.590236439819626757e-02 3.002575329126782044e+00 5.492524839188914765e-01 8.356402166786476293e-01 5.209335676529657649e-03 9.508762326921949004e-01 6.057576441349109275e-02 -4.603132482504238010e-02 9.971016467244313564e-01 5.138146928756794074e-02
8.161882198749393913e-01 -5.726172835491238899e-01 -7.711184291793286849e-02 3.101890343590004484e+00 5.745458382002388564e-01 8.184648945239606510e-01 3.506599302328366335e-03 9.996145919609615849e-01 6.110539701337962259e-02 -4.716633346683096750e-02 9.970162824363165699e-01 6.346061867468527629e-03
7.934555739670221541e-01 -6.028452690326497887e-01 -8.370085869102933396e-02 3.054833305604331084e+00 6.044228532609752236e-01 7.966247939956876412e-01 -7.870962278524375882e-03 1.029523149680639182e+00 7.142315168434626438e-02 -4.434545293804628696e-02 9.964598407398034263e-01 5.588503137819015448e-02
7.699963606994608689e-01 -6.315977089554254409e-01 -9.049827927559454810e-02 3.103341110719931351e+00 6.331865214207315073e-01 7.738799958669055901e-01 -1.358606227542750317e-02 1.096431033415679046e+00 7.861573379864493505e-02 -4.684107214076015796e-02 9.958039367064205338e-01 1.921687341135688565e-01
7.460925209686599668e-01 -6.573704963262607670e-01 -1.058771963852242481e-01 3.169493618895669940e+00 6.610396252565367003e-01 7.503507672071384471e-01 -5.830886350140507268e-04 1.177250561425713382e+00 7.982834080279527234e-02 -6.955398415205556184e-02 9.943790420625568949e-01 1.947700262224275336e-01
7.414717457214083929e-01 -6.614219621590420317e-01 -1.128744358591887431e-01 3.386885561908163034e+00 6.678930450075670766e-01 7.436665277370282379e-01 2.964752863346181017e-02 1.217475705486002369e+00 6.433141322376811910e-02 -9.737085548168325499e-02 9.931668468970347163e-01 8.064946616596092854e-02
7.223836008642436912e-01 -6.843674807910729019e-01 -9.901052690542408441e-02 3.559705613167650107e+00 6.903887874379679435e-01 7.218858814843494009e-01 4.737189349705489549e-02 1.294440611487321036e+00 3.905451807846949119e-02 -1.025764366179899856e-01 9.939581577050484729e-01 -5.643836892201270494e-03
7.163239571207684619e-01 -6.933534614404508467e-01 -7.836431562509083015e-02 3.620518100798270744e+00 6.973144692391757271e-01 7.153775913208642034e-01 4.458063285379841589e-02 1.355151916743176921e+00 2.514993925499842478e-02 -8.657874649418247082e-02 9.959275080099786459e-01 -2.271320669623647093e-02
7.150313331879103451e-01 -6.962060886237084745e-01 -6.346081249713651784e-02 3.640493687689124513e+00 6.985673056977463879e-01 7.150620509268676983e-01 2.626752242700403778e-02 1.454963396161369937e+00 2.709080969094782021e-02 -6.311375038403854720e-02 9.976385831265499604e-01 7.707399019926193529e-02
7.140076967752673198e-01 -6.978194159529689244e-01 -5.693041071988897556e-02 3.704823870715293399e+00 6.993442390590403068e-01 7.147071605221413382e-01 1.055035512719333310e-02 1.540652665931659282e+00 3.332632954001666509e-02 -4.734698952874782929e-02 9.983224020034584534e-01 1.469222316678409912e-01
7.228495710824425213e-01 -6.883990895604544802e-01 -5.995991226033096227e-02 3.783359452821654756e+00 6.901004008107426424e-01 7.236195431967374914e-01 1.167019728185746119e-02 1.628809937478775893e+00 3.535441113611558633e-02 -4.981415658306950073e-02 9.981325640500543495e-01 1.609085281345281337e-01
7.301543672347976521e-01 -6.810470788601421521e-01 -5.522206428611335649e-02 3.998194348000404297e+00 6.830198697679095154e-01 7.297258542299724926e-01 3.136933487603739412e-02 1.709483169865359198e+00 1.893297415041568163e-02 -6.062222401400582661e-02 9.979812064590271037e-01 1.127531045848450958e-01
7.190188258520386899e-01 -6.940213636764697158e-01 -3.669161799388229867e-02 4.108847284478376771e+00 6.949292360785509493e-01 7.172511635094507287e-01 5.122621679980931403e-02 1.815109137153336993e+00 -9.234983142233759920e-03 -6.233069231921551517e-02 9.980128255094570244e-01 1.818949799049900118e-02
7.101436288267468644e-01 -7.038572455643332670e-01 -1.676318297249991887e-02 4.127986621473666240e+00 7.034828329676616754e-01 7.084022828033891273e-01 5.725477655829397383e-02 1.863364352845703786e+00 -2.842411223895230030e-02 -5.245172623982095883e-02 9.982188568935623785e-01 2.750905694095510945e-02
6.926033657814438804e-01 -7.211394568413294071e-01 -1.607673769170634565e-02 4.180173125083152641e+00 7.207002281507637331e-01 6.909149591924614864e-01 5.681285336538220709e-02 1.951185378908520729e+00 -2.986233165130462719e-02 -5.093528198284409669e-02 9.982553972795116248e-01 9.539048811003243700e-02
6.644830752732989732e-01 -7.465855607191468346e-01 -3.274512484350101255e-02 4.342418729218505469e+00 7.469959193161611610e-01 6.623151376502789400e-01 5.775599505069021339e-02 2.051809542680607557e+00 -2.143220008171288146e-02 -6.283835584234556682e-02 9.977935667434864042e-01 1.129764198798612895e-01
6.478285444210130084e-01 -7.609066662587697927e-01 -3.659538599764643879e-02 4.396969996620429200e+00 7.612578381686645468e-01 6.448429782383191533e-01 6.829375698778025749e-02 2.109662132278289803e+00 -2.836689725935522682e-02 -7.210116961395221513e-02 9.969938517765178920e-01 7.707143053219865647e-02
6.396661485347833187e-01 -7.684198342606897159e-01 -1.892555767872784733e-02 4.504172064225369532e+00 7.671069986675199681e-01 6.366254090818703748e-01 7.908818563256372891e-02 2.185820816978221171e+00 -4.872443959643060762e-02 -6.510796284722397687e-02 9.966879562630915901e-01 8.111533522939975982e-02
6.355854901335636908e-01 -7.720276814833446632e-01 -2.084167730563732390e-03 4.564826942282814493e+00 7.701805213449486320e-01 6.338733869818169442e-01 7.089777018371656858e-02 2.296718528848390672e+00 -5.341394267886304809e-02 -4.666677940089014598e-02 9.974814095650343937e-01 8.703302577632554549e-02
6.424407011440551596e-01 -7.663004439302313342e-01 7.319504482236185994e-03 4.642601215859178510e+00 7.650797138826478383e-01 6.419053182812359815e-01 5.109396997211271274e-02 2.395091048481014617e+00 -4.385176072611862014e-02 -2.722484149808537812e-02 9.986670271349822325e-01 8.672863635370547941e-02
6.490707247214226872e-01 -7.605312434605545624e-01 1.730381547376368123e-02 4.726368442848459139e+00 7.596555109977837228e-01 6.491953469588371828e-01 3.832631077590397534e-02 2.495966114028641769e+00 -4.038191328185559981e-02 -1.173154752528116247e-02 9.991154447171551878e-01 1.174369149843999122e-01
6.730799168649643782e-01 -7.391397575639507833e-01 2.521595331048812061e-02 4.794381411421335670e+00 7.376418201635338567e-01 6.733952690379603201e-01 4.922760184207423256e-02 2.568793917983007713e+00 -5.336638135457023868e-02 -1.453376845821775093e-02 9.984692278260364207e-01 1.231181307571942579e-01
6.901726117374318292e-01 -7.231377545403849805e-01 2.708420140639414275e-02 4.913630779464047471e+00 7.207408125095151608e-01 6.902710107864926670e-01 6.370724331594923573e-02 2.675953317673593013e+00 -6.476455196059011099e-02 -2.444830517814487389e-02 9.976010390848940590e-01 1.095072978304444666e-01
6.820600302257715519e-01 -7.309007067513340061e-01 2.404728755639630108e-02 5.035017912604097035e+00 7.286578831805887724e-01 6.820225205678197566e-01 6.247376022860541556e-02 2.797142678266654858e+00 -6.206290717653364930e-02 -2.508860914276156776e-02 9.977568627897673847e-01 8.179029113396175943e-02
6.608898386962203109e-01 -7.502563757927770416e-01 1.843886358676328704e-02 5.085786437432893159e+00 7.484562343905544202e-01 6.607105529429946333e-01 5.722613416677493903e-02 2.855991640460008529e+00 -5.511702377664659536e-02 -2.401948817209818843e-02 9.981909526127528132e-01 6.882679471779987179e-02
6.402749318138822865e-01 -7.679365579311728807e-01 1.792915735752271394e-02 5.094463120392831001e+00 7.662986372501324750e-01 6.401789466906601112e-01 5.438119861336995764e-02 2.943395795354985189e+00 -5.323917955151278442e-02 -2.107982938401979645e-02 9.983592692782605749e-01 1.139050654673999935e-01
6.121943934818450117e-01 -7.906143627699312448e-01 1.212245731242080071e-02 5.189695944883276013e+00 7.886522344409699903e-01 6.116361453238645662e-01 6.268076933661330397e-02 3.044184816283531436e+00 -5.697084956941772527e-02 -2.881241252064746863e-02 9.979600027977467702e-01 1.231877109262975722e-01
5.938746131073364687e-01 -8.044918888014378489e-01 1.028322708620887926e-02 5.247068767043573168e+00 8.010506714342569001e-01 5.924297739429935650e-01 8.570171958939759582e-02 3.109654041785494538e+00 -7.503842816409285466e-02 -4.265868960186838810e-02 9.962677704814673074e-01 1.108587313770817984e-01
5.952166877518187960e-01 -8.035543181022899439e-01 4.189568106364005562e-03 5.335066306934844960e+00 7.996444704662089009e-01 5.928188538872907198e-01 9.557472117969149916e-02 3.204941049706427680e+00 -7.928313486846093328e-02 -5.353750400348401828e-02 9.954134418373635773e-01 9.693657041609470004e-02
6.014721300567162920e-01 -7.988289077491017576e-01 -1.018100728876537506e-02 5.445772998358403783e+00 7.962098035840428079e-01 5.983589823068045099e-01 8.953478078057414136e-02 3.297072398172275598e+00 -6.543107397633748934e-02 -6.195889312392866000e-02 9.959316593628102510e-01 9.682342819597848649e-02
6.123166568854306879e-01 -7.903934872840595594e-01 -1.861308570852572911e-02 5.512394669871114594e+00 7.893465171899584076e-01 6.098348135183084828e-01 7.094769919576297823e-02 3.408308505616322037e+00 -4.472569173006049614e-02 -5.813463236344572349e-02 9.973063606631789035e-01 9.454540542441854101e-02
6.369593433046085718e-01 -7.706217064544187423e-01 -2.061505562062523889e-02 5.600573055051565774e+00 7.703448917444934985e-01 6.352629400264826476e-01 5.486114100229765034e-02 3.487066935919955313e+00 -2.918120525485923961e-02 -5.082501913614230482e-02 9.982811601396094359e-01 1.166525095762328268e-01
6.520512394151214419e-01 -7.579990369662624738e-01 -1.632914986833641779e-02 5.681854382883379628e+00 7.576145668661474764e-01 6.505903187789292552e-01 5.246336991988612142e-02 3.593334796981402235e+00 -2.914359705704856751e-02 -4.658000718494785530e-02 9.984893357874317088e-01 1.214717044285699293e-01
6.797499283015095983e-01 -7.334024086991262070e-01 -7.806528576295511390e-03 5.731963457717726307e+00 7.321865432344352165e-01 6.779231492770703138e-01 6.575005384536104780e-02 3.656036957854397418e+00 -4.292902142492133200e-02 -5.040942956014321519e-02 9.978055865402436497e-01 1.434030851943176865e-01
6.860013601973073971e-01 -7.275961662873992042e-01 -2.439797393943489434e-03 5.850308269901316471e+00 7.255614022809243613e-01 6.838243742358077748e-01 7.710302666656276838e-02 3.771414641717357075e+00 -5.443147368557062216e-02 -5.466300398702229196e-02 9.970201455675465896e-01 9.889985715826339618e-02
6.840600516445889401e-01 -7.294229684643713796e-01 1.994698129341599541e-03 5.914130983235706296e+00 7.274073317296747554e-01 6.823679580254404797e-01 7.247443415512602738e-02 3.866945035851736101e+00 -5.422563498860362430e-02 -4.812590712719732461e-02 9.973682758005024684e-01 6.778436534436789451e-02
6.748900457980553380e-01 -7.379178511647934702e-01 8.191550722999041412e-04 5.983152169219003724e+00 7.367520525026203249e-01 6.738853781001754584e-01 5.545187387239165072e-02 3.929226770973671456e+00 -4.147094423659590523e-02 -3.682040351649149695e-02 9.984610251126520009e-01 9.869611553002108351e-02
6.658228431233288447e-01 -7.460911724331332762e-01 -5.282422978099484377e-03 6.050663916347176041e+00 7.458965637528495174e-01 6.654465208286388656e-01 2.862244047510993303e-02 4.009158337576300468e+00 -1.783978017965077642e-02 -2.299761584191943944e-02 9.995763362088606607e-01 1.509138201883776786e-01
6.274985328471902601e-01 -7.785219523657612717e-01 -1.221314698294596532e-02 6.103445838536218027e+00 7.786174199056875578e-01 6.274353836763381098e-01 8.930438417936123821e-03 4.123119527598777090e+00 7.104182105263827721e-04 -1.511320599772742086e-02 9.998855366042836978e-01 1.716142104913093991e-01
6.305418284788258942e-01 -7.761504489604664769e-01 -2.735528659207103058e-03 6.132626994688413546e+00 7.760431624849113419e-01 6.303869369093912933e-01 1.921769326461220465e-02 4.145937578589612649e+00 -1.319137972300787193e-02 -1.424044776197298454e-02 9.998115808233779545e-01 1.664242561994796477e-01
6.353334329362549937e-01 -7.722209910285189327e-01 5.115663042597501375e-03 6.288066232501868136e+00 7.716376972696392667e-01 6.350868135184830621e-01 3.521368267233599553e-02 4.272029894292961316e+00 -3.044163507175259853e-02 -1.842499144834581354e-02 9.993667127457701582e-01 1.431239137904246062e-01
6.466040483716084530e-01 -7.628226553874097871e-01 2.191131476611023893e-03 6.367669297767531766e+00 7.623745764086733434e-01 6.463176860668076174e-01 3.253388883830752448e-02 4.385783471730370309e+00 -2.623375449954793923e-02 -1.936608130078448786e-02 9.994682311208840098e-01 1.042011579808148625e-01
6.639428929732442697e-01 -7.477791637823095749e-01 -2.481347083517075267e-03 6.436137911569257852e+00 7.477175942343871062e-01 6.638369349775994355e-01 1.545713530661127141e-02 4.496938599374117551e+00 -9.911313871510209206e-03 -1.211800200429826238e-02 9.998774524334290703e-01 8.939715476422033236e-02
6.761847042412900688e-01 -7.367250447239278577e-01 -3.233299652894696882e-03 6.487635098503862885e+00 7.367077871539525757e-01 6.761915246580366690e-01 -5.163170282520801804e-03 4.587132960995573328e+00 5.990166679274558370e-03 1.109259737944051378e-03 9.999814435508231902e-01 1.227017521927123295e-01
6.981635915166448658e-01 -7.159371218083183663e-01 -1.279491071061005392e-03 6.548112354694095139e+00 7.159076581735652756e-01 6.981491546585938401e-01 -7.998926048705468431e-03 4.668865705136527211e+00 6.620003702522235869e-03 4.668561482102984161e-03 9.999671895040689318e-01 1.832471003169550139e-01
7.027424099663843737e-01 -7.114353523757328546e-01 3.583939823031952014e-03 6.701149609852478761e+00 7.114443794022551337e-01 7.027336053130510685e-01 -3.517809071133247509e-03 4.776479995242532084e+00 -1.586121695203103650e-05 5.021887467661781748e-03 9.999873901178374380e-01 1.783934915625924877e-01
6.981608013707660820e-01 -7.158672353529620391e-01 1.027602926409973416e-02 6.767805418709239795e+00 7.159253184007310367e-01 6.981685615739702255e-01 -3.405598705837048230e-03 4.847954374370145203e+00 -4.736444039739343137e-03 9.734525044410269681e-03 9.999414008430784762e-01 1.288276167871977018e-01
6.925449430641246185e-01 -7.213379967713967611e-01 7.279852343070917012e-03 6.837928654494359826e+00 7.213638960366722808e-01 6.924439670559137117e-01 -1.246924146296641764e-02 4.943399381548137406e+00 3.953647822137720119e-03 1.388693276779223371e-02 9.998957554501375355e-01 1.251612666991215317e-01
6.866230376521346157e-01 -7.270060241541012047e-01 -3.323403225896741364e-03 6.894045657751127543e+00 7.269727964325665148e-01 6.866257515120373078e-01 -7.458592866245576138e-03 5.031086475393459878e+00 7.704376183032216746e-03 2.705217953628912160e-03 9.999666616360035620e-01 1.743251775623579636e-01
6.759350869383117244e-01 -7.369199495764505725e-01 -7.793982418416851160e-03 7.002977462699602640e+00 7.368888599930268901e-01 6.756828285309794957e-01 2.115474524905218423e-02 5.128258144937719365e+00 -1.032309371623757119e-02 -2.004253338818881569e-02 9.997458329953213818e-01 1.587735539695186715e-01
6.698418708512881015e-01 -7.424387467289378373e-01 -9.827278871094516019e-03 7.078945232595669879e+00 7.417727353137867352e-01 6.685365763740201972e-01 5.321705737079777260e-02 5.236721414612804715e+00 -3.294051000742281160e-02 -4.293662079935867820e-02 9.985346110149527776e-01 1.470783163748126954e-01
6.733231052070561828e-01 -7.391933679148035008e-01 -1.513805882857873798e-02 7.168824893411133381e+00 7.381071428823444691e-01 6.708659058298400701e-01 7.167134728167486035e-02 5.308200276586458877e+00 -4.282337703159284914e-02 -5.943148345681772277e-02 9.973134197200657081e-01 1.440055834335042251e-01
6.660826725655158986e-01 -7.454827090275786272e-01 -2.427764092498018930e-02 7.276020329914632434e+00 7.452329523609224626e-01 6.638007732212563017e-01 6.321692958603369883e-02 5.417210978767917240e+00 -3.101161110621221059e-02 -6.020019943293269948e-02 9.977044732609111621e-01 1.121571724813337778e-01
6.711761781923133441e-01 -7.409659398927603835e-01 -2.218138286938503567e-02 7.304693324004320587e+00 7.411120790057375007e-01 6.700376072489721002e-01 4.245575607459743661e-02 5.502106024707578591e+00 -1.659590850039577292e-02 -4.493418287796559218e-02 9.988520886648513120e-01 1.198712799285847203e-01
6.874642875699698008e-01 -7.260110739743161901e-01 -1.734283086966832699e-02 7.378941432330720751e+00 7.261828667113237046e-01 6.869992802838413848e-01 2.627609149793420917e-02 5.592247424940581801e+00 -7.162221082716082113e-03 -3.065794115957606869e-02 9.995042737442487724e-01 1.818865330519900958e-01
7.168654386583617200e-01 -6.968657576634680328e-01 -2.195583415121064863e-02 7.463437229564968689e+00 6.971945039819218426e-01 7.162721918390541065e-01 2.956299740349913052e-02 5.676626637615096449e+00 -4.875087133250145463e-03 -3.650017800227806086e-02 9.993217552576573182e-01 2.414029865510866069e-01
7.236055102308072140e-01 -6.896150432139063202e-01 -2.874295977618543038e-02 7.641387329153876529e+00 6.901215690709296968e-01 7.222005171898407960e-01 4.646108989041018017e-02 5.794462156642280704e+00 -1.128208609661248210e-02 -5.345563715651336506e-02 9.985064894078053976e-01 2.322729839375495264e-01
7.157687846171347790e-01 -6.978819639593595303e-01 -2.521529987798835568e-02 7.668535357757310322e+00 6.980391854786044403e-01 7.139416187808289571e-01 5.503326729330162981e-02 5.892911212448204594e+00 -2.040447264881467895e-02 -5.699236223246617605e-02 9.981660824447438074e-01 1.665308766781981864e-01
7.129371426015582713e-01 -7.008455102944211035e-01 -2.315602295900702490e-02 7.756588553250181484e+00 7.009734435579522138e-01 7.114001101029070462e-01 5.045904053862210192e-02 5.953847504878083008e+00 -1.889079473267443743e-02 -5.220588133270358255e-02 9.984576524964109412e-01 1.474331751167001769e-01
7.018249235767887173e-01 -7.118970551885223097e-01 -2.538423645384288441e-02 7.795620380803999439e+00 7.122636615215934830e-01 7.007415877891742806e-01 4.051794193391271282e-02 6.054192974826130502e+00 -1.105681338757030091e-02 -4.651677070280109405e-02 9.988563144522316639e-01 1.943968573476759498e-01
6.953352140839542672e-01 -7.177550493446650526e-01 -3.655993975732136497e-02 7.895082386156047960e+00 7.186648576826889512e-01 6.940287694912180561e-01 4.295217631769264466e-02 6.155125770239770588e+00 -5.455491429919426261e-03 -5.614050461781761037e-02 9.984079734029145392e-01 2.665134675603980652e-01
6.860310002694980369e-01 -7.264611670926114373e-01 -4.019501680149754896e-02 7.988113552274894502e+00 7.274309471473695554e-01 6.837612302833727673e-01 5.757427458204864013e-02 6.227768479797109791e+00 -1.434168056793273111e-02 -6.873683632383137398e-02 9.975317356007668002e-01 2.400511449710895917e-01
6.872194773331139483e-01 -7.258419646171481165e-01 -2.971249526243405908e-02 8.094822939429585418e+00 7.259795337024650408e-01 6.847283268359245501e-01 6.403776287181463245e-02 6.301291760099679173e+00 -2.613630844539819448e-02 -6.557866138610891904e-02 9.975050538978000869e-01 1.765430657969871975e-01
6.871899009594348851e-01 -7.262037149007212200e-01 -1.995506160737236037e-02 8.207637921504755241e+00 7.260876088115921778e-01 6.856614412659389757e-01 5.162530669526054633e-02 6.392306934399914375e+00 -2.380807320272574842e-02 -4.996551236110154809e-02 9.984671367776037920e-01 1.556584790879994018e-01
6.968479084194012518e-01 -7.170592551262118253e-01 -1.513331323101806819e-02 8.261261242561397822e+00 7.172020288405194233e-01 6.965315028511813722e-01 2.156653340056254378e-02 6.458038181621019724e+00 -4.923652967943259982e-03 -2.588223664440439734e-02 9.996528734854586151e-01 1.987435089811754318e-01
7.069194821441681098e-01 -7.071604035967602453e-01 -1.374806713281609069e-02 8.354104646836663761e+00 7.071446299912800271e-01 7.070361262698668936e-01 -6.810904770789317358e-03 6.554445344352879843e+00 1.453678229585483872e-02 -4.907110572230879986e-03 9.998822941858280799e-01 2.522402652532415579e-01
7.345323431040504669e-01 -6.784278002096859606e-01 -1.406971345550895973e-02 8.406881448869173212e+00 6.785050759547890387e-01 7.345950157516412116e-01 1.012292661289005032e-03 6.621963711810933795e+00 9.648773894103972529e-03 -1.028993369719587159e-02 9.999005042637231222e-01 2.647957361922822495e-01
