1.000000000000000000e+00 0.000000000000000000e+00 0.000000000000000000e+00 0.000000000000000000e+00 0.000000000000000000e+00 1.000000000000000000e+00 0.000000000000000000e+00 0.000000000000000000e+00 0.000000000000000000e+00 0.000000000000000000e+00 1.000000000000000000e+00 0.000000000000000000e+00
9.999985869211177603e-01 -1.657619456682654950e-03 -2.800955273911673662e-04 1.276326907141562932e-02 1.657780389611015299e-03 9.999984603886982182e-01 5.753124480458898012e-04 -4.905845392962745327e-02 2.791414470453752218e-04 -5.757759719565455712e-04 9.999997952810203428e-01 -1.389142266222605747e-02
9.999938537152848195e-01 -3.500404326115642666e-03 -1.992516181246434910e-04 1.467613637834340803e-02 3.500469352857285901e-03 9.999938198908508991e-01 3.269471122891003394e-04 -9.670137686020402468e-02 1.981059396416275423e-04 -3.276425769618139419e-04 9.999999267021865146e-01 -2.140003327862227689e-02
9.999945072194145190e-01 -3.302170196014555387e-03 -2.849613954150136911e-04 1.341154193498701047e-02 3.302281037982698376e-03 9.999944716455313465e-01 3.893819728367720273e-04 -1.049144155182959448e-01 2.836740145018430128e-04 -3.903208566596673467e-04 9.999998835893344484e-01 -1.877904804737071803e-02
9.999979811770308702e-01 -1.997447103655755271e-03 2.187394128313119085e-04 -2.121991859536956349e-02 1.997463412672689960e-03 9.999980023028073317e-01 -7.436605126706061003e-05 -6.664973574421836910e-02 -2.185904336024872547e-04 7.480282510920823217e-05 9.999999733113794642e-01 -1.193619816387469709e-03
9.999994796685521825e-01 -8.636062377312298281e-04 5.429980581317605214e-04 -5.859603986706358320e-02 8.636471491242965091e-04 9.999996242357060972e-01 -7.511357006229729108e-05 -2.199343960600126657e-02 -5.429329855448346374e-04 7.558248970323013774e-05 9.999998497555189214e-01 1.063915202959685863e-02
9.999982976737452622e-01 1.558037474628800852e-03 9.885185072642326508e-04 -9.527043213137847966e-02 -1.558108810429456722e-03 9.999987835988655149e-01 7.139834930064073567e-05 2.103020444368149458e-02 -9.884060635253618873e-04 -7.293844715279714213e-05 9.999995088665976084e-01 1.885774515189489464e-02
9.999993362540732234e-01 5.992892821709030994e-04 9.840445971809571365e-04 -4.937920798156132662e-02 -6.004357529931228987e-04 9.999991409181885338e-01 1.165178008437170671e-03 -8.122905060592905402e-03 -9.833454731138643271e-04 -1.165768090613700974e-03 9.999988370075434396e-01 2.285352865552145452e-02
9.999987171928096386e-01 -1.501866331377225711e-03 5.567856478928893656e-04 -4.434610893257837777e-02 1.501168983035781890e-03 9.999980910396170097e-01 1.250763289458726307e-03 -1.449144326058566731e-02 -5.586630642841063999e-04 -1.249925855625768842e-03 9.999990627900288143e-01 1.810848619494038331e-02
9.999969030564415107e-01 -2.416405646147748530e-03 5.957023410387535895e-04 -7.649852019601084685e-02 2.415988063078536741e-03 9.999968359925417438e-01 7.007186200863398280e-04 -1.030135188627202825e-02 -5.973936766620410602e-04 -6.992772402552255382e-04 9.999995770659787508e-01 1.694265195553662506e-02
9.999993786939483931e-01 -6.845399048926350660e-04 8.797822661405330742e-04 -7.524784408041554351e-02 6.841122361959529451e-04 9.999996477433076292e-01 4.863164699473333102e-04 -4.676532207098757152e-03 -8.801148592614275101e-04 -4.857142979825126257e-04 9.999994947395999256e-01 2.530050134899446135e-02
9.999998448590261546e-01 1.654154570188062095e-04 5.319019178482216770e-04 -3.583899542233064117e-02 -1.656071939609083581e-04 9.999999213248769170e-01 3.604504087855903453e-04 6.181889216840893639e-03 -5.318422519316708726e-04 -3.605384396490401381e-04 9.999997935779050273e-01 1.130435918378575391e-02
9.999999666039079971e-01 -2.508463037435734147e-04 6.219577727703435872e-05 -7.190623689712762751e-03 2.508143159992801022e-04 9.999998365596808325e-01 5.137828243392339803e-04 1.161829038967998606e-03 -6.232464763414908985e-05 -5.137672075895597344e-04 9.999998660794383598e-01 -3.874262355046595267e-03
9.999996264263293355e-01 -8.623396810683801308e-04 5.930831513594128369e-05 -8.308374686410081866e-03 8.623138136201082124e-04 9.999995336803145785e-01 4.348034500839661272e-04 -3.122665632398829647e-03 -5.968323574777926007e-05 -4.347521452734409556e-04 9.999999037142371927e-01 -7.394819868154624970e-03
9.999995571006959905e-01 -9.398610403814881440e-04 4.959472388148803606e-05 -1.030060178003049803e-02 9.398481343327046459e-04 9.999995246426406359e-01 2.596150557578153439e-04 -9.347956187625603569e-03 -4.983870238267428627e-05 -2.595683292657750244e-04 9.999999650701925091e-01 -3.318607803882723736e-03
9.999999438330943180e-01 -3.443732352352574792e-05 3.333884805400801673e-04 -1.689299518024074687e-02 3.447045109893439083e-05 9.999999944695847631e-01 -9.936105083506658383e-05 -1.504056291621110389e-02 -3.333850569676501683e-04 9.937253730557923026e-05 9.999999394897495231e-01 6.590732976547148021e-03
9.999999551352521943e-01 -2.670566294731958434e-04 1.356843772296990403e-04 1.307501775381289186e-02 2.670826465406168633e-04 9.999999459465129803e-01 -1.917650410366601179e-04 -3.000784099406732242e-02 -1.356331577699752735e-04 1.918012713757346168e-04 9.999999724079590147e-01 2.217993165961933133e-03
9.999997527950511556e-01 -6.477036563316156993e-04 -2.736600265715499790e-04 3.897629758407885475e-02 6.477289088526014434e-04 9.999997859733320560e-01 9.219843089811832098e-05 -3.554966718003783888e-02 2.736002507402056534e-04 -9.237566561661769997e-05 9.999999583048186924e-01 -1.138968967883817116e-02
9.999997633550562481e-01 -5.527170612981993593e-04 -4.096262706097438260e-04 2.914253690179591239e-02 5.525763814729639381e-04 9.999997883444415869e-01 -3.434682150498214685e-04 -6.212659981932237840e-02 4.098160246525384414e-04 3.432417839674352291e-04 9.999998571179415929e-01 -2.949021665447895332e-02
9.999900452668882833e-01 4.455206011019211335e-03 -2.459807435098663856e-04 1.563561587539982756e-02 -4.455340564419473307e-03 9.999899241109065917e-01 -5.491967938180439095e-04 -7.666416217293463287e-02 2.435314801781250280e-04 5.502872546951612272e-04 9.999998189381613667e-01 -2.315080996521065929e-02
9.999822173014326632e-01 5.961639255242500227e-03 -1.547200720411481215e-04 -5.402714174142861023e-03 -5.961708069195296653e-03 9.999821284257131015e-01 -4.481808543802109023e-04 -6.680881481573940073e-02 1.520454143749657761e-04 4.490952804171279900e-04 9.999998875978042268e-01 -1.647724546333262027e-02
9.999855427237803740e-01 5.377061567021712389e-03 -3.939962932454268697e-05 -1.018201454632272282e-02 -5.377067675892680497e-03 9.999855312021576070e-01 -1.566191162747059408e-04 -7.904130676087321727e-02 3.855690862848929753e-05 1.568287064621638575e-04 9.999999869590607826e-01 -9.521681157632213427e-03
9.999906914475190645e-01 4.309432025225443455e-03 -2.140418948399100895e-04 2.506996833343925341e-02 -4.309416396757853943e-03 9.999907117265157686e-01 7.342353738766226067e-05 -8.716802651971931881e-02 2.143563205036774636e-04 -7.250045826959493388e-05 9.999999743975254152e-01 -1.300125663441162316e-02
9.999874348005054481e-01 5.003103751450572838e-03 -3.149507217528895353e-04 3.746736261461973416e-02 -5.003127149989151749e-03 9.999874815762984648e-01 -7.354871358054610071e-05 -7.438573480755901468e-02 3.145788072214802879e-04 7.512352793319796384e-05 9.999999476983134628e-01 -1.902931847607755231e-02
9.999821292041062293e-01 5.964586382692190457e-03 -4.061794007983195566e-04 6.875354681261863776e-02 -5.964736173890576414e-03 9.999821428785409250e-01 -3.685734895890045606e-04 -7.262581591695967120e-02 4.039737591864014238e-04 3.709896558524311831e-04 9.999998495859272474e-01 -2.408282294989044781e-02
9.999325744442222330e-01 1.160279192870207650e-02 -4.709403456051152056e-04 1.076105209054922240e-01 -1.160286818255862849e-02 9.999326717366484596e-01 -1.595103329277507934e-04 -7.787417209963602704e-02 4.690578728060647187e-04 1.649638366068056276e-04 9.999998763858146678e-01 -3.331877624978687308e-02
9.999101617156825883e-01 1.339095278234954216e-02 -5.923523431157096553e-04 7.756765024617963411e-02 -1.339084628414377760e-02 9.999103217806848409e-01 1.833909535376533953e-04 -3.428001899127642443e-02 5.947550016119046001e-04 -1.754423788363133581e-04 9.999998077432113996e-01 -5.496479060204266520e-02
9.999348187502620222e-01 1.139317814680652734e-02 -7.441388282737995729e-04 7.463013988638522722e-02 -1.139329577555220178e-02 9.999350824365097479e-01 -1.540261705706041690e-04 -2.125594524645419217e-02 7.423356729935882666e-04 1.624943247209102693e-04 9.999997112666297872e-01 -6.490270327075919887e-02
9.999567361261595400e-01 9.265171818826672262e-03 -8.261156611825208303e-04 9.629684348572274677e-02 -9.265276078002752935e-03 9.999570689090557796e-01 -1.224663560645360670e-04 -1.657776741671244947e-02 8.249455233049766056e-04 1.301152473687754304e-04 9.999996512673922089e-01 -6.220687491338502267e-02
9.999981224560723359e-01 -1.785043984475605250e-03 -7.541235334816742989e-04 1.308033747951511672e-01 1.785531946595475105e-03 9.999981967082866019e-01 6.468816295639303682e-04 -2.706169108086591349e-03 7.529674614154346175e-04 -6.482269266759658989e-04 9.999995064208049289e-01 -4.673199804624215276e-02
9.997164019283564240e-01 -2.380527765877090904e-02 -6.515143971836017192e-04 1.690635298744396775e-01 2.380580680969255139e-02 9.997162679049192979e-01 8.168527401646978343e-04 4.773115036134756989e-02 6.318841353527651118e-04 -8.321309081758565020e-04 9.999994541401465709e-01 -2.810638853641612631e-02
9.986161437576412947e-01 -5.258300838711754688e-02 -9.081054884456540204e-04 1.929976969288929589e-01 5.258448017133174335e-02 9.986150643549864814e-01 1.680978404712491240e-03 7.406060135327575955e-02 8.184569192317127330e-04 -1.726404427304507926e-03 9.999981748263467862e-01 -3.069013411824075138e-02
9.978499525966202377e-01 -6.552337913080770460e-02 -1.469316236605226972e-03 2.156164478909575188e-01 6.552725472864327771e-02 9.978469459815302312e-01 2.766095273220277664e-03 2.599717400091446085e-02 1.284908810078453723e-03 -2.856428296573551573e-03 9.999950949013381996e-01 -6.059445170512608309e-02
9.974574774950217826e-01 -7.125231085183590662e-02 -1.299533586116768252e-03 2.567991992893924325e-01 7.125425491007046641e-02 9.974570322349485263e-01 1.516575833782662528e-03 -3.559213737851552734e-02 1.188169381358607224e-03 -1.605317203004126081e-03 9.999980056031106956e-01 -4.183511631907554235e-02
9.969222964676129894e-01 -7.839013178728225506e-02 -9.602312811545377774e-04 2.752284031283946386e-01 7.838914462907327352e-02 9.969223086988516780e-01 -1.025876636639436483e-03 -7.000663438113992332e-02 1.037694590437097247e-03 9.474475837152744910e-04 9.999990127660192130e-01 -3.510780393145649519e-03
9.968692709944492192e-01 -7.903788196494286600e-02 -2.160963093397514235e-03 3.094621236897600602e-01 7.903092905275511948e-02 9.968672406505844075e-01 -3.133172632995814225e-03 -1.823522179390036912e-01 2.401832644805443426e-03 2.952580597634375369e-03 9.999927567076477564e-01 -4.053458582792710679e-02
9.964445775310520892e-01 -8.400981444964113198e-02 -6.368279602843052514e-03 3.811755030698248947e-01 8.382531347373380071e-02 9.961629452602617230e-01 -2.515359440380295422e-02 -1.797552259457964874e-01 8.456992964014002287e-03 2.453033971508816399e-02 9.996633141730614236e-01 -8.815416366637840451e-02
9.959397800996475647e-01 -8.954596320016605659e-02 -9.245263090914109666e-03 3.847165364163396273e-01 8.886451808513215478e-02 9.943519235523576860e-01 -5.802886827453569707e-02 -7.559197884189977623e-02 1.438929604125691736e-02 5.697168245962815070e-02 9.982720949506483921e-01 -2.897468383894656607e-02
9.987474625814191098e-01 -4.896062140574138077e-02 -1.031327003139657049e-02 4.523744879174603772e-01 4.818831181625672644e-02 9.967125333522196540e-01 -6.513073362783143583e-02 -5.422575436424641182e-02 1.346820669116924503e-02 6.455217587474475216e-02 9.978234432996450076e-01 2.800616401870548861e-02
9.991719210672982410e-01 -3.982153568455019943e-02 -8.349697384267031064e-03 6.890996347800557587e-01 3.928718700878584824e-02 9.976254782277996780e-01 -5.656785419026127970e-02 -7.140475663373802018e-02 1.058248967027272669e-02 5.619297541933571116e-02 9.983638417059687020e-01 -6.812192613369350003e-04
9.982917540503745135e-01 -5.808973549270952941e-02 -6.257509521649087282e-03 7.668718286118263450e-01 5.773923207933778778e-02 9.972569582705855806e-01 -4.631134050951243863e-02 -2.155769800083325721e-02 8.930558432419376247e-03 4.587092555515617787e-02 9.989074548299249345e-01 -4.306230103979030721e-02
9.982066849599255942e-01 -5.986069870755603844e-02 3.329437775852259586e-04 7.388823865284706027e-01 5.984435938078166289e-02 9.977697751016411098e-01 -2.956566494980964951e-02 -7.646909977046438892e-03 1.437620123566403334e-03 2.953256920526476162e-02 9.995627847236593366e-01 -1.564292387231737413e-02
9.978178756719466858e-01 -6.601318805828036707e-02 1.321359869830923250e-03 7.534006708433351740e-01 6.601806330892369401e-02 9.978101345567300662e-01 -4.068254271684144247e-03 -1.882718318652047002e-02 -1.049907835208268962e-03 4.146610454605565224e-03 9.999908516157911542e-01 -2.857599177625656447e-02
9.955234144609039770e-01 -9.449673388081644698e-02 -1.870440044820304709e-03 8.650792134248430632e-01 9.450884510290133433e-02 9.954913412595559619e-01 8.066453654864365330e-03 2.311840011182472732e-02 1.099753344578091943e-03 -8.207116613551397599e-03 9.999657163020503337e-01 5.891493759478552694e-02
9.853614947181678074e-01 -1.698267074810696775e-01 -1.488671061441583510e-02 9.309224721295462635e-01 1.699584715345965058e-01 9.854181378143789249e-01 8.075371202944827201e-03 1.260873525723510136e-01 1.329822094875563604e-02 -1.048728242114173141e-02 9.998565768284055633e-01 1.530988031734680510e-01
9.733755087242270676e-01 -2.271970550986435189e-01 -3.035814833543186431e-02 9.634400889892824615e-01 2.275736472101967944e-01 9.737141339215465985e-01 9.540466281122827324e-03 1.402459530567614632e-01 2.739259227055786811e-02 -1.619517075909665885e-02 9.994935529220699832e-01 1.294776722265273405e-01
9.629758083529710300e-01 -2.666351575870359314e-01 -3.979051728086223372e-02 1.146426105131622908e+00 2.675402473069833365e-01 9.633516555603259812e-01 1.938565965081288228e-02 1.079937017953183503e-01 3.316336228219725346e-02 -2.931348610649178732e-02 9.990199752429499425e-01 2.429654415771728693e-02
9.574403487580375183e-01 -2.866289964952786207e-01 -3.393813398224846539e-02 1.355521858137866298e+00 2.876243551912992524e-01 9.572946874192768130e-01 2.931060797080886626e-02 1.244836402129861214e-01 2.408752521279062045e-02 -3.782459262092148500e-02 9.989940396830125913e-01 -1.075229864695442655e-01
9.534056096105687494e-01 -3.007412226457857329e-01 -2.392614813583206559e-02 1.441257867559883055e+00 3.012479346306997652e-01 9.533041944908405840e-01 2.146612789739493418e-02 1.496789058695836838e-01 1.635314782656455482e-02 -2.767362946358182738e-02 9.994832388732063366e-01 -1.513180105984958113e-01
9.498280106718460791e-01 -3.125778112547815679e-01 -1.103911474411051197e-02 1.379383865953421440e+00 3.125429975614673062e-01 9.498915176879179079e-01 -4.793672896291503380e-03 2.054515985801501632e-01 1.198435724000837185e-02 1.102966778346816182e-03 9.999275767003477089e-01 3.503445560710985451e-02
9.550132017708728993e-01 -2.957926095668410582e-01 -2.136624836007351008e-02 1.362451291382872798e+00 2.954526048657398762e-01 9.551935342774691140e-01 -1.769379418232532031e-02 2.298048733034792901e-01 2.564259583963739153e-02 1.058509329934528842e-02 9.996151324777197145e-01 2.081497590845269863e-01
9.600413245323929923e-01 -2.778978602419659993e-01 -3.306712057354219830e-02 1.603348581544375984e+00 2.778163990523404014e-01 9.606077639946912772e-01 -7.125459333278915536e-03 2.622463806815815146e-01 3.374468265785258297e-02 -2.345852948548261471e-03 9.994277329383374209e-01 1.965201610150633105e-01
9.554082558133365488e-01 -2.919304473622659768e-01 -4.440358799224942976e-02 1.902905997214804801e+00 2.928322000499978262e-01 9.560425032098737175e-01 1.523268427023196855e-02 3.489306681062754878e-01 3.800483308207307231e-02 -2.755623267186163919e-02 9.988975356378341219e-01 6.721108264199027182e-03
9.456965044699852108e-01 -3.227551781100915229e-01 -3.856444523617898884e-02 2.008985029702448522e+00 3.238668697674120245e-01 9.457140389172278283e-01 2.711470563960285962e-02 3.718228263412892698e-01 2.771952561479635452e-02 -3.813202850606309258e-02 9.988881700679528297e-01 -1.219702226933561950e-01
9.235604327392703539e-01 -3.824186711445732856e-01 -2.814404090514430884e-02 2.005331197851664360e+00 3.831370910790151685e-01 9.232890843511173395e-01 2.726235788749497083e-02 3.823642283768388661e-01 1.555945108164748063e-02 -3.596146101167351644e-02 9.992320435233968956e-01 -8.480164774100620861e-02
8.983146613083158316e-01 -4.389835574485364544e-01 -1.800570932658347723e-02 1.983190213496454080e+00 4.393206069168194006e-01 8.979895704947066237e-01 2.474137467825346728e-02 4.015750226310975668e-01 5.307882512204383819e-03 -3.013581876371989113e-02 9.995317197621478300e-01 5.448751266058560888e-02
8.577852829920846744e-01 -5.138572626559571033e-01 -1.245479417396562309e-02 2.096655439303750423e+00 5.139574624871737774e-01 8.571084410784408636e-01 3.482595276270767509e-02 4.755564355854387526e-01 -7.220459537630107352e-03 -3.627442415547958016e-02 9.993157814806358230e-01 9.239276601289077295e-02
8.335213140193455938e-01 -5.524660781070981352e-01 -4.842686901410110309e-03 2.209154950974328901e+00 5.519969142555397612e-01 8.323802631970989019e-01 4.942169657438344466e-02 5.124369459791283665e-01 -2.327285388227174484e-02 -4.386718569602958417e-02 9.987662610897929394e-01 1.300739658097220530e-02
8.116653053523158468e-01 -5.840942808397225905e-01 5.770890542987114347e-03 2.343154264343583204e+00 5.830317667902321643e-01 8.107132950427279328e-01 5.308401034608516839e-02 5.750709340701549710e-01 -3.568460453462100890e-02 -3.972183695764989336e-02 9.985733747040913544e-01 1.395181796263755825e-02
8.089235879386449390e-01 -5.878794346344118349e-01 6.356037318476146641e-03 2.400954443247965475e+00 5.869487272363203001e-01 8.081677342147292054e-01 4.853972568829223455e-02 6.455983781224854390e-01 -3.367225077319979665e-02 -3.553426104698484411e-02 9.988010291442993571e-01 6.580827847806197672e-02
8.050279836044720305e-01 -5.931667486395059141e-01 -9.118877242025537691e-03 2.536164837550399564e+00 5.932136843433329920e-01 8.047656510620664339e-01 2.120781880478839546e-02 7.210678498714547802e-01 -5.241213745538359989e-03 -2.248233037488434408e-02 9.997335017390325262e-01 6.489061641788805568e-02
8.073494773615257358e-01 -5.891857526365852360e-01 -3.235692034375008824e-02 2.564999501892708977e+00 5.894848893056151562e-01 8.077793222146837371e-01 -3.631566230367349463e-04 7.556964162723069922e-01 2.635121789249781840e-02 -1.878072129729703443e-02 9.994763117868954438e-01 5.210806531575632589e-02
8.330625192364088383e-01 -5.498191494043237482e-01 -6.087480588711486479e-02 2.676553226228648441e+00 5.496832843023525816e-01 8.351224421592495784e-01 -2.046444625563751882e-02 8.114945662077764910e-01 6.208966099172274350e-02 -1.641370007879799572e-02 9.979356013529411262e-01 9.783619593937145642e-02
8.332318517742092201e-01 -5.474721562813885667e-01 -7.745269062808105009e-02 2.925544532466188841e+00 5.482853694781962828e-01 8.362016784706195471e-01 -1.224363259316603447e-02 9.051927260839222056e-01 7.146911784176468441e-02 -3.226439244005104012e-02 9.969208464945420456e-01 1.741887759481665077e-01
8.340147194431438704e-01 -5.468247071074590071e-01 -7.349957448186790476e-02 2.992479138466516808e+00 5.485741859114885433e-01 8.360902546802357893e-01 4.410054453858169854e-03 9.482721538523078975e-01 5.904075121237496032e-02 -4.399801956429501976e-02 9.972854977240460661e-01 8.747202025020330007e-02
8.160502925040150624e-01 -5.731801441686544818e-01 -7.434004597060678288e-02 3.080532410954710087e+00 5.748762651403512836e-01 8.182384902930133208e-01 1.747221019465443337e-03 9.961368687518403764e-01 5.982641458747078866e-02 -4.416214820194838686e-02 9.972314198739413715e-01 -5.982865114871661200e-03
7.931609583527564622e-01 -6.041961702492407715e-01 -7.643743847806154512e-02 3.025340106813379393e+00 6.053285971545964150e-01 7.959128474707347634e-01 -1.000143479083379083e-02 1.036971034802026459e+00 6.688036791006236881e-02 -3.833701980041543528e-02 9.970242170083117861e-01 6.650582081279869662e-02
7.694816997062976505e-01 -6.324422081748831692e-01 -8.896497701896563526e-02 3.100875062436296403e+00 6.340058573483896565e-01 7.732183154006312398e-01 -1.303877206424644553e-02 1.097653103048008338e+00 7.703561945646147935e-02 -4.637122003880973092e-02 9.959494079957432744e-01 2.095584980013756038e-01
7.456778543599396070e-01 -6.575038028918618327e-01 -1.079503899941836459e-01 3.185998729563272569e+00 6.614136478285472798e-01 7.500211196296009408e-01 5.536927796228538479e-04 1.171276950930430161e+00 8.060101725965389263e-02 -7.181273767445106593e-02 9.941561279418889008e-01 2.008941376217355801e-01
7.419558188219155248e-01 -6.606749502542995645e-01 -1.140621454417700131e-01 3.398454942616874419e+00 6.672166915535001630e-01 7.442998704836926160e-01 2.897566755675953093e-02 1.232089550964896585e+00 6.575294235775430707e-02 -9.760283246113907185e-02 9.930509743547210055e-01 6.742634747393518035e-02
7.232781117755615607e-01 -6.834138491799035542e-01 -9.906706705806067603e-02 3.567364344880113336e+00 6.894085234710702892e-01 7.228762032000097815e-01 4.653904395856076764e-02 1.333016087620393142e+00 3.980779812821892000e-02 -1.019583522632948047e-01 9.939918679807883128e-01 -3.566888023950975928e-02
7.164020725289192981e-01 -6.933888104499857929e-01 -7.733064088071837927e-02 3.619109157656724474e+00 6.972594830187007764e-01 7.154335357533880835e-01 4.454289236118032236e-02 1.365797670925106955e+00 2.443939067904727855e-02 -8.583014308597665398e-02 9.960099912757289786e-01 -2.246388634401996764e-02
7.150472937375872418e-01 -6.961434002070523430e-01 -6.396666371412776386e-02 3.637494754758547444e+00 6.985788186019905588e-01 7.149917475841889303e-01 2.782867383032301689e-02 1.441600702483065710e+00 2.636288905260025101e-02 -6.458457427800468054e-02 9.975639482489978560e-01 5.349365384690585312e-02
7.141771622009868148e-01 -6.975635620361350098e-01 -5.793149324853109211e-02 3.705983652198715728e+00 6.991062168375125063e-01 7.149522350821616579e-01 9.684995103897461877e-03 1.544893484433333963e+00 3.466235089670722386e-02 -4.741706939996040426e-02 9.982735812190127733e-01 1.421782764827486945e-01
7.233547396173893862e-01 -6.879153753183230302e-01 -5.941680800673883323e-02 3.795435388901889695e+00 6.896346656829140942e-01 7.240410263852554706e-01 1.298537636732738365e-02 1.626932739810625472e+00 3.408736659635516753e-02 -5.036892406669511713e-02 9.981487979890018014e-01 1.645249657561959067e-01
7.300291406372543257e-01 -6.810190919175440616e-01 -5.718785066983951559e-02 4.015971933631666602e+00 6.830878513549940578e-01 7.297123118194425162e-01 3.018160549643672183e-02 1.711569529521710153e+00 2.117642915247675353e-02 -6.109777756128724480e-02 9.979071201396558788e-01 1.101311424546695672e-01
7.192971031360996248e-01 -6.935754685423299870e-01 -3.955688127624247541e-02 4.135730018109016193e+00 6.946683556140084148e-01 7.175294908453023757e-01 5.086556276903582419e-02 1.815842977416618043e+00 -6.895877648632975365e-03 -6.406636561854082978e-02 9.979218144062622642e-01 7.404655493967973734e-03
7.112442055664343066e-01 -7.026971829411696735e-01 -1.866411355291602153e-02 4.136044840747631568e+00 7.023818992708330544e-01 7.093613571522308092e-01 5.887386989015389038e-02 1.864024511636726666e+00 -2.813090160071622658e-02 -5.498303434414777979e-02 9.980909368937487258e-01 1.288356425347349232e-02
6.926457557803233911e-01 -7.210821434204870428e-01 -1.680474455684025092e-02 4.176832504043435534e+00 7.206737816402188912e-01 6.909243270858296260e-01 5.703397844600557876e-02 1.948589138587303760e+00 -2.951537660085945536e-02 -5.161508191516815669e-02 9.982307978934530368e-01 8.168464301333766553e-02
6.642709958031034478e-01 -7.468762216918116703e-01 -3.033073698605649043e-02 4.326189506572049481e+00 7.471363118482234889e-01 6.621569114353035301e-01 5.775427392231446272e-02 2.053446970783103787e+00 -2.305158676940845253e-02 -6.102568401766177847e-02 9.978699766189926823e-01 1.201268836290057540e-01
6.478008864825359758e-01 -7.610145934526401090e-01 -3.479655190609478449e-02 4.393222545654579925e+00 7.612821275226727691e-01 6.449770355357619112e-01 6.673938826550193659e-02 2.119652548176089724e+00 -2.834667153288958699e-02 -6.972382794721926347e-02 9.971635041603723604e-01 7.718921378686434409e-02
6.399106888925056857e-01 -7.682100493656658369e-01 -1.917368756186346029e-02 4.508704125671488150e+00 7.669719010385787072e-01 6.369351327766232806e-01 7.789569726303198494e-02 2.196035065062706071e+00 -4.762786220677376475e-02 -6.455196889659105264e-02 9.967771215538537843e-01 8.381494112795787044e-02
6.352561910314022953e-01 -7.722933520536261476e-01 -3.542616271679510653e-03 4.579554431596272401e+00 7.704776911357615887e-01 6.334343120345007350e-01 7.158980234282523447e-02 2.294380460757647899e+00 -5.304431372334349887e-02 -4.820737195857772994e-02 9.974278671014094044e-01 8.616209520213352624e-02
6.422156256350517456e-01 -7.664541256108570177e-01 1.035198165936527387e-02 4.634055792244068606e+00 7.651838987928867297e-01 6.418325988443156493e-01 5.044319665593232499e-02 2.385517256491274996e+00 -4.530663547755821308e-02 -2.447423941307596412e-02 9.986732801005817617e-01 1.079786023474156587e-01
6.490342729638038932e-01 -7.604057338208117800e-01 2.318690343231314191e-02 4.709137204724896719e+00 7.594622108948719807e-01 6.494057246841292708e-01 3.859216203005527701e-02 2.486386078476622519e+00 -4.440340911483808828e-02 -7.438058880767806774e-03 9.989859921635870776e-01 1.373628281784359806e-01
6.733503043406502409e-01 -7.387389950985798759e-01 2.939497856937421313e-02 4.778814154103460332e+00 7.371007014576127503e-01 6.738757840095970231e-01 5.073444230644616471e-02 2.561204573698734333e+00 -5.728807515573326736e-02 -1.249499284478146344e-02 9.982794957319116591e-01 1.238416969479940455e-01
6.904297822001539409e-01 -7.230324890310043662e-01 2.303770076805972122e-02 4.936183731740391600e+00 7.206657502329917309e-01 6.902378039539820431e-01 6.490493381788156602e-02 2.672286806098264744e+00 -6.282986783503001493e-02 -2.820981741193844677e-02 9.976254878006163285e-01 8.098892605515353726e-02
6.823852383494497520e-01 -7.308152376627709002e-01 1.610822406947977695e-02 5.086294755951076496e+00 7.287634634074081630e-01 6.818586677207831848e-01 6.302834010568567069e-02 2.778098617324049169e+00 -5.704560355718994724e-02 -3.127052372357184973e-02 9.978817332033137477e-01 3.392770420320805058e-02
6.618260041715855468e-01 -7.494736408110242998e-01 1.660126295617956466e-02 5.105302952274969996e+00 7.477027688793100868e-01 6.615365899506080449e-01 5.753181351855866932e-02 2.844309601656692887e+00 -5.410092062511944605e-02 -2.566323997450352043e-02 9.982056343767679030e-01 5.722665319369522191e-02
6.416071835677495949e-01 -7.667946659408468868e-01 1.913536722734460530e-02 5.095546164432534830e+00 7.651502400022076600e-01 6.415798238216467997e-01 5.404109445180356464e-02 2.948497476295878439e+00 -5.371528850173072633e-02 -2.003172358160732261e-02 9.983553464731512728e-01 1.135419925660216545e-01
6.129901205143686305e-01 -7.900307902641799940e-01 9.719186505832033696e-03 5.203774964360777133e+00 7.881331891301915915e-01 6.122905853454154723e-01 6.281970462237312924e-02 3.059751665431634127e+00 -5.558046728171295303e-02 -3.084784485055302311e-02 9.979775659426531886e-01 1.285690053826135659e-01
5.951314841987895843e-01 -8.036108749853649869e-01 5.298879183552145100e-03 5.277751861656581056e+00 8.002275365433662024e-01 5.932060785877757425e-01 8.799112503115878725e-02 3.112783026623369143e+00 -7.385395231862151855e-02 -4.812597980061993075e-02 9.961071648146845314e-01 8.948315752848565174e-02
5.955146238176003415e-01 -8.033388029920958129e-01 3.016691334673471392e-03 5.351751276169655291e+00 7.992581918155623466e-01 5.928595859170859850e-01 9.850814282047706816e-02 3.179168156523322519e+00 -8.092388791389061586e-02 -5.625192435329007257e-02 9.951316723788122820e-01 6.902920205106216622e-02
6.011930153243323360e-01 -7.990614494980042837e-01 -8.231540037294243078e-03 5.453758681919153695e+00 7.964615160575411190e-01 5.983363080057331196e-01 8.742262842875163364e-02 3.296770779927730377e+00 -6.493082291608769097e-02 -5.911397845025161135e-02 9.961373026783119089e-01 9.142622059173212412e-02
6.128843242567800775e-01 -7.899701482023316901e-01 -1.788770609933309705e-02 5.510462890181020867e+00 7.889601402027034416e-01 6.105334397914761180e-01 6.921572124682705274e-02 3.424629692324230756e+00 -4.375731083648244646e-02 -5.653391765634184496e-02 9.974413335644284340e-01 1.033479600930857917e-01
6.380021413767764660e-01 -7.697609952215054285e-01 -2.052505381833177184e-02 5.607043318063199777e+00 7.694769629422655299e-01 6.362994026830960381e-01 5.502975237344413101e-02 3.479997192162306963e+00 -2.929967746913244436e-02 -5.090265593004757866e-02 9.982737342630386701e-01 1.142860975539631563e-01
6.527130240715981468e-01 -7.574242455414966768e-01 -1.655960365479880458e-02 5.688632439299365906e+00 7.570208885517931696e-01 6.511954195587170702e-01 5.351541686280889693e-02 3.579219580982619942e+00 -2.975033619243894201e-02 -4.746617544779749981e-02 9.984297069322385365e-01 1.092374620270223085e-01
6.799028091469657697e-01 -7.332613936611488414e-01 -7.739423762433882137e-03 5.738656930533549527e+00 7.320478337518517842e-01 6.780848824127576613e-01 6.562668163557942858e-02 3.660604972928909628e+00 -4.287352578556900828e-02 -5.028539359880137422e-02 9.978142311960317423e-01 1.451903574994503898e-01
6.867162261290238323e-01 -7.269255917571376679e-01 -9.391297339528606458e-05 5.858459114249703781e+00 7.248314022258383060e-01 6.847280643150335244e-01 7.594021521376115302e-02 3.784345879599924967e+00 -5.513858103394070342e-02 -5.221744907521324447e-02 9.971123682382246889e-01 1.214138764665421699e-01
6.852802893053697719e-01 -7.282749779336364915e-01 2.545899705390104739e-03 5.927659107674833727e+00 7.262280431527928792e-01 6.836080435902454067e-01 7.261454452919521851e-02 3.866872666176421891e+00 -5.462375333143942163e-02 -4.791241232163584440e-02 9.973568299848893925e-01 8.550600817197272219e-02
6.752884986682832213e-01 -7.375524276579268346e-01 1.363826321309571238e-03 5.972655700067102558e+00 7.363984141075745615e-01 6.743330572794701272e-01 5.470195206729014381e-02 3.924115280514802517e+00 -4.126523071770428486e-02 -3.593527954561422100e-02 9.985017959011356359e-01 8.338264726974234375e-02
6.655113042094378262e-01 -7.463657618723298359e-01 -5.731795023344704240e-03 6.041265423962979497e+00 7.461668278948883071e-01 6.651078457256376364e-01 2.943838486536546478e-02 3.995880175249666877e+00 -1.815954070821163696e-02 -2.386845321628156685e-02 9.995501628344267697e-01 1.311408434031122727e-01
6.285394495936629244e-01 -7.776802165469243189e-01 -1.231426392538051764e-02 6.090859474541912455e+00 7.777775044955435035e-01 6.284490997918636968e-01 1.067157305558825986e-02 4.103691949106141657e+00 -5.601831662613949644e-04 -1.628526212023996556e-02 9.998672294022318274e-01 1.593117689260312997e-01
6.304723641758407382e-01 -7.762093833341092708e-01 1.895055304711431091e-03 6.103948181710594056e+00 7.760753642394118135e-01 6.304055064174093337e-01 1.720251432999959224e-02 4.159109035208961913e+00 -1.454740633894076839e-02 -9.375004143545867183e-03 9.998502299175203722e-01 1.966057908910221474e-01
6.346771167655633761e-01 -7.727101771433108057e-01 1.019507691510424148e-02 6.272114828268249731e+00 7.721127814495424291e-01 6.346231067918832736e-01 3.309629961293589911e-02 4.274586492463971155e+00 -3.204387892254544762e-02 -1.313371481993423455e-02 9.994001677799668748e-01 1.597142565660816804e-01
6.473300816765288346e-01 -7.621960594653915955e-01 4.575182191737459797e-03 6.371652351353128907e+00 7.616859964526443427e-01 6.470960728592136668e-01 3.318305739568697121e-02 4.382944434101220033e+00 -2.825257801689525297e-02 -1.799553904756105022e-02 9.994388187426916925e-01 9.063387726258481658e-02
6.643638287014490551e-01 -7.474059689415708529e-01 -2.240692674929655424e-03 6.440082986130887477e+00 7.473269707799332640e-01 6.642431334930656295e-01 1.683622143482161465e-02 4.484838904352437261e+00 -1.109512767121745638e-02 -1.285990660250745966e-02 9.998557500680456123e-01 7.194081344616787277e-02
6.770340881060210592e-01 -7.359379085106221297e-01 -4.498706420700594039e-03 6.487300313707577537e+00 7.359481290528013808e-01 6.770371233451826232e-01 1.041612289323490216e-03 4.555421623477128534e+00 2.279229284161942044e-03 -4.016021599934581007e-03 9.999893382853534129e-01 1.140428692184826953e-01
6.988988000344581453e-01 -7.152172892762731493e-01 -2.167124983541649473e-03 6.542594711481069858e+00 7.151949790182798861e-01 6.988962154641034097e-01 -6.342081440320039391e-03 4.660582388936357567e+00 6.050561745550026536e-03 2.882556201226423205e-03 9.999775405339411671e-01 1.718311290786947443e-01
7.029767987905438664e-01 -7.111847405148586931e-01 6.315474725808387958e-03 6.683327828426821604e+00 7.112113978010953241e-01 7.029652305665168299e-01 -4.269924165124804050e-03 4.785751572544138632e+00 -1.402854237372495178e-03 7.493295228197492663e-03 9.999709408410885070e-01 1.817223416891680099e-01
6.985267539882042964e-01 -7.154353449638898299e-01 1.458221996482744753e-02 6.743308070295881862e+00 7.155575024182802002e-01 6.985310657108956267e-01 -5.640121427197075134e-03 4.856615037651350164e+00 -6.150991433556649533e-03 1.437419261038520163e-02 9.998777664750746474e-01 1.503418624245831947e-01
6.927972649149654050e-01 -7.210728525664105160e-01 9.267740721612304639e-03 6.831156382610576117e+00 7.211304274130265757e-01 6.927080273364112362e-01 -1.124702284177300435e-02 4.924037736494512707e+00 1.690084450263446003e-03 1.447515649094587020e-02 9.998938010904525608e-01 1.425802845238445804e-01
6.872666080249507647e-01 -7.264045206081399808e-01 -1.040160534141194642e-03 6.881501726822764731e+00 7.263941247134899637e-01 6.872632935707435609e-01 -4.554216948794874084e-03 5.028141084400805205e+00 4.023067933970988184e-03 2.374394733848983908e-03 9.999890885274931307e-01 1.832582978896313275e-01
6.776353614235488543e-01 -7.353622699135173857e-01 -7.255958655861942733e-03 7.014139140100191128e+00 7.353049244255036587e-01 6.773595222789539072e-01 2.259968348521096057e-02 5.137415675458365527e+00 -1.170406185820127391e-02 -2.064968681764188171e-02 9.997182629973070389e-01 1.693500445477992278e-01
6.699477847159450716e-01 -7.423415415019961605e-01 -9.949950484190934683e-03 7.087885465172657717e+00 7.417031359680851255e-01 6.686674358478416069e-01 5.253873172984681317e-02 5.232987868191745662e+00 -3.234847522381737589e-02 -4.257811641104779221e-02 9.985693166493657680e-01 1.458176441561865322e-01
6.737429084161188353e-01 -7.388289078933872878e-01 -1.422456396709127074e-02 7.169180245094307402e+00 7.377044319467579436e-01 6.713439898918036608e-01 7.134015925315095874e-02 5.295600312263481158e+00 -4.315859642180761707e-02 -5.855845026312040541e-02 9.973506121007201797e-01 1.337751171691218266e-01
6.663820816965969618e-01 -7.451866619658069624e-01 -2.513483682000475228e-02 7.294594294462804385e+00 7.449376174515689453e-01 6.639705838403500149e-01 6.489229461411183397e-02 5.400804331502747857e+00 -3.166808013268122141e-02 -6.196694782674902480e-02 9.975756763663331528e-01 1.007997355699970787e-01
6.708272760483879882e-01 -7.413010851100886311e-01 -2.152828195897424010e-02 7.307445654901529863e+00 7.414068747699725792e-01 6.696722275185590378e-01 4.306917382715275133e-02 5.492048579721457990e+00 -1.751033275874947989e-02 -4.485319280649327500e-02 9.988401170065914769e-01 1.156862213765390279e-01
6.879483905580674463e-01 -7.255896633750310576e-01 -1.570516895400283358e-02 7.374936176777329599e+00 7.257135642569437772e-01 6.874999035026867489e-01 2.614775969904583816e-02 5.602970387553119380e+00 -8.175242017671538811e-03 -2.938576334052457259e-02 9.995347129193898894e-01 1.913356132942345411e-01
7.163959408120320616e-01 -6.974727562250725432e-01 -1.756730804204543334e-02 7.447711860121567717e+00 6.976803981083107287e-01 7.159979261584933363e-01 2.426997800093373334e-02 5.703355694567468603e+00 -4.349492323541167757e-03 -2.964328019193182909e-02 9.995510781625870367e-01 2.775587008743559680e-01
7.233355949201119017e-01 -6.900561947766882254e-01 -2.465897751094059745e-02 7.629408118437780217e+00 6.903906670170546489e-01 7.221375882355461906e-01 4.333624987346285790e-02 5.796136762249009422e+00 -1.209727313546829844e-02 -4.837098001556471710e-02 9.987561785916619916e-01 2.748470258418201362e-01
7.163858080819653917e-01 -6.971786750599420213e-01 -2.707894053343249882e-02 7.684723339071396708e+00 6.973905777975772935e-01 7.143602354609153160e-01 5.775669650687079854e-02 5.876695537589708529e+00 -2.092261881100440993e-02 -6.026067568397618784e-02 9.979633735704933617e-01 1.559128080650206138e-01
7.133467381474797309e-01 -7.003215229641911455e-01 -2.619533636865245887e-02 7.766436645814422057e+00 7.005972528086840123e-01 7.117068578967313819e-01 5.135014877959565710e-02 5.947249842804715136e+00 -1.731821385928261278e-02 -5.498284183158966970e-02 9.983371006693313454e-01 1.130250336212206830e-01
7.010868106556532586e-01 -7.126029026647475728e-01 -2.596896298392825653e-02 7.796727773665648620e+00 7.130142740155418490e-01 7.000822499297120194e-01 3.867154488046836702e-02 6.063520693726998978e+00 -9.377045098221905087e-03 -4.562835135229660610e-02 9.989144731047284731e-01 1.776490232107308109e-01
6.954679934813774445e-01 -7.177503629056890544e-01 -3.403948577370633638e-02 7.886495747735600581e+00 7.185228781066396175e-01 6.941919801412674840e-01 4.268920642149688638e-02 6.161473067443693274e+00 -7.010255368945563295e-03 -5.414712602066426572e-02 9.985083600367923307e-01 2.890480308763578865e-01
6.872205722916380211e-01 -7.254207557774685622e-01 -3.863433843616128488e-02 7.993709801740821241e+00 7.262749448173837497e-01 6.849202616953472544e-01 5.838612548956399750e-02 6.229857064116418819e+00 -1.589306608743543126e-02 -6.818329858860873449e-02 9.975462135880808212e-01 2.605868999320875568e-01
6.881044483725820005e-01 -7.249662947594426310e-01 -3.059639836042509289e-02 8.121737736068677549e+00 7.250200677885054734e-01 6.852295978148744693e-01 6.932748071592063910e-02 6.280932217478313540e+00 -2.929452907652991059e-02 -6.988755068844891560e-02 9.971246465838430328e-01 1.667640572849199698e-01
6.877618884783855968e-01 -7.256396856372593351e-01 -2.075165981082451039e-02 8.215505748996729807e+00 7.255384713439878563e-01 6.861577068082189701e-01 5.274019328288202108e-02 6.381668382574867238e+00 -2.403146596597917350e-02 -5.132882246794608777e-02 9.983926284922080008e-01 1.304240539176248492e-01
6.966829795372997403e-01 -7.172135572641407109e-01 -1.541231000037350876e-02 8.252649587605828785e+00 7.173657102695187859e-01 6.963776966241856936e-01 2.108414982640293214e-02 6.451973487041132493e+00 -4.389049161166552228e-03 -2.574523103238118490e-02 9.996589014891780201e-01 1.816793414872364676e-01
7.068992595230856324e-01 -7.071966198360252198e-01 -1.289875103310014759e-02 8.349918990024265852e+00 7.071656362698294229e-01 7.070070123104930104e-01 -7.605749330450326147e-03 6.548789859647697220e+00 1.449826764826360470e-02 -3.745054911594845014e-03 9.998878811141319600e-01 2.644951781154427639e-01
7.349545119607339139e-01 -6.779582790532004966e-01 -1.464367480457750247e-02 8.412927941242591245e+00 6.780618695888745995e-01 7.349979080105893958e-01 3.190020328628596566e-03 6.618995866997064326e+00 8.600369654810072553e-03 -1.227383734941536915e-02 9.998876869721522453e-01 2.725235153992286996e-01
