1.000000000000000000e+00 0.000000000000000000e+00 0.000000000000000000e+00 0.000000000000000000e+00 0.000000000000000000e+00 1.000000000000000000e+00 0.000000000000000000e+00 0.000000000000000000e+00 0.000000000000000000e+00 0.000000000000000000e+00 1.000000000000000000e+00 0.000000000000000000e+00
9.999977276233475987e-01 -2.098373076613048536e-03 -3.762692819085168604e-04 2.332470277357163654e-02 2.098432416732388516e-03 9.999977859038327033e-01 1.573811446833372270e-04 -5.209011802201038432e-02 3.759382044553718268e-04 -1.581703627126759598e-04 9.999999168262979632e-01 -1.964548186737093832e-02
9.999877718064463794e-01 -4.939491186268399857e-03 -2.401341275800176242e-04 3.667392004384257415e-02 4.939544270912939357e-03 9.999877759616636608e-01 2.209743000142932773e-04 -1.237543215867037555e-01 2.390396915639238023e-04 -2.221577510519209125e-04 9.999999467529783193e-01 -2.384964732508430135e-02
9.999871596903860960e-01 -5.065000850259711654e-03 -1.619281976047232867e-04 4.216211552252185912e-02 5.065076138747124854e-03 9.999870629198488459e-01 4.679707713646831806e-04 -1.407767419814160981e-01 1.595558303717933520e-04 -4.687849411249666166e-04 9.999998773913004735e-01 -1.490168344279629506e-02
9.999924632007930470e-01 -3.877854863797796335e-03 1.891646526056324777e-04 -2.455670139782664685e-03 3.877851542796279145e-03 9.999924809448790253e-01 1.791976159550177095e-05 -1.000047706179592044e-01 -1.892327205008437815e-04 -1.718607409790751537e-05 9.999999819478080365e-01 -6.974758812804794997e-04
9.999985611265638230e-01 -1.490838511976693218e-03 8.094104850122244921e-04 -6.662715983159642197e-02 1.491112426179775231e-03 9.999988311982302980e-01 -3.379140507535258707e-04 -2.687877718931291210e-02 -8.089057636912157971e-04 3.391204865700564279e-04 9.999996153343065908e-01 1.789890457858770573e-02
9.999865205379867561e-01 5.055991345821199065e-03 1.181394871142607810e-03 -1.359070441579012245e-01 -5.055623674321179165e-03 9.999871709551215737e-01 -3.139975096148981825e-04 5.202654458071030719e-02 -1.182967283666009131e-03 3.080205892181248615e-04 9.999992528555821103e-01 2.027687471639153666e-02
9.999807222901441195e-01 6.066306234123378278e-03 1.324755356823998026e-03 -1.301424229077785821e-01 -6.066524861928482802e-03 9.999815854956632943e-01 1.610766247063017038e-04 8.991802563338596732e-02 -1.323753821978107320e-03 -1.691101808260117828e-04 9.999991095383863327e-01 1.896273550474303002e-02
9.999994749326791554e-01 -2.379977360227941089e-05 1.024484229609823761e-03 -9.909497882147957903e-02 2.343960050972629269e-05 9.999999379224985274e-01 3.515758584473829699e-04 4.799925435121341066e-02 -1.024492533438237703e-03 -3.515516603453183253e-04 9.999994134130675283e-01 1.746821123782883040e-02
9.999920559660673280e-01 -3.903401099283334945e-03 8.071335798196655050e-04 -1.016617312202937329e-01 3.903256005868276264e-03 9.999923658393650161e-01 1.812609781829000865e-04 1.035319632999702824e-02 -8.078349523337595992e-04 -1.781090892465696598e-04 9.999996578398625546e-01 1.478404119796530511e-02
9.999979575364722484e-01 -1.831683209762156395e-03 8.543181508672402112e-04 -9.257897776058228445e-02 1.831265472980511200e-03 9.999982034280263665e-01 4.894971778831773510e-04 -5.042342144201863996e-03 -8.552132197851483727e-04 -4.879316947704208699e-04 9.999995152663875286e-01 1.873658937500508742e-02
9.999999186135980489e-01 1.241596947705305646e-04 3.838712903836910355e-04 -5.180967679649968460e-02 -1.242819969709894185e-04 9.999999415257101454e-01 3.185946665145260857e-04 7.003385997267411872e-03 -3.838317113205400185e-04 -3.186423488758011895e-04 9.999998755701277053e-01 2.614965053079662538e-03
9.999999671861389272e-01 2.207222370115279357e-04 1.300362067081780942e-04 -1.617448911084501395e-02 -2.207220673718458055e-04 9.999999756400144157e-01 -1.318906781513637304e-06 2.405778654133384695e-02 -1.300364946525531978e-04 1.290204877857391692e-06 9.999999915444226506e-01 -5.723660229455066265e-03
9.999990276963947045e-01 -1.356530509250154738e-03 3.231582316181550872e-04 -1.640085949513188021e-02 1.356575369684450425e-03 9.999990702406672538e-01 -1.386400644963053377e-04 9.716248894060253161e-03 -3.229698616814795776e-04 1.390783181935947627e-04 9.999999381738430282e-01 -3.776694379368963905e-03
9.999977675641160690e-01 -2.101817427711348725e-03 2.173252968983279548e-04 -1.352745871373994997e-02 2.101792093429534838e-03 9.999977844189155141e-01 1.167358394519524755e-04 -2.220899997673743062e-02 -2.175701728183095682e-04 -1.162788062559523962e-04 9.999999695712290526e-01 -9.857026243591808685e-04
9.999996063714043926e-01 -7.606386728267786708e-04 4.568214592943754771e-04 -2.244453531754218162e-02 7.607008261685327876e-04 9.999997014329823353e-01 -1.358977528601041501e-04 -2.644781575358784095e-02 -4.567179538161790725e-04 1.362452038283592820e-04 9.999998864229711071e-01 6.378498577556285590e-03
9.999998975339247087e-01 -4.225884834839343661e-04 1.623302609836925015e-04 1.050504878697727101e-02 4.226328070024983432e-04 9.999998733967216946e-01 -2.731081306574815667e-04 -2.991640223012926106e-02 -1.622148280813876019e-04 2.731767087670243207e-04 9.999999495304163766e-01 5.060714336350656539e-04
9.999990909618706736e-01 -1.339745978998098776e-03 -1.521714299269753042e-04 5.822135005345988740e-02 1.339744090114667165e-03 9.999991024641821102e-01 -1.251412233612904620e-05 -5.350986598725632898e-02 1.521880590927470129e-04 1.231024018638572290e-05 9.999999883436262449e-01 -7.970183575220231298e-03
9.999984324838764316e-01 -1.704520275711063522e-03 -4.792081172298089868e-04 5.822050329203020541e-02 1.704487601530099358e-03 9.999985450080784988e-01 -6.858383309687415103e-05 -9.796919865851159981e-02 4.793243225199692753e-04 6.776692129623915564e-05 9.999998828279121899e-01 -2.867167547497217334e-02
9.999919613759744585e-01 3.991890333699251066e-03 -3.768222329138254520e-04 2.868100132638689778e-02 -3.992008560805479327e-03 9.999919827547013584e-01 -3.135186939421331833e-04 -1.006046759098005172e-01 3.755676795937685662e-04 3.150204512629214016e-04 9.999998798555094215e-01 -2.757890435179201002e-02
9.999806952409220351e-01 6.213088595873395188e-03 -8.170423568252716700e-05 -2.353239815749376407e-02 -6.213133083787915865e-03 9.999805437253788121e-01 -5.560107723417352828e-04 -6.506564168334666443e-02 7.824810183366080751e-05 5.565076779775351458e-04 9.999998420882070249e-01 -1.994064255300673910e-02
9.999464554249971604e-01 1.034815156929043238e-02 -4.518941417055879448e-05 -3.645108951291328725e-02 -1.034817372824730665e-02 9.999463203524944221e-01 -5.212619271002286950e-04 -5.100586635802821511e-02 3.979289098980154561e-05 5.217016442603916292e-04 9.999998631219507716e-01 -1.587359496524583594e-02
9.999419490405302424e-01 1.076560138393305166e-02 -4.476336314160965068e-04 6.391345991713474894e-03 -1.076566111780124374e-02 9.999420399775330592e-01 -1.312488717027493858e-04 -6.241396786647189499e-02 4.461947135259198985e-04 1.360603245605741579e-04 9.999998911989269601e-01 -2.530413646085641344e-02
9.999481312634646013e-01 1.016986657282510642e-02 -5.555147126224674456e-04 4.999057666249805826e-02 -1.016990301777610101e-02 9.999482832257944320e-01 -6.282034162225844771e-05 -7.413619035739460461e-02 5.548471087011493412e-04 6.846661396282802451e-05 9.999998437284921549e-01 -2.737838459273872482e-02
9.999495783871253929e-01 1.002232905583159625e-02 -6.273784398790811269e-04 8.603045048941905526e-02 -1.002248563328572359e-02 9.999497431408616022e-01 -2.469296571817632254e-04 -8.606049636324052121e-02 6.248720995312823621e-04 2.532050979905028096e-04 9.999997727109929402e-01 -3.237412540364045799e-02
9.999429189670946405e-01 1.067139792048370922e-02 -5.292201707654331034e-04 1.109566138245264982e-01 -1.067141569033185425e-02 9.999430583491651925e-01 -3.076495036590971301e-05 -9.731177376157557068e-02 5.288617310678960437e-04 3.641072270471188332e-05 9.999998594897544502e-01 -3.898081582847907900e-02
9.999425419695545658e-01 1.070702664742442280e-02 -5.218618944731778005e-04 7.598555546109846126e-02 -1.070678504230392243e-02 9.999425732734203986e-01 4.635832051245327530e-04 -6.285991790746499330e-02 5.267955233834184601e-04 -4.579691054207249033e-04 9.999997563753578733e-01 -5.626991549217491562e-02
9.999470922847726317e-01 1.027123484922413781e-02 -5.606834227831501488e-04 6.884453188427867854e-02 -1.027120523615121690e-02 9.999472482305478138e-01 5.567002799260407816e-05 -3.461792410455657304e-02 5.612256456720706539e-04 -4.990818811070286753e-05 9.999998412674611092e-01 -6.179673415794205427e-02
9.999537835269842745e-01 9.561865981484977614e-03 -1.000764218526609692e-03 1.155402087654509857e-01 -9.562113225538996023e-03 9.999542525305821217e-01 -2.425627068097478418e-04 -1.076674871493910057e-02 9.983990840015069968e-04 2.521209171865734268e-04 9.999994698170155960e-01 -6.580875459257494453e-02
9.999972316427421237e-01 -2.063123711292695790e-03 -1.131471344672675379e-03 1.763393879946018317e-01 2.063359201195603433e-03 9.999978498477292144e-01 2.069993365040974018e-04 1.843457157150519762e-03 1.131041846597630922e-03 -2.093333952659013589e-04 9.999993384617166248e-01 -5.365481911003088661e-02
9.996880807270454028e-01 -2.494311447580978627e-02 -1.257892095122649379e-03 2.073344301801365586e-01 2.494509826305386577e-02 9.996875631924371230e-01 1.586843096734204522e-03 2.056004933625947204e-02 1.217918274315200888e-03 -1.617726371706331399e-03 9.999979498161301050e-01 -5.300141366330999443e-02
9.985306172729878638e-01 -5.417250505526643306e-02 -1.395014144383795261e-03 2.153355836295585968e-01 5.417652321142243238e-02 9.985267927260065290e-01 3.024655523687167207e-03 1.871392247883937876e-02 1.229105832751582836e-03 -3.095788163278970998e-03 9.999944526818635993e-01 -5.974403281176038361e-02
9.979483338751748978e-01 -6.401717574304294223e-02 -9.613145410294436904e-04 2.324076567340337685e-01 6.402391235101551059e-02 9.978865315222332777e-01 1.110895376695472496e-02 -5.870026314257806993e-02 2.481189874292800772e-04 -1.114770902074544053e-02 9.999378315778221227e-01 -1.739470062868676836e-01
9.977675303173916266e-01 -6.674912601053643868e-02 -2.123586862496247389e-03 2.843893937424284424e-01 6.677131129890880035e-02 9.976822474408453267e-01 1.310439349256692712e-02 -8.520214036290821302e-02 1.243958101084106016e-03 -1.321693301085180919e-02 9.999118787423366683e-01 -2.517496208323521389e-01
9.970540077730616346e-01 -7.666135796234489763e-02 -2.518288912074979815e-03 2.866856603119374292e-01 7.668182167203414779e-02 9.970112750312327687e-01 9.402961536344362631e-03 -1.060813831510594163e-01 1.789918638881035900e-03 -9.568367466022485723e-03 9.999526201452253460e-01 -2.175255641182122779e-01
9.970327239466363345e-01 -7.691615361227828462e-02 -3.106878343748063851e-03 2.832950205747610806e-01 7.688196164364362317e-02 9.969907237929588328e-01 -9.932806482434221665e-03 -1.381345551675950134e-01 3.861522157873994738e-03 9.664470201960694354e-03 9.999458418646179902e-01 -1.339402475272624404e-01
9.962882123272459589e-01 -8.602412086400709756e-02 -3.106220751188122804e-03 3.715883125787291519e-01 8.579763532697370909e-02 9.952926172224695334e-01 -4.507074300193395638e-02 -1.188435580169358297e-01 6.968769624549740575e-03 4.463694357840199828e-02 9.989789685062936408e-01 -7.842784851985772077e-03
9.957866191572297687e-01 -9.124341134853361512e-02 -9.145982336329383164e-03 4.144551963694533825e-01 9.043524389141319175e-02 9.936607167599227353e-01 -6.678208315451976407e-02 -5.852244810723131879e-02 1.518142844777047203e-02 6.567358566150373334e-02 9.977256658905023778e-01 3.863950704993050767e-02
9.987490170853076110e-01 -4.848678789916129050e-02 -1.222424927567076526e-02 4.994288738134024519e-01 4.761650899503855339e-02 9.968425614269069701e-01 -6.354192158700133763e-02 -6.372733966718546750e-02 1.526659563417472922e-02 6.288035565313671027e-02 9.979042999860646690e-01 -3.224272244998080406e-02
9.992613513551792392e-01 -3.720830980650032677e-02 -9.606943799385505439e-03 7.112770294221342215e-01 3.667035496442316161e-02 9.980180444749396917e-01 -5.113969074212841581e-02 -8.766982338258705321e-02 1.149072472058509931e-02 5.074962643961845876e-02 9.986453017271121890e-01 -9.334769654089210278e-02
9.983697628604276675e-01 -5.671009166711940552e-02 -6.463908192435209241e-03 7.812484002173804010e-01 5.637701061210549647e-02 9.974622077891484029e-01 -4.348306229832695630e-02 -5.906394521687591270e-02 8.913432585477974041e-03 4.304775877446529592e-02 9.990332532924215414e-01 -9.200894470078148368e-02
9.981936276786876894e-01 -6.007522901106456675e-02 -6.697170518114168225e-04 7.402792198365162335e-01 6.002373064583755441e-02 9.976918898929075796e-01 -3.174971812905318103e-02 -2.103867880280604549e-02 2.575542858754857264e-03 3.165216740108854621e-02 9.994956262424544713e-01 -4.094650368101195037e-02
9.977532919827704072e-01 -6.699525924059120119e-02 -5.980660819358097702e-05 7.445836372022257565e-01 6.698917775139369424e-02 9.976739803149035080e-01 -1.261265502618751262e-02 2.058980129864868697e-02 9.046555900372019090e-04 1.258031167751464015e-02 9.999204555145174700e-01 3.273360074859976709e-02
9.956853460605719075e-01 -9.277513926121974674e-02 -1.861498133329742921e-03 8.497804727532249913e-01 9.278137377028641830e-02 9.956799912888546489e-01 3.601614682983842169e-03 6.982448523353100567e-02 1.519316141398897738e-03 -3.758787316084761642e-03 9.999917815644161490e-01 1.145245551571975745e-01
9.856852013776257193e-01 -1.679448968587471391e-01 -1.480524921283925266e-02 9.365811387180694725e-01 1.680884463885274904e-01 9.857304297492500700e-01 9.044006692272021225e-03 1.340673016368900405e-01 1.307508989799334095e-02 -1.140313489631386221e-02 9.998494939433113515e-01 1.333661615919573273e-01
9.734828208539687555e-01 -2.265743707979252231e-01 -3.154761480245456273e-02 9.932607940816695624e-01 2.270386766550159530e-01 9.738122871731201835e-01 1.196113094133248803e-02 1.196572343986199716e-01 2.801136920857085627e-02 -1.880648420574351429e-02 9.994306776094479261e-01 5.571794679810586348e-02
9.632626896960632124e-01 -2.660348232211129926e-01 -3.674865267213077435e-02 1.151948641898635328e+00 2.670198681348620595e-01 9.633645420848115926e-01 2.508284423589302731e-02 7.928214702927612045e-02 2.872943892154254317e-02 -3.397398839453991820e-02 9.990097033822149530e-01 -4.275721547825427071e-02
9.574218087991060999e-01 -2.867760661512351317e-01 -3.321096082124739418e-02 1.356244072286516111e+00 2.877603950814709433e-01 9.572319357385805638e-01 3.001626600238277431e-02 1.068458707843742000e-01 2.318264562994841113e-02 -3.829502689635383428e-02 9.989975254506908708e-01 -1.473871696976997991e-01
9.529769064787730892e-01 -3.019962517906534805e-01 -2.516504763643395357e-02 1.447850504203037403e+00 3.024493261044647330e-01 9.530202544593540104e-01 1.663729933562776986e-02 1.611739736079645380e-01 1.895839806267733338e-02 -2.346611375205410327e-02 9.995448567464457756e-01 -1.437489484359230074e-01
9.499269945500061763e-01 -3.122606894375684616e-01 -1.148768284585490601e-02 1.374491837374328673e+00 3.121815468463329246e-01 9.499872318457127651e-01 -8.181756458775561042e-03 2.151945707658826368e-01 1.346799293968271860e-02 4.185828722525700672e-03 9.999005410560003471e-01 6.400501490354312817e-02
9.553589912308821930e-01 -2.947112686583660546e-01 -2.084384801536260171e-02 1.366705541470160545e+00 2.943632287379726042e-01 9.555198093166823448e-01 -1.822590382853270935e-02 2.219784640419951993e-01 2.528808892081742601e-02 1.127661869477236678e-02 9.996166017176513208e-01 2.090274087010612347e-01
9.606528340888969009e-01 -2.758982372948555195e-01 -3.203583953265470158e-02 1.592714549316432304e+00 2.758735160959814303e-01 9.611794625745945231e-01 -5.276726414535478672e-03 2.646544726948391602e-01 3.224803054158053434e-02 -3.768737508124841117e-03 9.994727915975422095e-01 1.807512421180373918e-01
9.553541379694214797e-01 -2.921435311133082635e-01 -4.416591778001441315e-02 1.894614623048788582e+00 2.932444760914693083e-01 9.558114145527614181e-01 2.078983050649964651e-02 3.016953286773044196e-01 3.614067385292055179e-02 -3.281306202256659144e-02 9.988078667362206842e-01 -5.823952871008758470e-02
9.458874819853523297e-01 -3.223228270398062478e-01 -3.748155002767202676e-02 2.006763375556442242e+00 3.234931181720944182e-01 9.457247872206394623e-01 3.093265801336243445e-02 3.487241540741945478e-01 2.547692914589737984e-02 -4.138383749174839865e-02 9.988184540124153132e-01 -1.678181911160332718e-01
9.234787633284646802e-01 -3.829088899276929525e-01 -2.382762463342578962e-02 1.986314691419881484e+00 3.834210347243166006e-01 9.232902522821748725e-01 2.287837781951288646e-02 4.036100047544873837e-01 1.323947930486463025e-02 -3.026370854769586810e-02 9.994542631519844900e-01 -5.014027437559021028e-02
8.982571249191387830e-01 -4.390650187635121160e-01 -1.886920322110622814e-02 1.989117961009122748e+00 4.393677656349959104e-01 8.981467982795872107e-01 1.697925973173695230e-02 4.515193757734827229e-01 9.492315466417801384e-03 -2.354226068845545472e-02 9.996777770405635977e-01 7.860776944460096116e-02
8.577807094284723988e-01 -5.138253467208347969e-01 -1.399169752390599930e-02 2.113794293312359684e+00 5.140022952499204711e-01 8.572429176906829484e-01 3.059772127101115236e-02 4.850763388680509047e-01 -3.727601132106087012e-03 -3.343789970047292281e-02 9.994338456613429678e-01 1.100082506282509670e-01
8.335437086569419396e-01 -5.523934645996354531e-01 -8.145306994970295117e-03 2.236466230692784940e+00 5.520438916982174371e-01 8.322674691033449257e-01 5.077796284806595367e-02 4.961527899137923581e-01 -2.127034078518103000e-02 -4.682221844300141905e-02 9.986767507371733243e-01 -8.669474220846823398e-03
8.124219534343576354e-01 -5.830624375624895439e-01 2.960317819154446167e-03 2.345442898609880533e+00 5.819695008103400458e-01 8.111899682936433154e-01 5.729167013032228362e-02 5.709017982028035121e-01 -3.580600095607079647e-02 -4.482219587933999883e-02 9.983530943769783894e-01 -4.618718505476862579e-02
8.083720468008788185e-01 -5.886450105642415664e-01 5.628986479082326647e-03 2.409946367118251942e+00 5.877030778631153751e-01 8.075531006206552176e-01 4.962944638203157371e-02 6.361524843548183039e-01 -3.375983147438311321e-02 -3.681088447443079531e-02 9.987518373264858695e-01 -9.253140492713404774e-04
8.046716518912191418e-01 -5.936572636102288580e-01 -8.636318976969226471e-03 2.550758705837009366e+00 5.936958128521148126e-01 8.044221188580994442e-01 2.074455335051415134e-02 7.244989821989421541e-01 -5.367908766294634745e-03 -2.181990042738563701e-02 9.997475068740184767e-01 6.372532995923009536e-02
8.080449318718035956e-01 -5.881085390806216617e-01 -3.452150542414391537e-02 2.576254430147494112e+00 5.883998058457441394e-01 8.085674526514597948e-01 -2.083984985563766545e-03 7.677101934653142168e-01 2.913857506781945481e-02 -1.862849358338733788e-02 9.994017824027685570e-01 7.348274528784613790e-02
8.330897736276916543e-01 -5.497504209774436434e-01 -6.112203949546266696e-02 2.687774001636756616e+00 5.495633480697154072e-01 8.351793547803321172e-01 -2.134412816474571400e-02 7.946368472864144827e-01 6.278180895264395822e-02 -1.580885776492738787e-02 9.979020615675678885e-01 9.608809180281541185e-02
8.335587482821831262e-01 -5.474352926745308379e-01 -7.412431110365018394e-02 2.900658145624333883e+00 5.482805154739184283e-01 8.362318358060557566e-01 -1.023685186413058994e-02 8.833549178527635437e-01 6.758912274837074186e-02 -3.210789807484358549e-02 9.971964667844150920e-01 1.090425597805054769e-01
8.347150995268964868e-01 -5.461101549597557892e-01 -7.081243726659107451e-02 2.964584865020734039e+00 5.479897385693237588e-01 8.364380406594533746e-01 8.868515123667011085e-03 9.323011875445973429e-01 5.438703011313918145e-02 -4.620717246928338073e-02 9.974502234035873549e-01 2.668632374968615134e-02
8.167319777282106008e-01 -5.721411434869311252e-01 -7.485578458364329502e-02 3.066831881786153957e+00 5.738342557676802125e-01 8.189703193158621719e-01 1.364912901081843932e-03 1.011518920989340931e+00 6.052374297512071177e-02 -4.406958144958805085e-02 9.971934358624406913e-01 -6.831076470236761150e-03
7.930657723826775030e-01 -6.037552585410111972e-01 -8.078532329045969018e-02 3.042169046452562586e+00 6.045283810624692000e-01 7.963957797402677619e-01 -1.729735534355201360e-02 1.071169841150068525e+00 7.478045978099724655e-02 -3.511908022667806217e-02 9.965814231857700323e-01 8.683130101654863708e-02
7.696565892247226870e-01 -6.315371136536229724e-01 -9.375291324016270245e-02 3.120362131767663971e+00 6.330369225357097562e-01 7.739442443817403650e-01 -1.656989121553715388e-02 1.108831977774867639e+00 8.302402886805944349e-02 -4.659592971953497448e-02 9.954575982753297581e-01 1.827276081433938382e-01
7.460697563816607314e-01 -6.569309177282199874e-01 -1.087275859447272980e-01 3.196043022609474704e+00 6.609779047566902710e-01 7.504036913232792205e-01 1.584131261097708465e-03 1.154299672342232297e+00 8.054891703843757023e-02 -7.304840437104256901e-02 9.940703207433463362e-01 1.622429686756240996e-01
7.420597363944374525e-01 -6.604781180953491759e-01 -1.145251201241193617e-01 3.400379823671932034e+00 6.671322554697751706e-01 7.443353091932595200e-01 2.999168551424730850e-02 1.217412537576329834e+00 6.543623869102396795e-02 -9.865902394307790590e-02 9.929675199424050636e-01 5.157281011326404763e-02
7.229205278018164815e-01 -6.837953270036783993e-01 -9.904474368019586250e-02 3.555880351334347989e+00 6.897144736199963821e-01 7.226978808071417015e-01 4.474056275861719445e-02 1.320712100019238333e+00 4.098603862090685612e-02 -1.006564644958235916e-01 9.940766674625084454e-01 -4.377769593407530857e-02
7.179732815926030964e-01 -6.919982095357435359e-01 -7.518540362646064512e-02 3.589397953370143224e+00 6.956696143631575513e-01 7.170275359556963490e-01 4.376414437776666305e-02 1.367957134834285826e+00 2.362529515083725690e-02 -8.372568710155584015e-02 9.962087405500958948e-01 -9.089161572839343783e-03
7.150980273837408419e-01 -6.960729133747719510e-01 -6.416627227632729080e-02 3.639940835276615605e+00 6.984783164333264738e-01 7.151497890446048000e-01 2.624539391823001513e-02 1.453481273194562551e+00 2.761978827486324256e-02 -6.358677925020704558e-02 9.975940400785467954e-01 5.732798447693455979e-02
7.136975875674815839e-01 -6.979604190241136541e-01 -5.905088463385248232e-02 3.724213022027093700e+00 6.995229126890861737e-01 7.145568652491909312e-01 8.728169809687248704e-03 1.550210711663047247e+00 3.610329795647430895e-02 -4.753672055299280885e-02 9.982168161655726735e-01 1.297834702517120797e-01
7.241802686968967784e-01 -6.868956442656104500e-01 -6.113356131473368649e-02 3.803407489912294714e+00 6.886798699603335905e-01 7.249599171489113925e-01 1.237559044496418931e-02 1.635607695032232689e+00 3.581864237388622529e-02 -5.106361147015978791e-02 9.980528705645388410e-01 1.443502503077299104e-01
7.310287748508563777e-01 -6.800974162832643666e-01 -5.535733650460630123e-02 4.003151963931061985e+00 6.820781692729179779e-01 7.306079530380320541e-01 3.132714412265405479e-02 1.704907714843211686e+00 1.913900053191746470e-02 -6.065907452644674069e-02 9.979750374314150241e-01 9.083851207647739012e-02
7.185661146539382704e-01 -6.946300770519383549e-01 -3.393810433659276427e-02 4.111314125552193666e+00 6.953824192478260668e-01 7.169087988493494379e-01 4.985042761525292770e-02 1.783196889234128113e+00 -1.029708076028460796e-02 -5.942078918359470358e-02 9.981799136130795613e-01 1.624807427134554449e-02
7.113641637676317853e-01 -7.026496346427900663e-01 -1.563705354379451781e-02 4.127984265325618018e+00 7.022268307993816405e-01 7.096675189654090277e-01 5.700430361768683146e-02 1.852175184051800372e+00 -2.895694411768041585e-02 -5.153157732725104773e-02 9.982514672794280397e-01 4.545317335254252245e-02
6.932689772902720371e-01 -7.205182450245987136e-01 -1.521787480473631854e-02 4.180863986503493557e+00 7.200769011375983686e-01 6.916724648599352765e-01 5.548385172872375565e-02 1.955381918897407978e+00 -2.945134249866321330e-02 -4.942327327539187271e-02 9.983436074237027613e-01 1.028303880545586996e-01
6.643039538353134876e-01 -7.467936137737707369e-01 -3.161574521471827159e-02 4.321957150138543646e+00 7.471555720544766910e-01 6.622247621666582651e-01 5.671785892698014836e-02 2.048230721336236293e+00 -2.141980547805193841e-02 -6.129977814009785614e-02 9.978895375407326185e-01 1.141825024886068823e-01
6.479552656683411627e-01 -7.607523139282676983e-01 -3.754850923080335634e-02 4.413321729164980667e+00 7.610720389083354132e-01 6.446856131083065211e-01 7.176218950865415058e-02 2.090480047573898048e+00 -3.038626802650414363e-02 -7.507580904627780827e-02 9.967147523797710296e-01 5.124308829498589596e-02
6.408573581139032083e-01 -7.673791985464842869e-01 -2.076083306190024819e-02 4.528621300395188065e+00 7.662085936519623663e-01 6.377495162309900767e-01 7.873973305149246926e-02 2.190603588885249753e+00 -4.718302200103916683e-02 -6.636806600537521750e-02 9.966790066262837255e-01 2.425673490429974821e-02
6.366928475945599075e-01 -7.711042376847431212e-01 -4.524648777741179656e-03 4.588354796443712580e+00 7.692925867306515952e-01 6.347716714520246217e-01 7.248338515319172060e-02 2.280220972961378045e+00 -5.302012658598137529e-02 -4.963043165875509477e-02 9.973593567166110230e-01 4.792266887268237241e-02
6.425962379223475462e-01 -7.661646768101161298e-01 7.858944998919620284e-03 4.653316047610983830e+00 7.649159854691979232e-01 6.420761529704053228e-01 5.139794704470607156e-02 2.372955180536255426e+00 -4.442533265752301314e-02 -2.701669474926333622e-02 9.986473291523356721e-01 9.135436152209003291e-02
6.500538518362891649e-01 -7.596615296931843453e-01 1.855667041834283687e-02 4.720259962353452465e+00 7.588343187903272558e-01 6.502444115433753113e-01 3.677882383423209528e-02 2.503824643062825483e+00 -4.000582881060860130e-02 -9.826777743531085740e-03 9.991511237547379132e-01 1.246750634787783391e-01
6.753901933360393350e-01 -7.368731707493335614e-01 2.942816636032493521e-02 4.754300505443985081e+00 7.353222165800464838e-01 6.759320747942864083e-01 4.916368647791259650e-02 2.581364345210481304e+00 -5.611884308603144050e-02 -1.156548719746932491e-02 9.983571079311103214e-01 1.474060550650852786e-01
6.925473431063098317e-01 -7.207736838841264371e-01 2.938493111267494184e-02 4.871299342411795408e+00 7.184778454869243935e-01 6.928414148651005355e-01 6.132176931720778601e-02 2.712855896270965239e+00 -6.455821482087566177e-02 -2.135580641959390624e-02 9.976854045395825432e-01 1.249406302881504449e-01
6.824523004204380294e-01 -7.305607004934266957e-01 2.323619042368856719e-02 5.050630606042417980e+00 7.282637983196997844e-01 6.823319935208648213e-01 6.367802348382127497e-02 2.795706417525985366e+00 -6.237545757600319180e-02 -2.653513731632524061e-02 9.976999492732211428e-01 6.770122280354566591e-02
6.615853189724962835e-01 -7.496026379898185210e-01 2.001876216866327676e-02 5.086724351566752844e+00 7.476263372137542662e-01 6.614343693808796276e-01 5.966099987482512829e-02 2.838011344733767594e+00 -5.796314022209475558e-02 -2.450428779669324569e-02 9.980179428523169305e-01 6.728652667113314834e-02
6.408322260181074093e-01 -7.674235804784129700e-01 1.987727904845571630e-02 5.090408355298025711e+00 7.656403174147518031e-01 6.408011580932114759e-01 5.629191891770302797e-02 2.926576948377243248e+00 -5.593712940181651966e-02 -2.085482946686121469e-02 9.982164663249112335e-01 1.054098344964238265e-01
6.128635212003399335e-01 -7.901053436381412221e-01 1.148261017257628039e-02 5.196001475802575875e+00 7.882039176890481835e-01 6.122888552188907596e-01 6.194305380247627085e-02 3.042091907341541113e+00 -5.597221204809289807e-02 -2.891199974396698597e-02 9.980136310438090241e-01 1.433253703968161707e-01
5.941493041499221750e-01 -8.043027727386585779e-01 9.146263885821140360e-03 5.249345694360972203e+00 8.010006506010854954e-01 5.926708210117506148e-01 8.449411611405473199e-02 3.112022917886301254e+00 -7.337957559703611743e-02 -4.287595697081640622e-02 9.963820001380171432e-01 1.358291575315417055e-01
5.958883611104395239e-01 -8.030594167957201268e-01 3.554460413695857690e-03 5.346327589155117188e+00 7.992852374649501712e-01 5.935052696015299389e-01 9.431120890866431794e-02 3.204568995977878476e+00 -7.784709540960979557e-02 -5.335792397510760732e-02 9.955364190652965517e-01 9.020261094426113013e-02
6.022178048262489813e-01 -7.982815301207293324e-01 -8.961820036181903509e-03 5.456183287362003753e+00 7.957621522812594606e-01 5.993415893697274788e-01 8.690371826605920724e-02 3.303097139484603151e+00 -6.400244172647980012e-02 -5.946644364577440001e-02 9.961764048265611127e-01 8.578583989910748553e-02
6.120929025851395977e-01 -7.906608282472408211e-01 -1.406176661326677575e-02 5.490947484090142439e+00 7.895149717113395527e-01 6.100048363305572430e-01 6.752932027625360711e-02 3.411835476865973771e+00 -4.481504265915157298e-02 -5.243619292737836807e-02 9.976181923074284308e-01 1.105922647018200422e-01
6.371209769581909210e-01 -7.705816841026358333e-01 -1.675496479810631087e-02 5.579451029595667855e+00 7.700802608881698319e-01 6.354902165996291208e-01 5.593367855384495657e-02 3.447680334014060932e+00 -3.245385200940958947e-02 -4.853918758798891897e-02 9.982938919767311292e-01 1.239529532654960603e-01
6.524403472947739591e-01 -7.577434291639351116e-01 -1.210325496531099686e-02 5.657583672141749176e+00 7.571102696285088030e-01 6.510281696004351915e-01 5.428040170958418897e-02 3.573752638265112136e+00 -3.325105780154244406e-02 -4.457822277287014356e-02 9.984523770363266104e-01 1.338059759072552923e-01
6.806333701845159734e-01 -7.326208222482485377e-01 -2.224005298510228074e-03 5.714773145405048105e+00 7.311440897298889796e-01 6.790623021473057852e-01 6.559504444280220281e-02 3.657265561389091424e+00 -4.654605723710199261e-02 -4.627224449604128154e-02 9.978438474756353704e-01 1.552445324811375649e-01
6.881783883774055255e-01 -7.255411095175225977e-01 7.772839630867077465e-04 5.853773041658211440e+00 7.235170767705014772e-01 6.863377728105156672e-01 7.391550064072657800e-02 3.803264995983167029e+00 -5.416221368948215265e-02 -5.030467188625121350e-02 9.972642050102227262e-01 1.257868250697714296e-01
6.849106525875445772e-01 -7.286244718046693825e-01 1.943465839789638994e-03 5.924730220286567928e+00 7.266794893147198175e-01 6.832723899917599875e-01 7.124437440420347545e-02 3.879391901065811776e+00 -5.323831121853726811e-02 -4.738375420241543179e-02 9.974569975975321467e-01 7.978826023651515442e-02
6.755538418902609088e-01 -7.373105515090243589e-01 -3.966620310612949118e-04 5.978496765000159918e+00 7.362630777642218405e-01 6.745652405788652439e-01 5.365087626435523227e-02 3.921419961774700091e+00 -3.928978274900281342e-02 -3.653610318898557752e-02 9.985596758007505569e-01 8.225317048986312274e-02
6.664492619594675205e-01 -7.455223096097566282e-01 -6.470479720644063855e-03 6.057896752127119200e+00 7.453903949420351838e-01 6.661013604839647329e-01 2.649786198107654048e-02 4.010950166573708842e+00 -1.544475191894782717e-02 -2.248251399522760083e-02 9.996279288828501253e-01 1.324124699589869225e-01
6.285773971351305001e-01 -7.776538356425160003e-01 -1.204025420442226407e-02 6.112908011882451476e+00 7.777466011920699529e-01 6.284853013036462155e-01 1.079121769997370799e-02 4.108118049586978238e+00 -8.247090441991459381e-04 -1.614738231874596891e-02 9.998692824060776418e-01 1.580258723045354641e-01
6.310289211114563646e-01 -7.757580717295592398e-01 -1.383787320177604953e-03 6.134604964611274802e+00 7.755981644874957448e-01 6.308604835829019208e-01 2.150668494154146446e-02 4.137774631907423561e+00 -1.581100770156221996e-02 -1.464460310091573840e-02 9.997677468469753359e-01 1.696052086620161437e-01
6.353971374153906115e-01 -7.721444889060006256e-01 7.960277408379944422e-03 6.256694414680751493e+00 7.715362008842333585e-01 6.352517740605940766e-01 3.445394430238475636e-02 4.269047775712795811e+00 -3.166020355984851958e-02 -1.575029539275853152e-02 9.993745842803837265e-01 1.429532772739328106e-01
6.476416173950918509e-01 -7.619320525836795754e-01 4.458998036619142222e-03 6.358732535423662569e+00 7.614276132205085590e-01 6.474063256259546817e-01 3.306114584856300470e-02 4.385062436325235957e+00 -2.807713025202494828e-02 -1.801656973792052641e-02 9.994433840752008358e-01 9.945575905050743626e-02
6.646635840872507917e-01 -7.471419089021661408e-01 -1.134878987901050650e-03 6.447375522275205384e+00 7.470832962899843777e-01 6.645907430929486326e-01 1.362690719325929632e-02 4.488142811657980680e+00 -9.427003382914678903e-03 -9.905158110267419172e-03 9.999065053543901849e-01 7.271394037078518502e-02
6.760714716584589334e-01 -7.368261897669137195e-01 -3.811992017013529199e-03 6.521054446610031974e+00 7.367911859779581185e-01 6.760783494778841440e-01 -7.537481837729096551e-03 4.587753646286964582e+00 8.131019294016621560e-03 2.287234319478510022e-03 9.999643269059192985e-01 1.021682919350992147e-01
6.991178233383176233e-01 -7.150037793734801417e-01 -1.965851554066358996e-03 6.559268917573058744e+00 7.149660328352483996e-01 6.991048756874085335e-01 -8.714624600035997259e-03 4.670338858602966603e+00 7.605325931172301178e-03 4.687032294833889771e-03 9.999600945766524696e-01 1.727424913903155279e-01
7.039921934334346654e-01 -7.102024787534101380e-01 2.725941542593255437e-03 6.683433711441799652e+00 7.102075577578036425e-01 7.039843421568066084e-01 -3.357216368389073693e-03 4.785535040906796489e+00 4.652832229210175120e-04 4.299438400568549729e-03 9.999906491267617215e-01 1.708956544553238976e-01
6.981077294268287492e-01 -7.159231486938618660e-01 9.982148004517263015e-03 6.769248098977921124e+00 7.159789372115569206e-01 6.981129831171575262e-01 -3.524808175334938343e-03 4.830943835993625868e+00 -4.445175353922872774e-03 9.607703551310929624e-03 9.999439646542914728e-01 1.203663812620232032e-01
6.930821494967260854e-01 -7.207761009826834098e-01 1.090625055637589776e-02 6.811006842249827109e+00 7.208581055777503188e-01 6.929844578177193348e-01 -1.166759812209124288e-02 4.922385880632036859e+00 8.518637536394525062e-04 1.594846310094837766e-02 9.998724522922225466e-01 1.292811212836660062e-01
6.874557819931885749e-01 -7.262261775239586825e-01 2.947593483430864872e-04 6.866101803347204324e+00 7.262131459617309215e-01 6.874408958323996455e-01 -6.283420208277322103e-03 5.034193065566532788e+00 4.360554609154089142e-03 4.533631666534953739e-03 9.999802156779966644e-01 1.635319532981331925e-01
6.769621203352774730e-01 -7.359846499128933628e-01 -6.991618107502838020e-03 6.996239017504453983e+00 7.359128729135945290e-01 6.766745806450920053e-01 2.331856318147464829e-02 5.127098708479702616e+00 -1.243105430866418837e-02 -2.093100574231033378e-02 9.997036370281896511e-01 1.396357274090552492e-01
6.702669493381305799e-01 -7.420578788863054776e-01 -9.608382158990977015e-03 7.084928418856020649e+00 7.413677124528113005e-01 6.689484473520168617e-01 5.368323497901109770e-02 5.214614547944152356e+00 -3.340855515345825255e-02 -4.310544244156733901e-02 9.985117872486408697e-01 1.284516060676986760e-01
6.734507916482719292e-01 -7.390647567449406541e-01 -1.572630172219578737e-02 7.189288361856784881e+00 7.380573264185459337e-01 6.710295736218000462e-01 7.064484584775618248e-02 5.290934851463246602e+00 -4.165830227246293538e-02 -5.918273956557673632e-02 9.973775559883475417e-01 1.088057159539704416e-01
6.659516486911656319e-01 -7.456664827919718963e-01 -2.213364059906032175e-02 7.273638782536243852e+00 7.453405299994424471e-01 6.638320948578655400e-01 6.159905986919107096e-02 5.421894276317058115e+00 -3.123933331024648583e-02 -5.751909489263441061e-02 9.978555295116940949e-01 1.051742208733133371e-01
6.711776719857742712e-01 -7.410429711931862951e-01 -1.938678603923412250e-02 7.283136330923283275e+00 7.410800281423397529e-01 6.701201476319471606e-01 4.170587040557202640e-02 5.504517246147634602e+00 -1.791436619882252543e-02 -4.235920895049737067e-02 9.989418265849030476e-01 1.370510881394947367e-01
6.883389717671830610e-01 -7.252297941891799882e-01 -1.520544530149548629e-02 7.370366100798215747e+00 7.253398496949307050e-01 6.878964743970101825e-01 2.608721826295219356e-02 5.585748028778819041e+00 -8.459455717273710318e-03 -2.898596440491782097e-02 9.995440217801736527e-01 1.721874623033648466e-01
7.166692777516310287e-01 -6.971668553171274096e-01 -1.853435119401320927e-02 7.457936189279964267e+00 6.973961403033631656e-01 7.162128591843661685e-01 2.603389768987977165e-02 5.693792885091705003e+00 -4.875429922309939927e-03 -3.158347964019783682e-02 9.994892265536882148e-01 2.264339440188587460e-01
7.229923970841044545e-01 -6.903482642376917999e-01 -2.648146186649528305e-02 7.630145425944455440e+00 6.907754134640503585e-01 7.217913925424310762e-01 4.297108103397568463e-02 5.820604586423828941e+00 -1.055091996704539403e-02 -4.936050765201014517e-02 9.987252967519070213e-01 2.353279921440620537e-01
7.146538688911099335e-01 -6.990399340932456074e-01 -2.475920479093042872e-02 7.666106108673891306e+00 6.992156252663015437e-01 7.129679396666863678e-01 5.267092547976692796e-02 5.888068875751240050e+00 -1.916656104843129579e-02 -5.495350353117760267e-02 9.983049410812437907e-01 1.762740183308313391e-01
7.128353025848339630e-01 -7.009478388187851960e-01 -2.319393550181749614e-02 7.751999854101772947e+00 7.010959378466573577e-01 7.113490883728545988e-01 4.946676061785974798e-02 5.917425215453582688e+00 -1.817463407345831783e-02 -5.152282723592521707e-02 9.985064250919534201e-01 1.392505409962720431e-01
7.027319387855186505e-01 -7.109437335903026067e-01 -2.695978262944636467e-02 7.806167439464783975e+00 7.113592703962294816e-01 7.015122906976508643e-01 4.299412077806371441e-02 6.026065412779509245e+00 -1.165378187929536069e-02 -4.939143315207137480e-02 9.987115077433994514e-01 1.584156133731390304e-01
6.961126335014702349e-01 -7.169669243634321232e-01 -3.722406276172265938e-02 7.901902221809119276e+00 7.179170428631763690e-01 6.948200621983526837e-01 4.266381058074524696e-02 6.152684982767893551e+00 -4.724515450325431770e-03 -5.642260659981967325e-02 9.983957974762521781e-01 2.429055725570495872e-01
6.872508851025327381e-01 -7.253313943817916165e-01 -3.975662523342810700e-02 7.994646452507086387e+00 7.262760947093096497e-01 6.849949073264064436e-01 5.748922673581428888e-02 6.238216567200158380e+00 -1.446565517283639364e-02 -6.838380847140430874e-02 9.975542088324658163e-01 2.194392110382411831e-01
6.869999524189673856e-01 -7.261073863010020224e-01 -2.826886866261322726e-02 8.097646448463098778e+00 7.261781042619742665e-01 6.846142268497309447e-01 6.299778794077087740e-02 6.294138336327139704e+00 -2.638988948104638646e-02 -6.380771077285699033e-02 9.976132265457919868e-01 1.731732287291504746e-01
6.866340281291534176e-01 -7.267700582928036113e-01 -1.841178384100185944e-02 8.205455023035128193e+00 7.265845912763375658e-01 6.851591713620430735e-01 5.130050309963898186e-02 6.365359978604539393e+00 -2.466866706837688578e-02 -4.860238952513985106e-02 9.985135274985091902e-01 1.551324692738860200e-01
6.965863034442696389e-01 -7.173076352458698235e-01 -1.540383951571488476e-02 8.274413177378864503e+00 7.174544937531459610e-01 6.962535180070246188e-01 2.213793251997103750e-02 6.435445695205224581e+00 -5.154730571500959133e-03 -2.647253446158723961e-02 9.996362506791734992e-01 1.963295965036348512e-01
7.072976187181181373e-01 -7.067666812758683914e-01 -1.452366324226488613e-02 8.360841109151898820e+00 7.067524833972675946e-01 7.074265899304424954e-01 -6.967572832812084054e-03 6.541973284174336101e+00 1.519887388836805957e-02 -5.336487391603279319e-03 9.998702496498457215e-01 2.279294804246847772e-01
7.363612158890626702e-01 -6.764085430730177873e-01 -1.560905481503443645e-02 8.425722197328704866e+00 6.765216579320012524e-01 7.364169415893677684e-01 2.921384791167052838e-03 6.614906386592033449e+00 9.518722777639477411e-03 -1.271105809912216784e-02 9.998739035091790406e-01 2.325940518205003027e-01
