1.000000000000000000e+00 0.000000000000000000e+00 0.000000000000000000e+00 0.000000000000000000e+00 0.000000000000000000e+00 1.000000000000000000e+00 0.000000000000000000e+00 0.000000000000000000e+00 0.000000000000000000e+00 0.000000000000000000e+00 1.000000000000000000e+00 0.000000000000000000e+00
9.999984190850336185e-01 -1.743797149227345380e-03 -3.478490128072037665e-04 1.439313373576180631e-02 1.744023657215549705e-03 9.999982666825353306e-01 6.519305238973126856e-04 -4.854362909645513341e-02 3.467115752853683688e-04 -6.525361501580652368e-04 9.999997269937909161e-01 -1.332317086311213955e-02
9.999928670009785581e-01 -3.754515917877879541e-03 -4.117734639896851500e-04 1.479338258149733541e-02 3.754671815903962671e-03 9.999928795693043826e-01 3.784841416758024952e-04 -9.876255645920077597e-02 4.103495072506863984e-04 -3.800275161685694875e-04 9.999998435961722221e-01 -2.342590600827468283e-02
9.999944981554742540e-01 -3.300838204313624128e-03 -3.288250753788645375e-04 1.340031922945841142e-02 3.300899918828229581e-03 9.999945344712253270e-01 1.873163187815755253e-04 -1.073022507438575468e-01 3.282049773146275724e-04 -1.884007068609392461e-04 9.999999283933307392e-01 -1.853128660201136535e-02
9.999982845964330291e-01 -1.810717446487677225e-03 3.900083592778785628e-04 -2.164882406608744161e-02 1.810827473628509555e-03 9.999983207035477717e-01 -2.819467062511129174e-04 -6.457603417743140728e-02 -3.894971785182358261e-04 2.826524604506524770e-04 9.999998841997606025e-01 3.960048324829757577e-03
9.999996083147452142e-01 -7.334957109436596526e-04 4.953326136929370920e-04 -5.680422740315892866e-02 7.335728015096249898e-04 9.999997188499419876e-01 -1.554701962854503235e-04 -1.851707539695555613e-02 -4.952184377079890632e-04 1.558334979231726879e-04 9.999998652373008889e-01 1.208526756465914780e-02
9.999985475001468282e-01 1.491049596265050289e-03 8.256928593497102559e-04 -9.423275744413862898e-02 -1.491187058122818345e-03 9.999988744201961932e-01 1.658900189655246793e-04 2.172627632640685216e-02 -8.254445797207006367e-04 -1.671210405161432033e-04 9.999996453558389620e-01 1.604543754189024021e-02
9.999992962176700306e-01 7.968820179122522527e-04 8.789443748719069464e-04 -5.520405978357764698e-02 -7.977852609748906434e-04 9.999991536094081646e-01 1.027773878230955245e-03 3.167665664433744199e-05 -8.781246164196150963e-04 -1.028474363769350071e-03 9.999990855684024460e-01 1.849950677153889417e-02
9.999990147055023426e-01 -1.297808900495724766e-03 5.350514762348889102e-04 -4.864959813205868566e-02 1.297246434907892198e-03 9.999986070659098170e-01 1.050246603002367562e-03 -5.962390912464171633e-03 -5.364137503325394976e-04 -1.049551474580130532e-03 9.999993053507540974e-01 1.636455067195227014e-02
9.999967707597847699e-01 -2.453573583554575447e-03 6.621530582546469434e-04 -7.668486676189786855e-02 2.453205632575013607e-03 9.999968363569844421e-01 5.559299837502854795e-04 -4.191026083486201065e-03 -6.635149785611845884e-04 -5.543037909066880374e-04 9.999996262475204789e-01 1.889335046332517309e-02
9.999990817341786187e-01 -9.686857829289707324e-04 9.477228780598396986e-04 -7.715957825392487368e-02 9.681365483327865947e-04 9.999993632611408056e-01 5.798180203599662737e-04 -1.018656754405432470e-02 -9.482839360808641496e-04 -5.788999627769546383e-04 9.999993828160144149e-01 2.820892304698682448e-02
9.999998876114850610e-01 -1.646897345996710724e-05 4.738204197067686480e-04 -3.787052491036952545e-02 1.624888093454069846e-05 9.999998919849271140e-01 4.645063056861122746e-04 1.919187993796724750e-03 -4.738280184690418111e-04 -4.644985544293541899e-04 9.999997798640266611e-01 1.059870987810566934e-02
9.999999803870709414e-01 -1.879308966021734446e-04 -6.251268473422907522e-05 -7.412576088559517072e-03 1.879546735351342649e-04 9.999999099214418319e-01 3.805655646450284597e-04 8.091757980367507430e-03 6.244115907539690539e-05 -3.805773067322741274e-04 9.999999256310048157e-01 -6.039307452811834738e-03
9.999995953066364018e-01 -8.982247485605359153e-04 5.078252220709368456e-05 -6.325059474774564344e-03 8.982143057599439916e-04 9.999995755338848547e-01 2.052878734258085003e-04 4.822818509091639921e-03 -5.096689530012419130e-05 -2.052421767592394993e-04 9.999999776390119388e-01 -5.749826273311237773e-03
9.999995791070107609e-01 -9.174882712522833793e-04 1.036021925154915897e-06 -6.754321710279661238e-03 9.174881332702888425e-04 9.999995711520733854e-01 1.261395840301589440e-04 -5.370152700206473097e-03 -1.151753069747373846e-06 -1.261385804010702538e-04 9.999999920438659151e-01 -3.438724438267457256e-03
9.999999535398791384e-01 -1.494585748147389298e-04 2.656734346791775965e-04 -1.457277272779565480e-02 1.494771276365121099e-04 9.999999863912479858e-01 -6.981469944419585959e-05 -1.616298628524407213e-02 -2.656629966582136466e-04 6.985440830250167106e-05 9.999999622717662406e-01 5.441745112225541796e-03
9.999999193595922042e-01 -3.865313598372437315e-04 1.089693397778289532e-04 1.303821110387107934e-02 3.865381812687011852e-04 9.999999233356456907e-01 -6.258543964689781058e-05 -3.482538722311519230e-02 -1.089451401886721481e-04 6.262755541039421222e-05 9.999999921043728479e-01 2.184409216413444460e-03
9.999996310055054849e-01 -8.117847898953559028e-04 -2.810592600787456563e-04 3.835104804348363206e-02 8.117971227812786949e-04 9.999996695348106757e-01 4.376871932508818081e-05 -3.895461683674472653e-02 2.810236364178227207e-04 -4.399686627333467844e-05 9.999999595449949874e-01 -1.189523152105742033e-02
9.999997430822716860e-01 -5.615410718252326471e-04 -4.455412610264684881e-04 2.810491375029770811e-02 5.613866544289605482e-04 9.999997823451919343e-01 -3.466332253629398437e-04 -6.203765976757752432e-02 4.457358128451714349e-04 3.463830153887813073e-04 9.999998406691832376e-01 -3.017468918993930493e-02
9.999891749914456840e-01 4.646016252509072887e-03 -2.538363826960270088e-04 8.136216807624396113e-03 -4.646177818912715883e-03 9.999890018729368224e-01 -6.396599430202651706e-04 -7.118370318132187513e-02 2.508617204798857222e-04 6.408323876668254324e-04 9.999997632010960702e-01 -2.319112123508581397e-02
9.999820525677350913e-01 5.988278388605055777e-03 -1.872547995509532028e-04 -1.010003032014207373e-02 -5.988372392862669966e-03 9.999819417458354343e-01 -5.055475378632014226e-04 -6.545756246707606918e-02 1.842240586607906652e-04 5.066598160550708644e-04 9.999998546786529330e-01 -1.572990789846905740e-02
9.999853558085309846e-01 5.411636258298289058e-03 -4.859520017382280767e-05 -1.459809745761497628e-02 -5.411644109746155916e-03 9.999853436756108715e-01 -1.629171566609528994e-04 -7.744409848870209556e-02 4.771283955472002214e-05 1.631777507996997549e-04 9.999999855482532007e-01 -8.442983915277958717e-03
9.999906915448398825e-01 4.307009699009363077e-03 -2.578587319325750652e-04 2.092007144122231058e-02 -4.306987641967494757e-03 9.999907211847939292e-01 8.603352678917428823e-05 -8.579779406657241092e-02 2.582268865433731274e-04 -8.492213157814089083e-05 9.999999630535526540e-01 -1.388387483779099547e-02
9.999882786640478249e-01 4.829837989804062516e-03 -3.394105284442810143e-04 3.665455540953307945e-02 -4.829862834455407421e-03 9.999883335222693459e-01 -7.241791797934445704e-05 -7.715066057985293935e-02 3.390568019075102446e-04 7.405637544155478180e-05 9.999999397780673371e-01 -1.879346749879524242e-02
9.999825249535141403e-01 5.886815553813713742e-03 -5.433141170040333432e-04 6.238838773069259325e-02 -5.886995766392455476e-03 9.999826168113158387e-01 -3.306902470599872891e-04 -7.237624033630413178e-02 5.413579599823353924e-04 3.338829561391714988e-04 9.999997977268448857e-01 -2.873830569284129000e-02
9.999321509937747487e-01 1.163784617469940802e-02 -5.039299324634148244e-04 1.016849084744917558e-01 -1.163795970749119738e-02 9.999322517983254555e-01 -2.229515129200483267e-04 -7.097882548761051680e-02 5.013011167049404200e-04 2.288011021308682634e-04 9.999998481736115385e-01 -3.624120681700010449e-02
9.999083376268930179e-01 1.352942689113185645e-02 -5.205307108385325184e-04 7.864075023242536600e-02 -1.352943161691799387e-02 9.999084730360208173e-01 -5.558452182769767224e-06 -2.452387877912108605e-02 5.204078655704769130e-04 1.260042733864753250e-05 9.999998645084321458e-01 -5.092253605734673588e-02
9.999342553888311835e-01 1.144672830182335600e-02 -6.762478598521322500e-04 7.339093874979367438e-02 -1.144683242228689175e-02 9.999344715719432619e-01 -1.502984850135254255e-04 -2.295797622525559689e-02 6.744831204707740085e-04 1.580294996257264393e-04 9.999997600495699190e-01 -5.909379266154108495e-02
9.999571860057100414e-01 9.207737842499348624e-03 -9.185419781856385413e-04 9.655276486711315831e-02 -9.207836866498460282e-03 9.999576016012049484e-01 -1.036349643157372650e-04 -2.035575891243485494e-02 9.175487898938014270e-04 1.120883119791309530e-04 9.999995727701229686e-01 -6.248519375408844584e-02
9.999976612779274410e-01 -1.923336069065942951e-03 -9.890485533853542177e-04 1.306906855121010014e-01 1.924052978452046262e-03 9.999978866246470588e-01 7.244076031707175197e-04 -6.342033462418536147e-03 9.876531838826350419e-04 -7.263088907976412165e-04 9.999992485080093640e-01 -5.172877316592135177e-02
9.997079544999337708e-01 -2.415114336862370439e-02 -8.532195184326929385e-04 1.755463547846750627e-01 2.415205147648987957e-02 9.997077234422407921e-01 1.070560324855478369e-03 3.325197145051235481e-02 8.271148864784875088e-04 -1.090854674259987295e-03 9.999990629580830515e-01 -3.359761643524835500e-02
9.986154159583072731e-01 -5.259644976900841595e-02 -9.297753024772891818e-04 2.089282631612061902e-01 5.259810696695531307e-02 9.986140327744497114e-01 1.858141394755413039e-03 5.680512794706940594e-02 8.307550238479612277e-04 -1.904473062647959580e-03 9.999978414118922965e-01 -3.174549975997474627e-02
9.979138598586774211e-01 -6.454630017793683283e-02 -1.305157191911622810e-03 2.255221590613396554e-01 6.455006753690609167e-02 9.979096968461994566e-01 3.086376728020080035e-03 1.730475095763608917e-02 1.103214818968181830e-03 -3.164186098520687523e-03 9.999943854059367698e-01 -5.914285437798003087e-02
9.974992273208210802e-01 -7.066550172398683438e-02 -1.295515519812223118e-03 2.529898002861679096e-01 7.066732287012575386e-02 9.974989311816551130e-01 1.418368719680978369e-03 -2.960859319623512440e-02 1.192045609136073913e-03 -1.506372315459627567e-03 9.999981549331543595e-01 -4.458429482961426271e-02
9.969062575422974470e-01 -7.859152951630052342e-02 -1.133649548585375288e-03 2.639218978611280741e-01 7.859041289297252764e-02 9.969064905135778254e-01 -9.980847729107310707e-04 -6.728397209262909628e-02 1.208583601842531810e-03 9.059029695731342239e-04 9.999988593320929819e-01 -9.969723323335451942e-03
9.968467365911948264e-01 -7.930936495383138218e-02 -2.570676585059012993e-03 3.155603385828836815e-01 7.929832841121638165e-02 9.968423182252053039e-01 -4.143393124651477931e-03 -1.833069772953785370e-01 2.891169083927660251e-03 3.926477558642186595e-03 9.999881118869912155e-01 -5.888923014743892292e-02
9.964913173021925363e-01 -8.342306839821772568e-02 -6.756197182382431450e-03 3.791129002333174514e-01 8.322462344274880741e-02 9.962000620189670475e-01 -2.567291347351844180e-02 -1.854337983614010033e-01 8.872237268784603781e-03 2.502055339980286189e-02 9.996475655516867675e-01 -1.005133840928848221e-01
9.960175508322666182e-01 -8.842925428290349110e-02 -1.137125415522885312e-02 3.869617713950120330e-01 8.764280451441805453e-02 9.945103748565398138e-01 -5.716513902329061619e-02 -7.524506246809994914e-02 1.636390084731372679e-02 5.594087315795346488e-02 9.982999756883624842e-01 -3.793728917640670772e-02
9.987513582678498869e-01 -4.845018968016697597e-02 -1.217799154544171175e-02 4.671883814362904896e-01 4.755788371422502853e-02 9.967397634988427457e-01 -6.517738531803302093e-02 -4.795210241714685517e-02 1.529614509441050776e-02 6.451684260894155476e-02 9.977993811207861441e-01 1.124225302044363183e-02
9.991630121040563361e-01 -3.984267258345262908e-02 -9.264808932580621478e-03 7.067353709656479799e-01 3.924718653929984424e-02 9.975790367011410087e-01 -5.740839558089860101e-02 -6.640686819496380289e-02 1.152968307885497527e-02 5.699672776424388049e-02 9.983077879252819642e-01 -1.666884079772684712e-02
9.983001442114854962e-01 -5.785143260437258100e-02 -7.073458344324455582e-03 7.692001625017892419e-01 5.746455038194094728e-02 9.972765741796348893e-01 -4.623050986018437808e-02 -3.336393268638264409e-02 9.728695530672484132e-03 4.574545155699057813e-02 9.989057543858271826e-01 -5.465986965444599721e-02
9.982330024550379877e-01 -5.939893439461836622e-02 1.624623766890183688e-03 7.224447990095713701e-01 5.942074711387265729e-02 9.977526937998471013e-01 -3.096347570247584211e-02 -5.307794060852159476e-03 2.182247220547869904e-04 3.100529967493364722e-02 9.995191962989196099e-01 -1.124217857016743261e-02
9.978754536533698261e-01 -6.512144010969470043e-02 1.943459318007121316e-03 7.432994153725803743e-01 6.513005354693371385e-02 9.978654399601867286e-01 -4.758135983400925070e-03 -5.232543398823310404e-03 -1.629454219931074019e-03 4.874604712428712641e-03 9.999867914666886737e-01 -2.983908585222254384e-02
9.955929751329288813e-01 -9.375317789236217725e-02 -2.229237772493745419e-03 8.645501312097217950e-01 9.376810028837995192e-02 9.955622816536700004e-01 7.955294893778582302e-03 2.594648089650019793e-02 1.473510865769794105e-03 -8.129267102374654677e-03 9.999658713086695405e-01 5.766963362654531355e-02
9.855085763605332394e-01 -1.671317395785807125e-01 -2.897977821296224971e-02 9.795392198200565392e-01 1.675162732624415896e-01 9.858036886539711663e-01 1.137478037094391201e-02 1.243965452536706928e-01 2.666728542799202267e-02 -1.606452805599020706e-02 9.995152759344102522e-01 7.726113859201790002e-02
9.730782103981614473e-01 -2.255031975845204761e-01 -4.761411899288110067e-02 1.047488668327829053e+00 2.265411640392262504e-01 9.738427101669192565e-01 1.759195414108477573e-02 1.090181461197879675e-01 4.240162077166265836e-02 -2.790490519436281819e-02 9.987108784938860673e-01 -8.754345071834465641e-03
9.626418506089507998e-01 -2.674177936184229942e-01 -4.252518209754076184e-02 1.159434064522726571e+00 2.684748476595950617e-01 9.630497728669642488e-01 2.136331329747048757e-02 9.289287709503388224e-02 3.524093685377424623e-02 -3.198216123314959192e-02 9.988669669843552867e-01 -3.880917973877220928e-02
9.571181283564998976e-01 -2.879429326584603266e-01 -3.183953365544061470e-02 1.334325038394085228e+00 2.888086402205132797e-01 9.570046262701712436e-01 2.705022424062228023e-02 1.321010229838958661e-01 2.268166010962772983e-02 -3.508579241709108842e-02 9.991268835664147696e-01 -1.012488776941504881e-01
9.531331168789454189e-01 -3.019362547846471956e-01 -1.928106727458712977e-02 1.412660181184191677e+00 3.022979004535088499e-01 9.530066254406477366e-01 1.985827907018871546e-02 1.555625526789395363e-01 1.237905044932725851e-02 -2.475620958163144564e-02 9.996168712047247551e-01 -1.021045509131698059e-01
9.500329859264337040e-01 -3.119671504103127546e-01 -1.066877296477813930e-02 1.383626731193206005e+00 3.119173963126004034e-01 9.500897112026814861e-01 -6.089215415255162973e-03 2.048999857508846389e-01 1.203592660632473929e-02 2.457179617880270693e-03 9.999245465229127383e-01 5.565903092286209053e-02
9.552208858025524885e-01 -2.949777040622995061e-01 -2.326399434150380058e-02 1.380800878013981325e+00 2.945695823350211739e-01 9.554323165724378786e-01 -1.943835414833264275e-02 2.358304276164881474e-01 2.796105308385610222e-02 1.171505677149295779e-02 9.995403628444838873e-01 2.100832455328289494e-01
9.599506055077343669e-01 -2.764450260310580276e-01 -4.553001831782967079e-02 1.653487867418344859e+00 2.763906711794579252e-01 9.610152354252993190e-01 -7.610135703476566572e-03 2.883901651476374339e-01 4.585882543527473876e-02 -5.278717945129600929e-03 9.989339834376207428e-01 1.406197538226849897e-01
9.551940650412618083e-01 -2.922167525143943845e-01 -4.704962975296320127e-02 1.889970982677027900e+00 2.933759627369888490e-01 9.557916082504444022e-01 1.982286775857662608e-02 3.300514254708190598e-01 3.917706724723910017e-02 -3.273791606028462337e-02 9.986958427138540317e-01 -5.012240320794951465e-02
9.453697024464077225e-01 -3.238077443918045972e-01 -3.774480584507377418e-02 1.998595206137609548e+00 3.250376319478111009e-01 9.451300027676621252e-01 3.286054908485629145e-02 3.294182797493462878e-01 2.503324817417595244e-02 -4.333384982078884728e-02 9.987469719331114604e-01 -1.914992252008798634e-01
9.238950576140959603e-01 -3.821345578214492833e-01 -1.977630488366787301e-02 1.968192465001882496e+00 3.825536348673414522e-01 9.235729150449252245e-01 2.580284955589437837e-02 3.928193667188851768e-01 8.404699044651253032e-03 -3.140462249454278876e-02 9.994714156592694465e-01 -4.517695486365769231e-02
8.991430867751790679e-01 -4.373924577481143605e-01 -1.515082207231092590e-02 1.969775336387309395e+00 4.376260670413159581e-01 8.989417510962822710e-01 1.967621868905328891e-02 4.448900237030501414e-01 5.013476872636988928e-03 -2.432213068408703438e-02 9.996916019496381312e-01 1.060776200124612517e-01
8.586112239773882049e-01 -5.124535828069743948e-01 -1.334509379310017466e-02 2.108176713491812126e+00 5.126132138750710832e-01 8.581035168449125949e-01 2.976654731512259552e-02 5.111323014257505015e-01 -3.802501902943421219e-03 -3.239876304256359557e-02 9.994677889419898431e-01 1.464143662097595333e-01
8.336355369998549314e-01 -5.522194973182308342e-01 -1.026733814403679203e-02 2.232298916157708035e+00 5.519847247142199986e-01 8.323504357619956329e-01 5.005612618833805288e-02 5.146244598760775224e-01 -1.909594546311718655e-02 -4.739597945413164676e-02 9.986936296975430505e-01 -3.589202101085320340e-03
8.114200626518094372e-01 -5.844616434364637847e-01 -1.438498412041001873e-03 2.362640481966457706e+00 5.835280114281709007e-01 8.099797829441357511e-01 5.854751147961018837e-02 5.515186326841801101e-01 -3.305362014693774553e-02 -4.834602955071370251e-02 9.982835867737500646e-01 -4.696433165704418100e-02
8.080022955281362940e-01 -5.891743073657286223e-01 2.434329759150598987e-03 2.423409621026693994e+00 5.883202987629868597e-01 8.070403559235393987e-01 5.064671730958215934e-02 6.123840216908544853e-01 -3.180434694648108518e-02 -3.949049823591586905e-02 9.987136647029453140e-01 6.019086935715012299e-03
8.049779479409582272e-01 -5.932120483242659947e-01 -1.048661297525203123e-02 2.552213694921444898e+00 5.932903114165728464e-01 8.047094134313749203e-01 2.119826205514406883e-02 7.118617098584976155e-01 -4.136388278449666493e-03 -2.328573936685690224e-02 9.997202931991271413e-01 5.254237272943138026e-02
8.076039796473997168e-01 -5.888530982947618453e-01 -3.205995455926133331e-02 2.572398764200615418e+00 5.891260678127557826e-01 8.080403333228849405e-01 -1.138396644947097316e-03 7.559999038489171319e-01 2.657608475984753540e-02 -1.796798130287673850e-02 9.994852992249244616e-01 5.968809553156719655e-02
8.334120187271021329e-01 -5.495286733658976130e-01 -5.867405039651874682e-02 2.667375125022993565e+00 5.493647499887978070e-01 8.353350730574204963e-01 -2.033930160796368000e-02 8.110620940699806436e-01 6.018952160436390891e-02 -1.528243661432123965e-02 9.980699718056680325e-01 1.105554281027419372e-01
8.331771897221446066e-01 -5.478112651080960793e-01 -7.562134848954218946e-02 2.906220627811475055e+00 5.486302208420065218e-01 8.359882044171073057e-01 -1.134031985051404783e-02 9.069652332795048455e-01 6.943091030341325132e-02 -3.203966129858631245e-02 9.970721181531009281e-01 1.623415797181261278e-01
8.342625127854164102e-01 -5.466182134537812543e-01 -7.221210758286693288e-02 2.966620312840490215e+00 5.484185304555732055e-01 8.361803997175761838e-01 6.281288172363085065e-03 9.557336301753620589e-01 5.694888246412481425e-02 -4.484270117590056365e-02 9.973695187528723860e-01 7.506180233323717088e-02
8.171347155820951613e-01 -5.717216415289141374e-01 -7.365610088819671275e-02 3.062408910671347240e+00 5.736336406656317166e-01 8.190897424602557875e-01 6.036563019196299062e-03 9.899899232184271591e-01 5.687972298861201925e-02 -4.718430251551572474e-02 9.972654304190349261e-01 3.483960002113208748e-02
7.935641470670246056e-01 -6.029090316745929767e-01 -8.219880786842616305e-02 3.034570260335777814e+00 6.043892087394838741e-01 7.966458252051213940e-01 -8.313455509697250528e-03 1.037641148958315496e+00 7.049559453644095586e-02 -4.308281221619439383e-02 9.965812773891038479e-01 7.524858671273010335e-02
7.694030631187962488e-01 -6.313619064927166180e-01 -9.695911248199275134e-02 3.122677893171850627e+00 6.333130855530072489e-01 7.737855818053183121e-01 -1.305408202572672441e-02 1.099646963296699864e+00 8.326741337848118929e-02 -5.136162400165376896e-02 9.952027539397034772e-01 1.575723654918690375e-01
7.449608047686320234e-01 -6.568396934654894270e-01 -1.165976691303647617e-01 3.228340505434222685e+00 6.616691700401553522e-01 7.497869358359184888e-01 3.668823811008532776e-03 1.167128221422957690e+00 8.501357995546471313e-02 -7.988221290090832816e-02 9.931724539500729199e-01 1.336811716563652275e-01
7.413443599869822265e-01 -6.607195059698095507e-01 -1.177211720401332568e-01 3.414317639827543438e+00 6.677980509354720651e-01 7.436761136657712434e-01 3.148969878801143041e-02 1.226065823204836258e+00 6.674056549263292226e-02 -1.019586798364215535e-01 9.925472908248440529e-01 4.594891335900742890e-02
7.235300785545288882e-01 -6.835050544170451214e-01 -9.656638138208181732e-02 3.547691837903033996e+00 6.892929521446582442e-01 7.229045430363323366e-01 4.779380484051803935e-02 1.314573258317893734e+00 3.714096862737014532e-02 -1.011427814714619677e-01 9.941783975754234781e-01 -1.440107650683730700e-02
7.173861084404872246e-01 -6.927975201686433770e-01 -7.340822477618980102e-02 3.593770954511836369e+00 6.963433723305467726e-01 7.163068314953833227e-01 4.483782961257352928e-02 1.362474502792283104e+00 2.151927572979830255e-02 -8.328336689413255722e-02 9.962935318322819755e-01 8.705235558916363248e-03
7.152725900891669930e-01 -6.958670013214414141e-01 -6.445338112961637722e-02 3.646043949339006218e+00 6.982841162642692279e-01 7.153480243575058850e-01 2.600955633688848898e-02 1.459043337440511623e+00 2.800740688038074605e-02 -6.361069501049461394e-02 9.975817082525715307e-01 7.306656273480047203e-02
7.139052970144088572e-01 -6.973137621380262052e-01 -6.397455765912574144e-02 3.739368897298930960e+00 6.991402628840174271e-01 7.149243869443245858e-01 9.274360719130039094e-03 1.538660915935965656e+00 3.926983205000311727e-02 -5.134820430349920639e-02 9.979084337781551906e-01 1.258314484850205084e-01
7.229812300420878080e-01 -6.879104664736814811e-01 -6.385398282638098111e-02 3.799597003071247148e+00 6.898627565332302591e-01 7.238227445851173059e-01 1.303884847834114319e-02 1.620404627208027915e+00 3.724940476306672077e-02 -5.347732731943621171e-02 9.978740688621822175e-01 1.400422527454267541e-01
7.305542889808911422e-01 -6.806692147839338292e-01 -5.458801056136395463e-02 3.993522362273072002e+00 6.826172005846454782e-01 7.300708855220373605e-01 3.209765690903745861e-02 1.706452989760165018e+00 1.800523028474267789e-02 -6.071179587601777117e-02 9.979929305981591892e-01 9.834407721958383919e-02
7.195372799560955102e-01 -6.935981463906285560e-01 -3.446322789391326191e-02 4.109539925623128198e+00 6.943649127688816813e-01 7.177646466642465528e-01 5.168442622698529720e-02 1.813784080379776453e+00 -1.111173563611612611e-02 -6.111892769374765999e-02 9.980686379246266338e-01 3.272848127974366250e-02
7.107890324150301087e-01 -7.031792249712481846e-01 -1.783056273200539846e-02 4.138016487872534732e+00 7.028519145570312210e-01 7.089963939666168447e-01 5.764806628022802609e-02 1.869288541492090783e+00 -2.789511788863451372e-02 -5.350785840574005109e-02 9.981777254010482103e-01 4.215986516112486815e-02
6.926384465129367118e-01 -7.210887912941289501e-01 -1.682074558745340689e-02 4.181061050276019486e+00 7.206471128658838987e-01 6.908572087070646850e-01 5.817263871915532431e-02 1.933660992092934183e+00 -3.032690439546601932e-02 -5.241442785584391612e-02 9.981648193671889269e-01 9.048939169603473220e-02
6.647749891897664076e-01 -7.462826898947922949e-01 -3.370994676856040040e-02 4.341037928788639810e+00 7.467384534030621079e-01 6.625367912878226129e-01 5.853787149563127734e-02 2.041073699768747307e+00 -2.135172023395008611e-02 -6.408702640495456127e-02 9.977158699196990721e-01 1.026553564683080899e-01
6.482639917074373148e-01 -7.604447149203340528e-01 -3.843998706128409770e-02 4.405073044476498723e+00 7.609313491080370584e-01 6.452251898589578261e-01 6.832229735667941228e-02 2.118842186837511576e+00 -2.715288198630944061e-02 -7.354107642130189304e-02 9.969224799745634025e-01 6.157011011888675195e-02
6.399179133626385907e-01 -7.681802723847702685e-01 -2.010306634487687288e-02 4.517759727946096149e+00 7.669872179297775316e-01 6.368770999131858623e-01 7.821871348027760462e-02 2.191534019715736914e+00 -4.728289003377841165e-02 -6.547235084392417914e-02 9.967335148298284153e-01 7.315967267574570443e-02
6.358884693101609642e-01 -7.717699724617470558e-01 -4.118762529549811757e-03 4.567821241539469668e+00 7.699332524501087960e-01 6.339880032983453706e-01 7.253963361759142858e-02 2.289421907552950497e+00 -5.337266500726442486e-02 -4.929828881585603811e-02 9.973570260191937376e-01 9.004328871739464279e-02
6.427991070725123102e-01 -7.659958966363101807e-01 7.719733357820873082e-03 4.648490471092609155e+00 7.647590383821604165e-01 6.422773637918509637e-01 5.121914850310953921e-02 2.377410546797566138e+00 -4.419186757282493605e-02 -2.701988706351943909e-02 9.986576012545543835e-01 9.103771417528602750e-02
6.499823657449539382e-01 -7.597502109080105370e-01 1.739371282465004137e-02 4.725846526927956148e+00 7.589309124083600810e-01 6.501258176147821644e-01 3.688212930031511266e-02 2.490331003365848783e+00 -3.932930728613324989e-02 -1.077210731214945337e-02 9.991682377319889286e-01 1.132131918628632439e-01
6.732527341706464608e-01 -7.389801097966793852e-01 2.528148050721847756e-02 4.783583474659280022e+00 7.375248938633641727e-01 6.735829482414976699e-01 4.840498703775674566e-02 2.562946984196857514e+00 -5.279949681183048610e-02 -1.394306864286942033e-02 9.985077886392462743e-01 1.186393233691104276e-01
6.916254969552151355e-01 -7.218681550069075969e-01 2.367569953295683982e-02 4.912702813730550844e+00 7.195342225386026636e-01 6.914918627584534239e-01 6.410543139713589800e-02 2.685734461827249397e+00 -6.264722306072614821e-02 -2.730147479106890401e-02 9.976622449090735145e-01 9.490043274321163791e-02
6.828306053496076000e-01 -7.303244094939381759e-01 1.919951289014956361e-02 5.061181123916998814e+00 7.281722839742629239e-01 6.824786159186888579e-01 6.315111768936537695e-02 2.800961449985642115e+00 -5.922405971895025600e-02 -2.914096276792017479e-02 9.978192797492765331e-01 4.876726992013136197e-02
6.620177338685275803e-01 -7.492887276473261249e-01 1.728938009966012393e-02 5.091244505156660161e+00 7.475060999940301709e-01 6.617678434097671314e-01 5.742779728059325267e-02 2.859332397796912506e+00 -5.447155693840811941e-02 -2.509430312714820005e-02 9.981999426143384202e-01 4.460360251891168359e-02
6.410802463361544579e-01 -7.672286843117057664e-01 1.939751857595406123e-02 5.074261153971616700e+00 7.654863306245514032e-01 6.410335568859986122e-01 5.573738936338219763e-02 2.936876048830899588e+00 -5.519778423574304982e-02 -2.088360398528256098e-02 9.982570208618871677e-01 1.174445690077875470e-01
6.130177022780197715e-01 -7.899528154568752347e-01 1.355898394176920790e-02 5.182949914905274014e+00 7.877266784618942586e-01 6.124307089039117136e-01 6.644777521364986228e-02 3.028429612031751095e+00 -6.079454525834274842e-02 -3.005288909918997498e-02 9.976977734382407315e-01 1.575618475024126441e-01
5.939955819277056293e-01 -8.044345195626564360e-01 7.372407094329867794e-03 5.257492326259177062e+00 8.009830765272559772e-01 5.922494881558303392e-01 8.755943636233187721e-02 3.102815386799768316e+00 -7.480213745140268378e-02 -4.610474503947754182e-02 9.961320157075297388e-01 1.050189794094231743e-01
5.954970579827985055e-01 -8.033574863181699444e-01 5.577080808054357686e-05 5.348279699741096849e+00 7.996507717309199181e-01 5.927560757336508557e-01 9.591078120308738075e-02 3.193481470712850268e+00 -7.708370258346258774e-02 -5.706999086554875172e-02 9.953899331109544724e-01 6.931347964598419398e-02
6.024203476355995956e-01 -7.980877767868702621e-01 -1.206753073309219798e-02 5.460159384900356905e+00 7.956899480251974355e-01 5.992800503526500844e-01 8.798254293315270480e-02 3.298867530424895111e+00 -6.298596166021552811e-02 -6.260448700146052647e-02 9.960489178956131173e-01 6.864888920540487827e-02
6.130741544314810554e-01 -7.898651964646725698e-01 -1.590762653411312288e-02 5.509318091427995334e+00 7.888041781338437364e-01 6.108832508420554142e-01 6.789420004119549323e-02 3.432375831336253125e+00 -4.390956304401028715e-02 -5.417218155535898083e-02 9.975656996001903698e-01 1.093575536458527842e-01
6.369422222029137437e-01 -7.706720769801826965e-01 -1.921341558041121320e-02 5.600963265045617590e+00 7.703284000096413120e-01 6.352935081234916126e-01 5.473860314927123799e-02 3.485335273631767539e+00 -2.997935479292883690e-02 -4.966596721295871847e-02 9.983158468075126191e-01 1.154791737282498815e-01
6.526227642869339984e-01 -7.575163573382377447e-01 -1.589011955550196503e-02 5.678935867609910204e+00 7.570527471602275238e-01 6.510812669843015765e-01 5.444558567293650980e-02 3.583740285548544513e+00 -3.089766255938157513e-02 -4.756208728729013208e-02 9.983902955764557552e-01 1.278524730747888916e-01
6.802842029294824400e-01 -7.329281473671983571e-01 -5.452892946415099917e-03 5.718790159394564476e+00 7.315839064908621348e-01 6.785451770307229236e-01 6.604112727622357681e-02 3.650799200086440877e+00 -4.470336685494908507e-02 -4.891598435308509157e-02 9.978020021359952363e-01 1.680791968828843352e-01
6.873584651038323612e-01 -7.263183183612531568e-01 2.021459500754010929e-04 5.842991202873633938e+00 7.241825737983298428e-01 6.853585570734124222e-01 7.644114110265974593e-02 3.784004615003755845e+00 -5.565914351596099041e-02 -5.239607484470117094e-02 9.970740750234849958e-01 1.278267147604031928e-01
6.852776595606695498e-01 -7.282817441846382023e-01 -4.799942003801405122e-04 5.936851902749237020e+00 7.262891284473221853e-01 6.833536853839741187e-01 7.437635761026313574e-02 3.859669169273068690e+00 -5.383893764071010640e-02 -5.131707083926238810e-02 9.972301274200443544e-01 5.113743456387839781e-02
6.759029524455706373e-01 -7.369855331307889612e-01 -2.742778023757865002e-03 5.985908428692170880e+00 7.359149507445129634e-01 6.747107534585364830e-01 5.652065496891583996e-02 3.919031534971639807e+00 -3.980432320818862169e-02 -4.022092892190452795e-02 9.983976626227633044e-01 5.452372666879946872e-02
6.656847391734306285e-01 -7.461751186079950138e-01 -9.301634369640661426e-03 6.064473941662805956e+00 7.460980629428122235e-01 6.652754643706813020e-01 2.731733843839435211e-02 4.010402992821727963e+00 -1.419536912465466441e-02 -2.512466669866605939e-02 9.995835345876280531e-01 1.284427688112063370e-01
6.289401327769621464e-01 -7.773563579805666812e-01 -1.230455564766342810e-02 6.098665457726062833e+00 7.774519169826121789e-01 6.288941102196254906e-01 7.791977356684447013e-03 4.124500952660045350e+00 1.681119436225895700e-03 -1.446688764920335546e-02 9.998939358747939155e-01 1.948641598769315642e-01
6.309561398826450951e-01 -7.758179479219973196e-01 9.280228947259258621e-04 6.103623354758932251e+00 7.756714453640691787e-01 6.308593791584353738e-01 1.871503605792460695e-02 4.143576539512833889e+00 -1.510491281695686486e-02 -1.108852604878961950e-02 9.998244276866100622e-01 2.056559493016019147e-01
6.345095747248261642e-01 -7.728556071445790154e-01 9.581758069597110308e-03 6.251989365144321020e+00 7.722619785406760196e-01 6.344342600166923418e-01 3.323561670125420309e-02 4.274076439255775739e+00 -3.176532831501614057e-02 -1.368868957410498445e-02 9.994016128137791499e-01 1.532152241671984605e-01
6.463381152712200928e-01 -7.630385572608699984e-01 4.381880977029968538e-03 6.361668120407943938e+00 7.624518655436396397e-01 6.460474028123684986e-01 3.591526205413210493e-02 4.375605128648686559e+00 -3.023563256607416511e-02 -1.987242946001302815e-02 9.993452321748906853e-01 7.746191261933796368e-02
6.643179467304269892e-01 -7.474494749508290292e-01 -9.736773591246111748e-04 6.432949968136200347e+00 7.473635635073904160e-01 6.642206403239834245e-01 1.608244101909002410e-02 4.487478557201746376e+00 -1.137407549669980020e-02 -1.141154517703691501e-02 9.998701950969774987e-01 6.709645387592308441e-02
6.762945894723244589e-01 -7.366240812504757374e-01 -3.254408141664180253e-03 6.484932374445894432e+00 7.366004430863674068e-01 6.763001054229864639e-01 -6.160734519882317926e-03 4.583850536123609487e+00 6.739101974833313843e-03 1.769272943838073354e-03 9.999757267943172323e-01 1.163729156799458431e-01
6.980772922412930015e-01 -7.160208118791524523e-01 -1.513609257266938183e-03 6.547363649191548340e+00 7.159934769099713936e-01 6.980665269413167673e-01 -7.514318762073877826e-03 4.658627953581649273e+00 6.437008578105444731e-03 4.161840939672802227e-03 9.999706215687330646e-01 1.792400455289335781e-01
7.037729378816174330e-01 -7.104138519823541831e-01 3.976281814826222033e-03 6.701303726457727095e+00 7.104235903881808145e-01 7.037716074059795490e-01 -1.961333518342120094e-03 4.780704638047349242e+00 -1.405035744531887105e-03 4.205177855653399743e-03 9.999901711285761330e-01 1.720791666063130887e-01
6.997452222646913800e-01 -7.143231562516821898e-01 9.952505230971870481e-03 6.771844472576478147e+00 7.143703431836437856e-01 6.997653142274686822e-01 -1.875575595675552706e-03 4.849701074978437276e+00 -5.624650871009966545e-03 8.422199639456603992e-03 9.999487136127593878e-01 1.162253824058714774e-01
6.935863418159091687e-01 -7.203420971762111158e-01 6.726773535861790831e-03 6.851207063395317931e+00 7.203628530013768128e-01 6.934950664608382498e-01 -1.191439508302855402e-02 4.925820796142907021e+00 3.917456080375244371e-03 1.310937947637478770e-02 9.999063944728040498e-01 1.191944987980113752e-01
6.865489621892819638e-01 -7.270750802252609057e-01 -3.514289721994909473e-03 6.880949050926160382e+00 7.270509423687584460e-01 6.865559228380631041e-01 -6.155649167699778559e-03 5.026567998876719123e+00 6.888375535648412311e-03 1.671086893552360588e-03 9.999748785599936740e-01 1.693347524069444554e-01
6.765768590352669865e-01 -7.363252145935028636e-01 -8.302540081476381811e-03 6.989017088756101614e+00 7.362598320321536161e-01 6.762339739652173387e-01 2.508131159239130117e-02 5.114457799447799324e+00 -1.285354246725176064e-02 -2.308226178349296123e-02 9.996509368959751729e-01 1.528901040344609885e-01
6.693185687286860031e-01 -7.428705414466676427e-01 -1.249048460701092378e-02 7.074648103034279600e+00 7.422300915277426636e-01 6.677996358178771574e-01 5.601908275069556603e-02 5.210655427923319927e+00 -3.327378526260420938e-02 -4.676542582127695552e-02 9.983515664143832735e-01 1.344221551062975417e-01
6.733516700930297638e-01 -7.391087433968740461e-01 -1.777058854460146498e-02 7.170572647434465985e+00 7.382336594429673715e-01 6.708619372528752400e-01 7.039407084949855786e-02 5.316156479722017103e+00 -4.010726179100829875e-02 -6.051881178289333918e-02 9.973609582152362929e-01 1.231462935975769224e-01
6.667300452560833701e-01 -7.448451797347196424e-01 -2.601355375134986950e-02 7.286943945551459301e+00 7.447189786954279134e-01 6.644278612265830386e-01 6.268380968565431810e-02 5.418043056358967213e+00 -2.940560360985598407e-02 -6.116596645048390929e-02 9.976943595232551365e-01 1.043247242176269240e-01
6.704917758469097766e-01 -7.416093562047058052e-01 -2.136214669219739515e-02 7.301954921300228385e+00 7.417444977120238869e-01 6.694371878287177502e-01 4.085280487207001987e-02 5.509372363639087666e+00 -1.599620691272315293e-02 -4.323672445525604535e-02 9.989367883018352989e-01 1.137173794599960625e-01
6.880025342539977107e-01 -7.255508945944288968e-01 -1.511331245294802658e-02 7.363726327336880040e+00 7.256532792263388210e-01 6.875447853152272248e-01 2.663618842663215483e-02 5.586745388590241390e+00 -8.934831175664632863e-03 -2.929278988184392737e-02 9.995309406180483691e-01 1.857356753457467535e-01
7.162319860145487382e-01 -6.976237202901768297e-01 -1.824519383696158320e-02 7.426663041928907916e+00 6.978257617164725923e-01 7.156823006682613286e-01 2.894910698120340201e-02 5.677938254521357919e+00 -7.137821409930401179e-03 -3.346624267343735470e-02 9.994143595660623935e-01 2.599086035190101840e-01
7.232188393252454439e-01 -6.899872384297425221e-01 -2.953169905614086432e-02 7.643116334098296605e+00 6.905273105774154541e-01 7.217649496927467379e-01 4.719524066840056348e-02 5.784873861665671413e+00 -1.124916849221992664e-02 -5.452493190389482575e-02 9.984490412680605553e-01 2.204960864930417541e-01
7.158479356471845190e-01 -6.976228066034324549e-01 -2.973470592446563615e-02 7.693645181317336323e+00 6.980108960650419636e-01 7.138186114790139314e-01 5.695418229287214223e-02 5.878627188791227809e+00 -1.850735000321809820e-02 -6.152568254739271963e-02 9.979338998064630761e-01 1.445542901124624302e-01
7.138713860678405076e-01 -6.998174954122440283e-01 -2.535975687016886124e-02 7.770696917980327356e+00 7.000923319471703543e-01 7.123839281829864589e-01 4.878386634278483736e-02 5.965394399622272914e+00 -1.607391994359697387e-02 -5.257957760872188080e-02 9.984873645250275098e-01 1.503792195451970348e-01
7.018089336286721380e-01 -7.119103049529815763e-01 -2.545463377734843990e-02 7.796793869701205359e+00 7.122875959232455312e-01 7.007567921365305263e-01 3.982836888955836041e-02 6.052607449613260471e+00 -1.051671873112046407e-02 -4.608292499692449862e-02 9.988822566503312572e-01 1.990518506783356123e-01
6.947757404632355360e-01 -7.182155388109777716e-01 -3.811968355351034315e-02 7.895879995334427193e+00 7.192107723829020971e-01 6.934342695809720958e-01 4.341403758109928235e-02 6.150897855803383329e+00 -4.747141471683015423e-03 -5.757910715841897675e-02 9.983296605163481940e-01 2.725687884532252414e-01
6.861902903503569462e-01 -7.262227155328224715e-01 -4.175467486433113301e-02 7.977235005446163818e+00 7.273196409075488589e-01 6.839991296526579667e-01 5.613671333913795858e-02 6.240885398471561984e+00 -1.220759513610417124e-02 -6.888946275403461106e-02 9.975496060559863043e-01 2.359546489643734035e-01
6.873082586948024986e-01 -7.257221719275078753e-01 -3.057264631560814225e-02 8.090668469858339762e+00 7.258500508200468326e-01 6.846256296743179481e-01 6.655412021489789942e-02 6.282266297441644554e+00 -2.736898343844671247e-02 -6.793435335575351286e-02 9.973143247641044207e-01 1.679392209278766646e-01
6.873638389852601005e-01 -7.260168705139992129e-01 -2.074744766240813054e-02 8.205548206579843296e+00 7.259089973047966327e-01 6.857479746814472144e-01 5.297020721347255046e-02 6.362225835578343869e+00 -2.422974385729770308e-02 -5.147056391134964548e-02 9.983805389545898912e-01 1.447255798060880227e-01
6.979401373699291034e-01 -7.159446621847773695e-01 -1.740130274346105357e-02 8.286176880905223641e+00 7.161498241227699513e-01 6.976262039925034131e-01 2.114495003389207581e-02 6.448189879051357210e+00 -2.999009331483786130e-03 -2.721984923057162511e-02 9.996249725526541452e-01 1.828823655586901964e-01
7.078185267275328707e-01 -7.062269330563435421e-01 -1.537700384000941639e-02 8.373240503636388610e+00 7.062139724447793476e-01 7.079619969833430559e-01 -7.185815967668549367e-03 6.554831894017177696e+00 1.596115111854746332e-02 -5.773201294581342333e-03 9.998559455250456418e-01 2.420616298855118032e-01
7.349111339076557226e-01 -6.779738623158566568e-01 -1.603331765678574911e-02 8.418147425717519283e+00 6.781082779226217383e-01 7.349474628576748714e-01 4.624959662849574375e-03 6.608815530801961380e+00 8.648044367368679444e-03 -1.427125977573130006e-02 9.998607615428428685e-01 2.492268579093885050e-01
