1.000000000000000000e+00 0.000000000000000000e+00 0.000000000000000000e+00 0.000000000000000000e+00 0.000000000000000000e+00 1.000000000000000000e+00 0.000000000000000000e+00 0.000000000000000000e+00 0.000000000000000000e+00 0.000000000000000000e+00 1.000000000000000000e+00 0.000000000000000000e+00
9.999984190850336185e-01 -1.743797149227345597e-03 -3.478490128072033328e-04 1.439313373576178896e-02 1.744023657215549921e-03 9.999982666825353306e-01 6.519305238973125772e-04 -4.854362909645514729e-02 3.467115752853679352e-04 -6.525361501580651284e-04 9.999997269937909161e-01 -1.332317086311216384e-02
9.999928670009785581e-01 -3.754515917877878674e-03 -4.117734639896810300e-04 1.479338258149727643e-02 3.754671815903961804e-03 9.999928795693043826e-01 3.784841416758023868e-04 -9.876255645920073434e-02 4.103495072506822784e-04 -3.800275161685693790e-04 9.999998435961722221e-01 -2.342590600827464120e-02
9.999944981554742540e-01 -3.300838204313635404e-03 -3.288250753788508765e-04 1.340031922945714160e-02 3.300899918828240857e-03 9.999945344712253270e-01 1.873163187815726522e-04 -1.073022507438578521e-01 3.282049773146139115e-04 -1.884007068609363188e-04 9.999999283933307392e-01 -1.853128660201167760e-02
9.999982845964330291e-01 -1.810717446487688500e-03 3.900083592778705397e-04 -2.164882406608831938e-02 1.810827473628520831e-03 9.999983207035477717e-01 -2.819467062511146521e-04 -6.457603417743154606e-02 -3.894971785182278030e-04 2.826524604506542118e-04 9.999998841997606025e-01 3.960048324829044605e-03
9.999996083147452142e-01 -7.334957109436661578e-04 4.953326136929252742e-04 -5.680422740315899111e-02 7.335728015096314950e-04 9.999997188499419876e-01 -1.554701962854581297e-04 -1.851707539695551449e-02 -4.952184377079772454e-04 1.558334979231804941e-04 9.999998652373008889e-01 1.208526756465928137e-02
9.999985475001468282e-01 1.491049596265059613e-03 8.256928593497075454e-04 -9.423275744413750488e-02 -1.491187058122827669e-03 9.999988744201961932e-01 1.658900189655221856e-04 2.172627632640591888e-02 -8.254445797206979261e-04 -1.671210405161407096e-04 9.999996453558389620e-01 1.604543754189060104e-02
9.999992962176700306e-01 7.968820179122587579e-04 8.789443748719310157e-04 -5.520405978357717514e-02 -7.977852609748971487e-04 9.999991536094081646e-01 1.027773878230956329e-03 3.167665664367824707e-05 -8.781246164196391656e-04 -1.028474363769351155e-03 9.999990855684024460e-01 1.849950677153892886e-02
9.999990147055023426e-01 -1.297808900495721948e-03 5.350514762349012701e-04 -4.864959813205901179e-02 1.297246434907889379e-03 9.999986070659098170e-01 1.050246603002374934e-03 -5.962390912465798803e-03 -5.364137503325518575e-04 -1.049551474580137905e-03 9.999993053507540974e-01 1.636455067195179136e-02
9.999967707597847699e-01 -2.453573583554576748e-03 6.621530582546598454e-04 -7.668486676189720241e-02 2.453205632575014908e-03 9.999968363569844421e-01 5.559299837502776733e-04 -4.191026083487968748e-03 -6.635149785611974904e-04 -5.543037909066802311e-04 9.999996262475204789e-01 1.889335046332524248e-02
9.999990817341786187e-01 -9.686857829289616251e-04 9.477228780598424092e-04 -7.715957825392426306e-02 9.681365483327774874e-04 9.999993632611408056e-01 5.798180203599677916e-04 -1.018656754405518339e-02 -9.482839360808668601e-04 -5.788999627769561562e-04 9.999993828160144149e-01 2.820892304698654693e-02
9.999998876114850610e-01 -1.646897345996603320e-05 4.738204197067815500e-04 -3.787052491037024016e-02 1.624888093453961764e-05 9.999998919849271140e-01 4.645063056861157441e-04 1.919187993796752506e-03 -4.738280184690547132e-04 -4.644985544293576594e-04 9.999997798640266611e-01 1.059870987810538831e-02
9.999999803870709414e-01 -1.879308966021893824e-04 -6.251268473423829094e-05 -7.412576088560485915e-03 1.879546735351502026e-04 9.999999099214418319e-01 3.805655646450234182e-04 8.091757980368189176e-03 6.244115907540612111e-05 -3.805773067322690858e-04 9.999999256310048157e-01 -6.039307452811844279e-03
9.999995953066364018e-01 -8.982247485605539131e-04 5.078252220705390112e-05 -6.325059474776777851e-03 8.982143057599619894e-04 9.999995755338848547e-01 2.052878734258085816e-04 4.822818509091971254e-03 -5.096689530008440786e-05 -2.052421767592396348e-04 9.999999776390119388e-01 -5.749826273311588187e-03
9.999995791070107609e-01 -9.174882712522963897e-04 1.036021925132355387e-06 -6.754321710280954474e-03 9.174881332703018529e-04 9.999995711520733854e-01 1.261395840301393742e-04 -5.370152700208016133e-03 -1.151753069724797241e-06 -1.261385804010506839e-04 9.999999920438659151e-01 -3.438724438268055735e-03
9.999999535398791384e-01 -1.494585748147300394e-04 2.656734346791823128e-04 -1.457277272779428784e-02 1.494771276365032195e-04 9.999999863912479858e-01 -6.981469944421708285e-05 -1.616298628524551195e-02 -2.656629966582183628e-04 6.985440830252286721e-05 9.999999622717662406e-01 5.441745112225599909e-03
9.999999193595922042e-01 -3.865313598372170601e-04 1.089693397778346995e-04 1.303821110387352877e-02 3.865381812686745138e-04 9.999999233356456907e-01 -6.258543964690802919e-05 -3.482538722311523394e-02 -1.089451401886778944e-04 6.262755541040443082e-05 9.999999921043728479e-01 2.184409216413689056e-03
9.999996310055054849e-01 -8.117847898953515660e-04 -2.810592600787467947e-04 3.835104804348397206e-02 8.117971227812743580e-04 9.999996695348106757e-01 4.376871932506300699e-05 -3.895461683674537878e-02 2.810236364178239675e-04 -4.399686627330950462e-05 9.999999595449949874e-01 -1.189523152105760075e-02
9.999997430822716860e-01 -5.615410718252434891e-04 -4.455412610264741259e-04 2.810491375029729177e-02 5.613866544289713902e-04 9.999997823451919343e-01 -3.466332253629242311e-04 -6.203765976757638634e-02 4.457358128451770728e-04 3.463830153887656948e-04 9.999998406691832376e-01 -3.017468918993910718e-02
9.999891749914456840e-01 4.646016252509076357e-03 -2.538363826960499396e-04 8.136216807624024883e-03 -4.646177818912719353e-03 9.999890018729368224e-01 -6.396599430202244045e-04 -7.118370318131982122e-02 2.508617204799087614e-04 6.408323876667848832e-04 9.999997632010960702e-01 -2.319112123508577927e-02
9.999820525677350913e-01 5.988278388605054910e-03 -1.872547995509671348e-04 -1.010003032014180312e-02 -5.988372392862669098e-03 9.999819417458354343e-01 -5.055475378632172520e-04 -6.545756246707719328e-02 1.842240586608044888e-04 5.066598160550869106e-04 9.999998546786529330e-01 -1.572990789846911291e-02
9.999853558085309846e-01 5.411636258298297732e-03 -4.859520017379030194e-05 -1.459809745761453219e-02 -5.411644109746164590e-03 9.999853436756108715e-01 -1.629171566609897352e-04 -7.744409848870578705e-02 4.771283955468732667e-05 1.631777507997364280e-04 9.999999855482532007e-01 -8.442983915277967391e-03
9.999906915448398825e-01 4.307009699009365679e-03 -2.578587319325540317e-04 2.092007144122132872e-02 -4.306987641967497359e-03 9.999907211847939292e-01 8.603352678919070034e-05 -8.579779406657114804e-02 2.582268865433522023e-04 -8.492213157815738426e-05 9.999999630535526540e-01 -1.388387483779101976e-02
9.999882786640478249e-01 4.829837989804065118e-03 -3.394105284442757559e-04 3.665455540953276026e-02 -4.829862834455410023e-03 9.999883335222693459e-01 -7.241791797930350130e-05 -7.715066057984858172e-02 3.390568019075052030e-04 7.405637544151379896e-05 9.999999397780673371e-01 -1.879346749879508977e-02
9.999825249535141403e-01 5.886815553813716344e-03 -5.433141170040204412e-04 6.238838773069318999e-02 -5.886995766392458078e-03 9.999826168113158387e-01 -3.306902470599941196e-04 -7.237624033630339626e-02 5.413579599823224904e-04 3.338829561391782209e-04 9.999997977268448857e-01 -2.873830569284110958e-02
9.999321509937747487e-01 1.163784617469943057e-02 -5.039299324634000793e-04 1.016849084744934489e-01 -1.163795970749121993e-02 9.999322517983254555e-01 -2.229515129200537748e-04 -7.097882548761064170e-02 5.013011167049256749e-04 2.288011021308735489e-04 9.999998481736115385e-01 -3.624120681699942448e-02
9.999083376268930179e-01 1.352942689113185472e-02 -5.205307108385191827e-04 7.864075023242482476e-02 -1.352943161691799213e-02 9.999084730360208173e-01 -5.558452182778645824e-06 -2.452387877912206443e-02 5.204078655704633604e-04 1.260042733865622814e-05 9.999998645084321458e-01 -5.092253605734604893e-02
9.999342553888311835e-01 1.144672830182333519e-02 -6.762478598521527414e-04 7.339093874979223109e-02 -1.144683242228687094e-02 9.999344715719432619e-01 -1.502984850135312259e-04 -2.295797622525561771e-02 6.744831204707942831e-04 1.580294996257324567e-04 9.999997600495699190e-01 -5.909379266154123067e-02
9.999571860057100414e-01 9.207737842499336481e-03 -9.185419781856668390e-04 9.655276486711142359e-02 -9.207836866498448139e-03 9.999576016012049484e-01 -1.036349643157355167e-04 -2.035575891243435534e-02 9.175487898938297247e-04 1.120883119791294487e-04 9.999995727701229686e-01 -6.248519375408888993e-02
9.999976612779274410e-01 -1.923336069065936012e-03 -9.890485533853563861e-04 1.306906855121018618e-01 1.924052978452039323e-03 9.999978866246470588e-01 7.244076031707155682e-04 -6.342033462418884826e-03 9.876531838826372103e-04 -7.263088907976392649e-04 9.999992485080093640e-01 -5.172877316592122687e-02
9.997079544999337708e-01 -2.415114336862369052e-02 -8.532195184327444381e-04 1.755463547846737304e-01 2.415205147648986569e-02 9.997077234422407921e-01 1.070560324855469045e-03 3.325197145051139030e-02 8.271148864785392253e-04 -1.090854674259978839e-03 9.999990629580830515e-01 -3.359761643524850072e-02
9.986154159583072731e-01 -5.259644976900842983e-02 -9.297753024773480540e-04 2.089282631612055241e-01 5.259810696695532695e-02 9.986140327744497114e-01 1.858141394755378345e-03 5.680512794706758795e-02 8.307550238480218346e-04 -1.904473062647928355e-03 9.999978414118922965e-01 -3.174549975997501688e-02
9.979138598586774211e-01 -6.454630017793686059e-02 -1.305157191911632784e-03 2.255221590613382954e-01 6.455006753690611943e-02 9.979096968461994566e-01 3.086376728020075698e-03 1.730475095763622795e-02 1.103214818968191804e-03 -3.164186098520684054e-03 9.999943854059367698e-01 -5.914285437798035006e-02
9.974992273208210802e-01 -7.066550172398682050e-02 -1.295515519812193411e-03 2.529898002861683537e-01 7.066732287012573999e-02 9.974989311816551130e-01 1.418368719681022388e-03 -2.960859319623217883e-02 1.192045609136041170e-03 -1.506372315459668983e-03 9.999981549331543595e-01 -4.458429482961452639e-02
9.969062575422974470e-01 -7.859152951630049566e-02 -1.133649548585360977e-03 2.639218978611274635e-01 7.859041289297249988e-02 9.969064905135778254e-01 -9.980847729107002794e-04 -6.728397209262763912e-02 1.208583601842515330e-03 9.059029695731046251e-04 9.999988593320929819e-01 -9.969723323335750315e-03
9.968467365911948264e-01 -7.930936495383136831e-02 -2.570676585059010390e-03 3.155603385828842367e-01 7.929832841121636777e-02 9.968423182252053039e-01 -4.143393124651510023e-03 -1.833069772953807575e-01 2.891169083927660251e-03 3.926477558642218688e-03 9.999881118869912155e-01 -5.888923014743888129e-02
9.964913173021925363e-01 -8.342306839821772568e-02 -6.756197182382409766e-03 3.791129002333189502e-01 8.322462344274880741e-02 9.962000620189670475e-01 -2.567291347351846956e-02 -1.854337983614019747e-01 8.872237268784582964e-03 2.502055339980288964e-02 9.996475655516867675e-01 -1.005133840928846833e-01
9.960175508322666182e-01 -8.842925428290347722e-02 -1.137125415522886179e-02 3.869617713950120330e-01 8.764280451441804065e-02 9.945103748565398138e-01 -5.716513902329062313e-02 -7.524506246809983812e-02 1.636390084731373720e-02 5.594087315795347182e-02 9.982999756883624842e-01 -3.793728917640711018e-02
9.987513582678498869e-01 -4.845018968016696903e-02 -1.217799154544169093e-02 4.671883814362916554e-01 4.755788371422502159e-02 9.967397634988427457e-01 -6.517738531803300706e-02 -4.795210241714444044e-02 1.529614509441048695e-02 6.451684260894154088e-02 9.977993811207861441e-01 1.124225302044334386e-02
9.991630121040563361e-01 -3.984267258345261520e-02 -9.264808932580583314e-03 7.067353709656495342e-01 3.924718653929983037e-02 9.975790367011410087e-01 -5.740839558089856631e-02 -6.640686819496194326e-02 1.152968307885493364e-02 5.699672776424384579e-02 9.983077879252819642e-01 -1.666884079772639610e-02
9.983001442114854962e-01 -5.785143260437254631e-02 -7.073458344324457317e-03 7.692001625017910182e-01 5.746455038194091258e-02 9.972765741796348893e-01 -4.623050986018434338e-02 -3.336393268638002119e-02 9.728695530672482397e-03 4.574545155699054344e-02 9.989057543858271826e-01 -5.465986965444540047e-02
9.982330024550379877e-01 -5.939893439461835234e-02 1.624623766890151162e-03 7.224447990095720362e-01 5.942074711387264341e-02 9.977526937998471013e-01 -3.096347570247581088e-02 -5.307794060849753415e-03 2.182247220548168059e-04 3.100529967493360906e-02 9.995191962989196099e-01 -1.124217857016708566e-02
9.978754536533698261e-01 -6.512144010969470043e-02 1.943459318007111558e-03 7.432994153725790420e-01 6.513005354693371385e-02 9.978654399601867286e-01 -4.758135983400941550e-03 -5.232543398825589831e-03 -1.629454219931062960e-03 4.874604712428727386e-03 9.999867914666886737e-01 -2.983908585222259935e-02
9.955929751329288813e-01 -9.375317789236217725e-02 -2.229237772493745853e-03 8.645501312097199076e-01 9.376810028837995192e-02 9.955622816536700004e-01 7.955294893778573628e-03 2.594648089649890382e-02 1.473510865769795406e-03 -8.129267102374646004e-03 9.999658713086695405e-01 5.766963362654521641e-02
9.855085763605332394e-01 -1.671317395785807403e-01 -2.897977821296224624e-02 9.795392198200520983e-01 1.675162732624416173e-01 9.858036886539711663e-01 1.137478037094391894e-02 1.243965452536715949e-01 2.666728542799201920e-02 -1.606452805599021399e-02 9.995152759344102522e-01 7.726113859201742817e-02
9.730782103981614473e-01 -2.255031975845205039e-01 -4.761411899288113536e-02 1.047488668327825723e+00 2.265411640392262782e-01 9.738427101669192565e-01 1.759195414108478961e-02 1.090181461197885227e-01 4.240162077166267918e-02 -2.790490519436283207e-02 9.987108784938860673e-01 -8.754345071835076264e-03
9.626418506089507998e-01 -2.674177936184229387e-01 -4.252518209754073408e-02 1.159434064522727459e+00 2.684748476595950062e-01 9.630497728669642488e-01 2.136331329747048757e-02 9.289287709503396551e-02 3.524093685377421847e-02 -3.198216123314957804e-02 9.988669669843552867e-01 -3.880917973877201499e-02
9.571181283564998976e-01 -2.879429326584602711e-01 -3.183953365544060776e-02 1.334325038394086338e+00 2.888086402205132242e-01 9.570046262701712436e-01 2.705022424062229411e-02 1.321010229838961714e-01 2.268166010962772636e-02 -3.508579241709110230e-02 9.991268835664147696e-01 -1.012488776941499191e-01
9.531331168789454189e-01 -3.019362547846471956e-01 -1.928106727458711242e-02 1.412660181184190566e+00 3.022979004535088499e-01 9.530066254406477366e-01 1.985827907018869812e-02 1.555625526789367330e-01 1.237905044932724810e-02 -2.475620958163142135e-02 9.996168712047247551e-01 -1.021045509131701251e-01
9.500329859264337040e-01 -3.119671504103127546e-01 -1.066877296477811328e-02 1.383626731193205339e+00 3.119173963126004034e-01 9.500897112026814861e-01 -6.089215415255189862e-03 2.048999857508836397e-01 1.203592660632472368e-02 2.457179617880304520e-03 9.999245465229127383e-01 5.565903092286210441e-02
9.552208858025524885e-01 -2.949777040622995061e-01 -2.326399434150378323e-02 1.380800878013983102e+00 2.945695823350211739e-01 9.554323165724378786e-01 -1.943835414833264275e-02 2.358304276164894520e-01 2.796105308385608487e-02 1.171505677149296473e-02 9.995403628444838873e-01 2.100832455328297821e-01
9.599506055077343669e-01 -2.764450260310579721e-01 -4.553001831782965692e-02 1.653487867418348189e+00 2.763906711794578697e-01 9.610152354252993190e-01 -7.610135703476549225e-03 2.883901651476382111e-01 4.585882543527471100e-02 -5.278717945129609602e-03 9.989339834376207428e-01 1.406197538226854060e-01
9.551940650412618083e-01 -2.922167525143943845e-01 -4.704962975296321515e-02 1.889970982677027456e+00 2.933759627369888490e-01 9.557916082504444022e-01 1.982286775857664343e-02 3.300514254708204476e-01 3.917706724723911405e-02 -3.273791606028464418e-02 9.986958427138540317e-01 -5.012240320795027793e-02
9.453697024464077225e-01 -3.238077443918046527e-01 -3.774480584507378805e-02 1.998595206137607772e+00 3.250376319478111564e-01 9.451300027676621252e-01 3.286054908485627063e-02 3.294182797493455661e-01 2.503324817417596632e-02 -4.333384982078882647e-02 9.987469719331114604e-01 -1.914992252008805851e-01
9.238950576140959603e-01 -3.821345578214492833e-01 -1.977630488366788342e-02 1.968192465001882940e+00 3.825536348673414522e-01 9.235729150449252245e-01 2.580284955589439225e-02 3.928193667188861760e-01 8.404699044651253032e-03 -3.140462249454280264e-02 9.994714156592694465e-01 -4.517695486365702617e-02
8.991430867751790679e-01 -4.373924577481143605e-01 -1.515082207231092590e-02 1.969775336387310505e+00 4.376260670413159581e-01 8.989417510962822710e-01 1.967621868905329585e-02 4.448900237030504745e-01 5.013476872636986326e-03 -2.432213068408703438e-02 9.996916019496381312e-01 1.060776200124615709e-01
8.586112239773882049e-01 -5.124535828069743948e-01 -1.334509379310016772e-02 2.108176713491811682e+00 5.126132138750710832e-01 8.581035168449125949e-01 2.976654731512258165e-02 5.111323014257478370e-01 -3.802501902943421219e-03 -3.239876304256358169e-02 9.994677889419898431e-01 1.464143662097590060e-01
8.336355369998549314e-01 -5.522194973182308342e-01 -1.026733814403675907e-02 2.232298916157707591e+00 5.519847247142199986e-01 8.323504357619956329e-01 5.005612618833803901e-02 5.146244598760753020e-01 -1.909594546311720389e-02 -4.739597945413161900e-02 9.986936296975430505e-01 -3.589202101085986474e-03
8.114200626518095483e-01 -5.844616434364636737e-01 -1.438498412040994934e-03 2.362640481966457262e+00 5.835280114281707897e-01 8.099797829441358621e-01 5.854751147961017449e-02 5.515186326841802211e-01 -3.305362014693773859e-02 -4.834602955071368863e-02 9.982835867737500646e-01 -4.696433165704429202e-02
8.080022955281364050e-01 -5.891743073657285112e-01 2.434329759150578171e-03 2.423409621026694882e+00 5.883202987629867486e-01 8.070403559235395097e-01 5.064671730958211771e-02 6.123840216908552625e-01 -3.180434694648104355e-02 -3.949049823591585517e-02 9.987136647029453140e-01 6.019086935715345366e-03
8.049779479409582272e-01 -5.932120483242659947e-01 -1.048661297525206593e-02 2.552213694921445342e+00 5.932903114165728464e-01 8.047094134313749203e-01 2.119826205514406189e-02 7.118617098584979486e-01 -4.136388278449633533e-03 -2.328573936685691612e-02 9.997202931991271413e-01 5.254237272943215742e-02
8.076039796473997168e-01 -5.888530982947618453e-01 -3.205995455926136106e-02 2.572398764200615418e+00 5.891260678127557826e-01 8.080403333228849405e-01 -1.138396644947079969e-03 7.559999038489176870e-01 2.657608475984754581e-02 -1.796798130287676626e-02 9.994852992249244616e-01 5.968809553156729369e-02
8.334120187271021329e-01 -5.495286733658976130e-01 -5.867405039651873294e-02 2.667375125022992677e+00 5.493647499887978070e-01 8.353350730574204963e-01 -2.033930160796362102e-02 8.110620940699818648e-01 6.018952160436386728e-02 -1.528243661432127608e-02 9.980699718056680325e-01 1.105554281027420482e-01
8.331771897221446066e-01 -5.478112651080960793e-01 -7.562134848954218946e-02 2.906220627811473722e+00 5.486302208420065218e-01 8.359882044171073057e-01 -1.134031985051403048e-02 9.069652332795062888e-01 6.943091030341325132e-02 -3.203966129858633327e-02 9.970721181531009281e-01 1.623415797181262110e-01
8.342625127854164102e-01 -5.466182134537812543e-01 -7.221210758286694675e-02 2.966620312840487550e+00 5.484185304555732055e-01 8.361803997175761838e-01 6.281288172363060779e-03 9.557336301753605046e-01 5.694888246412483507e-02 -4.484270117590054283e-02 9.973695187528723860e-01 7.506180233323737905e-02
8.171347155820951613e-01 -5.717216415289141374e-01 -7.365610088819671275e-02 3.062408910671346796e+00 5.736336406656317166e-01 8.190897424602557875e-01 6.036563019196236612e-03 9.899899232184229403e-01 5.687972298861204701e-02 -4.718430251551566923e-02 9.972654304190349261e-01 3.483960002113212218e-02
7.935641470670246056e-01 -6.029090316745929767e-01 -8.219880786842616305e-02 3.034570260335779590e+00 6.043892087394838741e-01 7.966458252051213940e-01 -8.313455509697274814e-03 1.037641148958313497e+00 7.049559453644098361e-02 -4.308281221619437301e-02 9.965812773891038479e-01 7.524858671273025601e-02
7.694030631187962488e-01 -6.313619064927166180e-01 -9.695911248199277910e-02 3.122677893171851515e+00 6.333130855530072489e-01 7.737855818053183121e-01 -1.305408202572668971e-02 1.099646963296702973e+00 8.326741337848118929e-02 -5.136162400165379671e-02 9.952027539397033662e-01 1.575723654918694816e-01
7.449608047686320234e-01 -6.568396934654894270e-01 -1.165976691303647478e-01 3.228340505434225793e+00 6.616691700401553522e-01 7.497869358359184888e-01 3.668823811008539715e-03 1.167128221422959022e+00 8.501357995546469926e-02 -7.988221290090832816e-02 9.931724539500729199e-01 1.336811716563656716e-01
7.413443599869823375e-01 -6.607195059698093287e-01 -1.177211720401331596e-01 3.414317639827545214e+00 6.677980509354718430e-01 7.436761136657712434e-01 3.148969878801143735e-02 1.226065823204835370e+00 6.674056549263288063e-02 -1.019586798364214841e-01 9.925472908248441639e-01 4.594891335900717910e-02
7.235300785545288882e-01 -6.835050544170450104e-01 -9.656638138208181732e-02 3.547691837903037548e+00 6.892929521446581331e-01 7.229045430363323366e-01 4.779380484051801159e-02 1.314573258317891069e+00 3.714096862737015226e-02 -1.011427814714619400e-01 9.941783975754234781e-01 -1.440107650683727925e-02
7.173861084404872246e-01 -6.927975201686433770e-01 -7.340822477618982878e-02 3.593770954511835480e+00 6.963433723305467726e-01 7.163068314953833227e-01 4.483782961257353622e-02 1.362474502792282882e+00 2.151927572979831643e-02 -8.328336689413257110e-02 9.962935318322819755e-01 8.705235558916460392e-03
7.152725900891669930e-01 -6.958670013214414141e-01 -6.445338112961637722e-02 3.646043949339003110e+00 6.982841162642692279e-01 7.153480243575059960e-01 2.600955633688848898e-02 1.459043337440512511e+00 2.800740688038075993e-02 -6.361069501049462782e-02 9.975817082525715307e-01 7.306656273479994468e-02
7.139052970144090793e-01 -6.973137621380262052e-01 -6.397455765912576919e-02 3.739368897298929628e+00 6.991402628840174271e-01 7.149243869443246968e-01 9.274360719130028685e-03 1.538660915935964768e+00 3.926983205000315197e-02 -5.134820430349920639e-02 9.979084337781551906e-01 1.258314484850205361e-01
7.229812300420878080e-01 -6.879104664736814811e-01 -6.385398282638098111e-02 3.799597003071248036e+00 6.898627565332302591e-01 7.238227445851173059e-01 1.303884847834114319e-02 1.620404627208028803e+00 3.724940476306671383e-02 -5.347732731943621171e-02 9.978740688621822175e-01 1.400422527454267818e-01
7.305542889808911422e-01 -6.806692147839338292e-01 -5.458801056136396157e-02 3.993522362273071558e+00 6.826172005846454782e-01 7.300708855220373605e-01 3.209765690903744473e-02 1.706452989760165906e+00 1.800523028474269524e-02 -6.071179587601775729e-02 9.979929305981591892e-01 9.834407721958449144e-02
7.195372799560955102e-01 -6.935981463906285560e-01 -3.446322789391328967e-02 4.109539925623129086e+00 6.943649127688816813e-01 7.177646466642465528e-01 5.168442622698526945e-02 1.813784080379774899e+00 -1.111173563611608621e-02 -6.111892769374765999e-02 9.980686379246266338e-01 3.272848127974495314e-02
7.107890324150301087e-01 -7.031792249712481846e-01 -1.783056273200539499e-02 4.138016487872537397e+00 7.028519145570312210e-01 7.089963939666168447e-01 5.764806628022802609e-02 1.869288541492089673e+00 -2.789511788863451719e-02 -5.350785840574005109e-02 9.981777254010482103e-01 4.215986516112563837e-02
6.926384465129367118e-01 -7.210887912941289501e-01 -1.682074558745341036e-02 4.181061050276017710e+00 7.206471128658838987e-01 6.908572087070646850e-01 5.817263871915535900e-02 1.933660992092935071e+00 -3.032690439546603667e-02 -5.241442785584393693e-02 9.981648193671889269e-01 9.048939169603456567e-02
6.647749891897664076e-01 -7.462826898947922949e-01 -3.370994676856041428e-02 4.341037928788638034e+00 7.467384534030621079e-01 6.625367912878226129e-01 5.853787149563129816e-02 2.041073699768749083e+00 -2.135172023395008958e-02 -6.408702640495458902e-02 9.977158699196990721e-01 1.026553564683079373e-01
6.482639917074373148e-01 -7.604447149203339418e-01 -3.843998706128410464e-02 4.405073044476499611e+00 7.609313491080369474e-01 6.452251898589580481e-01 6.832229735667942616e-02 2.118842186837510688e+00 -2.715288198630943367e-02 -7.354107642130190692e-02 9.969224799745634025e-01 6.157011011888700869e-02
6.399179133626384797e-01 -7.681802723847706016e-01 -2.010306634487687288e-02 4.517759727946099702e+00 7.669872179297778647e-01 6.368770999131856403e-01 7.821871348027761850e-02 2.191534019715734249e+00 -4.728289003377842553e-02 -6.547235084392419302e-02 9.967335148298284153e-01 7.315967267574681465e-02
6.358884693101609642e-01 -7.717699724617469448e-01 -4.118762529549801349e-03 4.567821241539469668e+00 7.699332524501086850e-01 6.339880032983453706e-01 7.253963361759140083e-02 2.289421907552950053e+00 -5.337266500726439711e-02 -4.929828881585601730e-02 9.973570260191937376e-01 9.004328871739497586e-02
6.427991070725121991e-01 -7.659958966363104027e-01 7.719733357820862674e-03 4.648490471092610044e+00 7.647590383821606386e-01 6.422773637918508527e-01 5.121914850310958778e-02 2.377410546797566582e+00 -4.419186757282496381e-02 -2.701988706351947378e-02 9.986576012545543835e-01 9.103771417528597198e-02
6.499823657449539382e-01 -7.597502109080105370e-01 1.739371282465001362e-02 4.725846526927955260e+00 7.589309124083600810e-01 6.501258176147821644e-01 3.688212930031511960e-02 2.490331003365849227e+00 -3.932930728613324295e-02 -1.077210731214948113e-02 9.991682377319889286e-01 1.132131918628627859e-01
6.732527341706464608e-01 -7.389801097966792742e-01 2.528148050721846368e-02 4.783583474659281798e+00 7.375248938633640616e-01 6.735829482414976699e-01 4.840498703775673178e-02 2.562946984196857070e+00 -5.279949681183047222e-02 -1.394306864286941339e-02 9.985077886392462743e-01 1.186393233691102889e-01
6.916254969552149134e-01 -7.218681550069078190e-01 2.367569953295686064e-02 4.912702813730552620e+00 7.195342225386028856e-01 6.914918627584532018e-01 6.410543139713591188e-02 2.685734461827246289e+00 -6.264722306072617597e-02 -2.730147479106889361e-02 9.976622449090735145e-01 9.490043274321217914e-02
6.828306053496076000e-01 -7.303244094939381759e-01 1.919951289014958443e-02 5.061181123916998814e+00 7.281722839742629239e-01 6.824786159186888579e-01 6.315111768936539083e-02 2.800961449985639895e+00 -5.922405971895028376e-02 -2.914096276792016091e-02 9.978192797492765331e-01 4.876726992013115380e-02
6.620177338685278023e-01 -7.492887276473259028e-01 1.728938009966009964e-02 5.091244505156659272e+00 7.475060999940299489e-01 6.617678434097672424e-01 5.742779728059324573e-02 2.859332397796912950e+00 -5.447155693840808471e-02 -2.509430312714822434e-02 9.981999426143384202e-01 4.460360251891124644e-02
6.410802463361542358e-01 -7.672286843117058774e-01 1.939751857595404388e-02 5.074261153971619365e+00 7.654863306245515142e-01 6.410335568859983901e-01 5.573738936338221844e-02 2.936876048830900032e+00 -5.519778423574305676e-02 -2.088360398528258527e-02 9.982570208618871677e-01 1.174445690077880883e-01
6.130177022780195495e-01 -7.899528154568754568e-01 1.355898394176920790e-02 5.182949914905274902e+00 7.877266784618944806e-01 6.124307089039114915e-01 6.644777521364989004e-02 3.028429612031752427e+00 -6.079454525834277617e-02 -3.005288909918997498e-02 9.976977734382407315e-01 1.575618475024127552e-01
5.939955819277058513e-01 -8.044345195626562139e-01 7.372407094329909427e-03 5.257492326259176174e+00 8.009830765272557551e-01 5.922494881558304503e-01 8.755943636233183558e-02 3.102815386799769648e+00 -7.480213745140268378e-02 -4.610474503947749325e-02 9.961320157075297388e-01 1.050189794094233409e-01
5.954970579827982835e-01 -8.033574863181700554e-01 5.577080808055745464e-05 5.348279699741098625e+00 7.996507717309200292e-01 5.927560757336507447e-01 9.591078120308739463e-02 3.193481470712848491e+00 -7.708370258346260162e-02 -5.706999086554874479e-02 9.953899331109544724e-01 6.931347964598513767e-02
6.024203476355994846e-01 -7.980877767868702621e-01 -1.206753073309220839e-02 5.460159384900356905e+00 7.956899480251974355e-01 5.992800503526498623e-01 8.798254293315269092e-02 3.298867530424892003e+00 -6.298596166021554199e-02 -6.260448700146051260e-02 9.960489178956131173e-01 6.864888920540487827e-02
6.130741544314810554e-01 -7.898651964646725698e-01 -1.590762653411309513e-02 5.509318091427997111e+00 7.888041781338437364e-01 6.108832508420554142e-01 6.789420004119552099e-02 3.432375831336251348e+00 -4.390956304401032878e-02 -5.417218155535898083e-02 9.975656996001903698e-01 1.093575536458534364e-01
6.369422222029137437e-01 -7.706720769801825854e-01 -1.921341558041119585e-02 5.600963265045617590e+00 7.703284000096412010e-01 6.352935081234916126e-01 5.473860314927120330e-02 3.485335273631767983e+00 -2.997935479292881261e-02 -4.966596721295868377e-02 9.983158468075126191e-01 1.154791737282501174e-01
6.526227642869337764e-01 -7.575163573382381887e-01 -1.589011955550195462e-02 5.678935867609910204e+00 7.570527471602279679e-01 6.510812669843013545e-01 5.444558567293653062e-02 3.583740285548546733e+00 -3.089766255938160636e-02 -4.756208728729012514e-02 9.983902955764557552e-01 1.278524730747888638e-01
6.802842029294824400e-01 -7.329281473671983571e-01 -5.452892946415099917e-03 5.718790159394562700e+00 7.315839064908621348e-01 6.785451770307229236e-01 6.604112727622363233e-02 3.650799200086443985e+00 -4.470336685494911977e-02 -4.891598435308511933e-02 9.978020021359952363e-01 1.680791968828839467e-01
6.873584651038324722e-01 -7.263183183612530458e-01 2.021459500754010929e-04 5.842991202873636603e+00 7.241825737983297318e-01 6.853585570734125332e-01 7.644114110265975981e-02 3.784004615003756289e+00 -5.565914351596099735e-02 -5.239607484470118481e-02 9.970740750234849958e-01 1.278267147604032761e-01
6.852776595606697718e-01 -7.282817441846378692e-01 -4.799942003801301038e-04 5.936851902749240573e+00 7.262891284473218523e-01 6.833536853839743408e-01 7.437635761026308023e-02 3.859669169273066025e+00 -5.383893764071007171e-02 -5.131707083926235341e-02 9.972301274200443544e-01 5.113743456387941089e-02
6.759029524455704152e-01 -7.369855331307890722e-01 -2.742778023757892758e-03 5.985908428692170880e+00 7.359149507445130745e-01 6.747107534585362609e-01 5.652065496891588853e-02 3.919031534971639807e+00 -3.980432320818864944e-02 -4.022092892190457653e-02 9.983976626227633044e-01 5.452372666879974628e-02
6.656847391734305175e-01 -7.461751186079951248e-01 -9.301634369640671834e-03 6.064473941662803291e+00 7.460980629428123345e-01 6.652754643706813020e-01 2.731733843839439027e-02 4.010402992821729740e+00 -1.419536912465468870e-02 -2.512466669866609062e-02 9.995835345876280531e-01 1.284427688112062815e-01
6.289401327769621464e-01 -7.773563579805667922e-01 -1.230455564766342463e-02 6.098665457726061057e+00 7.774519169826122900e-01 6.288941102196254906e-01 7.791977356684437472e-03 4.124500952660045350e+00 1.681119436225900904e-03 -1.446688764920334852e-02 9.998939358747939155e-01 1.948641598769314809e-01
6.309561398826450951e-01 -7.758179479219974306e-01 9.280228947259310662e-04 6.103623354758932251e+00 7.756714453640692897e-01 6.308593791584353738e-01 1.871503605792457919e-02 4.143576539512831225e+00 -1.510491281695684578e-02 -1.108852604878959869e-02 9.998244276866100622e-01 2.056559493016019979e-01
6.345095747248263862e-01 -7.728556071445786824e-01 9.581758069597082553e-03 6.251989365144318356e+00 7.722619785406756865e-01 6.344342600166924528e-01 3.323561670125418921e-02 4.274076439255775739e+00 -3.176532831501611281e-02 -1.368868957410500180e-02 9.994016128137791499e-01 1.532152241671985993e-01
6.463381152712199818e-01 -7.630385572608701095e-01 4.381880977029968538e-03 6.361668120407944826e+00 7.624518655436397507e-01 6.460474028123683876e-01 3.591526205413209799e-02 4.375605128648686559e+00 -3.023563256607416511e-02 -1.987242946001301774e-02 9.993452321748906853e-01 7.746191261933804695e-02
6.643179467304267671e-01 -7.474494749508291402e-01 -9.736773591246215831e-04 6.432949968136202124e+00 7.473635635073905270e-01 6.642206403239832024e-01 1.608244101909004492e-02 4.487478557201747265e+00 -1.137407549669981061e-02 -1.141154517703693583e-02 9.998701950969774987e-01 6.709645387592344523e-02
6.762945894723244589e-01 -7.366240812504757374e-01 -3.254408141664186325e-03 6.484932374445894432e+00 7.366004430863674068e-01 6.763001054229864639e-01 -6.160734519882310987e-03 4.583850536123608599e+00 6.739101974833313843e-03 1.769272943838062946e-03 9.999757267943172323e-01 1.163729156799454129e-01
6.980772922412931125e-01 -7.160208118791524523e-01 -1.513609257266968541e-03 6.547363649191546564e+00 7.159934769099713936e-01 6.980665269413168783e-01 -7.514318762073863081e-03 4.658627953581649273e+00 6.437008578105453405e-03 4.161840939672773604e-03 9.999706215687330646e-01 1.792400455289332173e-01
7.037729378816175441e-01 -7.104138519823539610e-01 3.976281814826210757e-03 6.701303726457725318e+00 7.104235903881805925e-01 7.037716074059796600e-01 -1.961333518342119227e-03 4.780704638047350130e+00 -1.405035744531880600e-03 4.205177855653389335e-03 9.999901711285761330e-01 1.720791666063130054e-01
6.997452222646912690e-01 -7.143231562516823008e-01 9.952505230971842726e-03 6.771844472576478147e+00 7.143703431836438966e-01 6.997653142274686822e-01 -1.875575595675570487e-03 4.849701074978435500e+00 -5.624650871009935320e-03 8.422199639456598788e-03 9.999487136127593878e-01 1.162253824058719215e-01
6.935863418159091687e-01 -7.203420971762112268e-01 6.726773535861796036e-03 6.851207063395317931e+00 7.203628530013769238e-01 6.934950664608381388e-01 -1.191439508302854187e-02 4.925820796142907021e+00 3.917456080375233962e-03 1.310937947637478597e-02 9.999063944728040498e-01 1.191944987980110005e-01
6.865489621892819638e-01 -7.270750802252610168e-01 -3.514289721994888656e-03 6.880949050926162158e+00 7.270509423687585571e-01 6.865559228380631041e-01 -6.155649167699777692e-03 5.026567998876720011e+00 6.888375535648398433e-03 1.671086893552374032e-03 9.999748785599936740e-01 1.693347524069437338e-01
6.765768590352669865e-01 -7.363252145935027526e-01 -8.302540081476373138e-03 6.989017088756103391e+00 7.362598320321535050e-01 6.762339739652174497e-01 2.508131159239124913e-02 5.114457799447797548e+00 -1.285354246725172421e-02 -2.308226178349292307e-02 9.996509368959751729e-01 1.528901040344608497e-01
6.693185687286860031e-01 -7.428705414466676427e-01 -1.249048460701092725e-02 7.074648103034279600e+00 7.422300915277426636e-01 6.677996358178771574e-01 5.601908275069553828e-02 5.210655427923317262e+00 -3.327378526260418856e-02 -4.676542582127694164e-02 9.983515664143832735e-01 1.344221551062984854e-01
6.733516700930297638e-01 -7.391087433968741571e-01 -1.777058854460143028e-02 7.170572647434469538e+00 7.382336594429674825e-01 6.708619372528751290e-01 7.039407084949855786e-02 5.316156479722017991e+00 -4.010726179100833344e-02 -6.051881178289330449e-02 9.973609582152362929e-01 1.231462935975766587e-01
6.667300452560834811e-01 -7.448451797347194203e-01 -2.601355375134983827e-02 7.286943945551461077e+00 7.447189786954276913e-01 6.644278612265832606e-01 6.268380968565430422e-02 5.418043056358968990e+00 -2.940560360985598753e-02 -6.116596645048388153e-02 9.976943595232551365e-01 1.043247242176261746e-01
6.704917758469098876e-01 -7.416093562047058052e-01 -2.136214669219740209e-02 7.301954921300229273e+00 7.417444977120238869e-01 6.694371878287178612e-01 4.085280487207004069e-02 5.509372363639088555e+00 -1.599620691272315293e-02 -4.323672445525606617e-02 9.989367883018352989e-01 1.137173794599962151e-01
6.880025342539979327e-01 -7.255508945944288968e-01 -1.511331245294800923e-02 7.363726327336880928e+00 7.256532792263388210e-01 6.875447853152274469e-01 2.663618842663214442e-02 5.586745388590243167e+00 -8.934831175664632863e-03 -2.929278988184391003e-02 9.995309406180483691e-01 1.857356753457469756e-01
7.162319860145487382e-01 -6.976237202901768297e-01 -1.824519383696160055e-02 7.426663041928906139e+00 6.978257617164725923e-01 7.156823006682614396e-01 2.894910698120338119e-02 5.677938254521359696e+00 -7.137821409930369086e-03 -3.346624267343735470e-02 9.994143595660623935e-01 2.599086035190104060e-01
7.232188393252454439e-01 -6.899872384297426331e-01 -2.953169905614084351e-02 7.643116334098297493e+00 6.905273105774155651e-01 7.217649496927467379e-01 4.719524066840055654e-02 5.784873861665671413e+00 -1.124916849221994398e-02 -5.452493190389480493e-02 9.984490412680605553e-01 2.204960864930414766e-01
7.158479356471845190e-01 -6.976228066034324549e-01 -2.973470592446559799e-02 7.693645181317337212e+00 6.980108960650419636e-01 7.138186114790139314e-01 5.695418229287213530e-02 5.878627188791229585e+00 -1.850735000321811555e-02 -6.152568254739269882e-02 9.979338998064630761e-01 1.445542901124621249e-01
7.138713860678406187e-01 -6.998174954122439173e-01 -2.535975687016884736e-02 7.770696917980329133e+00 7.000923319471702433e-01 7.123839281829864589e-01 4.878386634278485817e-02 5.965394399622274690e+00 -1.607391994359699469e-02 -5.257957760872188774e-02 9.984873645250275098e-01 1.503792195451965907e-01
7.018089336286721380e-01 -7.119103049529815763e-01 -2.545463377734845378e-02 7.796793869701207136e+00 7.122875959232455312e-01 7.007567921365305263e-01 3.982836888955836041e-02 6.052607449613259583e+00 -1.051671873112045193e-02 -4.608292499692449862e-02 9.988822566503312572e-01 1.990518506783358899e-01
6.947757404632355360e-01 -7.182155388109777716e-01 -3.811968355351036397e-02 7.895879995334426305e+00 7.192107723829020971e-01 6.934342695809720958e-01 4.341403758109923378e-02 6.150897855803378889e+00 -4.747141471682963382e-03 -5.757910715841895594e-02 9.983296605163481940e-01 2.725687884532250749e-01
6.861902903503569462e-01 -7.262227155328224715e-01 -4.175467486433113995e-02 7.977235005446162930e+00 7.273196409075488589e-01 6.839991296526579667e-01 5.613671333913790307e-02 6.240885398471555767e+00 -1.220759513610412614e-02 -6.888946275403458330e-02 9.975496060559863043e-01 2.359546489643734313e-01
6.873082586948024986e-01 -7.257221719275078753e-01 -3.057264631560813184e-02 8.090668469858337986e+00 7.258500508200468326e-01 6.846256296743179481e-01 6.655412021489798269e-02 6.282266297441647218e+00 -2.736898343844677839e-02 -6.793435335575356837e-02 9.973143247641044207e-01 1.679392209278767201e-01
6.873638389852601005e-01 -7.260168705139992129e-01 -2.074744766240810973e-02 8.205548206579841519e+00 7.259089973047966327e-01 6.857479746814472144e-01 5.297020721347258515e-02 6.362225835578346533e+00 -2.422974385729773777e-02 -5.147056391134965242e-02 9.983805389545898912e-01 1.447255798060873566e-01
6.979401373699291034e-01 -7.159446621847773695e-01 -1.740130274346099806e-02 8.286176880905223641e+00 7.161498241227699513e-01 6.976262039925034131e-01 2.114495003389207581e-02 6.448189879051358098e+00 -2.999009331483823426e-03 -2.721984923057159042e-02 9.996249725526541452e-01 1.828823655586896413e-01
7.078185267275328707e-01 -7.062269330563436531e-01 -1.537700384000941639e-02 8.373240503636388610e+00 7.062139724447794586e-01 7.079619969833430559e-01 -7.185815967668551102e-03 6.554831894017176808e+00 1.596115111854746332e-02 -5.773201294581340598e-03 9.998559455250456418e-01 2.420616298855118864e-01
7.349111339076557226e-01 -6.779738623158566568e-01 -1.603331765678574564e-02 8.418147425717521060e+00 6.781082779226217383e-01 7.349474628576748714e-01 4.624959662849558763e-03 6.608815530801963156e+00 8.648044367368688118e-03 -1.427125977573128618e-02 9.998607615428428685e-01 2.492268579093876169e-01
