1.000000000000000000e+00 0.000000000000000000e+00 0.000000000000000000e+00 0.000000000000000000e+00 0.000000000000000000e+00 1.000000000000000000e+00 0.000000000000000000e+00 0.000000000000000000e+00 0.000000000000000000e+00 0.000000000000000000e+00 1.000000000000000000e+00 0.000000000000000000e+00
9.999977276233475987e-01 -2.098373076613048536e-03 -3.762692819085163725e-04 2.332470277357164348e-02 2.098432416732388516e-03 9.999977859038327033e-01 1.573811446833364952e-04 -5.209011802201040514e-02 3.759382044553713389e-04 -1.581703627126752280e-04 9.999999168262979632e-01 -1.964548186737091751e-02
9.999877718064463794e-01 -4.939491186268399857e-03 -2.401341275800179494e-04 3.667392004384259496e-02 4.939544270912939357e-03 9.999877759616636608e-01 2.209743000142929791e-04 -1.237543215867038110e-01 2.390396915639241276e-04 -2.221577510519206144e-04 9.999999467529783193e-01 -2.384964732508416257e-02
9.999871596903860960e-01 -5.065000850259696041e-03 -1.619281976047236120e-04 4.216211552252194239e-02 5.065076138747109241e-03 9.999870629198488459e-01 4.679707713646997689e-04 -1.407767419814159038e-01 1.595558303717935689e-04 -4.687849411249832049e-04 9.999998773913004735e-01 -1.490168344279621006e-02
9.999924632007930470e-01 -3.877854863797782457e-03 1.891646526056395250e-04 -2.455670139782477335e-03 3.877851542796265268e-03 9.999924809448790253e-01 1.791976159551304326e-05 -1.000047706179587603e-01 -1.892327205008508830e-04 -1.718607409791876058e-05 9.999999819478080365e-01 -6.974758812804760302e-04
9.999985611265638230e-01 -1.490838511976677171e-03 8.094104850122416225e-04 -6.662715983159463173e-02 1.491112426179759184e-03 9.999988311982302980e-01 -3.379140507534932362e-04 -2.687877718931078880e-02 -8.089057636912329275e-04 3.391204865700237934e-04 9.999996153343065908e-01 1.789890457858804573e-02
9.999865205379867561e-01 5.055991345821206004e-03 1.181394871142620604e-03 -1.359070441578989763e-01 -5.055623674321186103e-03 9.999871709551215737e-01 -3.139975096148717821e-04 5.202654458071249988e-02 -1.182967283666021925e-03 3.080205892180984612e-04 9.999992528555821103e-01 2.027687471639193564e-02
9.999807222901441195e-01 6.066306234123372207e-03 1.324755356823996725e-03 -1.301424229077767503e-01 -6.066524861928476731e-03 9.999815854956632943e-01 1.610766247063123019e-04 8.991802563338749388e-02 -1.323753821978106019e-03 -1.691101808260223808e-04 9.999991095383863327e-01 1.896273550474316880e-02
9.999994749326791554e-01 -2.379977360228808112e-05 1.024484229609819641e-03 -9.909497882147959291e-02 2.343960050973494259e-05 9.999999379224985274e-01 3.515758584474020518e-04 4.799925435121592254e-02 -1.024492533438233583e-03 -3.515516603453374073e-04 9.999994134130675283e-01 1.746821123782926061e-02
9.999920559660673280e-01 -3.903401099283327139e-03 8.071335798196715766e-04 -1.016617312202922341e-01 3.903256005868268458e-03 9.999923658393650161e-01 1.812609781829162682e-04 1.035319632999851837e-02 -8.078349523337656707e-04 -1.781090892465858415e-04 9.999996578398625546e-01 1.478404119796586369e-02
9.999979575364722484e-01 -1.831683209762135578e-03 8.543181508672484511e-04 -9.257897776057946726e-02 1.831265472980490383e-03 9.999982034280263665e-01 4.894971778832276580e-04 -5.042342144197627801e-03 -8.552132197851566127e-04 -4.879316947704711769e-04 9.999995152663875286e-01 1.873658937500546212e-02
9.999999186135980489e-01 1.241596947705437106e-04 3.838712903836892466e-04 -5.180967679649770702e-02 -1.242819969710026186e-04 9.999999415257101454e-01 3.185946665145579612e-04 7.003385997269538643e-03 -3.838317113205381211e-04 -3.186423488758330651e-04 9.999998755701277053e-01 2.614965053079822133e-03
9.999999671861389272e-01 2.207222370115040832e-04 1.300362067081678485e-04 -1.617448911084638785e-02 -2.207220673718219531e-04 9.999999756400144157e-01 -1.318906781512668722e-06 2.405778654133385389e-02 -1.300364946525429520e-04 1.290204877856428616e-06 9.999999915444226506e-01 -5.723660229455061060e-03
9.999990276963947045e-01 -1.356530509250191601e-03 3.231582316181448415e-04 -1.640085949513366698e-02 1.356575369684487288e-03 9.999990702406672538e-01 -1.386400644963152039e-04 9.716248894058809871e-03 -3.229698616814693319e-04 1.390783181936046289e-04 9.999999381738430282e-01 -3.776694379369017682e-03
9.999977675641160690e-01 -2.101817427711350893e-03 2.173252968983149986e-04 -1.352745871374010783e-02 2.101792093429537007e-03 9.999977844189155141e-01 1.167358394519802718e-04 -2.220899997673624060e-02 -2.175701728182966662e-04 -1.162788062559802195e-04 9.999999695712290526e-01 -9.857026243593441494e-04
9.999996063714043926e-01 -7.606386728267682624e-04 4.568214592943864818e-04 -2.244453531754063424e-02 7.607008261685223793e-04 9.999997014329823353e-01 -1.358977528600990544e-04 -2.644781575358716441e-02 -4.567179538161901856e-04 1.362452038283541863e-04 9.999998864229711071e-01 6.378498577556311611e-03
9.999998975339247087e-01 -4.225884834839298125e-04 1.623302609837146463e-04 1.050504878697788164e-02 4.226328070024937896e-04 9.999998733967216946e-01 -2.731081306574823799e-04 -2.991640223012864350e-02 -1.622148280814097467e-04 2.731767087670251338e-04 9.999999495304163766e-01 5.060714336356207654e-04
9.999990909618706736e-01 -1.339745978998109618e-03 -1.521714299269671456e-04 5.822135005345938086e-02 1.339744090114678007e-03 9.999991024641821102e-01 -1.251412233612858711e-05 -5.350986598725528814e-02 1.521880590927388542e-04 1.231024018638527397e-05 9.999999883436262449e-01 -7.970183575219582511e-03
9.999984324838764316e-01 -1.704520275711084555e-03 -4.792081172298043789e-04 5.822050329202882457e-02 1.704487601530120392e-03 9.999985450080784988e-01 -6.858383309686592465e-05 -9.796919865851053122e-02 4.793243225199646674e-04 6.776692129623092926e-05 9.999998828279121899e-01 -2.867167547497218721e-02
9.999919613759744585e-01 3.991890333699247596e-03 -3.768222329138323909e-04 2.868100132638548225e-02 -3.992008560805475857e-03 9.999919827547013584e-01 -3.135186939421116077e-04 -1.006046759098005311e-01 3.755676795937756135e-04 3.150204512628999344e-04 9.999998798555094215e-01 -2.757890435179212452e-02
9.999806952409220351e-01 6.213088595873402127e-03 -8.170423568253008079e-05 -2.353239815749354896e-02 -6.213133083787922804e-03 9.999805437253788121e-01 -5.560107723417219471e-04 -6.506564168334610931e-02 7.824810183366380262e-05 5.565076779775218101e-04 9.999998420882070249e-01 -1.994064255300678420e-02
9.999464554249971604e-01 1.034815156929043932e-02 -4.518941417056471693e-05 -3.645108951291254479e-02 -1.034817372824731359e-02 9.999463203524944221e-01 -5.212619271002463675e-04 -5.100586635802770163e-02 3.979289098980729188e-05 5.217016442604093017e-04 9.999998631219507716e-01 -1.587359496524572144e-02
9.999419490405302424e-01 1.076560138393305513e-02 -4.476336314161031746e-04 6.391345991713100194e-03 -1.076566111780124721e-02 9.999420399775330592e-01 -1.312488717027662181e-04 -6.241396786647168682e-02 4.461947135259263495e-04 1.360603245605910444e-04 9.999998911989269601e-01 -2.530413646085636833e-02
9.999481312634646013e-01 1.016986657282510122e-02 -5.555147126224875033e-04 4.999057666249764192e-02 -1.016990301777609580e-02 9.999482832257944320e-01 -6.282034162224660280e-05 -7.413619035739314744e-02 5.548471087011693989e-04 6.846661396281639644e-05 9.999998437284921549e-01 -2.737838459273854094e-02
9.999495783871253929e-01 1.002232905583158064e-02 -6.273784398790959805e-04 8.603045048942031814e-02 -1.002248563328570798e-02 9.999497431408616022e-01 -2.469296571817607318e-04 -8.606049636323984120e-02 6.248720995312972157e-04 2.532050979905005328e-04 9.999997727109929402e-01 -3.237412540364026370e-02
9.999429189670946405e-01 1.067139792048371096e-02 -5.292201707654206350e-04 1.109566138245273309e-01 -1.067141569033185598e-02 9.999430583491651925e-01 -3.076495036590905571e-05 -9.731177376157604253e-02 5.288617310678835753e-04 3.641072270471110405e-05 9.999998594897544502e-01 -3.898081582847918308e-02
9.999425419695545658e-01 1.070702664742442974e-02 -5.218618944731706448e-04 7.598555546109875269e-02 -1.070678504230392937e-02 9.999425732734203986e-01 4.635832051245371982e-04 -6.285991790746615904e-02 5.267955233834113044e-04 -4.579691054207294569e-04 9.999997563753578733e-01 -5.626991549217476296e-02
9.999470922847726317e-01 1.027123484922413607e-02 -5.606834227831703149e-04 6.884453188427741566e-02 -1.027120523615121517e-02 9.999472482305478138e-01 5.567002799260524368e-05 -3.461792410455737795e-02 5.612256456720910369e-04 -4.990818811070382976e-05 9.999998412674611092e-01 -6.179673415794168650e-02
9.999537835269842745e-01 9.561865981484958532e-03 -1.000764218526608608e-03 1.155402087654509302e-01 -9.562113225538976941e-03 9.999542525305821217e-01 -2.425627068097623972e-04 -1.076674871494003212e-02 9.983990840015059126e-04 2.521209171865879551e-04 9.999994698170155960e-01 -6.580875459257483351e-02
9.999972316427421237e-01 -2.063123711292700994e-03 -1.131471344672672344e-03 1.763393879946040521e-01 2.063359201195608637e-03 9.999978498477292144e-01 2.069993365041133937e-04 1.843457157151324674e-03 1.131041846597627886e-03 -2.093333952659173509e-04 9.999993384617166248e-01 -5.365481911003110171e-02
9.996880807270454028e-01 -2.494311447580979668e-02 -1.257892095122667376e-03 2.073344301801358092e-01 2.494509826305387618e-02 9.996875631924371230e-01 1.586843096734220568e-03 2.056004933626050940e-02 1.217918274315218452e-03 -1.617726371706347879e-03 9.999979498161301050e-01 -5.300141366331042464e-02
9.985306172729878638e-01 -5.417250505526646776e-02 -1.395014144383812825e-03 2.153355836295558212e-01 5.417652321142246707e-02 9.985267927260065290e-01 3.024655523687129477e-03 1.871392247883693627e-02 1.229105832751602135e-03 -3.095788163278934135e-03 9.999944526818635993e-01 -5.974403281176079300e-02
9.979483338751748978e-01 -6.401717574304296998e-02 -9.613145410294692775e-04 2.324076567340334354e-01 6.402391235101553835e-02 9.978865315222332777e-01 1.110895376695468853e-02 -5.870026314258075528e-02 2.481189874293076160e-04 -1.114770902074540757e-02 9.999378315778221227e-01 -1.739470062868670452e-01
9.977675303173916266e-01 -6.674912601053645256e-02 -2.123586862496253894e-03 2.843893937424274987e-01 6.677131129890881422e-02 9.976822474408453267e-01 1.310439349256691845e-02 -8.520214036290829629e-02 1.243958101084113171e-03 -1.321693301085180398e-02 9.999118787423366683e-01 -2.517496208323516949e-01
9.970540077730616346e-01 -7.666135796234488375e-02 -2.518288912075011907e-03 2.866856603119383173e-01 7.668182167203413391e-02 9.970112750312327687e-01 9.402961536344383447e-03 -1.060813831510585836e-01 1.789918638881066257e-03 -9.568367466022510009e-03 9.999526201452253460e-01 -2.175255641182126665e-01
9.970327239466363345e-01 -7.691615361227828462e-02 -3.106878343748064285e-03 2.832950205747606365e-01 7.688196164364362317e-02 9.969907237929588328e-01 -9.932806482434197379e-03 -1.381345551675925709e-01 3.861522157873993437e-03 9.664470201960670068e-03 9.999458418646179902e-01 -1.339402475272620796e-01
9.962882123272459589e-01 -8.602412086400709756e-02 -3.106220751188083773e-03 3.715883125787293739e-01 8.579763532697370909e-02 9.952926172224695334e-01 -4.507074300193393557e-02 -1.188435580169333039e-01 6.968769624549699809e-03 4.463694357840197746e-02 9.989789685062936408e-01 -7.842784851985862282e-03
9.957866191572297687e-01 -9.124341134853358737e-02 -9.145982336329371021e-03 4.144551963694551588e-01 9.043524389141316400e-02 9.936607167599227353e-01 -6.678208315451972243e-02 -5.852244810722913998e-02 1.518142844777045641e-02 6.567358566150369170e-02 9.977256658905023778e-01 3.863950704993004970e-02
9.987490170853076110e-01 -4.848678789916129050e-02 -1.222424927567076006e-02 4.994288738134020633e-01 4.761650899503856726e-02 9.968425614269069701e-01 -6.354192158700126825e-02 -6.372733966718197030e-02 1.526659563417472054e-02 6.288035565313664088e-02 9.979042999860646690e-01 -3.224272244998119263e-02
9.992613513551792392e-01 -3.720830980650038922e-02 -9.606943799385495031e-03 7.112770294221328893e-01 3.667035496442322406e-02 9.980180444749396917e-01 -5.113969074212840193e-02 -8.766982338258570706e-02 1.149072472058509237e-02 5.074962643961844488e-02 9.986453017271121890e-01 -9.334769654089192237e-02
9.983697628604276675e-01 -5.671009166711940552e-02 -6.463908192435193628e-03 7.812484002173796238e-01 5.637701061210549647e-02 9.974622077891484029e-01 -4.348306229832698405e-02 -5.906394521687485799e-02 8.913432585477958428e-03 4.304775877446532367e-02 9.990332532924214304e-01 -9.200894470078058163e-02
9.981936276786876894e-01 -6.007522901106453206e-02 -6.697170518113942711e-04 7.402792198365156784e-01 6.002373064583751971e-02 9.976918898929075796e-01 -3.174971812905314633e-02 -2.103867880280210767e-02 2.575542858754831677e-03 3.165216740108851151e-02 9.994956262424544713e-01 -4.094650368101115934e-02
9.977532919827704072e-01 -6.699525924059120119e-02 -5.980660819362298986e-05 7.445836372022237581e-01 6.698917775139369424e-02 9.976739803149035080e-01 -1.261265502618749181e-02 2.058980129864961331e-02 9.046555900372424582e-04 1.258031167751461586e-02 9.999204555145174700e-01 3.273360074859948260e-02
9.956853460605719075e-01 -9.277513926121977450e-02 -1.861498133329750294e-03 8.497804727532237701e-01 9.278137377028644606e-02 9.956799912888546489e-01 3.601614682983856480e-03 6.982448523353029790e-02 1.519316141398903810e-03 -3.758787316084775953e-03 9.999917815644161490e-01 1.145245551571968112e-01
9.856852013776257193e-01 -1.679448968587471669e-01 -1.480524921283922664e-02 9.365811387180685843e-01 1.680884463885275182e-01 9.857304297492500700e-01 9.044006692272042042e-03 1.340673016368906512e-01 1.307508989799331146e-02 -1.140313489631387608e-02 9.998494939433113515e-01 1.333661615919563559e-01
9.734828208539687555e-01 -2.265743707979252231e-01 -3.154761480245455579e-02 9.932607940816677861e-01 2.270386766550159530e-01 9.738122871731201835e-01 1.196113094133250017e-02 1.196572343986206516e-01 2.801136920857084586e-02 -1.880648420574352470e-02 9.994306776094479261e-01 5.571794679810554429e-02
9.632626896960633234e-01 -2.660348232211129371e-01 -3.674865267213081599e-02 1.151948641898634218e+00 2.670198681348620040e-01 9.633645420848117036e-01 2.508284423589302731e-02 7.928214702927648128e-02 2.872943892154258480e-02 -3.397398839453992514e-02 9.990097033822149530e-01 -4.275721547825318825e-02
9.574218087991060999e-01 -2.867760661512350762e-01 -3.321096082124742194e-02 1.356244072286515889e+00 2.877603950814708877e-01 9.572319357385805638e-01 3.001626600238275350e-02 1.068458707843727845e-01 2.318264562994844236e-02 -3.829502689635381346e-02 9.989975254506908708e-01 -1.473871696976991053e-01
9.529769064787730892e-01 -3.019962517906534805e-01 -2.516504763643395010e-02 1.447850504203039401e+00 3.024493261044647330e-01 9.530202544593540104e-01 1.663729933562776292e-02 1.611739736079649266e-01 1.895839806267733685e-02 -2.346611375205409633e-02 9.995448567464457756e-01 -1.437489484359224523e-01
9.499269945500061763e-01 -3.122606894375684616e-01 -1.148768284585489213e-02 1.374491837374330228e+00 3.121815468463329246e-01 9.499872318457127651e-01 -8.181756458775550633e-03 2.151945707658839690e-01 1.346799293968270125e-02 4.185828722525697203e-03 9.999005410560003471e-01 6.400501490354312817e-02
9.553589912308821930e-01 -2.947112686583660546e-01 -2.084384801536261211e-02 1.366705541470159435e+00 2.943632287379726042e-01 9.555198093166823448e-01 -1.822590382853269547e-02 2.219784640419940891e-01 2.528808892081743642e-02 1.127661869477234943e-02 9.996166017176513208e-01 2.090274087010602633e-01
9.606528340888969009e-01 -2.758982372948555750e-01 -3.203583953265471546e-02 1.592714549316431416e+00 2.758735160959814858e-01 9.611794625745945231e-01 -5.276726414535468264e-03 2.646544726948393822e-01 3.224803054158054821e-02 -3.768737508124856729e-03 9.994727915975422095e-01 1.807512421180364481e-01
9.553541379694214797e-01 -2.921435311133083190e-01 -4.416591778001444091e-02 1.894614623048784141e+00 2.932444760914693638e-01 9.558114145527614181e-01 2.078983050649964998e-02 3.016953286773039755e-01 3.614067385292056567e-02 -3.281306202256659837e-02 9.988078667362206842e-01 -5.823952871008805654e-02
9.458874819853523297e-01 -3.223228270398061923e-01 -3.748155002767199900e-02 2.006763375556440465e+00 3.234931181720943627e-01 9.457247872206394623e-01 3.093265801336240323e-02 3.487241540741943813e-01 2.547692914589736596e-02 -4.138383749174836396e-02 9.988184540124153132e-01 -1.678181911160334938e-01
9.234787633284646802e-01 -3.829088899276929525e-01 -2.382762463342577228e-02 1.986314691419882816e+00 3.834210347243166006e-01 9.232902522821748725e-01 2.287837781951288646e-02 4.036100047544888270e-01 1.323947930486461463e-02 -3.026370854769586116e-02 9.994542631519844900e-01 -5.014027437558998823e-02
8.982571249191387830e-01 -4.390650187635121160e-01 -1.886920322110625242e-02 1.989117961009122748e+00 4.393677656349959104e-01 8.981467982795872107e-01 1.697925973173696271e-02 4.515193757734850544e-01 9.492315466417822201e-03 -2.354226068845547207e-02 9.996777770405635977e-01 7.860776944460125260e-02
8.577807094284723988e-01 -5.138253467208347969e-01 -1.399169752390599583e-02 2.113794293312358352e+00 5.140022952499204711e-01 8.572429176906829484e-01 3.059772127101115582e-02 4.850763388680525701e-01 -3.727601132106090481e-03 -3.343789970047292281e-02 9.994338456613429678e-01 1.100082506282511058e-01
8.335437086569419396e-01 -5.523934645996354531e-01 -8.145306994970296852e-03 2.236466230692784496e+00 5.520438916982174371e-01 8.322674691033449257e-01 5.077796284806596755e-02 4.961527899137928022e-01 -2.127034078518103694e-02 -4.682221844300143293e-02 9.986767507371733243e-01 -8.669474220846656864e-03
8.124219534343576354e-01 -5.830624375624895439e-01 2.960317819154442698e-03 2.345442898609881421e+00 5.819695008103400458e-01 8.111899682936433154e-01 5.729167013032227668e-02 5.709017982028024019e-01 -3.580600095607078259e-02 -4.482219587933999189e-02 9.983530943769783894e-01 -4.618718505476836211e-02
8.083720468008788185e-01 -5.886450105642415664e-01 5.628986479082319708e-03 2.409946367118252386e+00 5.877030778631153751e-01 8.075531006206552176e-01 4.962944638203156678e-02 6.361524843548181929e-01 -3.375983147438309934e-02 -3.681088447443078837e-02 9.987518373264858695e-01 -9.253140492712502718e-04
8.046716518912191418e-01 -5.936572636102288580e-01 -8.636318976969209124e-03 2.550758705837010254e+00 5.936958128521148126e-01 8.044221188580994442e-01 2.074455335051414440e-02 7.244989821989428203e-01 -5.367908766294645154e-03 -2.181990042738562313e-02 9.997475068740184767e-01 6.372532995923005372e-02
8.080449318718035956e-01 -5.881085390806216617e-01 -3.452150542414391537e-02 2.576254430147494112e+00 5.883998058457441394e-01 8.085674526514597948e-01 -2.083984985563790832e-03 7.677101934653136617e-01 2.913857506781946868e-02 -1.862849358338732400e-02 9.994017824027685570e-01 7.348274528784612403e-02
8.330897736276916543e-01 -5.497504209774436434e-01 -6.112203949546264614e-02 2.687774001636758836e+00 5.495633480697154072e-01 8.351793547803321172e-01 -2.134412816474572094e-02 7.946368472864140386e-01 6.278180895264394434e-02 -1.580885776492737399e-02 9.979020615675678885e-01 9.608809180281589757e-02
8.335587482821831262e-01 -5.474352926745308379e-01 -7.412431110365018394e-02 2.900658145624336104e+00 5.482805154739184283e-01 8.362318358060557566e-01 -1.023685186413058994e-02 8.833549178527633217e-01 6.758912274837074186e-02 -3.210789807484358549e-02 9.971964667844150920e-01 1.090425597805058100e-01
8.347150995268965978e-01 -5.461101549597556781e-01 -7.081243726659114390e-02 2.964584865020734927e+00 5.479897385693236478e-01 8.364380406594534856e-01 8.868515123667028432e-03 9.323011875445976759e-01 5.438703011313922309e-02 -4.620717246928341543e-02 9.974502234035873549e-01 2.668632374968633869e-02
8.167319777282106008e-01 -5.721411434869310142e-01 -7.485578458364330889e-02 3.066831881786153513e+00 5.738342557676801015e-01 8.189703193158621719e-01 1.364912901081857810e-03 1.011518920989342041e+00 6.052374297512071871e-02 -4.406958144958806473e-02 9.971934358624406913e-01 -6.831076470236900795e-03
7.930657723826775030e-01 -6.037552585410110861e-01 -8.078532329045963467e-02 3.042169046452561698e+00 6.045283810624690890e-01 7.963957797402677619e-01 -1.729735534355200666e-02 1.071169841150068303e+00 7.478045978099719104e-02 -3.511908022667804136e-02 9.965814231857700323e-01 8.683130101654888688e-02
7.696565892247226870e-01 -6.315371136536229724e-01 -9.375291324016267469e-02 3.120362131767662639e+00 6.330369225357097562e-01 7.739442443817403650e-01 -1.656989121553711919e-02 1.108831977774868527e+00 8.302402886805938798e-02 -4.659592971953498142e-02 9.954575982753297581e-01 1.827276081433936716e-01
7.460697563816607314e-01 -6.569309177282199874e-01 -1.087275859447273119e-01 3.196043022609474260e+00 6.609779047566902710e-01 7.504036913232792205e-01 1.584131261097715404e-03 1.154299672342232297e+00 8.054891703843758410e-02 -7.304840437104258288e-02 9.940703207433463362e-01 1.622429686756239886e-01
7.420597363944374525e-01 -6.604781180953491759e-01 -1.145251201241194033e-01 3.400379823671929813e+00 6.671322554697751706e-01 7.443353091932595200e-01 2.999168551424724605e-02 1.217412537576324727e+00 6.543623869102403734e-02 -9.865902394307787815e-02 9.929675199424050636e-01 5.157281011326428355e-02
7.229205278018164815e-01 -6.837953270036783993e-01 -9.904474368019586250e-02 3.555880351334347100e+00 6.897144736199963821e-01 7.226978808071417015e-01 4.474056275861720833e-02 1.320712100019239665e+00 4.098603862090684918e-02 -1.006564644958236054e-01 9.940766674625084454e-01 -4.377769593407498938e-02
7.179732815926030964e-01 -6.919982095357436469e-01 -7.518540362646065900e-02 3.589397953370145000e+00 6.956696143631576623e-01 7.170275359556963490e-01 4.376414437776669081e-02 1.367957134834287158e+00 2.362529515083725343e-02 -8.372568710155586791e-02 9.962087405500958948e-01 -9.089161572839871139e-03
7.150980273837408419e-01 -6.960729133747719510e-01 -6.416627227632730468e-02 3.639940835276615161e+00 6.984783164333264738e-01 7.151497890446048000e-01 2.624539391823002207e-02 1.453481273194561219e+00 2.761978827486323909e-02 -6.358677925020704558e-02 9.975940400785467954e-01 5.732798447693378263e-02
7.136975875674815839e-01 -6.979604190241136541e-01 -5.905088463385253089e-02 3.724213022027093256e+00 6.995229126890861737e-01 7.145568652491909312e-01 8.728169809687259112e-03 1.550210711663046359e+00 3.610329795647434364e-02 -4.753672055299285049e-02 9.982168161655726735e-01 1.297834702517122740e-01
7.241802686968967784e-01 -6.868956442656104500e-01 -6.113356131473368649e-02 3.803407489912295159e+00 6.886798699603335905e-01 7.249599171489115035e-01 1.237559044496415114e-02 1.635607695032232023e+00 3.581864237388625305e-02 -5.106361147015975321e-02 9.980528705645388410e-01 1.443502503077296328e-01
7.310287748508564887e-01 -6.800974162832641445e-01 -5.535733650460621103e-02 4.003151963931061985e+00 6.820781692729177559e-01 7.306079530380321652e-01 3.132714412265401316e-02 1.704907714843207467e+00 1.913900053191744388e-02 -6.065907452644662967e-02 9.979750374314150241e-01 9.083851207647711257e-02
7.185661146539383815e-01 -6.946300770519382439e-01 -3.393810433659273651e-02 4.111314125552193666e+00 6.953824192478259558e-01 7.169087988493494379e-01 4.985042761525287913e-02 1.783196889234123006e+00 -1.029708076028458888e-02 -5.942078918359464113e-02 9.981799136130795613e-01 1.624807427134553062e-02
7.113641637676317853e-01 -7.026496346427900663e-01 -1.563705354379456292e-02 4.127984265325618018e+00 7.022268307993816405e-01 7.096675189654090277e-01 5.700430361768681758e-02 1.852175184051799928e+00 -2.895694411768037768e-02 -5.153157732725107548e-02 9.982514672794280397e-01 4.545317335254293184e-02
6.932689772902720371e-01 -7.205182450245987136e-01 -1.521787480473635670e-02 4.180863986503492669e+00 7.200769011375983686e-01 6.916724648599352765e-01 5.548385172872376259e-02 1.955381918897410198e+00 -2.945134249866318901e-02 -4.942327327539190740e-02 9.983436074237027613e-01 1.028303880545592408e-01
6.643039538353134876e-01 -7.467936137737707369e-01 -3.161574521471827159e-02 4.321957150138544534e+00 7.471555720544766910e-01 6.622247621666582651e-01 5.671785892698014836e-02 2.048230721336235849e+00 -2.141980547805193841e-02 -6.129977814009785614e-02 9.978895375407326185e-01 1.141825024886070211e-01
6.479552656683411627e-01 -7.607523139282676983e-01 -3.754850923080335634e-02 4.413321729164983331e+00 7.610720389083354132e-01 6.446856131083065211e-01 7.176218950865416446e-02 2.090480047573898936e+00 -3.038626802650415404e-02 -7.507580904627782215e-02 9.967147523797710296e-01 5.124308829498626372e-02
6.408573581139032083e-01 -7.673791985464842869e-01 -2.076083306190028288e-02 4.528621300395188953e+00 7.662085936519623663e-01 6.377495162309900767e-01 7.873973305149252477e-02 2.190603588885253750e+00 -4.718302200103918764e-02 -6.636806600537527301e-02 9.966790066262836145e-01 2.425673490429942902e-02
6.366928475945599075e-01 -7.711042376847431212e-01 -4.524648777741197003e-03 4.588354796443711692e+00 7.692925867306515952e-01 6.347716714520246217e-01 7.248338515319174835e-02 2.280220972961378489e+00 -5.302012658598138917e-02 -4.963043165875512253e-02 9.973593567166110230e-01 4.792266887268213649e-02
6.425962379223475462e-01 -7.661646768101161298e-01 7.858944998919644570e-03 4.653316047610982942e+00 7.649159854691979232e-01 6.420761529704053228e-01 5.139794704470607850e-02 2.372955180536255426e+00 -4.442533265752302007e-02 -2.701669474926331888e-02 9.986473291523356721e-01 9.135436152209036598e-02
6.500538518362891649e-01 -7.596615296931843453e-01 1.855667041834284728e-02 4.720259962353452465e+00 7.588343187903272558e-01 6.502444115433753113e-01 3.677882383423206059e-02 2.503824643062823707e+00 -4.000582881060857354e-02 -9.826777743531052781e-03 9.991511237547379132e-01 1.246750634787789913e-01
6.753901933360393350e-01 -7.368731707493335614e-01 2.942816636032492134e-02 4.754300505443985081e+00 7.353222165800464838e-01 6.759320747942864083e-01 4.916368647791256874e-02 2.581364345210481304e+00 -5.611884308603141275e-02 -1.156548719746932144e-02 9.983571079311103214e-01 1.474060550650852508e-01
6.925473431063098317e-01 -7.207736838841264371e-01 2.938493111267491756e-02 4.871299342411794520e+00 7.184778454869243935e-01 6.928414148651005355e-01 6.132176931720779295e-02 2.712855896270967015e+00 -6.455821482087564789e-02 -2.135580641959392706e-02 9.976854045395825432e-01 1.249406302881500841e-01
6.824523004204380294e-01 -7.305607004934266957e-01 2.323619042368860882e-02 5.050630606042418869e+00 7.282637983196997844e-01 6.823319935208648213e-01 6.367802348382131661e-02 2.795706417525987586e+00 -6.237545757600324731e-02 -2.653513731632523368e-02 9.976999492732211428e-01 6.770122280354509692e-02
6.615853189724962835e-01 -7.496026379898185210e-01 2.001876216866329064e-02 5.086724351566754621e+00 7.476263372137542662e-01 6.614343693808796276e-01 5.966099987482514910e-02 2.838011344733768038e+00 -5.796314022209478334e-02 -2.450428779669324916e-02 9.980179428523169305e-01 6.728652667113349528e-02
6.408322260181074093e-01 -7.674235804784129700e-01 1.987727904845570243e-02 5.090408355298025711e+00 7.656403174147518031e-01 6.408011580932114759e-01 5.629191891770302103e-02 2.926576948377243692e+00 -5.593712940181650578e-02 -2.085482946686122163e-02 9.982164663249112335e-01 1.054098344964238543e-01
6.128635212003399335e-01 -7.901053436381412221e-01 1.148261017257624916e-02 5.196001475802574099e+00 7.882039176890481835e-01 6.122888552188907596e-01 6.194305380247626391e-02 3.042091907341541113e+00 -5.597221204809287032e-02 -2.891199974396700678e-02 9.980136310438090241e-01 1.433253703968160320e-01
5.941493041499221750e-01 -8.043027727386585779e-01 9.146263885821133421e-03 5.249345694360970427e+00 8.010006506010854954e-01 5.926708210117506148e-01 8.449411611405474587e-02 3.112022917886303475e+00 -7.337957559703614518e-02 -4.287595697081642010e-02 9.963820001380171432e-01 1.358291575315410671e-01
5.958883611104395239e-01 -8.030594167957201268e-01 3.554460413695885446e-03 5.346327589155113635e+00 7.992852374649501712e-01 5.935052696015299389e-01 9.431120890866431794e-02 3.204568995977878476e+00 -7.784709540960982332e-02 -5.335792397510757956e-02 9.955364190652965517e-01 9.020261094426086645e-02
6.022178048262489813e-01 -7.982815301207293324e-01 -8.961820036181900040e-03 5.456183287362004641e+00 7.957621522812594606e-01 5.993415893697274788e-01 8.690371826605917949e-02 3.303097139484601374e+00 -6.400244172647977237e-02 -5.946644364577437225e-02 9.961764048265611127e-01 8.578583989910756880e-02
6.120929025851395977e-01 -7.906608282472408211e-01 -1.406176661326684167e-02 5.490947484090137998e+00 7.895149717113395527e-01 6.100048363305572430e-01 6.752932027625359324e-02 3.411835476865974215e+00 -4.481504265915152441e-02 -5.243619292737841664e-02 9.976181923074284308e-01 1.105922647018198895e-01
6.371209769581909210e-01 -7.705816841026358333e-01 -1.675496479810634903e-02 5.579451029595665190e+00 7.700802608881698319e-01 6.354902165996291208e-01 5.593367855384498433e-02 3.447680334014062709e+00 -3.245385200940958947e-02 -4.853918758798897448e-02 9.982938919767311292e-01 1.239529532654958938e-01
6.524403472947739591e-01 -7.577434291639351116e-01 -1.210325496531098471e-02 5.657583672141749176e+00 7.571102696285088030e-01 6.510281696004351915e-01 5.428040170958418897e-02 3.573752638265112136e+00 -3.325105780154245794e-02 -4.457822277287014356e-02 9.984523770363266104e-01 1.338059759072552368e-01
6.806333701845161954e-01 -7.326208222482484267e-01 -2.224005298510231543e-03 5.714773145405048105e+00 7.311440897298888686e-01 6.790623021473058962e-01 6.559504444280220281e-02 3.657265561389090092e+00 -4.654605723710197873e-02 -4.627224449604128848e-02 9.978438474756353704e-01 1.552445324811374538e-01
6.881783883774055255e-01 -7.255411095175225977e-01 7.772839630867112160e-04 5.853773041658210552e+00 7.235170767705014772e-01 6.863377728105156672e-01 7.391550064072657800e-02 3.803264995983168806e+00 -5.416221368948215958e-02 -5.030467188625121350e-02 9.972642050102227262e-01 1.257868250697707913e-01
6.849106525875446883e-01 -7.286244718046692714e-01 1.943465839789656341e-03 5.924730220286567040e+00 7.266794893147197065e-01 6.832723899917600985e-01 7.124437440420347545e-02 3.879391901065814885e+00 -5.323831121853726811e-02 -4.738375420241541791e-02 9.974569975975321467e-01 7.978826023651496013e-02
6.755538418902610198e-01 -7.373105515090242479e-01 -3.966620310612879730e-04 5.978496765000158142e+00 7.362630777642217295e-01 6.745652405788653549e-01 5.365087626435521839e-02 3.921419961774700980e+00 -3.928978274900279954e-02 -3.653610318898557752e-02 9.985596758007505569e-01 8.225317048986291457e-02
6.664492619594672984e-01 -7.455223096097568503e-01 -6.470479720644062988e-03 6.057896752127116535e+00 7.453903949420354058e-01 6.661013604839645108e-01 2.649786198107651966e-02 4.010950166573705289e+00 -1.544475191894781677e-02 -2.248251399522758695e-02 9.996279288828501253e-01 1.324124699589865062e-01
6.285773971351301670e-01 -7.776538356425164444e-01 -1.204025420442229183e-02 6.112908011882448811e+00 7.777466011920703970e-01 6.284853013036458824e-01 1.079121769997370799e-02 4.108118049586975573e+00 -8.247090441991320603e-04 -1.614738231874598973e-02 9.998692824060776418e-01 1.580258723045352975e-01
6.310289211114565866e-01 -7.757580717295591288e-01 -1.383787320177594544e-03 6.134604964611276579e+00 7.755981644874956338e-01 6.308604835829019208e-01 2.150668494154148874e-02 4.137774631907428002e+00 -1.581100770156224425e-02 -1.464460310091574707e-02 9.997677468469753359e-01 1.696052086620158106e-01
6.353971374153906115e-01 -7.721444889060006256e-01 7.960277408379961769e-03 6.256694414680753269e+00 7.715362008842333585e-01 6.352517740605940766e-01 3.445394430238477024e-02 4.269047775712798476e+00 -3.166020355984853346e-02 -1.575029539275852111e-02 9.993745842803837265e-01 1.429532772739327551e-01
6.476416173950918509e-01 -7.619320525836795754e-01 4.458998036619143956e-03 6.358732535423663457e+00 7.614276132205085590e-01 6.474063256259546817e-01 3.306114584856301858e-02 4.385062436325236845e+00 -2.807713025202496215e-02 -1.801656973792053335e-02 9.994433840752008358e-01 9.945575905050785259e-02
6.646635840872507917e-01 -7.471419089021661408e-01 -1.134878987901061925e-03 6.447375522275204496e+00 7.470832962899843777e-01 6.645907430929486326e-01 1.362690719325929806e-02 4.488142811657978903e+00 -9.427003382914673699e-03 -9.905158110267431315e-03 9.999065053543901849e-01 7.271394037078576789e-02
6.760714716584588224e-01 -7.368261897669138305e-01 -3.811992017013543944e-03 6.521054446610028421e+00 7.367911859779582295e-01 6.760783494778839220e-01 -7.537481837729093949e-03 4.587753646286964582e+00 8.131019294016630233e-03 2.287234319478495710e-03 9.999643269059192985e-01 1.021682919350992702e-01
6.991178233383174012e-01 -7.150037793734805858e-01 -1.965851554066330806e-03 6.559268917573056079e+00 7.149660328352488436e-01 6.991048756874083114e-01 -8.714624600035998994e-03 4.670338858602968379e+00 7.605325931172284698e-03 4.687032294833909721e-03 9.999600945766524696e-01 1.727424913903153891e-01
7.039921934334346654e-01 -7.102024787534102490e-01 2.725941542593268881e-03 6.683433711441799652e+00 7.102075577578037535e-01 7.039843421568066084e-01 -3.357216368389084101e-03 4.785535040906793824e+00 4.652832229210151268e-04 4.299438400568567076e-03 9.999906491267617215e-01 1.708956544553240087e-01
6.981077294268291933e-01 -7.159231486938614220e-01 9.982148004517216178e-03 6.769248098977922901e+00 7.159789372115564765e-01 6.981129831171578592e-01 -3.524808175334935741e-03 4.830943835993625868e+00 -4.445175353922845018e-03 9.607703551310891460e-03 9.999439646542914728e-01 1.203663812620241746e-01
6.930821494967263074e-01 -7.207761009826831877e-01 1.090625055637587174e-02 6.811006842249830662e+00 7.208581055777500968e-01 6.929844578177195569e-01 -1.166759812209122900e-02 4.922385880632038635e+00 8.518637536394568430e-04 1.594846310094834990e-02 9.998724522922225466e-01 1.292811212836664503e-01
6.874557819931887970e-01 -7.262261775239584605e-01 2.947593483430908240e-04 6.866101803347204324e+00 7.262131459617306994e-01 6.874408958323997565e-01 -6.283420208277298684e-03 5.034193065566535452e+00 4.360554609154068326e-03 4.533631666534940728e-03 9.999802156779966644e-01 1.635319532981324986e-01
6.769621203352774730e-01 -7.359846499128933628e-01 -6.991618107502824142e-03 6.996239017504453983e+00 7.359128729135945290e-01 6.766745806450920053e-01 2.331856318147466564e-02 5.127098708479702616e+00 -1.243105430866420918e-02 -2.093100574231033725e-02 9.997036370281896511e-01 1.396357274090550271e-01
6.702669493381305799e-01 -7.420578788863052555e-01 -9.608382158990973546e-03 7.084928418856019761e+00 7.413677124528110784e-01 6.689484473520168617e-01 5.368323497901104913e-02 5.214614547944147915e+00 -3.340855515345822480e-02 -4.310544244156730431e-02 9.985117872486408697e-01 1.284516060676988147e-01
6.734507916482718182e-01 -7.390647567449407651e-01 -1.572630172219580819e-02 7.189288361856787546e+00 7.380573264185460447e-01 6.710295736217999352e-01 7.064484584775618248e-02 5.290934851463244826e+00 -4.165830227246292150e-02 -5.918273956557674326e-02 9.973775559883475417e-01 1.088057159539713020e-01
6.659516486911656319e-01 -7.456664827919716743e-01 -2.213364059906034950e-02 7.273638782536243852e+00 7.453405299994422251e-01 6.638320948578655400e-01 6.159905986919103626e-02 5.421894276317055450e+00 -3.123933331024643725e-02 -5.751909489263440367e-02 9.978555295116940949e-01 1.051742208733148359e-01
6.711776719857740492e-01 -7.410429711931862951e-01 -1.938678603923413291e-02 7.283136330923285939e+00 7.410800281423397529e-01 6.701201476319470496e-01 4.170587040557199865e-02 5.504517246147632825e+00 -1.791436619882250808e-02 -4.235920895049735679e-02 9.989418265849030476e-01 1.370510881394957359e-01
6.883389717671828389e-01 -7.252297941891803212e-01 -1.520544530149551751e-02 7.370366100798215747e+00 7.253398496949310381e-01 6.878964743970098494e-01 2.608721826295221785e-02 5.585748028778819041e+00 -8.459455717273713787e-03 -2.898596440491785220e-02 9.995440217801736527e-01 1.721874623033652907e-01
7.166692777516309176e-01 -6.971668553171275207e-01 -1.853435119401324396e-02 7.457936189279958050e+00 6.973961403033632767e-01 7.162128591843660574e-01 2.603389768987979941e-02 5.693792885091707667e+00 -4.875429922309936458e-03 -3.158347964019787846e-02 9.994892265536882148e-01 2.264339440188582464e-01
7.229923970841045655e-01 -6.903482642376916889e-01 -2.648146186649530387e-02 7.630145425944454551e+00 6.907754134640502475e-01 7.217913925424311872e-01 4.297108103397568463e-02 5.820604586423828053e+00 -1.055091996704537322e-02 -4.936050765201015905e-02 9.987252967519070213e-01 2.353279921440616929e-01
7.146538688911099335e-01 -6.990399340932454963e-01 -2.475920479093046342e-02 7.666106108673894859e+00 6.992156252663014326e-01 7.129679396666864788e-01 5.267092547976697653e-02 5.888068875751244491e+00 -1.916656104843130273e-02 -5.495350353117766512e-02 9.983049410812437907e-01 1.762740183308318942e-01
7.128353025848341851e-01 -7.009478388187849740e-01 -2.319393550181746491e-02 7.751999854101774723e+00 7.010959378466571357e-01 7.113490883728548209e-01 4.946676061785974104e-02 5.917425215453588017e+00 -1.817463407345832130e-02 -5.152282723592519625e-02 9.985064250919534201e-01 1.392505409962728757e-01
7.027319387855186505e-01 -7.109437335903026067e-01 -2.695978262944633344e-02 7.806167439464781310e+00 7.113592703962294816e-01 7.015122906976508643e-01 4.299412077806370053e-02 6.026065412779511909e+00 -1.165378187929537110e-02 -4.939143315207134705e-02 9.987115077433994514e-01 1.584156133731384475e-01
6.961126335014703459e-01 -7.169669243634317901e-01 -3.722406276172264550e-02 7.901902221809117499e+00 7.179170428631760359e-01 6.948200621983529057e-01 4.266381058074527471e-02 6.152684982767891775e+00 -4.724515450325459526e-03 -5.642260659981967325e-02 9.983957974762521781e-01 2.429055725570492263e-01
6.872508851025325161e-01 -7.253313943817917275e-01 -3.975662523342811394e-02 7.994646452507089052e+00 7.262760947093097608e-01 6.849949073264063326e-01 5.748922673581429582e-02 6.238216567200155716e+00 -1.446565517283640231e-02 -6.838380847140432262e-02 9.975542088324658163e-01 2.194392110382415439e-01
6.869999524189671636e-01 -7.261073863010021334e-01 -2.826886866261326542e-02 8.097646448463098778e+00 7.261781042619743776e-01 6.846142268497308336e-01 6.299778794077090516e-02 6.294138336327142369e+00 -2.638988948104638993e-02 -6.380771077285704584e-02 9.976132265457919868e-01 1.731732287291511962e-01
6.866340281291531955e-01 -7.267700582928039443e-01 -1.841178384100191842e-02 8.205455023035126416e+00 7.265845912763378989e-01 6.851591713620428514e-01 5.130050309963902350e-02 6.365359978604542945e+00 -2.466866706837688231e-02 -4.860238952513992045e-02 9.985135274985091902e-01 1.551324692738859645e-01
6.965863034442696389e-01 -7.173076352458698235e-01 -1.540383951571491078e-02 8.274413177378864503e+00 7.174544937531459610e-01 6.962535180070246188e-01 2.213793251997107220e-02 6.435445695205226357e+00 -5.154730571500965204e-03 -2.647253446158728124e-02 9.996362506791734992e-01 1.963295965036344626e-01
7.072976187181182484e-01 -7.067666812758683914e-01 -1.452366324226486705e-02 8.360841109151902373e+00 7.067524833972675946e-01 7.074265899304426064e-01 -6.967572832812069308e-03 6.541973284174336989e+00 1.519887388836803702e-02 -5.336487391603273248e-03 9.998702496498457215e-01 2.279294804246849715e-01
7.363612158890628923e-01 -6.764085430730176762e-01 -1.560905481503440349e-02 8.425722197328706642e+00 6.765216579320011414e-01 7.364169415893678794e-01 2.921384791167053706e-03 6.614906386592033449e+00 9.518722777639454860e-03 -1.271105809912214529e-02 9.998739035091790406e-01 2.325940518205007468e-01
