1.000000000000000000e+00 0.000000000000000000e+00 0.000000000000000000e+00 0.000000000000000000e+00 0.000000000000000000e+00 1.000000000000000000e+00 0.000000000000000000e+00 0.000000000000000000e+00 0.000000000000000000e+00 0.000000000000000000e+00 1.000000000000000000e+00 0.000000000000000000e+00
9.999977276233475987e-01 -2.098373076613047668e-03 -3.762692819085168604e-04 2.332470277357160532e-02 2.098432416732387649e-03 9.999977859038327033e-01 1.573811446833366036e-04 -5.209011802201031494e-02 3.759382044553718268e-04 -1.581703627126753364e-04 9.999999168262979632e-01 -1.964548186737092098e-02
9.999877718064463794e-01 -4.939491186268396387e-03 -2.401341275800174073e-04 3.667392004384247006e-02 4.939544270912935887e-03 9.999877759616636608e-01 2.209743000142916510e-04 -1.237543215867041441e-01 2.390396915639235855e-04 -2.221577510519192320e-04 9.999999467529783193e-01 -2.384964732508423890e-02
9.999871596903860960e-01 -5.065000850259692572e-03 -1.619281976047262954e-04 4.216211552252189382e-02 5.065076138747105772e-03 9.999870629198488459e-01 4.679707713646921795e-04 -1.407767419814175969e-01 1.595558303717963065e-04 -4.687849411249756155e-04 9.999998773913004735e-01 -1.490168344279644598e-02
9.999924632007930470e-01 -3.877854863797776386e-03 1.891646526056357303e-04 -2.455670139782241412e-03 3.877851542796259196e-03 9.999924809448790253e-01 1.791976159549839637e-05 -1.000047706179616192e-01 -1.892327205008470341e-04 -1.718607409790413401e-05 9.999999819478080365e-01 -6.974758812804474073e-04
9.999985611265638230e-01 -1.490838511976674569e-03 8.094104850122610297e-04 -6.662715983159479827e-02 1.491112426179756582e-03 9.999988311982302980e-01 -3.379140507535022893e-04 -2.687877718931207249e-02 -8.089057636912523348e-04 3.391204865700329549e-04 9.999996153343065908e-01 1.789890457858789655e-02
9.999865205379867561e-01 5.055991345821211208e-03 1.181394871142650961e-03 -1.359070441578995314e-01 -5.055623674321191308e-03 9.999871709551215737e-01 -3.139975096148674995e-04 5.202654458071269417e-02 -1.182967283666052282e-03 3.080205892180939617e-04 9.999992528555821103e-01 2.027687471639177952e-02
9.999807222901441195e-01 6.066306234123380881e-03 1.324755356824022096e-03 -1.301424229077781103e-01 -6.066524861928485404e-03 9.999815854956632943e-01 1.610766247062879616e-04 8.991802563338513465e-02 -1.323753821978131389e-03 -1.691101808259982031e-04 9.999991095383863327e-01 1.896273550474281838e-02
9.999994749326791554e-01 -2.379977360229499969e-05 1.024484229609825929e-03 -9.909497882147963455e-02 2.343960050974189504e-05 9.999999379224985274e-01 3.515758584473674116e-04 4.799925435121288331e-02 -1.024492533438239872e-03 -3.515516603453027670e-04 9.999994134130675283e-01 1.746821123782905244e-02
9.999920559660673280e-01 -3.903401099283334511e-03 8.071335798196572651e-04 -1.016617312202931223e-01 3.903256005868275830e-03 9.999923658393650161e-01 1.812609781828910876e-04 1.035319632999682701e-02 -8.078349523337513593e-04 -1.781090892465607152e-04 9.999996578398625546e-01 1.478404119796536582e-02
9.999979575364722484e-01 -1.831683209762120833e-03 8.543181508672456322e-04 -9.257897776057777417e-02 1.831265472980475638e-03 9.999982034280263665e-01 4.894971778831813626e-04 -5.042342144200986226e-03 -8.552132197851537937e-04 -4.879316947704249357e-04 9.999995152663875286e-01 1.873658937500539273e-02
9.999999186135980489e-01 1.241596947705589978e-04 3.838712903837082201e-04 -5.180967679649606944e-02 -1.242819969710179059e-04 9.999999415257101454e-01 3.185946665145253810e-04 7.003385997267432689e-03 -3.838317113205570947e-04 -3.186423488758004848e-04 9.999998755701277053e-01 2.614965053080019891e-03
9.999999671861389272e-01 2.207222370115155758e-04 1.300362067081603675e-04 -1.617448911084568008e-02 -2.207220673718334456e-04 9.999999756400144157e-01 -1.318906781495576020e-06 2.405778654133532493e-02 -1.300364946525354711e-04 1.290204877839335914e-06 9.999999915444226506e-01 -5.723660229455191165e-03
9.999990276963947045e-01 -1.356530509250199190e-03 3.231582316181369268e-04 -1.640085949513478761e-02 1.356575369684494877e-03 9.999990702406672538e-01 -1.386400644963197034e-04 9.716248894058324148e-03 -3.229698616814614173e-04 1.390783181936091283e-04 9.999999381738430282e-01 -3.776694379369748000e-03
9.999977675641160690e-01 -2.101817427711367807e-03 2.173252968983176549e-04 -1.352745871374220511e-02 2.101792093429553920e-03 9.999977844189155141e-01 1.167358394519517437e-04 -2.220899997673745491e-02 -2.175701728182992682e-04 -1.162788062559516914e-04 9.999999695712290526e-01 -9.857026243597758787e-04
9.999996063714043926e-01 -7.606386728267656603e-04 4.568214592943909812e-04 -2.244453531754164732e-02 7.607008261685197772e-04 9.999997014329823353e-01 -1.358977528601080262e-04 -2.644781575358724421e-02 -4.567179538161945766e-04 1.362452038283631581e-04 9.999998864229711071e-01 6.378498577556400082e-03
9.999998975339247087e-01 -4.225884834839009727e-04 1.623302609837133452e-04 1.050504878697790939e-02 4.226328070024649498e-04 9.999998733967216946e-01 -2.731081306574810789e-04 -2.991640223012958719e-02 -1.622148280814084457e-04 2.731767087670238328e-04 9.999999495304163766e-01 5.060714336352200443e-04
9.999990909618706736e-01 -1.339745978998089235e-03 -1.521714299269643538e-04 5.822135005346053271e-02 1.339744090114657624e-03 9.999991024641821102e-01 -1.251412233613390309e-05 -5.350986598725735593e-02 1.521880590927360624e-04 1.231024018639059673e-05 9.999999883436262449e-01 -7.970183575219755984e-03
9.999984324838764316e-01 -1.704520275711073280e-03 -4.792081172298015058e-04 5.822050329203071195e-02 1.704487601530109116e-03 9.999985450080784988e-01 -6.858383309688981775e-05 -9.796919865851266840e-02 4.793243225199619027e-04 6.776692129625484947e-05 9.999998828279121899e-01 -2.867167547497171537e-02
9.999919613759744585e-01 3.991890333699247596e-03 -3.768222329138343424e-04 2.868100132638707819e-02 -3.992008560805475857e-03 9.999919827547013584e-01 -3.135186939421403932e-04 -1.006046759098019050e-01 3.755676795937774566e-04 3.150204512629287200e-04 9.999998798555094215e-01 -2.757890435179145491e-02
9.999806952409220351e-01 6.213088595873404729e-03 -8.170423568253121921e-05 -2.353239815749372243e-02 -6.213133083787925406e-03 9.999805437253788121e-01 -5.560107723417162008e-04 -6.506564168334541542e-02 7.824810183366499524e-05 5.565076779775160638e-04 9.999998420882070249e-01 -1.994064255300666624e-02
9.999464554249971604e-01 1.034815156929042197e-02 -4.518941417053298369e-05 -3.645108951291252397e-02 -1.034817372824729624e-02 9.999463203524944221e-01 -5.212619271002278277e-04 -5.100586635802749347e-02 3.979289098977574837e-05 5.217016442603905450e-04 9.999998631219507716e-01 -1.587359496524579777e-02
9.999419490405302424e-01 1.076560138393303952e-02 -4.476336314160772622e-04 6.391345991713898167e-03 -1.076566111780123160e-02 9.999420399775330592e-01 -1.312488717027629926e-04 -6.241396786647269296e-02 4.461947135259005455e-04 1.360603245605875478e-04 9.999998911989269601e-01 -2.530413646085623997e-02
9.999481312634646013e-01 1.016986657282511336e-02 -5.555147126224836002e-04 4.999057666249921705e-02 -1.016990301777610795e-02 9.999482832257944320e-01 -6.282034162224879831e-05 -7.413619035739367480e-02 5.548471087011654958e-04 6.846661396281856484e-05 9.999998437284921549e-01 -2.737838459273836053e-02
9.999495783871253929e-01 1.002232905583160839e-02 -6.273784398791072562e-04 8.603045048942023487e-02 -1.002248563328573573e-02 9.999497431408616022e-01 -2.469296571817835542e-04 -8.606049636324121510e-02 6.248720995313082746e-04 2.532050979905234637e-04 9.999997727109929402e-01 -3.237412540364060370e-02
9.999429189670946405e-01 1.067139792048371269e-02 -5.292201707654262729e-04 1.109566138245259709e-01 -1.067141569033185772e-02 9.999430583491651925e-01 -3.076495036593695359e-05 -9.731177376157759684e-02 5.288617310678889964e-04 3.641072270473905614e-05 9.999998594897544502e-01 -3.898081582847921778e-02
9.999425419695545658e-01 1.070702664742442280e-02 -5.218618944731616459e-04 7.598555546109891923e-02 -1.070678504230392243e-02 9.999425732734203986e-01 4.635832051245428903e-04 -6.285991790746478514e-02 5.267955233834023055e-04 -4.579691054207352574e-04 9.999997563753578733e-01 -5.626991549217488786e-02
9.999470922847726317e-01 1.027123484922413087e-02 -5.606834227831166469e-04 6.884453188427866466e-02 -1.027120523615120996e-02 9.999472482305478138e-01 5.567002799261490663e-05 -3.461792410455716285e-02 5.612256456720373689e-04 -4.990818811071403481e-05 9.999998412674611092e-01 -6.179673415794190161e-02
9.999537835269842745e-01 9.561865981484970675e-03 -1.000764218526602970e-03 1.155402087654516519e-01 -9.562113225538989084e-03 9.999542525305821217e-01 -2.425627068097808287e-04 -1.076674871494173735e-02 9.983990840015002748e-04 2.521209171866063865e-04 9.999994698170155960e-01 -6.580875459257502780e-02
9.999972316427421237e-01 -2.063123711292690586e-03 -1.131471344672695112e-03 1.763393879946035525e-01 2.063359201195598229e-03 9.999978498477292144e-01 2.069993365040656346e-04 1.843457157147345218e-03 1.131041846597650655e-03 -2.093333952658695918e-04 9.999993384617166248e-01 -5.365481911003092130e-02
9.996880807270454028e-01 -2.494311447580977240e-02 -1.257892095122679953e-03 2.073344301801378908e-01 2.494509826305385189e-02 9.996875631924371230e-01 1.586843096734194113e-03 2.056004933625868100e-02 1.217918274315231896e-03 -1.617726371706321858e-03 9.999979498161301050e-01 -5.300141366330985565e-02
9.985306172729878638e-01 -5.417250505526646082e-02 -1.395014144383822799e-03 2.153355836295570980e-01 5.417652321142246014e-02 9.985267927260065290e-01 3.024655523687126441e-03 1.871392247883683566e-02 1.229105832751612544e-03 -3.095788163278931100e-03 9.999944526818635993e-01 -5.974403281176011299e-02
9.979483338751748978e-01 -6.401717574304298386e-02 -9.613145410294161516e-04 2.324076567340344901e-01 6.402391235101555222e-02 9.978865315222332777e-01 1.110895376695468680e-02 -5.870026314258193489e-02 2.481189874292545443e-04 -1.114770902074540236e-02 9.999378315778221227e-01 -1.739470062868666844e-01
9.977675303173916266e-01 -6.674912601053645256e-02 -2.123586862496197516e-03 2.843893937424265550e-01 6.677131129890881422e-02 9.976822474408453267e-01 1.310439349256690630e-02 -8.520214036291164084e-02 1.243958101084057660e-03 -1.321693301085178490e-02 9.999118787423366683e-01 -2.517496208323516393e-01
9.970540077730616346e-01 -7.666135796234488375e-02 -2.518288912074977213e-03 2.866856603119377067e-01 7.668182167203413391e-02 9.970112750312327687e-01 9.402961536344369570e-03 -1.060813831510616506e-01 1.789918638881033081e-03 -9.568367466022492662e-03 9.999526201452253460e-01 -2.175255641182126110e-01
9.970327239466363345e-01 -7.691615361227828462e-02 -3.106878343748083367e-03 2.832950205747614136e-01 7.688196164364362317e-02 9.969907237929588328e-01 -9.932806482434211257e-03 -1.381345551675942640e-01 3.861522157874013386e-03 9.664470201960680476e-03 9.999458418646179902e-01 -1.339402475272622461e-01
9.962882123272459589e-01 -8.602412086400709756e-02 -3.106220751188120636e-03 3.715883125787297625e-01 8.579763532697370909e-02 9.952926172224695334e-01 -4.507074300193397026e-02 -1.188435580169345390e-01 6.968769624549739708e-03 4.463694357840201216e-02 9.989789685062936408e-01 -7.842784851985355743e-03
9.957866191572297687e-01 -9.124341134853360125e-02 -9.145982336329360612e-03 4.144551963694544372e-01 9.043524389141317787e-02 9.936607167599227353e-01 -6.678208315451975019e-02 -5.852244810723007673e-02 1.518142844777044947e-02 6.567358566150371946e-02 9.977256658905023778e-01 3.863950704993070195e-02
9.987490170853076110e-01 -4.848678789916129050e-02 -1.222424927567073404e-02 4.994288738134023964e-01 4.761650899503856726e-02 9.968425614269069701e-01 -6.354192158700126825e-02 -6.372733966718460707e-02 1.526659563417469452e-02 6.288035565313664088e-02 9.979042999860646690e-01 -3.224272244998051262e-02
9.992613513551792392e-01 -3.720830980650035452e-02 -9.606943799385489827e-03 7.112770294221326672e-01 3.667035496442318937e-02 9.980180444749396917e-01 -5.113969074212839500e-02 -8.766982338258767771e-02 1.149072472058508369e-02 5.074962643961843795e-02 9.986453017271121890e-01 -9.334769654089208890e-02
9.983697628604276675e-01 -5.671009166711938471e-02 -6.463908192435217914e-03 7.812484002173798459e-01 5.637701061210547565e-02 9.974622077891484029e-01 -4.348306229832697711e-02 -5.906394521687612087e-02 8.913432585477980979e-03 4.304775877446531673e-02 9.990332532924214304e-01 -9.200894470078160858e-02
9.981936276786876894e-01 -6.007522901106454594e-02 -6.697170518114013184e-04 7.402792198365162335e-01 6.002373064583753359e-02 9.976918898929075796e-01 -3.174971812905320184e-02 -2.103867880280663530e-02 2.575542858754842519e-03 3.165216740108856702e-02 9.994956262424544713e-01 -4.094650368101195731e-02
9.977532919827704072e-01 -6.699525924059120119e-02 -5.980660819356818344e-05 7.445836372022245353e-01 6.698917775139369424e-02 9.976739803149035080e-01 -1.261265502618749354e-02 2.058980129864911024e-02 9.046555900371878144e-04 1.258031167751462107e-02 9.999204555145174700e-01 3.273360074859955199e-02
9.956853460605719075e-01 -9.277513926121974674e-02 -1.861498133329753763e-03 8.497804727532244362e-01 9.278137377028641830e-02 9.956799912888546489e-01 3.601614682983866889e-03 6.982448523353168568e-02 1.519316141398906412e-03 -3.758787316084787229e-03 9.999917815644161490e-01 1.145245551571974219e-01
9.856852013776257193e-01 -1.679448968587471669e-01 -1.480524921283923878e-02 9.365811387180701386e-01 1.680884463885275182e-01 9.857304297492500700e-01 9.044006692272022960e-03 1.340673016368906512e-01 1.307508989799332708e-02 -1.140313489631386047e-02 9.998494939433113515e-01 1.333661615919571053e-01
9.734828208539687555e-01 -2.265743707979252231e-01 -3.154761480245454192e-02 9.932607940816690073e-01 2.270386766550159530e-01 9.738122871731201835e-01 1.196113094133248456e-02 1.196572343986194303e-01 2.801136920857083892e-02 -1.880648420574350735e-02 9.994306776094479261e-01 5.571794679810565531e-02
9.632626896960633234e-01 -2.660348232211129371e-01 -3.674865267213078129e-02 1.151948641898636438e+00 2.670198681348620040e-01 9.633645420848117036e-01 2.508284423589304465e-02 7.928214702927699475e-02 2.872943892154253970e-02 -3.397398839453993208e-02 9.990097033822149530e-01 -4.275721547825411112e-02
9.574218087991060999e-01 -2.867760661512350762e-01 -3.321096082124740806e-02 1.356244072286517222e+00 2.877603950814708877e-01 9.572319357385805638e-01 3.001626600238279513e-02 1.068458707843744498e-01 2.318264562994842154e-02 -3.829502689635385509e-02 9.989975254506908708e-01 -1.473871696976996881e-01
9.529769064787730892e-01 -3.019962517906534805e-01 -2.516504763643395357e-02 1.447850504203039179e+00 3.024493261044647330e-01 9.530202544593540104e-01 1.663729933562777680e-02 1.611739736079658147e-01 1.895839806267733338e-02 -2.346611375205410327e-02 9.995448567464457756e-01 -1.437489484359225078e-01
9.499269945500061763e-01 -3.122606894375684616e-01 -1.148768284585489387e-02 1.374491837374329783e+00 3.121815468463329246e-01 9.499872318457127651e-01 -8.181756458775588797e-03 2.151945707658819429e-01 1.346799293968271340e-02 4.185828722525731897e-03 9.999005410560003471e-01 6.400501490354365552e-02
9.553589912308821930e-01 -2.947112686583660546e-01 -2.084384801536260517e-02 1.366705541470160323e+00 2.943632287379726042e-01 9.555198093166823448e-01 -1.822590382853272670e-02 2.219784640419934230e-01 2.528808892081743642e-02 1.127661869477237892e-02 9.996166017176513208e-01 2.090274087010612347e-01
9.606528340888969009e-01 -2.758982372948555195e-01 -3.203583953265469464e-02 1.592714549316431638e+00 2.758735160959814303e-01 9.611794625745945231e-01 -5.276726414535450049e-03 2.646544726948399928e-01 3.224803054158052740e-02 -3.768737508124867571e-03 9.994727915975422095e-01 1.807512421180370310e-01
9.553541379694214797e-01 -2.921435311133082635e-01 -4.416591778001443397e-02 1.894614623048786806e+00 2.932444760914693083e-01 9.558114145527614181e-01 2.078983050649966732e-02 3.016953286773046972e-01 3.614067385292055873e-02 -3.281306202256661225e-02 9.988078667362206842e-01 -5.823952871008836185e-02
9.458874819853523297e-01 -3.223228270398063033e-01 -3.748155002767204758e-02 2.006763375556441797e+00 3.234931181720944737e-01 9.457247872206393513e-01 3.093265801336241710e-02 3.487241540741939372e-01 2.547692914589740412e-02 -4.138383749174839171e-02 9.988184540124153132e-01 -1.678181911160334661e-01
9.234787633284646802e-01 -3.829088899276929525e-01 -2.382762463342577922e-02 1.986314691419883260e+00 3.834210347243166006e-01 9.232902522821748725e-01 2.287837781951284830e-02 4.036100047544845526e-01 1.323947930486463545e-02 -3.026370854769582994e-02 9.994542631519844900e-01 -5.014027437558987721e-02
8.982571249191388940e-01 -4.390650187635120605e-01 -1.886920322110624201e-02 1.989117961009124302e+00 4.393677656349958549e-01 8.981467982795872107e-01 1.697925973173692801e-02 4.515193757734819457e-01 9.492315466417825670e-03 -2.354226068845543737e-02 9.996777770405635977e-01 7.860776944460196036e-02
8.577807094284723988e-01 -5.138253467208347969e-01 -1.399169752390597501e-02 2.113794293312360129e+00 5.140022952499204711e-01 8.572429176906829484e-01 3.059772127101113154e-02 4.850763388680511823e-01 -3.727601132106098288e-03 -3.343789970047288812e-02 9.994338456613429678e-01 1.100082506282510503e-01
8.335437086569419396e-01 -5.523934645996355641e-01 -8.145306994970296852e-03 2.236466230692784052e+00 5.520438916982175481e-01 8.322674691033449257e-01 5.077796284806598143e-02 4.961527899137914699e-01 -2.127034078518104387e-02 -4.682221844300144681e-02 9.986767507371733243e-01 -8.669474220847211976e-03
8.124219534343576354e-01 -5.830624375624895439e-01 2.960317819154477392e-03 2.345442898609880089e+00 5.819695008103400458e-01 8.111899682936433154e-01 5.729167013032228362e-02 5.709017982028002924e-01 -3.580600095607081729e-02 -4.482219587933998495e-02 9.983530943769783894e-01 -4.618718505476894498e-02
8.083720468008788185e-01 -5.886450105642415664e-01 5.628986479082326647e-03 2.409946367118251942e+00 5.877030778631153751e-01 8.075531006206552176e-01 4.962944638203158065e-02 6.361524843548176378e-01 -3.375983147438312015e-02 -3.681088447443080225e-02 9.987518373264858695e-01 -9.253140492707923048e-04
8.046716518912191418e-01 -5.936572636102288580e-01 -8.636318976969224737e-03 2.550758705837010698e+00 5.936958128521148126e-01 8.044221188580994442e-01 2.074455335051413746e-02 7.244989821989408219e-01 -5.367908766294628674e-03 -2.181990042738562313e-02 9.997475068740184767e-01 6.372532995923052557e-02
8.080449318718035956e-01 -5.881085390806216617e-01 -3.452150542414388068e-02 2.576254430147495889e+00 5.883998058457441394e-01 8.085674526514597948e-01 -2.083984985563796036e-03 7.677101934653126625e-01 2.913857506781944440e-02 -1.862849358338729971e-02 9.994017824027685570e-01 7.348274528784615178e-02
8.330897736276916543e-01 -5.497504209774436434e-01 -6.112203949546263226e-02 2.687774001636757948e+00 5.495633480697154072e-01 8.351793547803321172e-01 -2.134412816474571747e-02 7.946368472864149268e-01 6.278180895264393047e-02 -1.580885776492737052e-02 9.979020615675678885e-01 9.608809180281557838e-02
8.335587482821831262e-01 -5.474352926745308379e-01 -7.412431110365019782e-02 2.900658145624333883e+00 5.482805154739184283e-01 8.362318358060557566e-01 -1.023685186413055351e-02 8.833549178527646539e-01 6.758912274837072798e-02 -3.210789807484362712e-02 9.971964667844150920e-01 1.090425597805051716e-01
8.347150995268964868e-01 -5.461101549597557892e-01 -7.081243726659113003e-02 2.964584865020735371e+00 5.479897385693237588e-01 8.364380406594533746e-01 8.868515123666976391e-03 9.323011875445931240e-01 5.438703011313923696e-02 -4.620717246928336686e-02 9.974502234035873549e-01 2.668632374968670645e-02
8.167319777282104898e-01 -5.721411434869311252e-01 -7.485578458364329502e-02 3.066831881786153957e+00 5.738342557676802125e-01 8.189703193158621719e-01 1.364912901081809238e-03 1.011518920989338488e+00 6.052374297512073259e-02 -4.406958144958802309e-02 9.971934358624406913e-01 -6.831076470236348286e-03
7.930657723826775030e-01 -6.037552585410110861e-01 -8.078532329045962079e-02 3.042169046452563475e+00 6.045283810624690890e-01 7.963957797402677619e-01 -1.729735534355199972e-02 1.071169841150070523e+00 7.478045978099717717e-02 -3.511908022667804136e-02 9.965814231857700323e-01 8.683130101654878974e-02
7.696565892247225760e-01 -6.315371136536230834e-01 -9.375291324016268857e-02 3.120362131767665304e+00 6.330369225357098673e-01 7.739442443817403650e-01 -1.656989121553712613e-02 1.108831977774868971e+00 8.302402886805940185e-02 -4.659592971953500223e-02 9.954575982753297581e-01 1.827276081433932831e-01
7.460697563816605093e-01 -6.569309177282203205e-01 -1.087275859447273813e-01 3.196043022609475592e+00 6.609779047566906041e-01 7.504036913232789985e-01 1.584131261097680710e-03 1.154299672342229854e+00 8.054891703843762574e-02 -7.304840437104259676e-02 9.940703207433463362e-01 1.622429686756239331e-01
7.420597363944374525e-01 -6.604781180953491759e-01 -1.145251201241194033e-01 3.400379823671929813e+00 6.671322554697751706e-01 7.443353091932595200e-01 2.999168551424723911e-02 1.217412537576321396e+00 6.543623869102406510e-02 -9.865902394307787815e-02 9.929675199424050636e-01 5.157281011326430437e-02
7.229205278018167036e-01 -6.837953270036781772e-01 -9.904474368019579311e-02 3.555880351334346212e+00 6.897144736199961601e-01 7.226978808071418126e-01 4.474056275861716669e-02 1.320712100019235669e+00 4.098603862090684224e-02 -1.006564644958235083e-01 9.940766674625084454e-01 -4.377769593407500326e-02
7.179732815926032075e-01 -6.919982095357434249e-01 -7.518540362646060349e-02 3.589397953370142336e+00 6.956696143631574403e-01 7.170275359556965711e-01 4.376414437776669775e-02 1.367957134834287380e+00 2.362529515083722220e-02 -8.372568710155582627e-02 9.962087405500958948e-01 -9.089161572839871139e-03
7.150980273837408419e-01 -6.960729133747720621e-01 -6.416627227632734631e-02 3.639940835276613385e+00 6.984783164333265848e-01 7.151497890446046890e-01 2.624539391823003595e-02 1.453481273194562551e+00 2.761978827486325644e-02 -6.358677925020708721e-02 9.975940400785467954e-01 5.732798447693372018e-02
7.136975875674815839e-01 -6.979604190241137651e-01 -5.905088463385255865e-02 3.724213022027091924e+00 6.995229126890862847e-01 7.145568652491907091e-01 8.728169809687266051e-03 1.550210711663046581e+00 3.610329795647435752e-02 -4.753672055299287824e-02 9.982168161655726735e-01 1.297834702517123573e-01
7.241802686968967784e-01 -6.868956442656105610e-01 -6.113356131473369343e-02 3.803407489912295603e+00 6.886798699603337015e-01 7.249599171489113925e-01 1.237559044496414420e-02 1.635607695032230025e+00 3.581864237388625999e-02 -5.106361147015976709e-02 9.980528705645388410e-01 1.443502503077298826e-01
7.310287748508564887e-01 -6.800974162832642556e-01 -5.535733650460623184e-02 4.003151963931062873e+00 6.820781692729178669e-01 7.306079530380321652e-01 3.132714412265405479e-02 1.704907714843215238e+00 1.913900053191743694e-02 -6.065907452644667130e-02 9.979750374314150241e-01 9.083851207647675174e-02
7.185661146539383815e-01 -6.946300770519382439e-01 -3.393810433659271569e-02 4.111314125552195442e+00 6.953824192478259558e-01 7.169087988493494379e-01 4.985042761525290689e-02 1.783196889234128557e+00 -1.029708076028462010e-02 -5.942078918359465500e-02 9.981799136130795613e-01 1.624807427134466326e-02
7.113641637676317853e-01 -7.026496346427900663e-01 -1.563705354379453169e-02 4.127984265325618907e+00 7.022268307993816405e-01 7.096675189654090277e-01 5.700430361768683840e-02 1.852175184051797485e+00 -2.895694411768040891e-02 -5.153157732725105467e-02 9.982514672794280397e-01 4.545317335254320940e-02
6.932689772902720371e-01 -7.205182450245987136e-01 -1.521787480473635670e-02 4.180863986503493557e+00 7.200769011375983686e-01 6.916724648599352765e-01 5.548385172872375565e-02 1.955381918897406868e+00 -2.945134249866318207e-02 -4.942327327539190046e-02 9.983436074237027613e-01 1.028303880545598514e-01
6.643039538353137097e-01 -7.467936137737704039e-01 -3.161574521471824384e-02 4.321957150138545423e+00 7.471555720544763579e-01 6.622247621666584871e-01 5.671785892698009979e-02 2.048230721336234961e+00 -2.141980547805192106e-02 -6.129977814009780757e-02 9.978895375407326185e-01 1.141825024886070211e-01
6.479552656683409406e-01 -7.607523139282681424e-01 -3.754850923080336328e-02 4.413321729164983331e+00 7.610720389083358572e-01 6.446856131083062991e-01 7.176218950865415058e-02 2.090480047573897160e+00 -3.038626802650414710e-02 -7.507580904627780827e-02 9.967147523797710296e-01 5.124308829498624984e-02
6.408573581139033193e-01 -7.673791985464841758e-01 -2.076083306190026900e-02 4.528621300395182736e+00 7.662085936519622553e-01 6.377495162309900767e-01 7.873973305149246926e-02 2.190603588885251085e+00 -4.718302200103914601e-02 -6.636806600537521750e-02 9.966790066262837255e-01 2.425673490429915147e-02
6.366928475945601296e-01 -7.711042376847428992e-01 -4.524648777741165778e-03 4.588354796443711692e+00 7.692925867306513732e-01 6.347716714520248438e-01 7.248338515319170672e-02 2.280220972961377157e+00 -5.302012658598137529e-02 -4.963043165875506701e-02 9.973593567166110230e-01 4.792266887268251119e-02
6.425962379223476573e-01 -7.661646768101159077e-01 7.858944998919637631e-03 4.653316047610986494e+00 7.649159854691977012e-01 6.420761529704055448e-01 5.139794704470609932e-02 2.372955180536257203e+00 -4.442533265752303395e-02 -2.701669474926335010e-02 9.986473291523356721e-01 9.135436152209086558e-02
6.500538518362890539e-01 -7.596615296931844563e-01 1.855667041834287156e-02 4.720259962353456906e+00 7.588343187903273668e-01 6.502444115433752003e-01 3.677882383423210916e-02 2.503824643062826816e+00 -4.000582881060862905e-02 -9.826777743531064924e-03 9.991511237547379132e-01 1.246750634787790746e-01
6.753901933360393350e-01 -7.368731707493335614e-01 2.942816636032496991e-02 4.754300505443988634e+00 7.353222165800464838e-01 6.759320747942864083e-01 4.916368647791259650e-02 2.581364345210482192e+00 -5.611884308603146132e-02 -1.156548719746930062e-02 9.983571079311102103e-01 1.474060550650851953e-01
6.925473431063098317e-01 -7.207736838841264371e-01 2.938493111267494184e-02 4.871299342411795408e+00 7.184778454869243935e-01 6.928414148651005355e-01 6.132176931720784152e-02 2.712855896270969236e+00 -6.455821482087570340e-02 -2.135580641959394441e-02 9.976854045395825432e-01 1.249406302881498204e-01
6.824523004204380294e-01 -7.305607004934266957e-01 2.323619042368856719e-02 5.050630606042417980e+00 7.282637983196997844e-01 6.823319935208648213e-01 6.367802348382131661e-02 2.795706417525988474e+00 -6.237545757600321955e-02 -2.653513731632526143e-02 9.976999492732211428e-01 6.770122280354548550e-02
6.615853189724962835e-01 -7.496026379898185210e-01 2.001876216866327676e-02 5.086724351566753732e+00 7.476263372137542662e-01 6.614343693808796276e-01 5.966099987482510747e-02 2.838011344733765817e+00 -5.796314022209474170e-02 -2.450428779669323529e-02 9.980179428523169305e-01 6.728652667113341201e-02
6.408322260181074093e-01 -7.674235804784129700e-01 1.987727904845571630e-02 5.090408355298026599e+00 7.656403174147518031e-01 6.408011580932114759e-01 5.629191891770301409e-02 2.926576948377240583e+00 -5.593712940181650578e-02 -2.085482946686120082e-02 9.982164663249112335e-01 1.054098344964244371e-01
6.128635212003399335e-01 -7.901053436381412221e-01 1.148261017257627692e-02 5.196001475802574987e+00 7.882039176890481835e-01 6.122888552188907596e-01 6.194305380247626391e-02 3.042091907341539336e+00 -5.597221204809288420e-02 -2.891199974396697903e-02 9.980136310438090241e-01 1.433253703968161430e-01
5.941493041499221750e-01 -8.043027727386585779e-01 9.146263885821161177e-03 5.249345694360971315e+00 8.010006506010854954e-01 5.926708210117506148e-01 8.449411611405475975e-02 3.112022917886303919e+00 -7.337957559703614518e-02 -4.287595697081640622e-02 9.963820001380171432e-01 1.358291575315405675e-01
5.958883611104395239e-01 -8.030594167957200158e-01 3.554460413695857690e-03 5.346327589155116300e+00 7.992852374649500602e-01 5.935052696015299389e-01 9.431120890866431794e-02 3.204568995977878920e+00 -7.784709540960979557e-02 -5.335792397510760732e-02 9.955364190652965517e-01 9.020261094426078319e-02
6.022178048262489813e-01 -7.982815301207293324e-01 -8.961820036181927795e-03 5.456183287362004641e+00 7.957621522812594606e-01 5.993415893697274788e-01 8.690371826605919336e-02 3.303097139484600930e+00 -6.400244172647977237e-02 -5.946644364577441388e-02 9.961764048265611127e-01 8.578583989910776308e-02
6.120929025851394867e-01 -7.906608282472409321e-01 -1.406176661326681912e-02 5.490947484090140662e+00 7.895149717113396637e-01 6.100048363305571320e-01 6.752932027625357936e-02 3.411835476865972883e+00 -4.481504265915153828e-02 -5.243619292737838194e-02 9.976181923074284308e-01 1.105922647018205002e-01
6.371209769581909210e-01 -7.705816841026358333e-01 -1.675496479810630046e-02 5.579451029595668743e+00 7.700802608881698319e-01 6.354902165996291208e-01 5.593367855384494963e-02 3.447680334014060932e+00 -3.245385200940959641e-02 -4.853918758798891203e-02 9.982938919767311292e-01 1.239529532654961852e-01
6.524403472947739591e-01 -7.577434291639351116e-01 -1.210325496531097084e-02 5.657583672141750952e+00 7.571102696285088030e-01 6.510281696004351915e-01 5.428040170958418897e-02 3.573752638265109471e+00 -3.325105780154246488e-02 -4.457822277287012969e-02 9.984523770363266104e-01 1.338059759072553478e-01
6.806333701845161954e-01 -7.326208222482484267e-01 -2.224005298510231543e-03 5.714773145405047217e+00 7.311440897298888686e-01 6.790623021473058962e-01 6.559504444280217506e-02 3.657265561389089203e+00 -4.654605723710195792e-02 -4.627224449604127460e-02 9.978438474756353704e-01 1.552445324811381755e-01
6.881783883774055255e-01 -7.255411095175225977e-01 7.772839630866869298e-04 5.853773041658209664e+00 7.235170767705014772e-01 6.863377728105156672e-01 7.391550064072655024e-02 3.803264995983166141e+00 -5.416221368948212489e-02 -5.030467188625121350e-02 9.972642050102227262e-01 1.257868250697715407e-01
6.849106525875446883e-01 -7.286244718046692714e-01 1.943465839789642463e-03 5.924730220286566151e+00 7.266794893147197065e-01 6.832723899917600985e-01 7.124437440420347545e-02 3.879391901065814441e+00 -5.323831121853725423e-02 -4.738375420241542485e-02 9.974569975975321467e-01 7.978826023651476584e-02
6.755538418902609088e-01 -7.373105515090243589e-01 -3.966620310612810341e-04 5.978496765000159030e+00 7.362630777642218405e-01 6.745652405788652439e-01 5.365087626435522533e-02 3.921419961774702312e+00 -3.928978274900281342e-02 -3.653610318898557058e-02 9.985596758007505569e-01 8.225317048986260926e-02
6.664492619594675205e-01 -7.455223096097566282e-01 -6.470479720644032630e-03 6.057896752127119200e+00 7.453903949420351838e-01 6.661013604839647329e-01 2.649786198107654048e-02 4.010950166573706177e+00 -1.544475191894784799e-02 -2.248251399522758001e-02 9.996279288828501253e-01 1.324124699589865894e-01
6.285773971351305001e-01 -7.776538356425160003e-01 -1.204025420442227101e-02 6.112908011882452364e+00 7.777466011920699529e-01 6.284853013036462155e-01 1.079121769997367156e-02 4.108118049586975573e+00 -8.247090441991138457e-04 -1.614738231874595156e-02 9.998692824060776418e-01 1.580258723045355196e-01
6.310289211114563646e-01 -7.757580717295592398e-01 -1.383787320177590208e-03 6.134604964611278355e+00 7.755981644874957448e-01 6.308604835829019208e-01 2.150668494154149568e-02 4.137774631907426226e+00 -1.581100770156225466e-02 -1.464460310091574707e-02 9.997677468469753359e-01 1.696052086620160881e-01
6.353971374153906115e-01 -7.721444889060006256e-01 7.960277408379951361e-03 6.256694414680752381e+00 7.715362008842333585e-01 6.352517740605940766e-01 3.445394430238477024e-02 4.269047775712797588e+00 -3.166020355984853346e-02 -1.575029539275853499e-02 9.993745842803837265e-01 1.429532772739331992e-01
6.476416173950918509e-01 -7.619320525836795754e-01 4.458998036619159569e-03 6.358732535423662569e+00 7.614276132205085590e-01 6.474063256259546817e-01 3.306114584856299776e-02 4.385062436325237734e+00 -2.807713025202495521e-02 -1.801656973792050559e-02 9.994433840752008358e-01 9.945575905050713095e-02
6.646635840872507917e-01 -7.471419089021661408e-01 -1.134878987901072334e-03 6.447375522275208048e+00 7.470832962899843777e-01 6.645907430929486326e-01 1.362690719325931020e-02 4.488142811657978903e+00 -9.427003382914675433e-03 -9.905158110267446928e-03 9.999065053543901849e-01 7.271394037078539319e-02
6.760714716584589334e-01 -7.368261897669137195e-01 -3.811992017013530066e-03 6.521054446610031974e+00 7.367911859779581185e-01 6.760783494778841440e-01 -7.537481837729094816e-03 4.587753646286961029e+00 8.131019294016621560e-03 2.287234319478508287e-03 9.999643269059192985e-01 1.021682919350992980e-01
6.991178233383176233e-01 -7.150037793734801417e-01 -1.965851554066354659e-03 6.559268917573056079e+00 7.149660328352483996e-01 6.991048756874085335e-01 -8.714624600036004198e-03 4.670338858602965715e+00 7.605325931172303780e-03 4.687032294833899312e-03 9.999600945766524696e-01 1.727424913903153891e-01
7.039921934334346654e-01 -7.102024787534101380e-01 2.725941542593267580e-03 6.683433711441800540e+00 7.102075577578036425e-01 7.039843421568066084e-01 -3.357216368389097545e-03 4.785535040906795601e+00 4.652832229210261857e-04 4.299438400568574882e-03 9.999906491267617215e-01 1.708956544553241474e-01
6.981077294268287492e-01 -7.159231486938618660e-01 9.982148004517243933e-03 6.769248098977923789e+00 7.159789372115569206e-01 6.981129831171575262e-01 -3.524808175334920562e-03 4.830943835993626756e+00 -4.445175353922872774e-03 9.607703551310903603e-03 9.999439646542914728e-01 1.203663812620232310e-01
6.930821494967260854e-01 -7.207761009826834098e-01 1.090625055637588561e-02 6.811006842249827109e+00 7.208581055777503188e-01 6.929844578177193348e-01 -1.166759812209122726e-02 4.922385880632039523e+00 8.518637536394499041e-04 1.594846310094835684e-02 9.998724522922225466e-01 1.292811212836658952e-01
6.874557819931885749e-01 -7.262261775239586825e-01 2.947593483431684529e-04 6.866101803347205212e+00 7.262131459617309215e-01 6.874408958323996455e-01 -6.283420208277344654e-03 5.034193065566532788e+00 4.360554609154049244e-03 4.533631666535028332e-03 9.999802156779966644e-01 1.635319532981332757e-01
6.769621203352774730e-01 -7.359846499128933628e-01 -6.991618107502815468e-03 6.996239017504453983e+00 7.359128729135945290e-01 6.766745806450920053e-01 2.331856318147462054e-02 5.127098708479699951e+00 -1.243105430866418316e-02 -2.093100574231029909e-02 9.997036370281896511e-01 1.396357274090560263e-01
6.702669493381305799e-01 -7.420578788863054776e-01 -9.608382158990983954e-03 7.084928418856020649e+00 7.413677124528113005e-01 6.689484473520168617e-01 5.368323497901107688e-02 5.214614547944149692e+00 -3.340855515345823173e-02 -4.310544244156733207e-02 9.985117872486408697e-01 1.284516060676990645e-01
6.734507916482719292e-01 -7.390647567449406541e-01 -1.572630172219580819e-02 7.189288361856786658e+00 7.380573264185459337e-01 6.710295736218000462e-01 7.064484584775619636e-02 5.290934851463245714e+00 -4.165830227246292150e-02 -5.918273956557675713e-02 9.973775559883475417e-01 1.088057159539697616e-01
6.659516486911656319e-01 -7.456664827919718963e-01 -2.213364059906034256e-02 7.273638782536248293e+00 7.453405299994424471e-01 6.638320948578655400e-01 6.159905986919114035e-02 5.421894276317060779e+00 -3.123933331024652052e-02 -5.751909489263446612e-02 9.978555295116940949e-01 1.051742208733131290e-01
6.711776719857742712e-01 -7.410429711931862951e-01 -1.938678603923410168e-02 7.283136330923286827e+00 7.410800281423397529e-01 6.701201476319471606e-01 4.170587040557204028e-02 5.504517246147637266e+00 -1.791436619882255318e-02 -4.235920895049737067e-02 9.989418265849030476e-01 1.370510881394947644e-01
6.883389717671830610e-01 -7.252297941891799882e-01 -1.520544530149548108e-02 7.370366100798214859e+00 7.253398496949307050e-01 6.878964743970101825e-01 2.608721826295216581e-02 5.585748028778816376e+00 -8.459455717273691236e-03 -2.898596440491779322e-02 9.995440217801736527e-01 1.721874623033657070e-01
7.166692777516310287e-01 -6.971668553171274096e-01 -1.853435119401319539e-02 7.457936189279963379e+00 6.973961403033631656e-01 7.162128591843661685e-01 2.603389768987975084e-02 5.693792885091701450e+00 -4.875429922309933856e-03 -3.158347964019780907e-02 9.994892265536882148e-01 2.264339440188593011e-01
7.229923970841045655e-01 -6.903482642376916889e-01 -2.648146186649528999e-02 7.630145425944456328e+00 6.907754134640502475e-01 7.217913925424311872e-01 4.297108103397569850e-02 5.820604586423825388e+00 -1.055091996704539230e-02 -4.936050765201015905e-02 9.987252967519070213e-01 2.353279921440619982e-01
7.146538688911100445e-01 -6.990399340932453853e-01 -2.475920479093044954e-02 7.666106108673894859e+00 6.992156252663013216e-01 7.129679396666865898e-01 5.267092547976694877e-02 5.888068875751242715e+00 -1.916656104843128886e-02 -5.495350353117763736e-02 9.983049410812437907e-01 1.762740183308316999e-01
7.128353025848341851e-01 -7.009478388187849740e-01 -2.319393550181748920e-02 7.751999854101773835e+00 7.010959378466571357e-01 7.113490883728548209e-01 4.946676061785973411e-02 5.917425215453585352e+00 -1.817463407345831089e-02 -5.152282723592521707e-02 9.985064250919534201e-01 1.392505409962725427e-01
7.027319387855188726e-01 -7.109437335903022737e-01 -2.695978262944634385e-02 7.806167439464780422e+00 7.113592703962291486e-01 7.015122906976511974e-01 4.299412077806368665e-02 6.026065412779511021e+00 -1.165378187929533987e-02 -4.939143315207134705e-02 9.987115077433994514e-01 1.584156133731383365e-01
6.961126335014702349e-01 -7.169669243634320122e-01 -3.722406276172263162e-02 7.901902221809118387e+00 7.179170428631762579e-01 6.948200621983527947e-01 4.266381058074524696e-02 6.152684982767891775e+00 -4.724515450325445648e-03 -5.642260659981964549e-02 9.983957974762521781e-01 2.429055725570495872e-01
6.872508851025325161e-01 -7.253313943817918386e-01 -3.975662523342812782e-02 7.994646452507086387e+00 7.262760947093098718e-01 6.849949073264063326e-01 5.748922673581429582e-02 6.238216567200158380e+00 -1.446565517283639538e-02 -6.838380847140433649e-02 9.975542088324658163e-01 2.194392110382421268e-01
6.869999524189671636e-01 -7.261073863010021334e-01 -2.826886866261325501e-02 8.097646448463098778e+00 7.261781042619743776e-01 6.846142268497308336e-01 6.299778794077090516e-02 6.294138336327138816e+00 -2.638988948104638646e-02 -6.380771077285701809e-02 9.976132265457919868e-01 1.731732287291510020e-01
6.866340281291531955e-01 -7.267700582928038333e-01 -1.841178384100188720e-02 8.205455023035129969e+00 7.265845912763377878e-01 6.851591713620428514e-01 5.130050309963901656e-02 6.365359978604538504e+00 -2.466866706837690659e-02 -4.860238952513988575e-02 9.985135274985091902e-01 1.551324692738856870e-01
6.965863034442694168e-01 -7.173076352458701566e-01 -1.540383951571490384e-02 8.274413177378866280e+00 7.174544937531462940e-01 6.962535180070243968e-01 2.213793251997108261e-02 6.435445695205225469e+00 -5.154730571500982551e-03 -2.647253446158728471e-02 9.996362506791734992e-01 1.963295965036344071e-01
7.072976187181181373e-01 -7.067666812758683914e-01 -1.452366324226488092e-02 8.360841109151897044e+00 7.067524833972675946e-01 7.074265899304424954e-01 -6.967572832812090992e-03 6.541973284174336989e+00 1.519887388836806130e-02 -5.336487391603270646e-03 9.998702496498457215e-01 2.279294804246854156e-01
7.363612158890628923e-01 -6.764085430730175652e-01 -1.560905481503441564e-02 8.425722197328706642e+00 6.765216579320010304e-01 7.364169415893678794e-01 2.921384791167046767e-03 6.614906386592031673e+00 9.518722777639467003e-03 -1.271105809912214876e-02 9.998739035091790406e-01 2.325940518205016072e-01
