1.000000000000000000e+00 0.000000000000000000e+00 0.000000000000000000e+00 0.000000000000000000e+00 0.000000000000000000e+00 1.000000000000000000e+00 0.000000000000000000e+00 0.000000000000000000e+00 0.000000000000000000e+00 0.000000000000000000e+00 1.000000000000000000e+00 0.000000000000000000e+00
9.999985221735259167e-01 -1.689810088672116231e-03 -3.165321919235864097e-04 1.258135428407364427e-02 1.689996673567810718e-03 9.999983978283806252e-01 5.901287275079657472e-04 -4.782752189127240788e-02 3.155344793073337501e-04 -5.906627937515370906e-04 9.999997757777030483e-01 -1.456562226321374276e-02
9.999941117375678035e-01 -3.419442133484830795e-03 -2.896647866365188056e-04 1.314752260276805251e-02 3.419551408266025862e-03 9.999940820279017428e-01 3.775941477391444082e-04 -9.631609193858101103e-02 2.883719110702570999e-04 -3.785824479947776425e-04 9.999998867584790618e-01 -2.258536539494045842e-02
9.999938648136077468e-01 -3.486708295503562847e-03 -3.364526801265730585e-04 1.357590043308340086e-02 3.486883146657895113e-03 9.999937853380020947e-01 5.205106102169070222e-04 -1.064860516972249982e-01 3.346357205243468487e-04 -5.216805879672754050e-04 9.999998079341309021e-01 -1.882473623685153655e-02
9.999982479305520311e-01 -1.856925905407073038e-03 2.365629049348992618e-04 -2.248226403827776471e-02 1.856937444201558910e-03 9.999982747108207004e-01 -4.856655483572247327e-05 -6.396938811543043113e-02 -2.364723123016683535e-04 4.900575225982826424e-05 9.999999708396404285e-01 -8.662295770138841999e-05
9.999997334282449968e-01 -5.368741271005432079e-04 4.948834312821114760e-04 -5.970665953905965329e-02 5.369399395004447297e-04 9.999998470215312185e-01 -1.328623932531898890e-04 -1.717733505660355708e-02 -4.948120251941995557e-04 1.331280805154809639e-04 9.999998687189782798e-01 1.147692366208234380e-02
9.999981470970447095e-01 1.644198731553544882e-03 1.001205777270139548e-03 -9.464124792548452014e-02 -1.644260846208615802e-03 9.999986463282812821e-01 6.121988706418813393e-05 2.407736812520549358e-02 -1.001103764305537411e-03 -6.286601708824161969e-05 9.999994969194319072e-01 1.993935869932607699e-02
9.999991644648452693e-01 6.985459799895787046e-04 1.087705440402124933e-03 -5.408648625730629045e-02 -6.996270464017409312e-04 9.999992614085005949e-01 9.938332099293932693e-04 1.750677114029514092e-04 -1.087010398838556598e-03 -9.945933676914322022e-04 9.999989145956238445e-01 2.287381400638820172e-02
9.999988992374710950e-01 -1.377190823409495677e-03 5.521496917805513967e-04 -4.751068921772681752e-02 1.376558416951894183e-03 9.999983980575390952e-01 1.144101953641885093e-03 -8.638345790705256877e-03 -5.537244539801157743e-04 -1.143340627951687461e-03 9.999991930803932005e-01 1.670848760025013535e-02
9.999971307781019281e-01 -2.334135437099224206e-03 5.387460673302456489e-04 -7.555362811181295934e-02 2.333764668652323938e-03 9.999970402241717959e-01 6.878120146332288671e-04 -9.087193256521358328e-03 -5.403499191600760407e-04 -6.865527346106239546e-04 9.999996183335808642e-01 1.597751423794674386e-02
9.999993610424638968e-01 -6.845164356398281700e-04 8.996398797335037473e-04 -7.540986793550046030e-02 6.840478978506189583e-04 9.999996303132056008e-01 5.210104850184142395e-04 -5.795233045723607521e-03 -8.999961873886563705e-04 -5.203947553462841963e-04 9.999994595979346812e-01 2.654397078434569610e-02
9.999998416009444613e-01 2.028186037157274563e-04 5.250359034162593126e-04 -3.730690221668062773e-02 -2.029962010586907120e-04 9.999999221977420305e-01 3.382263329928205569e-04 8.042148000001992161e-03 -5.249672639746830313e-04 -3.383328597119018193e-04 9.999998049701048775e-01 1.162162799033027161e-02
9.999999813020293837e-01 -1.874589409790956341e-04 4.748774936125317223e-05 -1.057070808279023631e-02 1.874380134635511325e-04 9.999998854949608829e-01 4.403147241723980726e-04 7.786974541290214366e-03 -4.757028485555742970e-05 -4.403058149300021623e-04 9.999999019339238515e-01 -3.885580996052510894e-03
9.999997061472071236e-01 -7.625093386304447303e-04 7.927804228639448783e-05 -9.768771790440611280e-03 7.624824013754350404e-04 9.999996517619479386e-01 3.392588546633985890e-04 4.290969318687510789e-03 -7.953670272365738665e-05 -3.391983068591777981e-04 9.999999393092089406e-01 -5.923904686644243869e-03
9.999995849433277462e-01 -9.110151196901533415e-04 -1.283058522536261534e-05 -9.199470648918125354e-03 9.110182738472099749e-04 9.999995542685140570e-01 2.480090277008516393e-04 -8.422008363678202061e-03 1.260463953231166855e-05 -2.480206136606544101e-04 9.999999691634486876e-01 -4.495942675592454543e-03
9.999999664985899095e-01 -1.211003132614264452e-04 2.287739784309842500e-04 -1.304830462394851454e-02 1.211079447651419781e-04 9.999999921104979483e-01 -3.334470949054092092e-05 -1.742325253536430862e-02 -2.287699385713065625e-04 3.337241471978964958e-05 9.999999732752982151e-01 4.354408437945439178e-03
9.999999374169197264e-01 -3.471346530561846781e-04 6.829120940137604098e-05 1.462133512483133890e-02 3.471415676763813006e-04 9.999999346189425431e-01 -1.012661966202332809e-04 -3.377921413163263720e-02 -6.825605193039446512e-05 1.012898970001728819e-04 9.999999925407340173e-01 7.791070285901903480e-04
9.999996998577238561e-01 -7.207222781427368450e-04 -2.843305468954044073e-04 3.837206867937367760e-02 7.207530041952637948e-04 9.999997344280140421e-01 1.079768883850794738e-04 -3.650175587217291406e-02 2.842526500361927081e-04 -1.081817880725097832e-04 9.999999537485647627e-01 -1.143282445742676776e-02
9.999997652078760346e-01 -5.304374991141734162e-04 -4.338435804948945033e-04 3.072965382697492864e-02 5.303031821021190638e-04 9.999998114463735099e-01 -3.096542468080542188e-04 -5.942827508819877036e-02 4.340077509163809766e-04 3.094241054724049364e-04 9.999998579469874249e-01 -2.953956779240200434e-02
9.999893211920044545e-01 4.616034495705952610e-03 -2.229966112289628335e-04 1.429737492489549337e-02 -4.616159581981843681e-03 9.999891865902695853e-01 -5.637137967147588108e-04 -7.217033254556626254e-02 2.203920775438964071e-04 5.647371648670332714e-04 9.999998162496165355e-01 -2.230480562034932099e-02
9.999817917852694693e-01 6.033004531787461953e-03 -1.376744038444637939e-04 -9.388571007327343662e-03 -6.033068446973428693e-03 9.999816910564599537e-01 -4.686544321079915212e-04 -6.592977063162917817e-02 1.348444888588271290e-04 4.694764978492472086e-04 9.999998807043837257e-01 -1.536511855860687135e-02
9.999849460228831255e-01 5.487040664094642445e-03 1.060009751207710777e-05 -1.358931001953748649e-02 -5.487038879452801887e-03 9.999849330263957947e-01 -1.616308452238426668e-04 -7.825198728506205237e-02 -1.148681282100290246e-05 1.615702488896225209e-04 9.999999868815537818e-01 -7.635743267197621191e-03
9.999905754751555742e-01 4.335441379806702356e-03 -2.300193674809607896e-04 2.570384665809515370e-02 -4.335414639058884911e-03 9.999905952449333890e-01 1.166258598393519021e-04 -8.838726289057925734e-02 2.305228287838521342e-04 -1.156275313629943316e-04 9.999999667447491136e-01 -1.294441857553352802e-02
9.999876830902282299e-01 4.948094399052983469e-03 -3.873366176894324324e-04 3.769537218891381991e-02 -4.948114956478831886e-03 9.999877566452877176e-01 -5.213350440890643172e-05 -7.396585706927359671e-02 3.870739138886603167e-04 5.404944839641754087e-05 9.999999236262182567e-01 -2.058253138845760749e-02
9.999814845175998279e-01 6.065143576888618743e-03 -4.946264943469234942e-04 6.902031632617487700e-02 -6.065314717028614036e-03 9.999815462145439371e-01 -3.452357938362570888e-04 -6.885819057055360404e-02 4.925234619582178003e-04 3.482294669845870973e-04 9.999998180784223090e-01 -2.570613458470324270e-02
9.999315867239433331e-01 1.168895767529404099e-02 -4.360506877290720967e-04 1.051653115230938296e-01 -1.168904189038753351e-02 9.999316625580284557e-01 -1.910853783617871501e-04 -7.347830730202788152e-02 4.337873002404643119e-04 1.961693203402443194e-04 9.999998866730814839e-01 -3.313616235217269057e-02
9.999093251307293873e-01 1.345512927515155402e-02 -5.486463326272840793e-04 8.319875056672809688e-02 -1.345510204778889787e-02 9.999094745972393339e-01 5.328748830351087327e-05 -3.108007929635667188e-02 5.493136562409216880e-04 -4.590056407382995358e-05 9.999998480738111484e-01 -5.158274140449649325e-02
9.999334197076513719e-01 1.151775983430378646e-02 -7.052376630125885672e-04 7.585582205600138739e-02 -1.151788054787595585e-02 9.999336530106088805e-01 -1.673455826017792160e-04 -1.984202051092368718e-02 7.032634263871034462e-04 1.754572838444085460e-04 9.999997373176128246e-01 -6.190782151259076327e-02
9.999566306068955468e-01 9.272715273193007229e-03 -8.681340720456624110e-04 9.596732050594378172e-02 -9.272772630107745800e-03 9.999570049934071170e-01 -6.206742646580878041e-05 -1.539313917466594156e-02 8.675212130421540175e-04 7.011474450172039147e-05 9.999996212453620137e-01 -6.255915800997505216e-02
9.999978166874491370e-01 -1.924523328276646567e-03 -8.141439023247413207e-04 1.335906257727260404e-01 1.925189673456120408e-03 9.999978118727619325e-01 8.184707748948943061e-04 -9.949712939424291275e-03 8.125669547744950602e-04 -8.200363693508419104e-04 9.999993336374264352e-01 -4.751649771870350425e-02
9.997131052838892362e-01 -2.394284438523387737e-02 -6.688246317010923059e-04 1.744869520331761570e-01 2.394341661512169872e-02 9.997129444645530549e-01 8.610869922161699594e-04 3.873130243771281955e-02 6.480157700315384737e-04 -8.768538977072658658e-04 9.999994056012252441e-01 -2.656173474902778775e-02
9.986110314666492016e-01 -5.267954704681478140e-02 -9.344281981310264022e-04 1.983804070703150679e-01 5.268112376808498087e-02 9.986098491563454305e-01 1.751675333124752890e-03 6.569102671492223211e-02 8.408517388609695756e-04 -1.798469038764525033e-03 9.999980292367929291e-01 -3.282659116649593034e-02
9.979661893829151476e-01 -6.372730819223999810e-02 -1.521525259302461365e-03 2.209297914114197181e-01 6.373210584003420609e-02 9.979614337632402021e-01 3.345953737357704877e-03 2.709042185824903082e-02 1.305194904262898690e-03 -3.436118709986541939e-03 9.999932447544197522e-01 -7.284291950187886389e-02
9.977333110322323950e-01 -6.727486439041831245e-02 -1.527310678764949668e-03 2.223885438194864728e-01 6.727756219890683453e-02 9.977326931546363076e-01 1.789590726538607245e-03 -2.557563757326342807e-03 1.403453323365753697e-03 -1.888288020169606556e-03 9.999972323397310348e-01 -6.044741598263497773e-02
9.969723851942542403e-01 -7.774772686963975221e-02 -1.163669490679302733e-03 2.608597024794583330e-01 7.774665003295673504e-02 9.969727016324079205e-01 -9.437205256977324128e-04 -6.468508103055008174e-02 1.233518841602972930e-03 8.503918988157709805e-04 9.999988776318130546e-01 -9.222098230318567791e-03
9.966777425888440067e-01 -8.141762510322164692e-02 -2.155864225167564239e-03 3.261366857118992435e-01 8.141022761508295846e-02 9.966751430395621725e-01 -3.321759583200862252e-03 -2.019780843322449004e-01 2.419146061420838958e-03 3.135214445529388438e-03 9.999921590506167801e-01 -3.500988325983619975e-02
9.959502275906415569e-01 -8.988781279478946784e-02 -1.823533141533020775e-03 3.807771189655020927e-01 8.975620400418735101e-02 9.952544360148336544e-01 -3.758232876704178937e-02 -1.726456058722732334e-01 5.193072780934887035e-03 3.726645547626174226e-02 9.992918709222684548e-01 -6.175411509998088300e-02
9.957577682126104168e-01 -9.160864685338232505e-02 -8.621071043299422323e-03 3.892556063533982869e-01 9.088125543888364577e-02 9.938318988136025656e-01 -6.355119440578305134e-02 -7.315626273340154750e-02 1.438973433019925634e-02 6.249810174910539612e-02 9.979413423762264479e-01 -1.143446664058271611e-02
9.987521178848675074e-01 -4.818967753385258734e-02 -1.311342821976589461e-02 4.742929301390668706e-01 4.727922871552814321e-02 9.969180662257620673e-01 -6.260226645059953354e-02 -7.843301276854849902e-02 1.608979653558206130e-02 6.190415342988209862e-02 9.979524007865170354e-01 3.695838720931994559e-03
9.992002419118289902e-01 -3.848107837849150392e-02 -1.086660803428502950e-02 7.080370530359975101e-01 3.786666395076287994e-02 9.979291668871300702e-01 -5.199513089894527984e-02 -8.791151549820022670e-02 1.284493380996529210e-02 5.154206517774441443e-02 9.985882150279116187e-01 -3.984634071405217248e-02
9.982995413176828370e-01 -5.794236571558619708e-02 -6.380286841935573112e-03 7.672234933033443838e-01 5.759160178186863155e-02 9.972921375175555214e-01 -4.573401195897734001e-02 -3.037453371915353750e-02 9.012946749137119504e-03 4.528879222220965478e-02 9.989332770960984709e-01 -6.216804237968564378e-02
9.981529668200641581e-01 -6.073239950449074026e-02 1.493478734656477269e-03 7.253164772797292548e-01 6.074791871169094720e-02 9.975668767532128722e-01 -3.420550799269043984e-02 8.793507309965004071e-03 5.875376598375246350e-04 3.423305500926193679e-02 9.994137045009093834e-01 -7.745051746751385746e-03
9.976981535092730446e-01 -6.775884640020833627e-02 2.670808622878634731e-03 7.571936995677733817e-01 6.777830945851358313e-02 9.976680582184616064e-01 -8.034076023432784597e-03 -1.122173682529991473e-02 -2.120200729421072624e-03 8.196605707077947445e-03 9.999641595596062693e-01 -8.773836602833963438e-03
9.955513622716921640e-01 -9.420614313066108525e-02 -1.639413133796092416e-03 8.662982017644111910e-01 9.421645186268895467e-02 9.955182901813681706e-01 8.160521599189451969e-03 1.053461902550058976e-02 8.632944940634716853e-04 -8.278678083523987458e-03 9.999653585058864147e-01 6.671224061228622770e-02
9.852660456758595142e-01 -1.686447796863727866e-01 -2.845623873230274450e-02 1.003457768074311085e+00 1.691315810055466773e-01 9.854692062307592870e-01 1.565093854953733890e-02 7.476993870250503438e-02 2.540329791226368997e-02 -2.023318698208416075e-02 9.994725061749967221e-01 8.125092623190462160e-02
9.728852372114222824e-01 -2.265659084190986550e-01 -4.649950922647781704e-02 1.056905493146262476e+00 2.276291693352986700e-01 9.735636708526350658e-01 1.894043462183252202e-02 9.447947988792457230e-02 4.097897611942769025e-02 -2.901151388967117273e-02 9.987387323910256187e-01 5.071114411044019832e-03
9.630212129320755432e-01 -2.666756867310769441e-01 -3.839559283749396923e-02 1.150738813896253543e+00 2.676825378385492837e-01 9.632095777622352584e-01 2.394510896634427163e-02 8.816669698592513593e-02 3.059742438748294657e-02 -3.333747761311559032e-02 9.989756804883926922e-01 -4.545302941964673993e-02
9.569717226414731215e-01 -2.888725397854173815e-01 -2.752776457567854967e-02 1.322828417120845534e+00 2.896003892403243851e-01 9.567482433527207952e-01 2.764802693386035626e-02 1.167414305172001787e-01 1.835038464076784587e-02 -3.443043129856671047e-02 9.992386145381545459e-01 -8.291346803878371641e-02
9.527152566410287404e-01 -3.034623336363642676e-01 -1.562855807138480851e-02 1.402857899177881951e+00 3.036906743356097560e-01 9.526494793963704577e-01 1.519683280841337310e-02 1.505311722546558983e-01 1.027687136249789794e-02 -1.922450180879044235e-02 9.997623739895408201e-01 -4.863036601763132127e-02
9.498853165986261837e-01 -3.124124320962970991e-01 -1.078691716869210372e-02 1.384455545632309326e+00 3.123415605868254952e-01 9.499380953463516519e-01 -7.769462010465177752e-03 2.116659223088443176e-01 1.267418007265544953e-02 4.010895339221601762e-03 9.999116350348483673e-01 8.333712012238378430e-02
9.552480218855247118e-01 -2.947422295485764843e-01 -2.506461259478028752e-02 1.392816020343026429e+00 2.943615209964347001e-01 9.555282729904225336e-01 -1.780490024139749425e-02 2.411700466212091387e-01 2.919780197990388265e-02 9.630038248878140805e-03 9.995272636215919437e-01 1.910615197236178175e-01
9.599261823260828441e-01 -2.766415512178976299e-01 -4.484614392149392087e-02 1.663185040741570697e+00 2.766751794657497654e-01 9.609473024516772544e-01 -5.579155710315466740e-03 2.734920440526049656e-01 4.463820731690713167e-02 -7.052237276220282153e-03 9.989783262898813687e-01 1.168995002657658433e-01
9.549366600171885766e-01 -2.929202457318797470e-01 -4.789264030716592485e-02 1.915030190925843145e+00 2.940403345591014461e-01 9.556206656413054334e-01 1.815007029297741048e-02 3.159145797384014243e-01 4.045067375938368043e-02 -3.141453548349081720e-02 9.986875737450469082e-01 -4.746643574335929205e-02
9.450422422012512147e-01 -3.248760010816422183e-01 -3.675247442598122971e-02 2.006925937962983575e+00 3.259874911263613284e-01 9.449042903907800550e-01 2.979996023884848994e-02 3.366487175008559540e-01 2.504627885279804914e-02 -4.014306817244089193e-02 9.988799817762545885e-01 -1.368067761493767798e-01
9.228823329217010762e-01 -3.844862270931237447e-01 -2.141356478247658304e-02 1.979848512665636884e+00 3.849296550768306346e-01 9.226540224780743760e-01 2.321024445070049569e-02 3.840833262242324686e-01 1.083329236338790788e-02 -2.966304065202952228e-02 9.995012475209049674e-01 -2.617557193922118164e-02
8.980921626941367197e-01 -4.394902126836230383e-01 -1.669791192550791614e-02 1.968626531113554678e+00 4.397439536570005303e-01 8.979597726809223079e-01 1.713189624461121385e-02 4.568301782029778879e-01 7.464752472657201418e-03 -2.272882755731367443e-02 9.997137979783973227e-01 9.870928606452887555e-02
8.581411291952039111e-01 -5.132230781095957761e-01 -1.399551639961974653e-02 2.107190540865720774e+00 5.133938136238037631e-01 8.575477681696024312e-01 3.222758818374076017e-02 5.034641955165317651e-01 -4.538118154832889405e-03 -3.484103045326858439e-02 9.993825634263223678e-01 9.204818194141142773e-02
8.331593163062913643e-01 -5.529615682221546979e-01 -8.891440902834672061e-03 2.246872950513482348e+00 5.526470812044854686e-01 8.318696661662012826e-01 5.073521606040167636e-02 5.009939435895391924e-01 -2.065810466127196779e-02 -4.718434678818999445e-02 9.986725590152037979e-01 -1.536098883648810698e-02
8.111377521671200297e-01 -5.848497016441536189e-01 2.524578383852331409e-03 2.358033114567843924e+00 5.838745214057619037e-01 8.100200326671322948e-01 5.438832532014990090e-02 5.535857092067788532e-01 -3.385395490137363406e-02 -4.264238694869734031e-02 9.985166681497376073e-01 -1.511901244595723059e-02
8.081656993674763978e-01 -5.889397124964080854e-01 4.268185858886611866e-03 2.410187330180590504e+00 5.880690727856167088e-01 8.073259798547052224e-01 4.898497611212163094e-02 6.261852165388885894e-01 -3.229501507884395550e-02 -3.707798937763977232e-02 9.987903957812013234e-01 3.995393805444952956e-02
8.046927652298488942e-01 -5.936193858460333539e-01 -9.250855880276088669e-03 2.546488768026494487e+00 5.936566765926808431e-01 8.043792496492440103e-01 2.336178654667827800e-02 7.142870770962307381e-01 -6.426812870515502193e-03 -2.429089297447858606e-02 9.996842744561054150e-01 7.692271955090730640e-02
8.068375607319852039e-01 -5.899496460700272005e-01 -3.118598553693191500e-02 2.557454891171186073e+00 5.902421470143549564e-01 8.072262145960609203e-01 2.153062910294784721e-04 7.424959553218580810e-01 2.504712518323556208e-02 -1.858100026274178695e-02 9.995135756703313890e-01 7.335499915961718465e-02
8.321401156534266041e-01 -5.512256221614565410e-01 -6.077122175024075867e-02 2.674124220159594945e+00 5.510151525982854848e-01 8.342133751805000941e-01 -2.168746820277334120e-02 7.932507949349365539e-01 6.265085416329151113e-02 -1.543885172780733867e-02 9.979160848137165196e-01 9.196361204545898393e-02
8.323740638499920186e-01 -5.490049908147327518e-01 -7.580856079866336861e-02 2.913274568486664329e+00 5.496752314903308179e-01 8.352677775914320035e-01 -1.359704392584710521e-02 9.013458215199531276e-01 7.078529307632171197e-02 -3.035226149704989967e-02 9.970296798521666171e-01 1.323902738794786593e-01
8.334250953738128187e-01 -5.476957757425807705e-01 -7.370174784144314928e-02 2.993635804437979608e+00 5.494263160197166984e-01 8.355330510092725538e-01 3.904348362880744744e-03 9.553363216336807628e-01 5.944185113329980563e-02 -4.374766170744469329e-02 9.972726850911828311e-01 6.439323029423107969e-02
8.164323435510587590e-01 -5.722259619275903431e-01 -7.743175640375181412e-02 3.085246670547499903e+00 5.742040787204264474e-01 8.187020196392766902e-01 4.083995518574697059e-03 9.946706619195236909e-01 6.105656708784373138e-02 -4.779593638180274634e-02 9.969892898526213632e-01 2.537935315072903375e-03
7.930901981353178920e-01 -6.029448347529505758e-01 -8.640291584442826023e-02 3.063759156074856715e+00 6.045589858992040933e-01 7.965090599966121454e-01 -9.041565784716782544e-03 1.033331632387322729e+00 7.427227066818593848e-02 -4.506488198198725648e-02 9.962192460606958955e-01 3.796452542497314592e-02
7.688192542765661663e-01 -6.320188764134545556e-01 -9.730927042527447168e-02 3.147219758940019929e+00 6.340168574103345334e-01 7.732139807413255239e-01 -1.275791933179749871e-02 1.086588347348670380e+00 8.330413419001676811e-02 -5.188718380513178408e-02 9.951724179174300522e-01 1.524566798672648826e-01
7.447928235655090212e-01 -6.571864309302293261e-01 -1.157136334513067660e-01 3.220485331750689184e+00 6.619157074216599490e-01 7.495710025786413988e-01 3.302780909125335729e-03 1.168455987562247778e+00 8.456504144030084491e-02 -7.905255906317810999e-02 9.932771248104744766e-01 1.388966408851167178e-01
7.416863267155544559e-01 -6.611022394130591229e-01 -1.133367628187178788e-01 3.387193303797813915e+00 6.676303048081974056e-01 7.438947931923056700e-01 2.983810924121139269e-02 1.219196949360167981e+00 6.458458689889917670e-02 -9.779757514588649503e-02 9.931084862343505515e-01 7.500495154760131178e-02
7.233218485342338688e-01 -6.837747807671770151e-01 -9.621617649760369484e-02 3.538873578708769951e+00 6.894284181474266138e-01 7.229421635377817346e-01 4.520049148016473672e-02 1.330679540426067620e+00 3.865177465209240770e-02 -9.902866941502515286e-02 9.943336275869048002e-01 9.314890631627326112e-03
7.170340789206880450e-01 -6.929716892195302291e-01 -7.518222932709209272e-02 3.611002184426290285e+00 6.966216851466470183e-01 7.161529055614472838e-01 4.293301339695226176e-02 1.377394211435117199e+00 2.409060916221334239e-02 -8.315800500329376121e-02 9.962451449086543454e-01 -9.716305180901829708e-04
7.148862088743734855e-01 -6.963374193088333053e-01 -6.365459002726850390e-02 3.641199163434518216e+00 6.987016620707916514e-01 7.149430976915986946e-01 2.592979912483635643e-02 1.448839832749024836e+00 2.745352037059909517e-02 -6.301242364371564819e-02 9.976350729028155007e-01 7.659957871679744235e-02
7.137723756258083085e-01 -6.976554865804890371e-01 -6.169131087625732285e-02 3.730942712878350331e+00 6.994279320459243499e-01 7.146196111878871937e-01 1.092607796213831625e-02 1.531759310795404838e+00 3.646318235497012644e-02 -5.094735861469115723e-02 9.980354718058542796e-01 1.336214247067116501e-01
7.228704976694233508e-01 -6.881608251191050352e-01 -6.239328786458297332e-02 3.787778513829433091e+00 6.900050178276130319e-01 7.237018006615147936e-01 1.219750351492130541e-02 1.627165533255341634e+00 3.676029069356951534e-02 -5.186889714148066460e-02 9.979771032130200226e-01 1.468229535808919795e-01
7.306574729826236236e-01 -6.806433209756365121e-01 -5.351940569460271468e-02 3.990181790307639531e+00 6.825037954611844482e-01 7.302327421517939010e-01 3.080116021434047696e-02 1.709451873600901228e+00 1.811701840051273271e-02 -5.903229540453621554e-02 9.980916599909784859e-01 1.143377463509087227e-01
7.188433880094314832e-01 -6.943984084234547938e-01 -3.278770949753669062e-02 4.104744098726148316e+00 6.950809507732117476e-01 7.171857487066664039e-01 5.007068727575397088e-02 1.808083659457870196e+00 -1.125412756858455189e-02 -5.878309477248738063e-02 9.982073393747608048e-01 4.319406693511660539e-02
7.106885997674763367e-01 -7.033184422514587864e-01 -1.627522502226323373e-02 4.141303002825961421e+00 7.029276078510277026e-01 7.089750200195409358e-01 5.698420052192925550e-02 1.875983309096034946e+00 -2.853931115804643828e-02 -5.193832666993567632e-02 9.982424144171351266e-01 5.047089337188407493e-02
6.924212371376869957e-01 -7.212851535385390589e-01 -1.733659844379096746e-02 4.186457385084742633e+00 7.208538748539087271e-01 6.905961149036262681e-01 5.870857848834959425e-02 1.943609352366429066e+00 -3.037303851807230878e-02 -5.314822071249099278e-02 9.981246140469014483e-01 9.036136709621980789e-02
6.632286539927128022e-01 -7.476633348121992650e-01 -3.357514408778605047e-02 4.342546515339828161e+00 7.480470930000269192e-01 6.608236287012971832e-01 6.113655538431359698e-02 2.021758754295028382e+00 -2.352231232730693511e-02 -6.566330426921465624e-02 9.975645499391130322e-01 1.005459008661016701e-01
6.472947471641813388e-01 -7.613352772293301429e-01 -3.712284929524727745e-02 4.401427872511716188e+00 7.616388523734226590e-01 6.440833782138138952e-01 7.115378039132531918e-02 2.083250773889364638e+00 -3.026167293713936599e-02 -7.433167262224225913e-02 9.967743142739109441e-01 6.011738546946103490e-02
6.404223678300371425e-01 -7.677698659092159206e-01 -1.971354318009210099e-02 4.516608927290536535e+00 7.666172663665141718e-01 6.374874084188220102e-01 7.686202583973025804e-02 2.195295925369481260e+00 -4.644521171985092206e-02 -6.433690316761400685e-02 9.968468313633239708e-01 7.201631986954164233e-02
6.352492509094302964e-01 -7.722971052809065595e-01 -3.945933823584005240e-03 4.580430380359818976e+00 7.705571634935305392e-01 6.334577645691029657e-01 7.051892154535080448e-02 2.295305799362759913e+00 -5.196197655798064086e-02 -4.783765966105905931e-02 9.975026372448048129e-01 9.748447797452840236e-02
6.418522558847350457e-01 -7.668042524094217383e-01 6.076191447349051783e-03 4.646839326071620313e+00 7.655786278905402087e-01 6.412383075736999283e-01 5.198843541841751542e-02 2.378877899671865581e+00 -4.376124007514703429e-02 -2.871709224216741768e-02 9.986292016961251239e-01 9.021828045615132297e-02
6.498243432917980567e-01 -7.598993030731355791e-01 1.677414839407032066e-02 4.725836925934767230e+00 7.588655143529297042e-01 6.498735679631710838e-01 4.227856180951788945e-02 2.484134600889584821e+00 -4.302852532038529965e-02 -1.474431591429311086e-02 9.989650400073930570e-01 1.197166735417526107e-01
6.740677384128732630e-01 -7.381318697407572849e-01 2.817848299621449754e-02 4.778433084555361532e+00 7.364609260219703302e-01 6.745108686250442798e-01 5.157899329717680059e-02 2.552861523655771236e+00 -5.707879180410378034e-02 -1.401538368015424474e-02 9.982712960645927502e-01 1.354293028702046320e-01
6.910913479021184580e-01 -7.222040709959601790e-01 2.853118805264328109e-02 4.899885296305948934e+00 7.198177375136153300e-01 6.912971872793745032e-01 6.301288455867933014e-02 2.670589592762505404e+00 -6.523169180400788247e-02 -2.301040409222911143e-02 9.976048053652805114e-01 1.206729044466408884e-01
6.824750774400651920e-01 -7.305423402786963560e-01 2.314428079034542771e-02 5.045841566654428512e+00 7.283485136163245777e-01 6.823914416846543762e-01 6.205129352745041016e-02 2.798482720108127264e+00 -6.112455632614220702e-02 -2.549135884303599733e-02 9.978045796839518644e-01 8.109286646879322602e-02
6.603310333275663746e-01 -7.507922080250557517e-01 1.655254643279584909e-02 5.100469085305776140e+00 7.490108629816196739e-01 6.600372355494736887e-01 5.773711824933880354e-02 2.849902888026835779e+00 -5.427387548423168867e-02 -2.572757386677003780e-02 9.981945894377769468e-01 5.013560598452462824e-02
6.403938614756303771e-01 -7.678752446229681894e-01 1.622685673653442157e-02 5.100126959154475337e+00 7.660738392674568686e-01 6.401196757418238237e-01 5.811775561909818255e-02 2.904503177326075214e+00 -5.501431608545234025e-02 -2.478728350181138088e-02 9.981778476815896806e-01 9.650774863403299708e-02
6.128520340751315576e-01 -7.901548251096535136e-01 8.230230003266603839e-03 5.205376422610296316e+00 7.880251735630339205e-01 6.119057533930765125e-01 6.773237627162963237e-02 3.018016816611508002e+00 -5.855518901791792463e-02 -3.502429614402254032e-02 9.976695788279262844e-01 1.403996564243476797e-01
5.939716945015278693e-01 -8.044554810054206362e-01 7.000372227329507147e-03 5.259727736710501311e+00 8.011091699968403423e-01 5.922525893089621851e-01 8.637689623854025167e-02 3.116584336677453493e+00 -7.363235618909264035e-02 -4.569736903988352861e-02 9.962379367324230017e-01 1.167551387344691188e-01
5.952818770099126411e-01 -8.035096160610143423e-01 3.432754147438640824e-03 5.340400029411370042e+00 7.997069542056843838e-01 5.928693923602461613e-01 9.473474018257645179e-02 3.209847423589259563e+00 -7.815544957725599484e-02 -5.364867659014542489e-02 9.954966324410660095e-01 8.666926413015474395e-02
6.017215091977048402e-01 -7.986554744923537452e-01 -8.981003965582282089e-03 5.453202458200799185e+00 7.960847459258930670e-01 5.987986025744692631e-01 8.768871568776177849e-02 3.321537026452707764e+00 -6.465526021092804498e-02 -5.991382660334847871e-02 9.961074393401552207e-01 9.720354820325423362e-02
6.131184362517803077e-01 -7.898396444894500990e-01 -1.546347700068876480e-02 5.498052589659982559e+00 7.886911332316078882e-01 6.108698893652159123e-01 6.931287491347622176e-02 3.433386489806474984e+00 -4.529988399558946416e-02 -5.469290867843992765e-02 9.974751156045337241e-01 1.138223498344019396e-01
6.368288043020625677e-01 -7.707666102623804694e-01 -1.918088933926192022e-02 5.606902308477374142e+00 7.704129522217522119e-01 6.351677044890406965e-01 5.500791055009064678e-02 3.481518477336833506e+00 -3.021517930063229510e-02 -4.980782748486854705e-02 9.983016694672348645e-01 1.190058642098215380e-01
6.521766086755866887e-01 -7.578802228888390502e-01 -1.682970143449635456e-02 5.683412371066991930e+00 7.575026177095225410e-01 6.506738231695831098e-01 5.304111617508578541e-02 3.577445295380138113e+00 -2.924816677386046435e-02 -4.734071815933594413e-02 9.984505000972890842e-01 1.277075230296345620e-01
6.804548014393523303e-01 -7.327309421390622024e-01 -9.307503969052725173e-03 5.746187719400082550e+00 7.315556182456184331e-01 6.785167938053486836e-01 6.664336379101024055e-02 3.639375293025598257e+00 -4.251635698649099127e-02 -5.215675369606630890e-02 9.977334475863205432e-01 1.482053830560024488e-01
6.864625593207136500e-01 -7.271627404384150006e-01 -1.871782292379994134e-03 5.870382673257728001e+00 7.250908012418181281e-01 6.843077630738113593e-01 7.724128009953459828e-02 3.770347652484549617e+00 -5.488610575868906050e-02 -5.438045894446669193e-02 9.970106725003675674e-01 9.554107915441228949e-02
6.844072523584933121e-01 -7.290988424335543838e-01 1.261301371096038709e-03 5.930470176250209668e+00 7.270349249900095456e-01 6.825979132229501589e-01 7.402909366218857201e-02 3.848688306613400112e+00 -5.483548817936226283e-02 -4.974903844020343857e-02 9.972552844735425026e-01 5.995565125796620959e-02
6.755558452512229195e-01 -7.373081452134738756e-01 -9.994742482374273373e-04 5.975880553599149714e+00 7.361932973101507072e-01 6.744585907659037538e-01 5.590204233907131171e-02 3.910474276165957441e+00 -4.054292715769271249e-02 -3.850075770602746916e-02 9.984357579301473828e-01 8.259537283172023459e-02
6.655424762454706933e-01 -7.463091481216020950e-01 -8.710209128138180629e-03 6.057331466397815944e+00 7.462068420405257863e-01 6.651242186808472567e-01 2.802003954491357612e-02 4.002323801619390053e+00 -1.511824080219835789e-02 -2.514814415023834682e-02 9.995694121174605318e-01 1.338841187250742748e-01
6.272876208739961434e-01 -7.786733680884083686e-01 -1.334265820951331324e-02 6.114544407060248155e+00 7.787875191663182761e-01 6.271846342977041022e-01 1.137692803996867043e-02 4.087479092440931439e+00 -4.906006656889873307e-04 -1.752770180911758513e-02 9.998462576717870309e-01 1.611096115078184676e-01
6.305754018326359400e-01 -7.761277504361246971e-01 -6.144970060789553545e-04 6.142862665402692102e+00 7.760005425577912730e-01 6.304573069511683059e-01 1.862101130159177220e-02 4.128317234836406335e+00 -1.406486948476797991e-02 -1.221880169414869474e-02 9.998264251016450999e-01 1.828590390319540515e-01
6.348823089712540835e-01 -7.725440198250881352e-01 1.000955482641025136e-02 6.264360758299880594e+00 7.719270568056233461e-01 6.348129645591800152e-01 3.378045291278845147e-02 4.265301610821199851e+00 -3.245108205802883783e-02 -1.371996574628046861e-02 9.993791521805845957e-01 1.536398662273660842e-01
6.466372996384729399e-01 -7.627888730005462081e-01 3.652114842179534152e-03 6.353781797211433435e+00 7.622450021351622196e-01 6.463436452103430430e-01 3.496353838175906420e-02 4.379890308910286301e+00 -2.903031925815445502e-02 -1.982492175931179282e-02 9.993819155062827475e-01 8.411130615277820355e-02
6.640112930343744502e-01 -7.477200153828302831e-01 -1.944561317694211248e-03 6.424474051353948667e+00 7.476240985428830310e-01 6.638794242045484850e-01 1.795320015425220378e-02 4.485459986784695374e+00 -1.213301284758721774e-02 -1.337492855073243135e-02 9.998369373480373579e-01 8.213976918370277658e-02
6.755786936938421583e-01 -7.372725705406707464e-01 -4.752405209303438641e-03 6.514003384426976240e+00 7.372470236871279115e-01 6.755950796807077552e-01 -6.173684126163085650e-03 4.591696232738950556e+00 7.762389541456761119e-03 6.671128613175039516e-04 9.999696496739473028e-01 1.226450761315787952e-01
6.977127658932626986e-01 -7.163714243833509965e-01 -2.979704103116548840e-03 6.565825131149043870e+00 7.163152662020595418e-01 6.977008789081255991e-01 -1.029188887919439688e-02 4.676324963903133458e+00 9.451757267614224051e-03 5.046374718341534865e-03 9.999425975458572369e-01 1.844065462933401900e-01
7.029084571649246715e-01 -7.112782645354137623e-01 1.712088057149838746e-03 6.702557388260678373e+00 7.112802326228896410e-01 7.029051022058702136e-01 -2.201811273305371089e-03 4.771880054524732628e+00 3.626650705147961215e-04 2.765446156647825317e-03 9.999961103832361031e-01 1.654369554423719690e-01
6.982818465758688919e-01 -7.157545447125970295e-01 9.894163221696661986e-03 6.765099635824636692e+00 7.157992044412677668e-01 6.983045295041669931e-01 -1.510958375354873665e-03 4.836834554714026346e+00 -5.827663669332506374e-03 8.137308967144598129e-03 9.999499100149619180e-01 1.102593140889960022e-01
6.923776493312852054e-01 -7.214910472556514964e-01 7.991209947633023253e-03 6.836510556591809618e+00 7.215328623921986040e-01 6.923040487030404089e-01 -1.026803961322875214e-02 4.920822230138175435e+00 1.875951653028573758e-03 1.287528171814050770e-02 9.999153503802579168e-01 1.301098660468108514e-01
6.859603431524368133e-01 -7.276347600020511841e-01 -2.462449785998588499e-03 6.880640895976191551e+00 7.276135945087662815e-01 6.859607725631833297e-01 -6.022922094242636262e-03 5.016100074907767770e+00 6.071631430156927516e-03 2.339773766459297358e-03 9.999788301511678412e-01 1.914535752617446962e-01
6.764507572921449885e-01 -7.364321232192527766e-01 -9.060951918354744061e-03 6.998886173588401149e+00 7.364049905515874794e-01 6.761388908248853191e-01 2.332145374564060722e-02 5.135617463488929779e+00 -1.104820571856771766e-02 -2.244834525921673637e-02 9.996869554743240682e-01 1.574521349937914871e-01
6.695228915760302879e-01 -7.426959188770932974e-01 -1.191090840286661290e-02 7.091331815633111546e+00 7.420266144673678399e-01 6.680200438674033236e-01 5.608675791565177066e-02 5.228211003292372538e+00 -3.369868065321848793e-02 -4.638957937622201905e-02 9.983548496639507164e-01 1.304535487619160605e-01
6.730802999569969192e-01 -7.393706200202829759e-01 -1.714631332449126008e-02 7.175995019949025888e+00 7.384071595774488461e-01 6.705426472863108556e-01 7.160603923573992391e-02 5.302306418426305790e+00 -4.144606729912080068e-02 -6.085757488668687432e-02 9.972856055736230019e-01 1.285721811942331372e-01
6.656911239031403360e-01 -7.457644276799684224e-01 -2.628204641467549868e-02 7.291844457998097440e+00 7.456227071111132254e-01 6.633214529460951248e-01 6.365083425829250185e-02 5.403771622807926001e+00 -3.003508276780877256e-02 -6.196828599090551531e-02 9.976260949546579271e-01 1.080897312680375033e-01
6.695739677576449944e-01 -7.423810680758683445e-01 -2.326051297407900204e-02 7.316625758387848677e+00 7.425218063340407459e-01 6.682757538465009528e-01 4.548498586703247915e-02 5.471574249507408894e+00 -1.822275554677437598e-02 -4.772700057015887010e-02 9.986941797151210887e-01 1.309714970410474355e-01
6.880211364873282109e-01 -7.254823233094879198e-01 -1.738718816120208774e-02 7.392069429681143333e+00 7.256511390844665454e-01 6.875361704972438037e-01 2.691539714366197183e-02 5.591428673968338536e+00 -7.572324088513538581e-03 -3.113539502644234458e-02 9.994864916968342339e-01 1.749884293959139137e-01
7.167551752472847149e-01 -6.970104268596315489e-01 -2.094000012388979454e-02 7.466500452013432820e+00 6.973178432894098222e-01 7.162895730050544696e-01 2.602062709549319425e-02 5.697463689786804508e+00 -3.137544651518190883e-03 -3.325225485874527820e-02 9.994420660350297192e-01 2.417038942448452299e-01
7.230654923150896529e-01 -6.902227830068889958e-01 -2.772730858489734496e-02 7.631037911205827307e+00 6.907126574964850274e-01 7.218545735123302887e-01 4.291852133374634420e-02 5.810233918627886851e+00 -9.608256724323091871e-03 -5.018450475552051898e-02 9.986937452919001368e-01 2.242742610811274684e-01
7.152584322862081123e-01 -6.983404815694561618e-01 -2.694340076560717764e-02 7.675629067039460018e+00 6.985479101740287300e-01 7.132552827254243777e-01 5.742576822100025485e-02 5.875084179371514281e+00 -2.088521570329170476e-02 -5.989552124838001118e-02 9.979861393323115060e-01 1.604076550485876163e-01
7.136852237965878309e-01 -7.000124925364583639e-01 -2.521728826240682286e-02 7.781275249605123179e+00 7.002627421703671029e-01 7.121466551438894177e-01 4.979190190591541165e-02 5.949373063975446740e+00 -1.689654587341839209e-02 -5.319447208371459734e-02 9.984412125294520601e-01 1.452565215164011714e-01
7.015975570379300308e-01 -7.120740901235572684e-01 -2.667129792710920544e-02 7.816731790332807961e+00 7.125046615407558681e-01 7.005183537106700609e-01 4.013905077584110914e-02 6.043593864534156701e+00 -9.898244344404970307e-03 -4.716488406855916249e-02 9.988380741990654510e-01 1.954819780563293308e-01
6.947426323340546439e-01 -7.183023412596669655e-01 -3.707318921309062099e-02 7.896207594132612861e+00 7.192408876228462145e-01 6.934423421664236420e-01 4.278158087594338688e-02 6.154205105225524441e+00 -5.021990546475372380e-03 -5.638674162979818993e-02 9.983963716777648489e-01 2.695233234505036157e-01
6.859060088418758028e-01 -7.265091672987862292e-01 -4.144124594450259574e-02 7.982431271355933333e+00 7.275417736830247506e-01 6.835032635552575897e-01 5.921364923284439669e-02 6.232189484201855478e+00 -1.469403214801258580e-02 -7.076523539236098670e-02 9.973847637091198814e-01 2.244968617370918240e-01
6.878447483238622207e-01 -7.251133774672188226e-01 -3.286627483249787707e-02 8.112878158023006492e+00 7.254180945148317461e-01 6.851471092280772002e-01 6.589405790266539276e-02 6.300142437281703423e+00 -2.526242968824075202e-02 -6.916667213688826310e-02 9.972852055012922934e-01 1.478726100257959364e-01
6.877031427755184723e-01 -7.256365236548383280e-01 -2.271613864185869844e-02 8.229661929739517490e+00 7.256596998982340896e-01 6.861051844444305825e-01 5.174626384656814265e-02 6.378945870353340375e+00 -2.196331851701203638e-02 -5.207025462387395581e-02 9.984018736075794820e-01 1.307740624070000968e-01
6.971784239424732021e-01 -7.166901275547931105e-01 -1.724836962102614321e-02 8.285396935287527853e+00 7.168859343334600398e-01 6.968276449147658980e-01 2.248978517868150534e-02 6.451038882226567850e+00 -4.099066226750099767e-03 -2.804450655717615620e-02 9.995982709609061434e-01 1.746264145282980240e-01
7.071151054351069165e-01 -7.069530345185751630e-01 -1.433996689243230080e-02 8.347446360133176313e+00 7.069523446374753606e-01 7.072358473771658272e-01 -5.986534580086321812e-03 6.551605721894897982e+00 1.437393742417227005e-02 -5.904504185840130266e-03 9.998792560870763957e-01 2.448204841442629676e-01
7.349391690809330413e-01 -6.779453534268985448e-01 -1.595354247512260210e-02 8.411246572680541433e+00 6.780784780444121251e-01 7.349750687770847390e-01 4.607156291390561258e-03 6.608307104077011829e+00 8.602055777631643918e-03 -1.420373341756858698e-02 9.998621197912246350e-01 2.536657441303744598e-01
