1.000000000000000000e+00 0.000000000000000000e+00 0.000000000000000000e+00 0.000000000000000000e+00 0.000000000000000000e+00 1.000000000000000000e+00 0.000000000000000000e+00 0.000000000000000000e+00 0.000000000000000000e+00 0.000000000000000000e+00 1.000000000000000000e+00 0.000000000000000000e+00
9.999985926858503404e-01 -1.651841808864999749e-03 -2.933342075690406983e-04 1.258288226721082301e-02 1.652017846521920902e-03 9.999984548758449332e-01 6.009017869758111630e-04 -4.789372804463137845e-02 2.923411596365226950e-04 -6.013855346641231586e-04 9.999997764360175623e-01 -1.379158619960983018e-02
9.999940972721348409e-01 -3.431789579866926804e-03 -1.680510861650515012e-04 1.304535188536516677e-02 3.431847874331081950e-03 9.999940506979935195e-01 3.478344237199124458e-04 -9.604720649792468368e-02 1.668563918275463775e-04 -3.484090963108017183e-04 9.999999253850202496e-01 -1.904521498829198772e-02
9.999944533303306571e-01 -3.315705142432035738e-03 -3.152903130688596532e-04 1.232104046367650529e-02 3.315843091332001166e-03 9.999944066466422976e-01 4.380182911736900647e-04 -1.062592032037962542e-01 3.138362100382045567e-04 -4.390613148372731443e-04 9.999998543659869288e-01 -1.890675673984249308e-02
9.999984009390869844e-01 -1.774409259405109384e-03 2.226904782258390533e-04 -2.343481562050028083e-02 1.774424568257637917e-03 9.999984233568178782e-01 -6.856624468621200024e-05 -6.394274771509024513e-02 -2.225684625429610191e-04 6.896128250029113745e-05 9.999999728538101484e-01 -1.206766316274181933e-03
9.999996872110108459e-01 -6.069272269993028707e-04 5.071658718844265952e-04 -5.981866569231276271e-02 6.070063749913063396e-04 9.999998036160832049e-01 -1.559200297632159647e-04 -1.676524177113254688e-02 -5.070711401739082854e-04 1.562278339105593601e-04 9.999998592358514404e-01 1.120257697274067848e-02
9.999982656232577760e-01 1.543322434349055821e-03 1.042548003690810590e-03 -9.408838008052634871e-02 -1.543355940808891673e-03 9.999988085345609123e-01 3.133526169854747323e-05 2.351985759547330426e-02 -1.042498401118530094e-03 -3.294423000647303003e-05 9.999994560557327050e-01 2.096942221618067551e-02
9.999990538441878574e-01 8.092768161744413402e-04 1.112376628600398503e-03 -5.480424530894632829e-02 -8.103862713616010122e-04 9.999991743479379469e-01 9.972850813548402808e-04 8.289749634216025953e-04 -1.111568630468884192e-03 -9.981855925161656467e-04 9.999988840197285844e-01 2.425527275119914589e-02
9.999989709417628214e-01 -1.237621658920114382e-03 7.255398298697632743e-04 -5.137756240256920875e-02 1.236832217022580021e-03 9.999986437765814307e-01 1.087516006639978458e-03 -6.428779130682810844e-03 -7.268847792398949563e-04 -1.086617516486357597e-03 9.999991454500801735e-01 2.069625565280849150e-02
9.999969973523665789e-01 -2.363393027969091544e-03 6.478114280058022223e-04 -7.681176497049541085e-02 2.362988436671526957e-03 9.999970130717183991e-01 6.246065077475775875e-04 -9.011157908332359523e-03 -6.492856837051614845e-04 -6.230738613608040018e-04 9.999995951034501562e-01 1.821469103491926700e-02
9.999992987380507126e-01 -7.820737816923829062e-04 8.893165953947477402e-04 -7.300191658822657859e-02 7.815511266462026518e-04 9.999995217756748600e-01 5.878998708082797770e-04 -1.016322244388303923e-02 -8.897759511771384478e-04 -5.872044121493943903e-04 9.999994317447060688e-01 2.720694972730339570e-02
9.999998838535600898e-01 8.173426530225843395e-05 4.749867115211154050e-04 -3.517510944766954334e-02 -8.195687278464419820e-05 9.999998868204886815e-01 4.686598774901966206e-04 3.871479725547273890e-03 -4.749483521915881697e-04 -4.686987514825108531e-04 9.999997773727468120e-01 1.113071694224539859e-02
9.999999867228857031e-01 -1.528565020278560148e-04 5.647227892965922015e-05 -1.033982939371086950e-02 1.528298676836447657e-04 9.999998772411033965e-01 4.713393785383584089e-04 6.369431590693131612e-03 -5.654431928585592552e-05 -4.713307416294149456e-04 9.999998873250296461e-01 -4.279422908967092307e-03
9.999997224881302937e-01 -7.367661277135547108e-04 1.104506016888018381e-04 -1.004350040720955635e-02 7.367331956675487277e-04 9.999996842381684292e-01 2.979056255696792299e-04 4.517203352919964103e-03 -1.106700535868926230e-04 -2.978241702725864764e-04 9.999999495264501048e-01 -5.940226464997217654e-03
9.999997071259365544e-01 -7.650888619573426638e-04 1.967420903604939365e-05 -9.212272409719531388e-03 7.650846414889546972e-04 9.999996845021066338e-01 2.136379614490855759e-04 -6.100719361606405516e-03 -1.983765485367385394e-05 -2.136228464449007789e-04 9.999999769858731735e-01 -3.890221385652455847e-03
9.999999651835381753e-01 7.328608529796590461e-05 2.534996491152094120e-04 -1.405336226589990953e-02 -7.326993783091322163e-05 9.999999952864745412e-01 -6.370688351333758041e-05 -1.502195569293824154e-02 -2.535043167484316191e-04 6.368830739175846800e-05 9.999999658396798718e-01 4.882933500385103036e-03
9.999999276234389223e-01 -3.656951176170111025e-04 1.049771299071717927e-04 1.357233809108519124e-02 3.657067952676278859e-04 9.999999269418409220e-01 -1.112423157217173821e-04 -3.339237637739863457e-02 -1.049364414660040792e-04 1.112806985201358629e-04 9.999999883024746072e-01 1.687987181536256681e-03
9.999996412750520314e-01 -8.094664958344722269e-04 -2.494268616239436005e-04 3.843176846651977230e-02 8.094981237313520622e-04 9.999996643264161822e-01 1.267274343328003651e-04 -3.870251258600636290e-02 2.493241962857396018e-04 -1.269292994490008508e-04 9.999999608631983117e-01 -1.055995834706117270e-02
9.999998143635875358e-01 -4.735178927068253046e-04 -3.834756782169735593e-04 2.927022803605804080e-02 4.733928319536210628e-04 9.999998347628611395e-01 -3.261494705244475539e-04 -5.929356498903155109e-02 3.836300524625398849e-04 3.259678753419334636e-04 9.999998732864555651e-01 -2.831128376123526885e-02
9.999888788580484356e-01 4.714212353932995501e-03 -1.355068459624683436e-04 1.119869396576428887e-02 -4.714289762328380089e-03 9.999887213674328867e-01 -5.767234722686601740e-04 -7.113588587415611841e-02 1.327865207127703457e-04 5.773558769817044778e-04 9.999998245139501973e-01 -1.980448789195963372e-02
9.999816809823465213e-01 6.052393835842677719e-03 -7.892133002527254408e-05 -9.968342540346225925e-03 -6.052431247052401583e-03 9.999815673504713898e-01 -4.827372934056326989e-04 -6.633044126828459286e-02 7.599815907711622554e-05 4.832061160565366900e-04 9.999998803680574255e-01 -1.386760566068333603e-02
9.999848287110345568e-01 5.508347195518901659e-03 2.142280447914611313e-05 -1.265693572975811615e-02 -5.508342560728326023e-03 9.999848067678202002e-01 -2.107030114480536512e-04 -7.780991014231464220e-02 -2.258310433970099303e-05 2.105818106660984539e-04 9.999999775726519102e-01 -7.027187133766422261e-03
9.999901328642624154e-01 4.437559043774039723e-03 -2.055330821338557186e-04 2.390073061023555157e-02 -4.437550278877168929e-03 9.999901530972890029e-01 4.308112127258458148e-05 -8.430978544151565557e-02 2.057222332889111448e-04 -4.216863279937168636e-05 9.999999779500843289e-01 -1.258468008621455893e-02
9.999875756178594477e-01 4.974899689310988138e-03 -3.146156337853441075e-04 3.638407026016418633e-02 -4.974936191206674740e-03 9.999876182761021637e-01 -1.153446230855063528e-04 -7.190294382148684771e-02 3.140379103718808824e-04 1.169083827026694131e-04 9.999999438563088594e-01 -1.821090666680902012e-02
9.999815419450955867e-01 6.059535943448269603e-03 -4.447395406498857941e-04 6.959824224497304646e-02 -6.059699350429791943e-03 9.999815725081363516e-01 -3.669985521526621867e-04 -6.924326194484561880e-02 4.425075042976565009e-04 3.696867659788233220e-04 9.999998337593880571e-01 -2.459735880139747935e-02
9.999312388743472058e-01 1.171991659683446763e-02 -4.013454577528669702e-04 1.055811647073890414e-01 -1.171995270446049217e-02 9.999313151469598759e-01 -8.773298385517959690e-05 -7.541274487959569173e-02 4.002896681455087166e-04 9.243070101946646911e-05 9.999999156123700050e-01 -3.259136356260311507e-02
9.999078648378603162e-01 1.356577787190538578e-02 -4.811508302137649357e-04 8.025430539951655673e-02 -1.356571439347228902e-02 9.999079723562444011e-01 1.349496892488739430e-04 -3.106300760050635656e-02 4.829372485448022129e-04 -1.284101008945122803e-04 9.999998751412222386e-01 -4.970978249441765362e-02
9.999327974260726615e-01 1.157583198095148147e-02 -6.330447199093791047e-04 7.349194088210471432e-02 -1.157591299666232282e-02 9.999329891282991989e-01 -1.244638034786481481e-04 -1.898692638120701159e-02 6.315615269540934178e-04 1.317835097913610436e-04 9.999997918815504150e-01 -5.886210140862959544e-02
9.999548850749874207e-01 9.462453994414605357e-03 -8.305293928409111575e-04 9.456656529918307241e-02 -9.462606425041989594e-03 9.999552123733735920e-01 -1.797970136310929855e-04 -1.368973772335963825e-02 8.287908744307449739e-04 1.876478748711881230e-04 9.999996389469155700e-01 -6.110917399056366855e-02
9.999984318913186510e-01 -1.590956681354985811e-03 -7.778635753478580633e-04 1.226703780486787798e-01 1.591546290169842037e-03 9.999984462416182662e-01 7.579543229244931632e-04 -6.871012424136020702e-03 7.766564942415894127e-04 -7.591911402573425132e-04 9.999994102165773446e-01 -4.794788839275220677e-02
9.997196233632434925e-01 -2.367066480094785763e-02 -6.117927229492308621e-04 1.619359308132714004e-01 2.367119534722885582e-02 9.997194150654586942e-01 8.750154344409967781e-04 4.496588542905033403e-02 5.909088660838007203e-04 -8.892519656133224563e-04 9.999994300286644267e-01 -2.670317665827729586e-02
9.985985487634413404e-01 -5.291868270026753307e-02 -7.425825323128132805e-04 1.876117628877941590e-01 5.291985482401703744e-02 9.985973843256915616e-01 1.659211647761379103e-03 7.117167888627427830e-02 6.537376796930511290e-04 -1.696183703350756522e-03 9.999983477925804554e-01 -2.613005747696601697e-02
9.978389157469168547e-01 -6.569314332752432262e-02 -1.381716601425734582e-03 2.167675439789315261e-01 6.569677528515288634e-02 9.978357834269652171e-01 2.771827885477402484e-03 2.812188352361660870e-02 1.196636180897795929e-03 -2.856612056953472013e-03 9.999952039032020679e-01 -5.782491434323567409e-02
9.974865261089325141e-01 -7.084296804985582008e-02 -1.379894568821757924e-03 2.594274671331978088e-01 7.084502953766461109e-02 9.974861955179080697e-01 1.507163235052573057e-03 -2.808423605826997765e-02 1.269653866763092651e-03 -1.601133691098731871e-03 9.999979121728014286e-01 -4.426369281108031434e-02
9.969370977112413934e-01 -7.819991632041682628e-02 -1.093752516134969318e-03 2.782273281627378192e-01 7.819893095546547046e-02 9.969373537572722155e-01 -9.164501458952038727e-04 -7.181804143217535019e-02 1.162069063821793286e-03 8.281128711542031255e-04 9.999989819117635070e-01 -7.783235268176490890e-03
9.968476911142695185e-01 -7.930836430351753674e-02 -2.205464044228825325e-03 3.173625764383870007e-01 7.930077475414609722e-02 9.968451432744852569e-01 -3.338780235839652888e-03 -1.863553571325863301e-01 2.463299320429363989e-03 3.153360361834956112e-03 9.999919942053968613e-01 -4.431054662050029624e-02
9.960477560245835082e-01 -8.863866619940015401e-02 -5.661675792831498064e-03 3.812594171680902533e-01 8.842331923094658153e-02 9.956029259159547840e-01 -3.092136031567746524e-02 -1.817644027022929099e-01 8.377609120383286076e-03 3.029852738964648046e-02 9.995057853276512194e-01 -6.696471162547337763e-02
9.957119150665859619e-01 -9.194759611213242090e-02 -1.016964914007153012e-02 3.822515372091769836e-01 9.117153032841650295e-02 9.939969812268131255e-01 -6.047936317089621511e-02 -8.122439943412984587e-02 1.566953260332349870e-02 5.929284004989723161e-02 9.981176407953176177e-01 -8.940182375195643294e-03
9.987822001012125472e-01 -4.789047786737386098e-02 -1.185828362858240732e-02 4.614380122134983941e-01 4.703468772366364153e-02 9.968286240682457944e-01 -6.419059424047460216e-02 -5.784211701376055365e-02 1.489479478605783107e-02 6.355467227389643980e-02 9.978671999421760974e-01 9.427836398368812099e-03
9.992319304330066210e-01 -3.808691847439665129e-02 -9.216064466548651649e-03 7.013641730368098681e-01 3.754005527868951170e-02 9.978562142806105539e-01 -5.360708788249179263e-02 -7.410596836619152972e-02 1.123803598498657359e-02 5.321994234018790487e-02 9.985195763151102355e-01 -2.861258769610528288e-02
9.982994920012623341e-01 -5.785888839555827778e-02 -7.104456604964560530e-03 7.796523979063593179e-01 5.748025461083257348e-02 9.973212086050038394e-01 -4.523745347086119417e-02 -2.629333277824606740e-02 9.702814019414876534e-03 4.475216084486649537e-02 9.989509995489367356e-01 -6.887991956023779838e-02
9.981628688798440674e-01 -6.058735874674845562e-02 2.432070146500984673e-04 7.290098342471500459e-01 6.056512393637444175e-02 9.976705507929127803e-01 -3.139009148023825385e-02 -6.347001766392768377e-03 1.659202257343783465e-03 3.134715362929984400e-02 9.995071800678624330e-01 -9.545001076583028987e-03
9.977179802467509573e-01 -6.750194328929780274e-02 1.523005092697769835e-03 7.421557488825544224e-01 6.750926655935420018e-02 9.977039224287921337e-01 -5.420525695988231279e-03 -2.188754362267836956e-02 -1.153612136734812098e-03 5.510972906051179662e-03 9.999841490527071608e-01 -2.228621207664255310e-02
9.955428537877596407e-01 -9.429495959718711684e-02 -1.699078187787377578e-03 8.521866631422997385e-01 9.430570117320674628e-02 9.955103544498850043e-01 8.097463139407233210e-03 1.887257770350358674e-02 9.278999693921638047e-04 -8.221604322094058434e-03 9.999657715262146862e-01 5.576960383956974798e-02
9.855124644908503928e-01 -1.689276853450490667e-01 -1.512016723235911839e-02 9.433784285473355569e-01 1.690700469232992165e-01 9.855657874145498099e-01 8.683197066283765073e-03 1.104857502358866511e-01 1.343508714239744981e-02 -1.111376632391612197e-02 9.998479797607101593e-01 1.432092687911474815e-01
9.731797499410997920e-01 -2.279467735038808729e-01 -3.100714036716252162e-02 9.886459886282873422e-01 2.283163987435367082e-01 9.735462461580733917e-01 8.906663590047195558e-03 1.211210826636078264e-01 2.815663988051178915e-02 -1.574722326933752220e-02 9.994794788238249295e-01 1.143359925061928212e-01
9.629248003395446398e-01 -2.669340173459833765e-01 -3.901357807971992525e-02 1.151314209939234834e+00 2.678718017487662917e-01 9.632234222961604253e-01 2.110299902720446860e-02 8.999504870394103850e-02 3.194568388558622490e-02 -3.077123857771721718e-02 9.990158177714081322e-01 -5.031196091253187230e-03
9.574257069684499744e-01 -2.865379364133560647e-01 -3.510023692141119034e-02 1.347788987433172325e+00 2.875878974412124367e-01 9.572928986299462650e-01 2.972385368719884097e-02 1.184148903288341215e-01 2.508419584731309826e-02 -3.855278496621018097e-02 9.989416729169140474e-01 -1.383491499390865076e-01
9.530355420511932296e-01 -3.018277293705207143e-01 -2.496552363208236203e-02 1.435509923164275836e+00 3.023083513692824686e-01 9.530330066130180411e-01 1.837794870320300436e-02 1.552977062743122749e-01 1.824599352117613899e-02 -2.506212459443177623e-02 9.995193713136520941e-01 -1.424328234915077929e-01
9.494195102031119937e-01 -3.138206773718534293e-01 -1.091678064056026895e-02 1.376277800585762101e+00 3.137482817340143115e-01 9.494737103754000707e-01 -7.854235476770360380e-03 2.103809941508852921e-01 1.283001771770521035e-02 4.031843231332285157e-03 9.999095633533671146e-01 5.974068783267755256e-02
9.550035054385100919e-01 -2.958537665920700777e-01 -2.094882797300233815e-02 1.371086282999873118e+00 2.955142113088099487e-01 9.551715260432250831e-01 -1.785235981008363032e-02 2.271300130136794382e-01 2.529141187615977990e-02 1.085838982269372172e-02 9.996211481635274287e-01 2.121528751681760749e-01
9.601492004700469263e-01 -2.775724396940531524e-01 -3.266578575544801244e-02 1.603702430576107618e+00 2.775452752964736036e-01 9.606970774574413729e-01 -5.453945850079765234e-03 2.518725437647286736e-01 3.289578996367571728e-02 -3.829632752910424893e-03 9.994514500042728233e-01 1.979215247058773164e-01
9.549827043155644235e-01 -2.932240983104628662e-01 -4.502957503849261411e-02 1.901703917387482123e+00 2.942806641087700181e-01 9.555337378194607156e-01 1.881931509039221420e-02 3.100276569088418754e-01 3.750900145075199144e-02 -3.122345366525277124e-02 9.988083753910863560e-01 -3.078027646666645079e-02
9.453607142800036778e-01 -3.234600838268152367e-01 -4.082516462613373226e-02 2.025104842424127582e+00 3.247124946034265491e-01 9.453703836779974168e-01 2.892461776645645355e-02 3.563574879947422058e-01 2.923894225892886140e-02 -4.060063836032080931e-02 9.987475518970314603e-01 -1.638365529788675112e-01
9.233900119462256084e-01 -3.824717937692245773e-01 -3.265291424821227528e-02 2.022523227597427198e+00 3.833239536733130670e-01 9.232578177469662473e-01 2.564660814551313062e-02 3.999190429549078774e-01 2.033795413037247160e-02 -3.619846599044592578e-02 9.991376475149604808e-01 -1.058878939877625769e-01
8.982560139221359430e-01 -4.388973634452280614e-01 -2.247749571333165775e-02 2.001158986398372974e+00 4.393411850035822686e-01 8.980626924230539210e-01 2.151101200555971538e-02 4.358721974179959324e-01 1.074507386496347666e-02 -2.919768550215335462e-02 9.995159020990880272e-01 5.429662782816723626e-02
8.577517908890794907e-01 -5.138617205038825686e-01 -1.442211591156358080e-02 2.103502658671602354e+00 5.140542793344194950e-01 8.572247104102935777e-01 3.023232971438023775e-02 5.001331639339651192e-01 -3.172242826078302581e-03 -3.334558535665506362e-02 9.994388469599700953e-01 1.250394632853397414e-01
8.329996741119480852e-01 -5.532597740820148768e-01 -3.894266568461276709e-03 2.198202156740536317e+00 5.528013601570067603e-01 8.319775295400388959e-01 4.715979801713415104e-02 5.162753724874523664e-01 -2.285167691771431558e-02 -4.143685223531739376e-02 9.988797666080121429e-01 4.188903975446589545e-02
8.108509326740923617e-01 -5.852000054397561435e-01 7.856119580558446752e-03 2.314470406535788616e+00 5.838777425912229369e-01 8.097926421092533911e-01 5.764250595083680873e-02 5.360035580074896666e-01 -4.009422262785754254e-02 -4.215246634568477202e-02 9.983063772674417580e-01 -4.625127941248446950e-03
8.085002456179906094e-01 -5.884408721943804599e-01 8.043181383369854900e-03 2.391726382279600660e+00 5.874211391298701512e-01 8.077740057710109944e-01 4.937166094046973458e-02 6.185691546029314924e-01 -3.554937607068272415e-02 -3.519226522649065297e-02 9.987480895246876322e-01 2.220007110214998122e-02
8.048199898055298229e-01 -5.934484818477474555e-01 -9.147863249455127563e-03 2.545110336816268415e+00 5.934865442284613657e-01 8.045192613441377594e-01 2.285782023819383710e-02 7.059126435264551080e-01 -6.205306534376023309e-03 -2.382556439807346702e-02 9.996968723827877046e-01 6.105940670427962430e-02
8.073123507058933557e-01 -5.892034490003060787e-01 -3.295548640011895097e-02 2.567382107545817416e+00 5.894797620493895662e-01 8.077815223352180496e-01 -1.619354189981230333e-03 7.545421044504836416e-01 2.757496204747570193e-02 -1.811926764362482845e-02 9.994555085686100959e-01 8.577255249138796001e-02
8.324106387296890119e-01 -5.507122719431553071e-01 -6.171322435944564394e-02 2.671588062141922570e+00 5.505487297084440401e-01 8.345347807005645269e-01 -2.116119130576542620e-02 8.186108547732747764e-01 6.315555989815653526e-02 -1.636133650619166560e-02 9.978695715982532910e-01 1.085995241865989197e-01
8.327387399855471495e-01 -5.484858793239021368e-01 -7.556077758711296499e-02 2.905299670129090295e+00 5.492585522510103901e-01 8.355661778707916820e-01 -1.200854602025247693e-02 9.096990418705077630e-01 6.972254804872868306e-02 -3.150242182249475553e-02 9.970688861422315474e-01 1.484221684219037829e-01
8.334580287420890743e-01 -5.473449966923187304e-01 -7.590236439819630920e-02 3.002575329126783377e+00 5.492524839188914765e-01 8.356402166786476293e-01 5.209335676529664588e-03 9.508762326921983421e-01 6.057576441349112745e-02 -4.603132482504240786e-02 9.971016467244313564e-01 5.138146928756850973e-02
8.161882198749392803e-01 -5.726172835491238899e-01 -7.711184291793289625e-02 3.101890343590004484e+00 5.745458382002388564e-01 8.184648945239606510e-01 3.506599302328369805e-03 9.996145919609630281e-01 6.110539701337965035e-02 -4.716633346683099526e-02 9.970162824363165699e-01 6.346061867468336809e-03
7.934555739670221541e-01 -6.028452690326497887e-01 -8.370085869102930620e-02 3.054833305604331972e+00 6.044228532609752236e-01 7.966247939956876412e-01 -7.870962278524400169e-03 1.029523149680636074e+00 7.142315168434626438e-02 -4.434545293804627308e-02 9.964598407398034263e-01 5.588503137819055000e-02
7.699963606994609799e-01 -6.315977089554253299e-01 -9.049827927559453422e-02 3.103341110719932239e+00 6.331865214207313963e-01 7.738799958669057011e-01 -1.358606227542748929e-02 1.096431033415678380e+00 7.861573379864492117e-02 -4.684107214076015102e-02 9.958039367064205338e-01 1.921687341135694949e-01
7.460925209686600779e-01 -6.573704963262606560e-01 -1.058771963852242481e-01 3.169493618895671272e+00 6.610396252565365893e-01 7.503507672071385581e-01 -5.830886350140229712e-04 1.177250561425714936e+00 7.982834080279524458e-02 -6.955398415205557572e-02 9.943790420625568949e-01 1.947700262224283385e-01
7.414717457214083929e-01 -6.614219621590419207e-01 -1.128744358591887709e-01 3.386885561908163034e+00 6.678930450075669656e-01 7.436665277370282379e-01 2.964752863346187262e-02 1.217475705486006143e+00 6.433141322376809135e-02 -9.737085548168331051e-02 9.931668468970347163e-01 8.064946616596069262e-02
7.223836008642436912e-01 -6.843674807910729019e-01 -9.901052690542411217e-02 3.559705613167650107e+00 6.903887874379679435e-01 7.218858814843494009e-01 4.737189349705490937e-02 1.294440611487323700e+00 3.905451807846951201e-02 -1.025764366179900272e-01 9.939581577050484729e-01 -5.643836892201520294e-03
7.163239571207684619e-01 -6.933534614404507357e-01 -7.836431562509087179e-02 3.620518100798267191e+00 6.973144692391758381e-01 7.153775913208642034e-01 4.458063285379841589e-02 1.355151916743176699e+00 2.514993925499847335e-02 -8.657874649418249857e-02 9.959275080099785349e-01 -2.271320669623703992e-02
7.150313331879102341e-01 -6.962060886237085855e-01 -6.346081249713653172e-02 3.640493687689120073e+00 6.985673056977464990e-01 7.150620509268676983e-01 2.626752242700401002e-02 1.454963396161367273e+00 2.709080969094784103e-02 -6.311375038403854720e-02 9.976385831265499604e-01 7.707399019926168549e-02
7.140076967752673198e-01 -6.978194159529689244e-01 -5.693041071988895474e-02 3.704823870715296508e+00 6.993442390590403068e-01 7.147071605221413382e-01 1.055035512719332269e-02 1.540652665931659726e+00 3.332632954001665815e-02 -4.734698952874780847e-02 9.983224020034584534e-01 1.469222316678416851e-01
7.228495710824426324e-01 -6.883990895604542581e-01 -5.995991226033094146e-02 3.783359452821656532e+00 6.901004008107424204e-01 7.236195431967376024e-01 1.167019728185746119e-02 1.628809937478777004e+00 3.535441113611559327e-02 -4.981415658306947991e-02 9.981325640500543495e-01 1.609085281345284113e-01
7.301543672347976521e-01 -6.810470788601420411e-01 -5.522206428611332873e-02 3.998194348000402520e+00 6.830198697679094044e-01 7.297258542299724926e-01 3.136933487603740800e-02 1.709483169865361640e+00 1.893297415041564694e-02 -6.062222401400581273e-02 9.979812064590271037e-01 1.127531045848444852e-01
7.190188258520386899e-01 -6.940213636764698268e-01 -3.669161799388229173e-02 4.108847284478374107e+00 6.949292360785510603e-01 7.172511635094505067e-01 5.122621679980932791e-02 1.815109137153336993e+00 -9.234983142233779002e-03 -6.233069231921551517e-02 9.980128255094570244e-01 1.818949799049777646e-02
7.101436288267468644e-01 -7.038572455643332670e-01 -1.676318297249993275e-02 4.127986621473668016e+00 7.034828329676616754e-01 7.084022828033890162e-01 5.725477655829398771e-02 1.863364352845704230e+00 -2.842411223895231417e-02 -5.245172623982097271e-02 9.982188568935623785e-01 2.750905694095501230e-02
6.926033657814438804e-01 -7.211394568413294071e-01 -1.607673769170632483e-02 4.180173125083152641e+00 7.207002281507637331e-01 6.909149591924614864e-01 5.681285336538220709e-02 1.951185378908521617e+00 -2.986233165130463413e-02 -5.093528198284408282e-02 9.982553972795116248e-01 9.539048811003275619e-02
6.644830752732989732e-01 -7.465855607191468346e-01 -3.274512484350100561e-02 4.342418729218508133e+00 7.469959193161611610e-01 6.623151376502789400e-01 5.775599505069015788e-02 2.051809542680604892e+00 -2.143220008171283636e-02 -6.283835584234553906e-02 9.977935667434864042e-01 1.129764198798621638e-01
6.478285444210130084e-01 -7.609066662587699037e-01 -3.659538599764645961e-02 4.396969996620429200e+00 7.612578381686646578e-01 6.448429782383191533e-01 6.829375698778024362e-02 2.109662132278287139e+00 -2.836689725935519213e-02 -7.210116961395222901e-02 9.969938517765178920e-01 7.707143053219912832e-02
6.396661485347834297e-01 -7.684198342606893828e-01 -1.892555767872782999e-02 4.504172064225367755e+00 7.671069986675196350e-01 6.366254090818705969e-01 7.908818563256371503e-02 2.185820816978221171e+00 -4.872443959643060762e-02 -6.510796284722396299e-02 9.966879562630915901e-01 8.111533522939873286e-02
6.355854901335638019e-01 -7.720276814833444412e-01 -2.084167730563732390e-03 4.564826942282813604e+00 7.701805213449484100e-01 6.338733869818169442e-01 7.089777018371654083e-02 2.296718528848390672e+00 -5.341394267886302727e-02 -4.666677940089013210e-02 9.974814095650343937e-01 8.703302577632515691e-02
6.424407011440551596e-01 -7.663004439302313342e-01 7.319504482236179055e-03 4.642601215859176733e+00 7.650797138826478383e-01 6.419053182812359815e-01 5.109396997211271274e-02 2.395091048481015505e+00 -4.385176072611861320e-02 -2.722484149808538159e-02 9.986670271349822325e-01 8.672863635370567370e-02
6.490707247214229092e-01 -7.605312434605542293e-01 1.730381547376365348e-02 4.726368442848457363e+00 7.596555109977836118e-01 6.491953469588374048e-01 3.832631077590395452e-02 2.495966114028643101e+00 -4.038191328185557205e-02 -1.173154752528117462e-02 9.991154447171551878e-01 1.174369149844002591e-01
6.730799168649646003e-01 -7.391397575639505613e-01 2.521595331048809632e-02 4.794381411421334782e+00 7.376418201635336347e-01 6.733952690379605421e-01 4.922760184207419787e-02 2.568793917983008157e+00 -5.336638135457019705e-02 -1.453376845821775787e-02 9.984692278260364207e-01 1.231181307571942996e-01
6.901726117374320513e-01 -7.231377545403849805e-01 2.708420140639416010e-02 4.913630779464049247e+00 7.207408125095151608e-01 6.902710107864928890e-01 6.370724331594926348e-02 2.675953317673594345e+00 -6.476455196059013875e-02 -2.444830517814489818e-02 9.976010390848940590e-01 1.095072978304438005e-01
6.820600302257716629e-01 -7.309007067513338951e-01 2.404728755639632537e-02 5.035017912604104140e+00 7.286578831805886614e-01 6.820225205678198677e-01 6.247376022860541556e-02 2.797142678266656191e+00 -6.206290717653367012e-02 -2.508860914276156429e-02 9.977568627897673847e-01 8.179029113396170392e-02
6.608898386962203109e-01 -7.502563757927770416e-01 1.843886358676331133e-02 5.085786437432895823e+00 7.484562343905544202e-01 6.607105529429946333e-01 5.722613416677491127e-02 2.855991640460009418e+00 -5.511702377664658842e-02 -2.401948817209815026e-02 9.981909526127528132e-01 6.882679471780063507e-02
6.402749318138822865e-01 -7.679365579311728807e-01 1.792915735752273129e-02 5.094463120392830113e+00 7.662986372501324750e-01 6.401789466906601112e-01 5.438119861336994376e-02 2.943395795354984745e+00 -5.323917955151277748e-02 -2.107982938401977216e-02 9.983592692782605749e-01 1.139050654673998131e-01
6.121943934818450117e-01 -7.906143627699312448e-01 1.212245731242076949e-02 5.189695944883274237e+00 7.886522344409699903e-01 6.116361453238645662e-01 6.268076933661330397e-02 3.044184816283530104e+00 -5.697084956941771139e-02 -2.881241252064748945e-02 9.979600027977467702e-01 1.231877109262969339e-01
5.938746131073366907e-01 -8.044918888014377378e-01 1.028322708620886539e-02 5.247068767043573168e+00 8.010506714342567891e-01 5.924297739429937870e-01 8.570171958939762358e-02 3.109654041785497647e+00 -7.503842816409284078e-02 -4.265868960186842279e-02 9.962677704814673074e-01 1.108587313770812155e-01
5.952166877518190180e-01 -8.035543181022896109e-01 4.189568106363998623e-03 5.335066306934845848e+00 7.996444704662085678e-01 5.928188538872909419e-01 9.557472117969149916e-02 3.204941049706433009e+00 -7.928313486846091940e-02 -5.353750400348404603e-02 9.954134418373635773e-01 9.693657041609386738e-02
6.014721300567162920e-01 -7.988289077491016466e-01 -1.018100728876536812e-02 5.445772998358405559e+00 7.962098035840426968e-01 5.983589823068045099e-01 8.953478078057418299e-02 3.297072398172277374e+00 -6.543107397633753097e-02 -6.195889312392867387e-02 9.959316593628102510e-01 9.682342819597851424e-02
6.123166568854304659e-01 -7.903934872840597814e-01 -1.861308570852577074e-02 5.512394669871114594e+00 7.893465171899586297e-01 6.098348135183082608e-01 7.094769919576301986e-02 3.408308505616322037e+00 -4.472569173006051002e-02 -5.813463236344576512e-02 9.973063606631789035e-01 9.454540542441898510e-02
6.369593433046084607e-01 -7.706217064544187423e-01 -2.061505562062526317e-02 5.600573055051561333e+00 7.703448917444937205e-01 6.352629400264825366e-01 5.486114100229764340e-02 3.487066935919954425e+00 -2.918120525485922920e-02 -5.082501913614232564e-02 9.982811601396094359e-01 1.166525095762330488e-01
6.520512394151214419e-01 -7.579990369662624738e-01 -1.632914986833643167e-02 5.681854382883376964e+00 7.576145668661474764e-01 6.505903187789292552e-01 5.246336991988610060e-02 3.593334796981400903e+00 -2.914359705704853976e-02 -4.658000718494784836e-02 9.984893357874317088e-01 1.214717044285695269e-01
6.797499283015095983e-01 -7.334024086991262070e-01 -7.806528576295459348e-03 5.731963457717727195e+00 7.321865432344352165e-01 6.779231492770703138e-01 6.575005384536103392e-02 3.656036957854400526e+00 -4.292902142492135975e-02 -5.040942956014317355e-02 9.978055865402436497e-01 1.434030851943168816e-01
6.860013601973073971e-01 -7.275961662873990932e-01 -2.439797393943444331e-03 5.850308269901320024e+00 7.255614022809242503e-01 6.838243742358078858e-01 7.710302666656278225e-02 3.771414641717360183e+00 -5.443147368557066379e-02 -5.466300398702227115e-02 9.970201455675465896e-01 9.889985715826291046e-02
6.840600516445889401e-01 -7.294229684643713796e-01 1.994698129341603010e-03 5.914130983235708960e+00 7.274073317296747554e-01 6.823679580254404797e-01 7.247443415512602738e-02 3.866945035851734769e+00 -5.422563498860363124e-02 -4.812590712719731767e-02 9.973682758005024684e-01 6.778436534436849126e-02
6.748900457980553380e-01 -7.379178511647935812e-01 8.191550722999006717e-04 5.983152169219004612e+00 7.367520525026204359e-01 6.738853781001754584e-01 5.545187387239159521e-02 3.929226770973666127e+00 -4.147094423659586360e-02 -3.682040351649146920e-02 9.984610251126520009e-01 9.869611553002098636e-02
6.658228431233290667e-01 -7.460911724331330541e-01 -5.282422978099488714e-03 6.050663916347175153e+00 7.458965637528492953e-01 6.654465208286390876e-01 2.862244047510990180e-02 4.009158337576299580e+00 -1.783978017965074866e-02 -2.299761584191942904e-02 9.995763362088606607e-01 1.509138201883776786e-01
6.274985328471902601e-01 -7.785219523657612717e-01 -1.221314698294597746e-02 6.103445838536215362e+00 7.786174199056875578e-01 6.274353836763381098e-01 8.930438417936104739e-03 4.123119527598777978e+00 7.104182105264044561e-04 -1.511320599772741913e-02 9.998855366042836978e-01 1.716142104913090383e-01
6.305418284788257832e-01 -7.761504489604664769e-01 -2.735528659207100456e-03 6.132626994688411770e+00 7.760431624849113419e-01 6.303869369093912933e-01 1.921769326461222199e-02 4.145937578589614425e+00 -1.319137972300789274e-02 -1.424044776197299321e-02 9.998115808233779545e-01 1.664242561994792591e-01
6.353334329362549937e-01 -7.722209910285189327e-01 5.115663042597527396e-03 6.288066232501868136e+00 7.716376972696392667e-01 6.350868135184830621e-01 3.521368267233597471e-02 4.272029894292960428e+00 -3.044163507175259853e-02 -1.842499144834578231e-02 9.993667127457701582e-01 1.431239137904247172e-01
6.466040483716084530e-01 -7.628226553874097871e-01 2.191131476611027362e-03 6.367669297767531766e+00 7.623745764086733434e-01 6.463176860668076174e-01 3.253388883830751060e-02 4.385783471730370309e+00 -2.623375449954793576e-02 -1.936608130078448092e-02 9.994682311208840098e-01 1.042011579808147237e-01
6.639428929732442697e-01 -7.477791637823095749e-01 -2.481347083517123405e-03 6.436137911569257852e+00 7.477175942343871062e-01 6.638369349775994355e-01 1.545713530661127488e-02 4.496938599374119327e+00 -9.911313871510179715e-03 -1.211800200429830054e-02 9.998774524334290703e-01 8.939715476422030460e-02
6.761847042412900688e-01 -7.367250447239278577e-01 -3.233299652894723770e-03 6.487635098503863773e+00 7.367077871539525757e-01 6.761915246580366690e-01 -5.163170282520798335e-03 4.587132960995573328e+00 5.990166679274574850e-03 1.109259737944029260e-03 9.999814435508231902e-01 1.227017521927126209e-01
6.981635915166448658e-01 -7.159371218083183663e-01 -1.279491071061005392e-03 6.548112354694093362e+00 7.159076581735652756e-01 6.981491546585938401e-01 -7.998926048705461492e-03 4.668865705136528099e+00 6.620003702522230665e-03 4.668561482102978957e-03 9.999671895040689318e-01 1.832471003169549306e-01
7.027424099663844848e-01 -7.114353523757326325e-01 3.583939823031970229e-03 6.701149609852477873e+00 7.114443794022549117e-01 7.027336053130512905e-01 -3.517809071133222356e-03 4.776479995242532084e+00 -1.586121695206226152e-05 5.021887467661776544e-03 9.999873901178374380e-01 1.783934915625919326e-01
6.981608013707660820e-01 -7.158672353529621502e-01 1.027602926409975845e-02 6.767805418709239795e+00 7.159253184007311477e-01 6.981685615739701145e-01 -3.405598705837044327e-03 4.847954374370145203e+00 -4.736444039739362219e-03 9.734525044410285294e-03 9.999414008430784762e-01 1.288276167871978406e-01
6.925449430641245074e-01 -7.213379967713968721e-01 7.279852343070911808e-03 6.837928654494358049e+00 7.213638960366723918e-01 6.924439670559137117e-01 -1.246924146296648182e-02 4.943399381548133853e+00 3.953647822137772161e-03 1.388693276779227360e-02 9.998957554501375355e-01 1.251612666991230860e-01
6.866230376521346157e-01 -7.270060241541012047e-01 -3.323403225896754375e-03 6.894045657751127543e+00 7.269727964325665148e-01 6.866257515120373078e-01 -7.458592866245604761e-03 5.031086475393457214e+00 7.704376183032245369e-03 2.705217953628922135e-03 9.999666616360035620e-01 1.743251775623586575e-01
6.759350869383116134e-01 -7.369199495764506835e-01 -7.793982418416881518e-03 7.002977462699602640e+00 7.368888599930270011e-01 6.756828285309793847e-01 2.115474524905216688e-02 5.128258144937717589e+00 -1.032309371623753649e-02 -2.004253338818882610e-02 9.997458329953213818e-01 1.587735539695186993e-01
6.698418708512881015e-01 -7.424387467289379483e-01 -9.827278871094528162e-03 7.078945232595667214e+00 7.417727353137868462e-01 6.685365763740201972e-01 5.321705737079779341e-02 5.236721414612805603e+00 -3.294051000742281854e-02 -4.293662079935869902e-02 9.985346110149527776e-01 1.470783163748119182e-01
6.733231052070561828e-01 -7.391933679148036118e-01 -1.513805882857871023e-02 7.168824893411134269e+00 7.381071428823445801e-01 6.708659058298400701e-01 7.167134728167487423e-02 5.308200276586458877e+00 -4.282337703159287690e-02 -5.943148345681772277e-02 9.973134197200657081e-01 1.440055834335037810e-01
6.660826725655158986e-01 -7.454827090275786272e-01 -2.427764092498019624e-02 7.276020329914634210e+00 7.452329523609224626e-01 6.638007732212563017e-01 6.321692958603372658e-02 5.417210978767919016e+00 -3.101161110621223141e-02 -6.020019943293272724e-02 9.977044732609111621e-01 1.121571724813335003e-01
6.711761781923133441e-01 -7.409659398927603835e-01 -2.218138286938509118e-02 7.304693324004318811e+00 7.411120790057375007e-01 6.700376072489721002e-01 4.245575607459742967e-02 5.502106024707576815e+00 -1.659590850039573129e-02 -4.493418287796562688e-02 9.988520886648513120e-01 1.198712799285851782e-01
6.874642875699698008e-01 -7.260110739743161901e-01 -1.734283086966837903e-02 7.378941432330717198e+00 7.261828667113237046e-01 6.869992802838413848e-01 2.627609149793420223e-02 5.592247424940580913e+00 -7.162221082716041347e-03 -3.065794115957610338e-02 9.995042737442487724e-01 1.818865330519906509e-01
7.168654386583617200e-01 -6.968657576634680328e-01 -2.195583415121066945e-02 7.463437229564966024e+00 6.971945039819218426e-01 7.162721918390541065e-01 2.956299740349913399e-02 5.676626637615093784e+00 -4.875087133250135055e-03 -3.650017800227807474e-02 9.993217552576573182e-01 2.414029865510868289e-01
7.236055102308074360e-01 -6.896150432139062092e-01 -2.874295977618541997e-02 7.641387329153878305e+00 6.901215690709295858e-01 7.222005171898409071e-01 4.646108989041020793e-02 5.794462156642282480e+00 -1.128208609661250812e-02 -5.345563715651337894e-02 9.985064894078053976e-01 2.322729839375500538e-01
7.157687846171348900e-01 -6.978819639593595303e-01 -2.521529987798833486e-02 7.668535357757311210e+00 6.980391854786044403e-01 7.139416187808290681e-01 5.503326729330165756e-02 5.892911212448207259e+00 -2.040447264881469977e-02 -5.699236223246617605e-02 9.981660824447438074e-01 1.665308766781975480e-01
7.129371426015580493e-01 -7.008455102944212145e-01 -2.315602295900700755e-02 7.756588553250180595e+00 7.009734435579523248e-01 7.114001101029069352e-01 5.045904053862213662e-02 5.953847504878084784e+00 -1.889079473267448253e-02 -5.220588133270360337e-02 9.984576524964109412e-01 1.474331751166999271e-01
7.018249235767883842e-01 -7.118970551885227538e-01 -2.538423645384292257e-02 7.795620380803998550e+00 7.122636615215939271e-01 7.007415877891739475e-01 4.051794193391272669e-02 6.054192974826129614e+00 -1.105681338757029744e-02 -4.651677070280113568e-02 9.988563144522316639e-01 1.943968573476764772e-01
6.953352140839541562e-01 -7.177550493446651636e-01 -3.655993975732139967e-02 7.895082386156048848e+00 7.186648576826890622e-01 6.940287694912179450e-01 4.295217631769264466e-02 6.155125770239769700e+00 -5.455491429919405444e-03 -5.614050461781762424e-02 9.984079734029145392e-01 2.665134675603978431e-01
6.860310002694981479e-01 -7.264611670926114373e-01 -4.019501680149752121e-02 7.988113552274898943e+00 7.274309471473695554e-01 6.837612302833728783e-01 5.757427458204862625e-02 6.227768479797109791e+00 -1.434168056793272937e-02 -6.873683632383133235e-02 9.975317356007668002e-01 2.400511449710895362e-01
6.872194773331141704e-01 -7.258419646171481165e-01 -2.971249526243402439e-02 8.094822939429583641e+00 7.259795337024650408e-01 6.847283268359245501e-01 6.403776287181459081e-02 6.301291760099678285e+00 -2.613630844539818060e-02 -6.557866138610887741e-02 9.975050538978000869e-01 1.765430657969871142e-01
6.871899009594348851e-01 -7.262037149007212200e-01 -1.995506160737239854e-02 8.207637921504751688e+00 7.260876088115921778e-01 6.856614412659389757e-01 5.162530669526056021e-02 6.392306934399914375e+00 -2.380807320272573108e-02 -4.996551236110158972e-02 9.984671367776037920e-01 1.556584790879992353e-01
6.968479084194012518e-01 -7.170592551262118253e-01 -1.513331323101812891e-02 8.261261242561396045e+00 7.172020288405194233e-01 6.965315028511813722e-01 2.156653340056255766e-02 6.458038181621017948e+00 -4.923652967943227890e-03 -2.588223664440445285e-02 9.996528734854586151e-01 1.987435089811750988e-01
7.069194821441681098e-01 -7.071604035967602453e-01 -1.374806713281609589e-02 8.354104646836663761e+00 7.071446299912800271e-01 7.070361262698668936e-01 -6.810904770789306950e-03 6.554445344352879843e+00 1.453678229585483352e-02 -4.907110572230890394e-03 9.998822941858280799e-01 2.522402652532403367e-01
7.345323431040504669e-01 -6.784278002096859606e-01 -1.406971345550894065e-02 8.406881448869174989e+00 6.785050759547890387e-01 7.345950157516412116e-01 1.012292661289018909e-03 6.621963711810932907e+00 9.648773894103949977e-03 -1.028993369719586812e-02 9.999005042637231222e-01 2.647957361922814168e-01
