1.000000000000000000e+00 0.000000000000000000e+00 0.000000000000000000e+00 0.000000000000000000e+00 0.000000000000000000e+00 1.000000000000000000e+00 0.000000000000000000e+00 0.000000000000000000e+00 0.000000000000000000e+00 0.000000000000000000e+00 1.000000000000000000e+00 0.000000000000000000e+00
9.999989235062088921e-01 -1.439159285669849722e-03 -2.860191844796344091e-04 1.475655534309893747e-02 1.439320177654054888e-03 9.999988056292173910e-01 5.631141668545802583e-04 -4.683721251069809105e-02 2.852084318845561780e-04 -5.635252338490935684e-04 9.999998005477107599e-01 -1.266816690462628861e-02
9.999946995766362257e-01 -3.252054870307953191e-03 -1.579802317377752114e-04 1.276259661696955636e-02 3.252113448983347081e-03 9.999946426851087367e-01 3.719666607960094864e-04 -9.278372598450344844e-02 1.567697293970933320e-04 -3.724784588515379631e-04 9.999999183415214654e-01 -1.894129558562719987e-02
9.999951634843688986e-01 -3.082125576109856664e-03 -4.165450798110197626e-04 1.104852708819538919e-02 3.082286933955735719e-03 9.999951747465070095e-01 3.872866634708118511e-04 -9.930877929320459929e-02 4.153494037446487405e-04 -3.885687018097153198e-04 9.999998382496052551e-01 -2.054872912098386697e-02
9.999982488527648927e-01 -1.862286781031757821e-03 1.848765776485643405e-04 -1.921110310940330607e-02 1.862302978825419730e-03 9.999982620858660631e-01 -8.748064072409711964e-05 -6.689770987555322679e-02 -1.847133423081303324e-04 8.782478373388496475e-05 9.999999790838940417e-01 -1.488047386095495139e-03
9.999997105248137341e-01 -4.943552043653556176e-04 5.784144022081356886e-04 -5.537321053518710900e-02 4.944649056565461913e-04 9.999998597912158615e-01 -1.895310151225400460e-04 -1.800083124531500975e-02 -5.783206254656410913e-04 1.898169658808323873e-04 9.999998147573696539e-01 1.117323722203884123e-02
9.999978946861403095e-01 1.817681196616788416e-03 9.521860923858522716e-04 -9.409080826413375453e-02 -1.817729100020523897e-03 9.999983467066455578e-01 4.944587417048701986e-05 2.635128577929343047e-02 -9.520946413071834733e-04 -5.117658644016741574e-05 9.999995454482721868e-01 1.850300530132280991e-02
9.999990976924207908e-01 8.534729012627004056e-04 1.037399802871100596e-03 -5.618502944230663321e-02 -8.546218214114406717e-04 9.999990214639590258e-01 1.107561586003307256e-03 -4.318629315059538398e-03 -1.036453513937871324e-03 -1.108447171151155349e-03 9.999988485538281457e-01 2.189067573706492478e-02
9.999991262187325480e-01 -1.165514050933720656e-03 6.238098816607534278e-04 -5.421713075987574793e-02 1.164684447748183613e-03 9.999984391481270274e-01 1.328612602278630679e-03 -1.060863672531495855e-02 -6.253574246421346027e-04 -1.327884899694305046e-03 9.999989228243121309e-01 1.705482291562903513e-02
9.999974102595119430e-01 -2.195893582975546720e-03 5.979344793092128147e-04 -7.804389016448129435e-02 2.195496508327651145e-03 9.999973694953713244e-01 6.639257637710702575e-04 -6.626840541468953169e-03 -5.993908167640344363e-04 -6.626112813141066824e-04 9.999996008383896795e-01 1.658606597769498106e-02
9.999995255718517884e-01 -6.202409874198295875e-04 7.511039800052349844e-04 -6.898426898855578027e-02 6.198862445304472628e-04 9.999996962725655747e-01 4.724360489462739693e-04 -4.802497622564237331e-03 -7.513967760758413815e-04 -4.719702257838967832e-04 9.999996063234179999e-01 2.377746103894542995e-02
9.999998385696838854e-01 3.404090111766805253e-04 4.549530869441957863e-04 -3.658179955905882519e-02 -3.405421982856827881e-04 9.999998991777698798e-01 2.927037089860922260e-04 1.155638073970820939e-02 -4.548534020946673126e-04 -2.928585924591848005e-04 9.999998536711030006e-01 1.042509499035741347e-02
9.999999794978460255e-01 -1.470559369083778052e-04 1.392079702765985384e-04 -1.209700174067076216e-02 1.469955528437749616e-04 9.999998951571389405e-01 4.336796265559553047e-04 5.647086491064521457e-03 -1.392717308454379085e-04 -4.336591547120377532e-04 9.999998962715558326e-01 -2.010990149995188839e-03
9.999998221168071577e-01 -5.778563412116283606e-04 1.478120528887520127e-04 -1.089801912475536934e-02 5.778006119968732675e-04 9.999997620867939752e-01 3.767927921280860319e-04 3.667134920815020866e-03 -1.480297498265666567e-04 -3.767073192083614545e-04 9.999999180893910378e-01 -5.049249299448360651e-03
9.999998772235427769e-01 -4.917021550372998413e-04 6.149707343818189764e-05 -1.254255899342732877e-02 4.916838526041385779e-04 9.999998349368044437e-01 2.972765598711850214e-04 -6.300589215640487774e-03 -6.164323481240916022e-05 -2.972462862546302220e-04 9.999999539223773937e-01 -3.479268258505324556e-03
9.999999516818764977e-01 1.778116920394899993e-04 2.549887188563820187e-04 -1.523459141080544393e-02 -1.777990740796934663e-04 9.999999829683126062e-01 -4.950619908827054455e-05 -1.434649327437874204e-02 -2.549975172945202328e-04 4.946085993811047719e-05 9.999999662649441401e-01 4.063180608774434946e-03
9.999999934895785758e-01 -7.395962227924957402e-05 8.689543786432276273e-05 1.112942296451871829e-02 7.397601658426660484e-05 9.999999794638962936e-01 -1.886789761053230734e-04 -2.591331713340548626e-02 -8.688148145402424180e-05 1.886854030552959939e-04 9.999999784247132206e-01 8.388550227129559778e-04
9.999997813411406478e-01 -5.854483230849225539e-04 -3.075189944361962635e-04 3.925450705583895944e-02 5.854679716605168003e-04 9.999998265778990980e-01 6.380772527387122792e-05 -3.490171870937690268e-02 3.074815849798446946e-04 -6.398775384366645438e-05 9.999999506803198823e-01 -1.228967963257330751e-02
9.999998712700096659e-01 -2.655212492330550462e-04 -4.323868989539542888e-04 3.020411656545334000e-02 2.653863717265218477e-04 9.999999161240826773e-01 -3.119645835854162352e-04 -5.839746470667601941e-02 4.324696959130565062e-04 3.118497938359229425e-04 9.999998578598240373e-01 -3.124654731671524036e-02
9.999884481585026297e-01 4.801377425622633394e-03 -2.243309306807164552e-04 1.470631892846289979e-02 -4.801529080319772227e-03 9.999882410802950483e-01 -6.804554566558288766e-04 -7.005615124992055354e-02 2.210611693225861881e-04 6.815247276295261598e-04 9.999997433279695924e-01 -2.470950984329796721e-02
9.999822680775465322e-01 5.954555932018441855e-03 -8.242656282936904814e-05 -4.559832368107970095e-03 -5.954589485580089742e-03 9.999821859909362454e-01 -4.129949717917748417e-04 -7.074971276216007743e-02 7.996589282265520113e-05 4.134784649413176518e-04 9.999999113205035872e-01 -1.311293460172686595e-02
9.999841601427472693e-01 5.628242027872739153e-03 -4.853122699092593355e-05 -1.350573212169467290e-02 -5.628252750465141674e-03 9.999841362363333097e-01 -2.237110890392972568e-04 -7.383473432882627085e-02 4.727135694957833615e-05 2.239806914993761587e-04 9.999999737990339366e-01 -8.689488164639519452e-03
9.999887879469890883e-01 4.720567516247748709e-03 -3.744631306258827869e-04 2.359446391504484847e-02 -4.720548535208027828e-03 9.999888568196505512e-01 5.155633057926523456e-05 -7.680560957500777441e-02 3.747023330550733528e-04 -4.978808114418831112e-05 9.999999285596516962e-01 -1.770216459018606608e-02
9.999860025129911900e-01 5.276073914148805312e-03 -3.972683480655913148e-04 3.741967264626541029e-02 -5.276109369921772214e-03 9.999860773436664019e-01 -8.825385830975608355e-05 -6.699777866658028491e-02 3.967971831552578356e-04 9.034865423112312978e-05 9.999999171945546106e-01 -2.128108775953502924e-02
9.999799649962303194e-01 6.311021680303960726e-03 -4.905216494801977606e-04 5.901691514413473505e-02 -6.311189067252835280e-03 9.999800262946441087e-01 -3.404472357869604469e-04 -6.448271908811860353e-02 4.883632820592493425e-04 3.435361897967583052e-04 9.999998217420795754e-01 -2.731211013670769433e-02
9.999283244258461156e-01 1.196070824334782151e-02 -5.361615776110008639e-04 9.975303950213172677e-02 -1.196080591652461111e-02 9.999284509205318416e-01 -1.793362560711436922e-04 -7.345086674868321619e-02 5.339782271073554394e-04 1.857363266117260123e-04 9.999998401846221796e-01 -3.752192795987005502e-02
9.998273147992984278e-01 1.857275105380222502e-02 -6.272953994744196252e-04 1.082903696568352503e-01 -1.857294264314287430e-02 9.998274627190587571e-01 -3.009889428159863867e-04 -1.775511684896222131e-02 6.215969749269788583e-04 3.125876879547330239e-04 9.999997579530397473e-01 -5.073082059910300617e-02
9.998218567417118674e-01 1.884871733514266456e-02 -9.902708597919231137e-04 1.104715982203065827e-01 -1.884914207063939640e-02 9.998222503604780043e-01 -4.213398990620053578e-04 -1.392145021751549361e-03 9.821531228441284650e-04 4.399305963241718432e-04 9.999994209179892124e-01 -6.768074743323249098e-02
9.999413102054987013e-01 1.076646234975389693e-02 -1.208069940865080056e-03 1.009862392560854361e-01 -1.076665326615571655e-02 9.999420264105990386e-01 -1.516420494619743478e-04 -6.628569576993360163e-03 1.206367256298188908e-03 1.646400197958132320e-04 9.999992587855787152e-01 -7.255590365499384187e-02
9.999904918879015669e-01 -4.241245799103419978e-03 -1.013887500795762923e-03 1.027143977157464749e-01 4.241690176923138683e-03 9.999909087058814761e-01 4.365432719810025098e-04 1.393352887502616495e-02 1.012026795927873811e-03 -4.408397179312672771e-04 9.999993907308680763e-01 -5.569224489946975054e-02
9.996650685655477098e-01 -2.586898286867024901e-02 -7.391990119765048115e-04 1.516841395052785091e-01 2.586954318502674918e-02 9.996650394013081309e-01 7.587714932845203170e-04 4.614266724097179639e-02 7.193227626718880956e-04 -7.776400976225083996e-04 9.999994389251634086e-01 -3.031643965756669612e-02
9.986250630121850103e-01 -5.240925359847435627e-02 -1.119670112238872403e-03 2.198600494105103220e-01 5.241144208868206422e-02 9.986235249617764209e-01 2.023890091123661545e-03 5.168011217304091520e-02 1.012058345237191407e-03 -2.079790895024139202e-03 9.999973251002918229e-01 -3.450539203782218567e-02
9.980853613618798637e-01 -6.182803771658940822e-02 -1.704460982714281134e-03 2.665289410514770085e-01 6.183353950648257796e-02 9.980807184347698646e-01 3.390115165285833166e-03 8.657598402549607219e-03 1.491585473868629365e-03 -3.489017175314621400e-03 9.999928009400490536e-01 -6.931399755367445570e-02
9.974240429890116610e-01 -7.171233270797033876e-02 -1.618581179766027381e-03 2.978352755728882473e-01 7.171498065220988094e-02 9.974238145342152473e-01 1.641873950231451974e-03 -5.055624359499208409e-02 1.496668803471974110e-03 -1.753721071509146013e-03 9.999973422189161187e-01 -5.061834377034041266e-02
9.967934223235607183e-01 -8.000740631864126928e-02 -1.299286976543254004e-03 2.668084097221952167e-01 8.000650488724751763e-02 9.967940729628251839e-01 -7.316296254277965998e-04 -8.416709632661059648e-02 1.353657346012462036e-03 6.253321883647333526e-04 9.999988882851039707e-01 -1.655769184549982925e-02
9.967995927446092752e-01 -7.990309851849346223e-02 -2.463077612454743753e-03 2.952645671172927644e-01 7.989275041557998558e-02 9.967952500408625571e-01 -4.046965160224383698e-03 -1.899702157500262611e-01 2.778549120475197042e-03 3.837231178617239030e-03 9.999887775978623106e-01 -6.073766723944658968e-02
9.965440211969297524e-01 -8.280477380271485111e-02 -6.586596399840255640e-03 3.726387180018252421e-01 8.260529166861681205e-02 9.962352584038274284e-01 -2.629972816213217018e-02 -1.824570592757031595e-01 8.739542607934819990e-03 2.566474914236506477e-02 9.996324029594396698e-01 -9.888593633332370958e-02
9.962188224436608897e-01 -8.606979024298017089e-02 -1.183423070989953786e-02 3.989342590956342360e-01 8.526643693490057463e-02 9.947355859757261998e-01 -5.683967563203825429e-02 -6.747984657111934237e-02 1.666410937891241520e-02 5.561569203973008163e-02 9.983131784452961011e-01 -3.735258544322545005e-02
9.987855944429553379e-01 -4.777345422049444901e-02 -1.204298156913704947e-02 4.911813197312849266e-01 4.689543296353454460e-02 9.967892789581983548e-01 -6.489955100890719419e-02 -5.920974785525771888e-02 1.510479064386166352e-02 6.425597579865573172e-02 9.978191293384626182e-01 2.219058083330051334e-02
9.991901079495953963e-01 -3.944242831829538470e-02 -7.963857358851602480e-03 6.967724640923157464e-01 3.891797070853745405e-02 9.975704852128114419e-01 -5.777991509344266446e-02 -6.645777492308888035e-02 1.022348920894551941e-02 5.742318243211667200e-02 9.982975800770842456e-01 1.725826553600778857e-02
9.983950728465814661e-01 -5.634387203899295093e-02 -5.713720269913710563e-03 7.535734696853713110e-01 5.601347215996028972e-02 9.973179261891128577e-01 -4.711098638781231057e-02 -1.370225865779957364e-02 8.352811039080676112e-03 4.671533137526557439e-02 9.988733194766213908e-01 -4.277534121624090857e-02
9.983088766273456871e-01 -5.813200547017863956e-02 2.383003611048699561e-04 7.248766210237317376e-01 5.811326952534900253e-02 9.978649367844824036e-01 -2.980630539290591435e-02 -3.040710489840350861e-04 1.494908733376591314e-03 2.976974766631637626e-02 9.995556649690715556e-01 -2.698329630088898423e-02
9.978868738352839607e-01 -6.496004099189990610e-02 1.407160820497996116e-03 7.524322771613514149e-01 6.496500972480935554e-02 9.978801831411655554e-01 -3.832441207551639303e-03 -2.080236712441965730e-02 -1.155222359326012107e-03 3.915758992149249128e-03 9.999916661116811101e-01 -2.752084045543244650e-02
9.955692199841710277e-01 -9.401610728243880999e-02 -1.702877437246880406e-03 8.720865665162946812e-01 9.402736040592202249e-02 9.955323345971607285e-01 8.615466709454252733e-03 8.026657971376714718e-03 8.852769081908857217e-04 -8.737410542250087855e-03 9.999614362273236967e-01 6.720008870394580947e-02
9.854398293035974143e-01 -1.693721998632195525e-01 -1.487954083936510359e-02 9.386661564853138184e-01 1.695113843754390004e-01 9.854903287649555699e-01 8.643059519746074115e-03 1.070541431120242415e-01 1.319974958924936652e-02 -1.103946666435106500e-02 9.998519374320118391e-01 1.518378520434028323e-01
9.735534424482724658e-01 -2.264433378408336195e-01 -3.028381489542365801e-02 9.743065285222226590e-01 2.268206266675618366e-01 9.738890428444605396e-01 9.619539782916217835e-03 1.345331635541845150e-01 2.731479480524672682e-02 -1.623412994289063008e-02 9.994950500176299490e-01 1.228325348839066494e-01
9.635862063465009397e-01 -2.648840122928443064e-01 -3.657981643478715877e-02 1.138078663240810195e+00 2.658180467720427931e-01 9.637363238905845009e-01 2.351731328529087228e-02 1.054955946138334266e-01 2.902393751809850125e-02 -3.238453404801058810e-02 9.990539790248766927e-01 -2.920187201953083900e-03
9.579122053744661969e-01 -2.851357190878940906e-01 -3.319380205484228491e-02 1.353460249261142501e+00 2.861687610328755293e-01 9.576395975848808195e-01 3.215340334049555937e-02 1.150219388390429504e-01 2.261961545949605495e-02 -4.029916671219356539e-02 9.989315943340502102e-01 -1.407677410485270175e-01
9.532830591256994390e-01 -3.010478639293653336e-01 -2.493176302459636229e-02 1.443145122977214090e+00 3.015470631483242459e-01 9.532528448009301991e-01 1.945205864565904830e-02 1.477691218254565675e-01 1.791027332479473017e-02 -2.606141789120337837e-02 9.994998872470828299e-01 -1.312383995847696827e-01
9.498215622729864194e-01 -3.125716556512947997e-01 -1.174563428308092114e-02 1.380333468434485455e+00 3.124873686267847783e-01 9.498840691524673696e-01 -8.479364307454216251e-03 2.113881936819649310e-01 1.380739982804108854e-02 4.383520703615454220e-03 9.998950647224085220e-01 6.900006525624000076e-02
9.551521082870118029e-01 -2.953663137688410933e-01 -2.105209551287281350e-02 1.362394856304490309e+00 2.949864971970534433e-01 9.553049296449069860e-01 -1.937673521396277368e-02 2.340354452065451230e-01 2.583440547582590424e-02 1.229764557733556765e-02 9.995905918959846481e-01 2.263844488804032939e-01
9.606494032692518559e-01 -2.758909529595339749e-01 -3.220102596984305426e-02 1.604427926853650765e+00 2.759069890144056347e-01 9.611758807229263679e-01 -4.032335490936659987e-03 2.542814138254930745e-01 3.206333437799278180e-02 -5.010827435364350289e-03 9.994732783806569154e-01 1.941644998005590261e-01
9.557837636398731629e-01 -2.907360806669361253e-01 -4.415799543489205142e-02 1.897251414689194116e+00 2.918456252245288374e-01 9.562337001137184433e-01 2.105330862670009781e-02 3.053639158270401444e-01 3.610440692911332655e-02 -3.300972834265718941e-02 9.988026980515426478e-01 -4.132963683877427519e-02
9.460480174723331359e-01 -3.215856381262669483e-01 -3.969667476741365469e-02 1.999844849794439661e+00 3.228654601805183155e-01 9.459190019484208234e-01 3.154578221134514415e-02 3.498474755851410656e-01 2.740516847403531506e-02 -4.266050988707444092e-02 9.987136915237943002e-01 -1.818073994031188523e-01
9.238768427465364752e-01 -3.815663288838644362e-01 -2.930385808698520236e-02 2.002237761282807504e+00 3.823355682624228757e-01 9.236058278597103488e-01 2.778107242402939533e-02 3.731714873488243267e-01 1.646489229061977658e-02 -3.687019671319403252e-02 9.991844153689490859e-01 -8.678619843740714712e-02
8.988626416489491344e-01 -4.378676255080903301e-01 -1.782958159295019648e-02 1.983709234062605242e+00 4.381903761287684329e-01 8.985865965783039755e-01 2.305043856304824640e-02 4.096674259271060881e-01 5.928382241502242085e-03 -2.853192916238176530e-02 9.995753014667136949e-01 7.410166776885059037e-02
8.583717885047560392e-01 -5.129136024957813289e-01 -1.084016023617591709e-02 2.100211316875362222e+00 5.129822960179711844e-01 8.578209933269184129e-01 3.150091077650839927e-02 4.839810309600720561e-01 -6.858328606657713121e-03 -3.260030340991649372e-02 9.994449377260883338e-01 1.477532214580064562e-01
8.339109963704497419e-01 -5.518816978223127778e-01 -4.363684361320362137e-03 2.213912769499742694e+00 5.514319578213723316e-01 8.328541416581594081e-01 4.771555947632667022e-02 5.226423398667923159e-01 -2.269903138312210147e-02 -4.219680475595442154e-02 9.988514322173522864e-01 4.457784082594468122e-02
8.126862561333625390e-01 -5.826654495745369200e-01 6.482512170573809587e-03 2.319563836003010415e+00 5.814913347996588655e-01 8.116648711832071816e-01 5.538920869681071557e-02 5.770348972017369515e-01 -3.753500559277742066e-02 -4.124452399107858547e-02 9.984437954115892300e-01 8.185828958140350942e-03
8.095136947664653970e-01 -5.870683415434100327e-01 6.191957930746373739e-03 2.399574757604532316e+00 5.861012141714231349e-01 8.087054538661898606e-01 4.980818842181886086e-02 6.317535335092766546e-01 -3.424828072078346664e-02 -3.669129657766204144e-02 9.987396077172069342e-01 3.231570510234881705e-02
8.053628146591943482e-01 -5.927228765727629023e-01 -8.386200064965081830e-03 2.538426669191150342e+00 5.927092364348890419e-01 8.049611357856514271e-01 2.708008344604642334e-02 6.882145172284463985e-01 -9.300419828751092799e-03 -2.677987046240947258e-02 9.995980895985273618e-01 6.767231140837312586e-02
8.077890039579679327e-01 -5.885694410201740556e-01 -3.260273273506290870e-02 2.564211012131821565e+00 5.888967066223371738e-01 8.082081259699354092e-01 5.422596517226183771e-04 7.526473476847008737e-01 2.603063606520168369e-02 -1.963767331851842129e-02 9.994682425033204476e-01 6.178608189967460529e-02
8.331479054904691317e-01 -5.496045991537096276e-01 -6.163888517757645097e-02 2.672046764108900962e+00 5.494843888395396503e-01 8.352546604962830523e-01 -2.040976582120672400e-02 8.172028139654454737e-01 6.270146727535140518e-02 -1.686525150506180959e-02 9.978898182130074845e-01 1.079813904973945804e-01
8.338403464528141296e-01 -5.466814496685643565e-01 -7.648313026888940713e-02 2.901490944623658308e+00 5.474602897429974302e-01 8.367420083185728163e-01 -1.224919056569301855e-02 9.144193808268999968e-01 7.069305327940110517e-02 -3.165760735239359774e-02 9.969956309406563522e-01 1.882532250111249028e-01
8.341472142448139726e-01 -5.467089981038614210e-01 -7.285393853381209872e-02 2.990286516701361030e+00 5.483711846910602761e-01 8.362280626740038469e-01 3.416284093180153164e-03 9.616244973866217016e-01 5.905479462447997541e-02 -4.280068444259131633e-02 9.973367699243351758e-01 1.063609057226401339e-01
8.165867381365465860e-01 -5.722483713211513612e-01 -7.561680117410950197e-02 3.088942998925600314e+00 5.742630568045371531e-01 8.186476623720893020e-01 6.160071608570658747e-03 9.731571066744331144e-01 5.837842657201357255e-02 -4.845416816955529227e-02 9.971179232658354818e-01 1.292995153510152762e-02
7.939599677969385594e-01 -6.020718608098509783e-01 -8.448102720047717673e-02 3.047351330296957705e+00 6.039266115059576112e-01 7.970276113467315016e-01 -4.431102103962612088e-03 1.009633381471647606e+00 7.000155320288578564e-02 -4.750222280995970714e-02 9.964152354201015749e-01 1.163286553320424382e-02
7.700893602218156220e-01 -6.306222996945248793e-01 -9.632181684926613419e-02 3.124241637047761255e+00 6.327253199804715456e-01 7.743015026920274657e-01 -1.076347455416395288e-02 1.095944849330311666e+00 8.136981460446340852e-02 -5.265641515387236432e-02 9.952920451879329056e-01 1.315099952397117966e-01
7.458128904382214097e-01 -6.566975719954650792e-01 -1.118545099289544320e-01 3.209051226187772166e+00 6.609377466806642953e-01 7.504399174021424423e-01 1.106969806095536857e-03 1.182069587398574262e+00 8.321314480820646287e-02 -7.475446009922508128e-02 9.937239773832580170e-01 1.732055297650080816e-01
7.420468763543611734e-01 -6.607993407093606386e-01 -1.127415833258065825e-01 3.398639493872703810e+00 6.671475119813123911e-01 7.443994544274764591e-01 2.799374046496989898e-02 1.232951214368049220e+00 6.542652787577923901e-02 -9.598793448215124646e-02 9.932299259909409539e-01 9.549886615874964013e-02
7.238973353062350125e-01 -6.830789276968535217e-01 -9.682885144960179380e-02 3.552616531741495276e+00 6.888678728252851657e-01 7.233547165361714493e-01 4.710634621833727220e-02 1.322910761322641848e+00 3.786425393031120357e-02 -1.008024434296699995e-01 9.941856796760397685e-01 7.683471281098169792e-04
7.175371593316082208e-01 -6.922027379125950119e-01 -7.743251645551441076e-02 3.616389663977649160e+00 6.961077382671563285e-01 7.164925126451505699e-01 4.552467515560257999e-02 1.375337666175503237e+00 2.396751349035889517e-02 -8.656701998882782023e-02 9.959576845164374026e-01 -1.302975733673253367e-02
7.153031356992428647e-01 -6.957419722376706472e-01 -6.545633755158569711e-02 3.640589771686171261e+00 6.982509362382250950e-01 7.153445650365266584e-01 2.697745939010296259e-02 1.446914175176129413e+00 2.805448451269125162e-02 -6.500201027305962942e-02 9.974906939712210319e-01 5.816499103843477542e-02
7.147680279347394805e-01 -6.967924138979265658e-01 -5.989155346611103881e-02 3.721350348569962385e+00 6.984615196330853371e-01 7.155691097469925044e-01 1.059975319230523072e-02 1.529678812015324851e+00 3.547071798152086342e-02 -4.940831013298507129e-02 9.981486097048265504e-01 1.209826885882094999e-01
7.244646599284972899e-01 -6.865867248133578071e-01 -6.123418836526954567e-02 3.785814878954221641e+00 6.884350307222829590e-01 7.251619314373694003e-01 1.404925864354479581e-02 1.627204346786795375e+00 3.475866782683137424e-02 -5.233395173394157773e-02 9.980245450422616793e-01 1.659227945359522671e-01
7.315834642025584866e-01 -6.795751923678252648e-01 -5.443521675916460079e-02 3.998079564383419271e+00 6.815301825572710470e-01 7.310466551076180153e-01 3.297572318261502572e-02 1.706459377069501571e+00 1.738519970655167876e-02 -6.122373701594018697e-02 9.979726493531605458e-01 1.235816940611612624e-01
7.187294092719939131e-01 -6.945125403870038294e-01 -3.286894419845419468e-02 4.105907255124623845e+00 6.951652758042909941e-01 7.169021759470171062e-01 5.288203322846267429e-02 1.786552767733109670e+00 -1.316341762137666557e-02 -6.085722116250918967e-02 9.980596791118768740e-01 4.377349642967339610e-02
7.100163682089071226e-01 -7.040339453228039446e-01 -1.459317335744967845e-02 4.122186907680599255e+00 7.034998406885852873e-01 7.082589614061486349e-01 5.879810999529378607e-02 1.840581857615496197e+00 -3.106011955174369302e-02 -5.201391564851309129e-02 9.981632239029550879e-01 4.427756421557464683e-02
6.922524933874955044e-01 -7.215048189230147679e-01 -1.474047725357432656e-02 4.167467513893878817e+00 7.209751153314031269e-01 6.905689754442634332e-01 5.752715208256067858e-02 1.944202922557676017e+00 -3.132680117192437885e-02 -5.045083175456996361e-02 9.982351151425232771e-01 1.107197980418946764e-01
6.648309223066983797e-01 -7.463096723760944684e-01 -3.196431858668988962e-02 4.338886912845211441e+00 7.466758326709632687e-01 6.626906502375329300e-01 5.758735097987692508e-02 2.050129323849079199e+00 -2.179554197418592104e-02 -6.215283586162774487e-02 9.978286322532586849e-01 1.222663360306642383e-01
6.488069738232757899e-01 -7.600951670218093481e-01 -3.612267692697777172e-02 4.398075015451692771e+00 7.603798578668591324e-01 6.457452723119636584e-01 6.953786764866384806e-02 2.110890319820471817e+00 -2.952934927590327580e-02 -7.258360942275887684e-02 9.969250910547422517e-01 9.126582688717610470e-02
6.407550687119518695e-01 -7.674992144830614649e-01 -1.943959073194046969e-02 4.504456678447019691e+00 7.661860846107677592e-01 6.376357521723650112e-01 7.987196817659925063e-02 2.180479988976912864e+00 -4.890629477647220891e-02 -6.607271236649692181e-02 9.966155582830176218e-01 8.383761296739064561e-02
6.355935123312930202e-01 -7.720093227848652262e-01 -4.742638044846501921e-03 4.576445573318206783e+00 7.702008947833196562e-01 6.336587927071533066e-01 7.257489993025741104e-02 2.277838487223903030e+00 -5.302328504859291775e-02 -4.978091961953862166e-02 9.973516888663139790e-01 8.940478120783085236e-02
6.430635948199971974e-01 -7.657619315592932852e-01 8.824805480175026279e-03 4.647726477212452245e+00 7.645095722901432689e-01 6.425986315760165990e-01 5.091279380836535168e-02 2.381716861534217689e+00 -4.465788725325887942e-02 -2.599351594554439454e-02 9.986641128201533268e-01 1.091450969248772968e-01
6.502220682941296515e-01 -7.594557669819831380e-01 2.093322481396601986e-02 4.723694181474956899e+00 7.586209209859552383e-01 6.505119493977860046e-01 3.644862045555959801e-02 2.514196262361404699e+00 -4.129842788442734947e-02 -7.819315091504732904e-03 9.991162585834415522e-01 1.362036652016713756e-01
6.738864482727082716e-01 -7.382331917650711839e-01 2.981290678129979235e-02 4.781294733067912084e+00 7.366637055723418426e-01 6.744500889741296135e-01 4.943341355009567284e-02 2.575031130834873228e+00 -5.660070429615492171e-02 -1.135042109987484740e-02 9.983323736181426433e-01 1.345690006083178902e-01
6.918937241064881949e-01 -7.214983383859288057e-01 2.689279175538833444e-02 4.903659390308493293e+00 7.190810106925009659e-01 6.919644822314706678e-01 6.409099306130319751e-02 2.683037952707432616e+00 -6.485040172201039788e-02 -2.500605999506055888e-02 9.975816369400638539e-01 1.031965752118133711e-01
6.827571493574935424e-01 -7.303104000789697459e-01 2.212226339515117532e-02 5.042999453152921419e+00 7.278997623936476202e-01 6.825020179752809835e-01 6.597674868421972427e-02 2.771210887136028145e+00 -6.328199513685350830e-02 -2.894330658657340294e-02 9.975758989146313871e-01 5.294581651330353134e-02
6.609938513709909813e-01 -7.501769658620596193e-01 1.793455713806294330e-02 5.093965928623916284e+00 7.482900717533447210e-01 6.607419949428372519e-01 5.900834376877477083e-02 2.845084177420246441e+00 -5.611681535082484185e-02 -2.558390136304027410e-02 9.980963716124449103e-01 6.047834222498445905e-02
6.414829549591101188e-01 -7.669121292921061706e-01 1.858505963337745912e-02 5.091541578536546098e+00 7.652811789032243350e-01 6.414273034249353689e-01 5.399751510493015771e-02 2.954910330524132434e+00 -5.333231397023356635e-02 -2.041568920374196502e-02 9.983681004123261538e-01 1.118634106241343795e-01
6.129961635316745205e-01 -7.899677324461704675e-01 1.366327886359101559e-02 5.190448694556127229e+00 7.879647411251975431e-01 6.125253749352719268e-01 6.264368925841820590e-02 3.054241401533033695e+00 -5.785559816430140001e-02 -2.763415919220985409e-02 9.979424246953280120e-01 1.404305111208852819e-01
5.942639211157138002e-01 -8.042206392435635731e-01 8.919387582703844353e-03 5.259158285867736815e+00 8.008356494282722338e-01 5.927136570551235772e-01 8.574837225941239760e-02 3.115532103911156980e+00 -7.424725358539616127e-02 -4.381420038087119329e-02 9.962768998526517761e-01 1.153277617267758626e-01
5.959483829809069100e-01 -8.030187056111592891e-01 2.546224856628483135e-03 5.347305218139166705e+00 7.990385352377527006e-01 5.933040621025937877e-01 9.760998462077516424e-02 3.190885331691756477e+00 -7.989332905536430940e-02 -5.613598071771577769e-02 9.952214867261013342e-01 9.529664961657449695e-02
6.028556439908538955e-01 -7.977702365609632418e-01 -1.130142317753771511e-02 5.460735292748479353e+00 7.950225138029604066e-01 5.994671904888644320e-01 9.261905891234858967e-02 3.273468922106761880e+00 -6.711389613779383811e-02 -6.482080827058780970e-02 9.956374780814315484e-01 8.271334946714697933e-02
6.134749493743257842e-01 -7.894918409698580275e-01 -1.873818380187715696e-02 5.526687036003788300e+00 7.884935623204304411e-01 6.110355403283943554e-01 7.009615278190860221e-02 3.407106426279741918e+00 -4.389064444054067982e-02 -5.777717107657349277e-02 9.973642312781135777e-01 8.747086020280231411e-02
6.370803743295008204e-01 -7.705431667178652688e-01 -1.979456664307785441e-02 5.615630891865822427e+00 7.702829054928963526e-01 6.355070613934818979e-01 5.286795271658391304e-02 3.489093268812995863e+00 -2.815745282522708753e-02 -4.892855141351840076e-02 9.984053058287349902e-01 1.227001886547639947e-01
6.529195158429219603e-01 -7.573296683199688406e-01 -1.216056387715242978e-02 5.667499774493324871e+00 7.566595352372240679e-01 6.514509173624285499e-01 5.548017666012071414e-02 3.581252313436003920e+00 -3.409477329492714703e-02 -4.542549669531452394e-02 9.983857324120529730e-01 1.409106605048818239e-01
6.801322145506409900e-01 -7.330866279433601029e-01 -2.041240082456593358e-03 5.711860957108688019e+00 7.316080226428560707e-01 6.785782253730245905e-01 6.543159217233500413e-02 3.662259940230724986e+00 -4.658188419386855017e-02 -4.599552130620999935e-02 9.978549694643601420e-01 1.854382748120542712e-01
6.871458105925862814e-01 -7.265134891567950337e-01 2.963959898014859040e-03 5.845250248479192834e+00 7.244245748297035714e-01 6.854682776490435003e-01 7.309087302568557931e-02 3.780637084577443741e+00 -5.513320567372018144e-02 -4.807692180322281628e-02 9.973208807711116952e-01 1.432137878599086811e-01
6.838503933019752790e-01 -7.296154459766712730e-01 3.152867424566975496e-03 5.925132117778200147e+00 7.275858588757964096e-01 6.822580056118530134e-01 7.171353946436094529e-02 3.841591842366026022e+00 -5.447437511989896425e-02 -4.674735041475488323e-02 9.974202863810704978e-01 8.494761647463719423e-02
6.752437231642731685e-01 -7.375946417962303547e-01 -2.423236291244704188e-04 5.975705627098419903e+00 7.364265439128540036e-01 6.741558126341338220e-01 5.647907322345183112e-02 3.910470504407733472e+00 -4.149529790012215086e-02 -3.831559323697578123e-02 9.984037537825459774e-01 8.105436506767960125e-02
6.658109075913835051e-01 -7.460666699949145553e-01 -8.964332381034834096e-03 6.061068547495032099e+00 7.459635306158831636e-01 6.653763120511959617e-01 2.850919767787140485e-02 4.010311139960564653e+00 -1.530510775606218690e-02 -2.566879981317675419e-02 9.995533334408556181e-01 1.211478287749459537e-01
6.285486742352923706e-01 -7.776581005908129729e-01 -1.320767589492371011e-02 6.120556310188863591e+00 7.777700661424440387e-01 6.284696144258066219e-01 9.983384008248233354e-03 4.112559963142658148e+00 5.369635318207078081e-04 -1.654757773714902319e-02 9.998629352772301360e-01 1.721475097083629557e-01
6.312574621422362142e-01 -7.755726826938199592e-01 1.015061010164160574e-03 6.127220395690530452e+00 7.754272099958051667e-01 6.311633830537638490e-01 1.858563666516102608e-02 4.144023611946318297e+00 -1.505518142915274020e-02 -1.094521590646012517e-02 9.998267568738578026e-01 2.087440086101793879e-01
6.347505523758502077e-01 -7.726520610197182837e-01 1.002640815719418356e-02 6.284928332059669387e+00 7.720522656783423976e-01 6.346891632496872715e-01 3.324101554330183284e-02 4.260986322850336627e+00 -3.204739177361006636e-02 -1.335884184326747992e-02 9.993970712510195087e-01 1.589312176567194146e-01
6.470434413897265813e-01 -7.624325518888857012e-01 5.602568584238208638e-03 6.362979682418133720e+00 7.618616701955733816e-01 6.468134247471104548e-01 3.462930917193664249e-02 4.384066796909738883e+00 -3.002632913546053606e-02 -1.813828512058573289e-02 9.993845216789848385e-01 9.575639970979279991e-02
6.642329984906838458e-01 -7.475250613523420906e-01 -8.979789821696431557e-04 6.439397936806239287e+00 7.474077555555163066e-01 6.641064754732677322e-01 1.855360261349466022e-02 4.471840153575159071e+00 -1.327292927506181636e-02 -1.299507155236558770e-02 9.998274638475420639e-01 7.459472379958156929e-02
6.774613705085590354e-01 -7.355431464588815249e-01 -4.729816701860487665e-03 6.507341298073367142e+00 7.355563493959453858e-01 6.774605293232458525e-01 2.021898211464592636e-03 4.543535317461399714e+00 1.717070754164083408e-03 -4.848804639900077332e-03 9.999867702932820901e-01 1.084382687523579025e-01
6.994907381082731135e-01 -7.146343144264331038e-01 -3.240979019600512354e-03 6.572403014447968594e+00 7.146136824401481125e-01 6.994962888092461917e-01 -5.676866338308958135e-03 4.654316876446882745e+00 6.323936280087105039e-03 1.654867473217760520e-03 9.999786343935411770e-01 1.544733848116241481e-01
7.039818109598526830e-01 -7.102121873145686992e-01 2.873817590302332921e-03 6.708780069512783939e+00 7.102178858242830239e-01 7.039736221806645045e-01 -3.419638741283690265e-03 4.782794172976425173e+00 4.055773317410856210e-04 4.448400127146522401e-03 9.999900235719038077e-01 1.499364846566962062e-01
6.991399383538070555e-01 -7.149140684503442200e-01 1.006088119457825350e-02 6.777647620865576705e+00 7.149639114208817814e-01 6.991579477581466584e-01 -2.183907591923027643e-03 4.833874706472506944e+00 -5.472838786978576758e-03 8.720023990403939773e-03 9.999470032042790946e-01 1.039249503954867704e-01
6.931855759053420218e-01 -7.207139989179219830e-01 8.067782874922692360e-03 6.843983212000502192e+00 7.207553975232318111e-01 6.931024003012948853e-01 -1.098724886910613409e-02 4.919046348644561029e+00 2.326864393841298652e-03 1.343110048809268049e-02 9.999070913048728748e-01 1.395035335165749624e-01
6.883317981879937264e-01 -7.253958003487905870e-01 -5.181115911022204749e-04 6.880587029626969553e+00 7.253794720510269300e-01 6.883207724106994441e-01 -6.255860844969102739e-03 5.042228423841486062e+00 4.894602155089439188e-03 3.930280432214198864e-03 9.999802976886432715e-01 1.945345710911943748e-01
6.777892779746980123e-01 -7.352286933029837934e-01 -6.361069605380541281e-03 6.997252003507254514e+00 7.351418390950509307e-01 6.775058929041331002e-01 2.349981898056934318e-02 5.126648139811917027e+00 -1.296807905912197162e-02 -2.060421374768727984e-02 9.997036037253022034e-01 1.557161037473535625e-01
6.696441606819065750e-01 -7.426183182481125300e-01 -9.733009142603851402e-03 7.074670611547631438e+00 7.419242368910363705e-01 6.683114915114061194e-01 5.392751642207341267e-02 5.222490906360036433e+00 -3.354287969566988742e-02 -4.333340185289892565e-02 9.984974168747643430e-01 1.306539504397769003e-01
6.740158105435651859e-01 -7.385329937136466683e-01 -1.648345636266208142e-02 7.179003725805424452e+00 7.375691915375481855e-01 6.715576913748370069e-01 7.072449964437216297e-02 5.297823198792815269e+00 -4.116278455047068380e-02 -5.982712053624272136e-02 9.973596847759556017e-01 1.287323025750243266e-01
6.669847241730111342e-01 -7.445943758038257032e-01 -2.665695483665642129e-02 7.303443975167628111e+00 7.444540378504821421e-01 6.645492559396443122e-01 6.451722218274801024e-02 5.409427942617610618e+00 -3.032430127744324688e-02 -6.287687930691586435e-02 9.975604918002007881e-01 1.023541201815974244e-01
6.707753396627735842e-01 -7.413344964950512317e-01 -2.199108925723665744e-02 7.313295095935155921e+00 7.414589596858478515e-01 6.696067463092312266e-01 4.319046652613610371e-02 5.490912344221330343e+00 -1.729320103020533586e-02 -4.527659001729190946e-02 9.988247972465116309e-01 1.343861368371675191e-01
6.880884329632652729e-01 -7.254643085614892462e-01 -1.535725970211869115e-02 7.374683444959640788e+00 7.255763278510604097e-01 6.876367113391689267e-01 2.635802877346662965e-02 5.598459712229548302e+00 -8.561593562440364402e-03 -2.927951881525366062e-02 9.995345961464359164e-01 1.867848364071338918e-01
7.170946113655636278e-01 -6.967330924227133071e-01 -1.839337580636214373e-02 7.448522617646258226e+00 6.969480878269431745e-01 7.165808261050198302e-01 2.784389579450044158e-02 5.692378023267660403e+00 -6.219423191815003082e-03 -3.278593573058700278e-02 9.994430454975565814e-01 2.441772320313415068e-01
7.246580188216527052e-01 -6.885896954275355641e-01 -2.673924285560785527e-02 7.646719301262856483e+00 6.889914938758135987e-01 7.232736163876690716e-01 4.654027507737504288e-02 5.791090835963887962e+00 -1.270736496099975424e-02 -5.214889441317877017e-02 9.985584688375693796e-01 2.267279802757584395e-01
7.168156082285610520e-01 -6.966358903080595022e-01 -2.956044882296587212e-02 7.705380445404664158e+00 6.970173232489872417e-01 7.147942142603832538e-01 5.688657443279543369e-02 5.868175714804374721e+00 -1.849959163696998643e-02 -6.138132936470591661e-02 9.979429329950119110e-01 1.421508242580304948e-01
7.131797617129522759e-01 -7.004577944589130967e-01 -2.708330970933476092e-02 7.773132126265640984e+00 7.008367600597028568e-01 7.117161625115331347e-01 4.783241337080595956e-02 5.956474463768120842e+00 -1.422895751892268648e-02 -5.309408819833048854e-02 9.984881344143817783e-01 1.481135633484416958e-01
7.014958081590991767e-01 -7.122155632955782245e-01 -2.554647793287215599e-02 7.802167471284775502e+00 7.125827459382050311e-01 7.003833291430394681e-01 4.109771830260607051e-02 6.054471752587650357e+00 -1.137810732854937709e-02 -4.703385650863745049e-02 9.988284912914453528e-01 1.924180573204822831e-01
6.961582795888623387e-01 -7.169904337461988630e-01 -3.589383897430178938e-02 7.903432604997655986e+00 7.178300952135517887e-01 6.945943419156639376e-01 4.752530467497152050e-02 6.127641944990064538e+00 -9.143531351646111416e-03 -5.885081218796763686e-02 9.982249134034063554e-01 2.416742403373837167e-01
6.871977823865422774e-01 -7.252578089704975195e-01 -4.195614865942480509e-02 8.011199335248646136e+00 7.263075502843758802e-01 6.846742942679761024e-01 6.081490909766833208e-02 6.213496406402764016e+00 -1.538019125132093073e-02 -7.226493822015077340e-02 9.972668792359999923e-01 2.143284204440477347e-01
6.883134314364199868e-01 -7.247331985135270216e-01 -3.140718192664691127e-02 8.117429317187742299e+00 7.249089547705918068e-01 6.855754261722882825e-01 6.703239755590877091e-02 6.293782590239635155e+00 -2.704861175049254329e-02 -6.890664700185329672e-02 9.972563595191223929e-01 1.592190074141952572e-01
6.878830249964678067e-01 -7.255525394668674855e-01 -1.975996950626666970e-02 8.205510630298538999e+00 7.254373283707699072e-01 6.863783204051898679e-01 5.123947583680425744e-02 6.382546006604504996e+00 -2.361411713337543961e-02 -4.958138512516829799e-02 9.984908911557885958e-01 1.513291784909290838e-01
6.978303120098439116e-01 -7.160969034767050712e-01 -1.542985649052999730e-02 8.270719629323906474e+00 7.162481256469970248e-01 6.975143851721786747e-01 2.150127868386082775e-02 6.452768937196637467e+00 -4.634452223015443628e-03 -2.605584980291347080e-02 9.996497459328644863e-01 1.975706707475369528e-01
7.072696380965604046e-01 -7.068259368049801816e-01 -1.291332979997127269e-02 8.355833474124587212e+00 7.068230361593982325e-01 7.073684870333921682e-01 -5.569479912867192871e-03 6.550264405889936192e+00 1.307113542009776842e-02 -5.188314933783686085e-03 9.999011085137256005e-01 2.499416012475704496e-01
7.366393922015190832e-01 -6.761007166787983413e-01 -1.581855756356836257e-02 8.427164128201741988e+00 6.762349183476171754e-01 7.366692662345508680e-01 4.972664561362210092e-03 6.603175462389575756e+00 8.291023119502657565e-03 -1.436012158248062449e-02 9.998625134706112805e-01 2.522016054921188966e-01
