1.000000000000000000e+00 0.000000000000000000e+00 0.000000000000000000e+00 0.000000000000000000e+00 0.000000000000000000e+00 1.000000000000000000e+00 0.000000000000000000e+00 0.000000000000000000e+00 0.000000000000000000e+00 0.000000000000000000e+00 1.000000000000000000e+00 0.000000000000000000e+00
9.999985926858503404e-01 -1.651841808864999098e-03 -2.933342075690402104e-04 1.258288226721088893e-02 1.652017846521920252e-03 9.999984548758449332e-01 6.009017869758119220e-04 -4.789372804463137845e-02 2.923411596365222071e-04 -6.013855346641239176e-04 9.999997764360175623e-01 -1.379158619960983885e-02
9.999940972721348409e-01 -3.431789579866926371e-03 -1.680510861650523144e-04 1.304535188536558657e-02 3.431847874331081516e-03 9.999940506979935195e-01 3.478344237199137469e-04 -9.604720649792473919e-02 1.668563918275471907e-04 -3.484090963108030193e-04 9.999999253850202496e-01 -1.904521498829204670e-02
9.999944533303306571e-01 -3.315705142432033136e-03 -3.152903130688618216e-04 1.232104046367628325e-02 3.315843091331998563e-03 9.999944066466422976e-01 4.380182911737193381e-04 -1.062592032037935064e-01 3.138362100382066167e-04 -4.390613148373024178e-04 9.999998543659869288e-01 -1.890675673984277411e-02
9.999984009390869844e-01 -1.774409259405105698e-03 2.226904782258219771e-04 -2.343481562049956612e-02 1.774424568257634231e-03 9.999984233568178782e-01 -6.856624468619050593e-05 -6.394274771508809407e-02 -2.225684625429439430e-04 6.896128250026961604e-05 9.999999728538101484e-01 -1.206766316274199280e-03
9.999996872110108459e-01 -6.069272269993048223e-04 5.071658718844022007e-04 -5.981866569231314434e-02 6.070063749913082911e-04 9.999998036160832049e-01 -1.559200297632272133e-04 -1.676524177113338301e-02 -5.070711401738838909e-04 1.562278339105705545e-04 9.999998592358514404e-01 1.120257697274042522e-02
9.999982656232577760e-01 1.543322434349057989e-03 1.042548003690796279e-03 -9.408838008052688995e-02 -1.543355940808893842e-03 9.999988085345609123e-01 3.133526169852580951e-05 2.351985759547054605e-02 -1.042498401118515782e-03 -3.294423000645135276e-05 9.999994560557327050e-01 2.096942221618044652e-02
9.999990538441878574e-01 8.092768161744474118e-04 1.112376628600398286e-03 -5.480424530894595359e-02 -8.103862713616070837e-04 9.999991743479379469e-01 9.972850813548322577e-04 8.289749634198817496e-04 -1.111568630468883975e-03 -9.981855925161576236e-04 9.999988840197285844e-01 2.425527275119923609e-02
9.999989709417628214e-01 -1.237621658920112213e-03 7.255398298697679363e-04 -5.137756240256879936e-02 1.236832217022577852e-03 9.999986437765814307e-01 1.087516006639992769e-03 -6.428779130682033688e-03 -7.268847792398996184e-04 -1.086617516486371908e-03 9.999991454500801735e-01 2.069625565280885926e-02
9.999969973523665789e-01 -2.363393027969096314e-03 6.478114280058015718e-04 -7.681176497049495289e-02 2.362988436671531727e-03 9.999970130717183991e-01 6.246065077475920074e-04 -9.011157908330770516e-03 -6.492856837051608340e-04 -6.230738613608184217e-04 9.999995951034501562e-01 1.821469103491934333e-02
9.999992987380507126e-01 -7.820737816923868093e-04 8.893165953947354888e-04 -7.300191658822707819e-02 7.815511266462065549e-04 9.999995217756748600e-01 5.878998708082816202e-04 -1.016322244388307566e-02 -8.897759511771261964e-04 -5.872044121493962335e-04 9.999994317447060688e-01 2.720694972730310773e-02
9.999998838535600898e-01 8.173426530225682120e-05 4.749867115211028282e-04 -3.517510944767013314e-02 -8.195687278464255834e-05 9.999998868204886815e-01 4.686598774901829596e-04 3.871479725545304978e-03 -4.749483521915755929e-04 -4.686987514824971922e-04 9.999997773727468120e-01 1.113071694224514879e-02
9.999999867228857031e-01 -1.528565020278419202e-04 5.647227892967475812e-05 -1.033982939370879997e-02 1.528298676836306711e-04 9.999998772411033965e-01 4.713393785383540721e-04 6.369431590691712608e-03 -5.654431928587144994e-05 -4.713307416294106088e-04 9.999998873250296461e-01 -4.279422908967102715e-03
9.999997224881302937e-01 -7.367661277135399657e-04 1.104506016888241049e-04 -1.004350040720906889e-02 7.367331956675339825e-04 9.999996842381684292e-01 2.979056255696853556e-04 4.517203352919455829e-03 -1.106700535869148898e-04 -2.978241702725926022e-04 9.999999495264501048e-01 -5.940226464997389391e-03
9.999997071259365544e-01 -7.650888619573502532e-04 1.967420903603938511e-05 -9.212272409720641611e-03 7.650846414889622867e-04 9.999996845021066338e-01 2.136379614490952524e-04 -6.100719361606400312e-03 -1.983765485366385895e-05 -2.136228464449104554e-04 9.999999769858731735e-01 -3.890221385652591155e-03
9.999999651835381753e-01 7.328608529794605015e-05 2.534996491151953715e-04 -1.405336226590114118e-02 -7.326993783089336717e-05 9.999999952864745412e-01 -6.370688351333995210e-05 -1.502195569293834215e-02 -2.535043167484175787e-04 6.368830739176083969e-05 9.999999658396798718e-01 4.882933500385190639e-03
9.999999276234389223e-01 -3.656951176170291002e-04 1.049771299071860500e-04 1.357233809108534389e-02 3.657067952676458836e-04 9.999999269418409220e-01 -1.112423157217242397e-04 -3.339237637739790598e-02 -1.049364414660183364e-04 1.112806985201427476e-04 9.999999883024746072e-01 1.687987181536620973e-03
9.999996412750520314e-01 -8.094664958344748289e-04 -2.494268616239483168e-04 3.843176846651978618e-02 8.094981237313546643e-04 9.999996643264161822e-01 1.267274343327833702e-04 -3.870251258600607147e-02 2.493241962857443181e-04 -1.269292994489838559e-04 9.999999608631983117e-01 -1.055995834706098535e-02
9.999998143635875358e-01 -4.735178927068081742e-04 -3.834756782169990380e-04 2.927022803605725670e-02 4.733928319536039324e-04 9.999998347628611395e-01 -3.261494705244471202e-04 -5.929356498903205069e-02 3.836300524625653637e-04 3.259678753419330299e-04 9.999998732864555651e-01 -2.831128376123575111e-02
9.999888788580484356e-01 4.714212353932995501e-03 -1.355068459624797007e-04 1.119869396576469132e-02 -4.714289762328380089e-03 9.999887213674328867e-01 -5.767234722686485730e-04 -7.113588587415652087e-02 1.327865207127817569e-04 5.773558769816930936e-04 9.999998245139501973e-01 -1.980448789195956780e-02
9.999816809823465213e-01 6.052393835842679454e-03 -7.892133002528737055e-05 -9.968342540345341216e-03 -6.052431247052403318e-03 9.999815673504713898e-01 -4.827372934056313979e-04 -6.633044126828384346e-02 7.599815907713105200e-05 4.832061160565354974e-04 9.999998803680574255e-01 -1.386760566068341582e-02
9.999848287110345568e-01 5.508347195518895588e-03 2.142280447912931138e-05 -1.265693572975779696e-02 -5.508342560728319952e-03 9.999848067678202002e-01 -2.107030114480445981e-04 -7.780991014231315728e-02 -2.258310433968413708e-05 2.105818106660894550e-04 9.999999775726519102e-01 -7.027187133766626959e-03
9.999901328642624154e-01 4.437559043774028447e-03 -2.055330821338522762e-04 2.390073061023554463e-02 -4.437550278877157653e-03 9.999901530972890029e-01 4.308112127256249764e-05 -8.430978544151686294e-02 2.057222332889075940e-04 -4.216863279934961607e-05 9.999999779500843289e-01 -1.258468008621463526e-02
9.999875756178594477e-01 4.974899689310975995e-03 -3.146156337853581479e-04 3.638407026016175771e-02 -4.974936191206662597e-03 9.999876182761021637e-01 -1.153446230855332139e-04 -7.190294382148873509e-02 3.140379103718947060e-04 1.169083827026963556e-04 9.999999438563088594e-01 -1.821090666680922829e-02
9.999815419450955867e-01 6.059535943448253990e-03 -4.447395406499240664e-04 6.959824224496966028e-02 -6.059699350429776331e-03 9.999815725081363516e-01 -3.669985521526627288e-04 -6.924326194484706209e-02 4.425075042976947732e-04 3.696867659788240809e-04 9.999998337593880571e-01 -2.459735880139811426e-02
9.999312388743472058e-01 1.171991659683443293e-02 -4.013454577529352208e-04 1.055811647073852527e-01 -1.171995270446045748e-02 9.999313151469598759e-01 -8.773298385517008303e-05 -7.541274487959573336e-02 4.002896681455770755e-04 9.243070101945776839e-05 9.999999156123700050e-01 -3.259136356260429468e-02
9.999078648378603162e-01 1.356577787190536323e-02 -4.811508302137855356e-04 8.025430539951533548e-02 -1.356571439347226647e-02 9.999079723562444011e-01 1.349496892488800687e-04 -3.106300760050494797e-02 4.829372485448229211e-04 -1.284101008945181350e-04 9.999998751412222386e-01 -4.970978249441814628e-02
9.999327974260726615e-01 1.157583198095149708e-02 -6.330447199093984035e-04 7.349194088210650455e-02 -1.157591299666233843e-02 9.999329891282991989e-01 -1.244638034786382005e-04 -1.898692638120507564e-02 6.315615269541127166e-04 1.317835097913513129e-04 9.999997918815504150e-01 -5.886210140862973422e-02
9.999548850749874207e-01 9.462453994414634847e-03 -8.305293928409273121e-04 9.456656529918382181e-02 -9.462606425042019084e-03 9.999552123733735920e-01 -1.797970136310590228e-04 -1.368973772335774913e-02 8.287908744307613453e-04 1.876478748711543772e-04 9.999996389469155700e-01 -6.110917399056420979e-02
9.999984318913186510e-01 -1.590956681354985811e-03 -7.778635753478154542e-04 1.226703780486800288e-01 1.591546290169842037e-03 9.999984462416182662e-01 7.579543229244908864e-04 -6.871012424138201249e-03 7.766564942415468036e-04 -7.591911402573400195e-04 9.999994102165773446e-01 -4.794788839275244963e-02
9.997196233632434925e-01 -2.367066480094784375e-02 -6.117927229491825067e-04 1.619359308132737596e-01 2.367119534722884194e-02 9.997194150654586942e-01 8.750154344409859361e-04 4.496588542904773195e-02 5.909088660837525818e-04 -8.892519656133105301e-04 9.999994300286644267e-01 -2.670317665827671993e-02
9.985985487634413404e-01 -5.291868270026754695e-02 -7.425825323128222794e-04 1.876117628877961019e-01 5.291985482401705132e-02 9.985973843256915616e-01 1.659211647761332700e-03 7.117167888627293215e-02 6.537376796930625131e-04 -1.696183703350710552e-03 9.999983477925804554e-01 -2.613005747696570819e-02
9.978389157469168547e-01 -6.569314332752433649e-02 -1.381716601425772096e-03 2.167675439789326086e-01 6.569677528515290021e-02 9.978357834269652171e-01 2.771827885477391208e-03 2.812188352361730259e-02 1.196636180897834309e-03 -2.856612056953463340e-03 9.999952039032020679e-01 -5.782491434323595858e-02
9.974865261089325141e-01 -7.084296804985580620e-02 -1.379894568821762911e-03 2.594274671331980309e-01 7.084502953766459721e-02 9.974861955179080697e-01 1.507163235052599946e-03 -2.808423605827135155e-02 1.269653866763095903e-03 -1.601133691098759193e-03 9.999979121728014286e-01 -4.426369281108090414e-02
9.969370977112413934e-01 -7.819991632041682628e-02 -1.093752516134977775e-03 2.782273281627347106e-01 7.819893095546547046e-02 9.969373537572722155e-01 -9.164501458951811045e-04 -7.181804143217711267e-02 1.162069063821800008e-03 8.281128711541799236e-04 9.999989819117635070e-01 -7.783235268176438848e-03
9.968476911142695185e-01 -7.930836430351753674e-02 -2.205464044228883438e-03 3.173625764383852244e-01 7.930077475414609722e-02 9.968451432744852569e-01 -3.338780235839658959e-03 -1.863553571325865521e-01 2.463299320429422970e-03 3.153360361834957847e-03 9.999919942053968613e-01 -4.431054662050071258e-02
9.960477560245835082e-01 -8.863866619940014013e-02 -5.661675792831539697e-03 3.812594171680911970e-01 8.842331923094656765e-02 9.956029259159547840e-01 -3.092136031567748605e-02 -1.817644027022916609e-01 8.377609120383329444e-03 3.029852738964650127e-02 9.995057853276512194e-01 -6.696471162547314171e-02
9.957119150665859619e-01 -9.194759611213240702e-02 -1.016964914007155787e-02 3.822515372091784269e-01 9.117153032841648908e-02 9.939969812268131255e-01 -6.047936317089620123e-02 -8.122439943412863850e-02 1.566953260332352646e-02 5.929284004989721774e-02 9.981176407953176177e-01 -8.940182375196017994e-03
9.987822001012125472e-01 -4.789047786737385404e-02 -1.185828362858239171e-02 4.614380122134988382e-01 4.703468772366363460e-02 9.968286240682457944e-01 -6.419059424047461604e-02 -5.784211701376202469e-02 1.489479478605781546e-02 6.355467227389645368e-02 9.978671999421760974e-01 9.427836398368680260e-03
9.992319304330066210e-01 -3.808691847439665129e-02 -9.216064466548658587e-03 7.013641730368092020e-01 3.754005527868951170e-02 9.978562142806105539e-01 -5.360708788249179263e-02 -7.410596836619107175e-02 1.123803598498658053e-02 5.321994234018790487e-02 9.985195763151102355e-01 -2.861258769610523431e-02
9.982994920012623341e-01 -5.785888839555829860e-02 -7.104456604964567469e-03 7.796523979063576526e-01 5.748025461083259430e-02 9.973212086050038394e-01 -4.523745347086122193e-02 -2.629333277824690701e-02 9.702814019414885208e-03 4.475216084486652313e-02 9.989509995489367356e-01 -6.887991956023764573e-02
9.981628688798440674e-01 -6.058735874674845562e-02 2.432070146500785179e-04 7.290098342471476034e-01 6.056512393637444175e-02 9.976705507929127803e-01 -3.139009148023827467e-02 -6.347001766393953193e-03 1.659202257343804715e-03 3.134715362929986482e-02 9.995071800678624330e-01 -9.545001076583042865e-03
9.977179802467509573e-01 -6.750194328929778886e-02 1.523005092697734706e-03 7.421557488825529791e-01 6.750926655935418630e-02 9.977039224287921337e-01 -5.420525695988218269e-03 -2.188754362267901141e-02 -1.153612136734777837e-03 5.510972906051164917e-03 9.999841490527071608e-01 -2.228621207664280984e-02
9.955428537877596407e-01 -9.429495959718713072e-02 -1.699078187787416393e-03 8.521866631422986282e-01 9.430570117320676016e-02 9.955103544498850043e-01 8.097463139407245353e-03 1.887257770350611943e-02 9.278999693922013181e-04 -8.221604322094074047e-03 9.999657715262146862e-01 5.576960383956998391e-02
9.855124644908503928e-01 -1.689276853450490945e-01 -1.512016723235912359e-02 9.433784285473370002e-01 1.690700469232992442e-01 9.855657874145496988e-01 8.683197066283770277e-03 1.104857502358875809e-01 1.343508714239745501e-02 -1.111376632391612718e-02 9.998479797607101593e-01 1.432092687911481477e-01
9.731797499410997920e-01 -2.279467735038808729e-01 -3.100714036716251815e-02 9.886459886282880083e-01 2.283163987435367082e-01 9.735462461580733917e-01 8.906663590047181681e-03 1.211210826636076876e-01 2.815663988051178568e-02 -1.574722326933750485e-02 9.994794788238249295e-01 1.143359925061928073e-01
9.629248003395446398e-01 -2.669340173459833765e-01 -3.901357807971993219e-02 1.151314209939235722e+00 2.678718017487662917e-01 9.632234222961604253e-01 2.110299902720445125e-02 8.999504870393963685e-02 3.194568388558623184e-02 -3.077123857771719984e-02 9.990158177714081322e-01 -5.031196091253797853e-03
9.574257069684499744e-01 -2.865379364133560647e-01 -3.510023692141119034e-02 1.347788987433172103e+00 2.875878974412124367e-01 9.572928986299462650e-01 2.972385368719883403e-02 1.184148903288322341e-01 2.508419584731309826e-02 -3.855278496621017403e-02 9.989416729169140474e-01 -1.383491499390870905e-01
9.530355420511932296e-01 -3.018277293705207143e-01 -2.496552363208237243e-02 1.435509923164276502e+00 3.023083513692824686e-01 9.530330066130180411e-01 1.837794870320300089e-02 1.552977062743117476e-01 1.824599352117614939e-02 -2.506212459443177970e-02 9.995193713136520941e-01 -1.424328234915077929e-01
9.494195102031119937e-01 -3.138206773718534293e-01 -1.091678064056026722e-02 1.376277800585762545e+00 3.137482817340143115e-01 9.494737103754000707e-01 -7.854235476770363850e-03 2.103809941508867631e-01 1.283001771770521209e-02 4.031843231332287759e-03 9.999095633533671146e-01 5.974068783267752480e-02
9.550035054385102029e-01 -2.958537665920700221e-01 -2.094882797300233468e-02 1.371086282999873340e+00 2.955142113088098932e-01 9.551715260432250831e-01 -1.785235981008362338e-02 2.271300130136810480e-01 2.529141187615977643e-02 1.085838982269371478e-02 9.996211481635274287e-01 2.121528751681761304e-01
9.601492004700469263e-01 -2.775724396940531524e-01 -3.266578575544804020e-02 1.603702430576106508e+00 2.775452752964736036e-01 9.606970774574413729e-01 -5.453945850079802531e-03 2.518725437647257315e-01 3.289578996367575892e-02 -3.829632752910397571e-03 9.994514500042728233e-01 1.979215247058774552e-01
9.549827043155644235e-01 -2.932240983104629217e-01 -4.502957503849264187e-02 1.901703917387481235e+00 2.942806641087700736e-01 9.555337378194606046e-01 1.881931509039218645e-02 3.100276569088407652e-01 3.750900145075201919e-02 -3.122345366525275043e-02 9.988083753910863560e-01 -3.078027646666645079e-02
9.453607142800036778e-01 -3.234600838268152367e-01 -4.082516462613374614e-02 2.025104842424125806e+00 3.247124946034265491e-01 9.453703836779974168e-01 2.892461776645646743e-02 3.563574879947419283e-01 2.923894225892887527e-02 -4.060063836032082318e-02 9.987475518970314603e-01 -1.638365529788678721e-01
9.233900119462256084e-01 -3.824717937692245218e-01 -3.265291424821228916e-02 2.022523227597427198e+00 3.833239536733130115e-01 9.232578177469662473e-01 2.564660814551316531e-02 3.999190429549067671e-01 2.033795413037247160e-02 -3.619846599044595353e-02 9.991376475149604808e-01 -1.058878939877623271e-01
8.982560139221359430e-01 -4.388973634452280614e-01 -2.247749571333165428e-02 2.001158986398372530e+00 4.393411850035822686e-01 8.980626924230539210e-01 2.151101200555972232e-02 4.358721974179954883e-01 1.074507386496347319e-02 -2.919768550215335462e-02 9.995159020990880272e-01 5.429662782816715993e-02
8.577517908890794907e-01 -5.138617205038825686e-01 -1.442211591156357040e-02 2.103502658671601022e+00 5.140542793344194950e-01 8.572247104102935777e-01 3.023232971438021346e-02 5.001331639339647861e-01 -3.172242826078299112e-03 -3.334558535665503587e-02 9.994388469599700953e-01 1.250394632853397692e-01
8.329996741119480852e-01 -5.532597740820148768e-01 -3.894266568461238545e-03 2.198202156740537205e+00 5.528013601570067603e-01 8.319775295400388959e-01 4.715979801713413022e-02 5.162753724874529215e-01 -2.285167691771433640e-02 -4.143685223531735906e-02 9.988797666080121429e-01 4.188903975446653383e-02
8.108509326740923617e-01 -5.852000054397561435e-01 7.856119580558443283e-03 2.314470406535789948e+00 5.838777425912229369e-01 8.097926421092533911e-01 5.764250595083682954e-02 5.360035580074913319e-01 -4.009422262785754948e-02 -4.215246634568479284e-02 9.983063772674417580e-01 -4.625127941248245722e-03
8.085002456179904984e-01 -5.884408721943805709e-01 8.043181383369821941e-03 2.391726382279599772e+00 5.874211391298702623e-01 8.077740057710108834e-01 4.937166094046976927e-02 6.185691546029328247e-01 -3.554937607068271721e-02 -3.519226522649068767e-02 9.987480895246876322e-01 2.220007110214966203e-02
8.048199898055298229e-01 -5.934484818477474555e-01 -9.147863249455127563e-03 2.545110336816267527e+00 5.934865442284613657e-01 8.045192613441377594e-01 2.285782023819381975e-02 7.059126435264534427e-01 -6.205306534376013768e-03 -2.382556439807344967e-02 9.996968723827877046e-01 6.105940670427961042e-02
8.073123507058933557e-01 -5.892034490003060787e-01 -3.295548640011891628e-02 2.567382107545816972e+00 5.894797620493895662e-01 8.077815223352181606e-01 -1.619354189981228598e-03 7.545421044504817543e-01 2.757496204747567764e-02 -1.811926764362480416e-02 9.994555085686100959e-01 8.577255249138820981e-02
8.324106387296890119e-01 -5.507122719431553071e-01 -6.171322435944565088e-02 2.671588062141923459e+00 5.505487297084440401e-01 8.345347807005645269e-01 -2.116119130576544355e-02 8.186108547732751095e-01 6.315555989815654914e-02 -1.636133650619165519e-02 9.978695715982532910e-01 1.085995241865990862e-01
8.327387399855471495e-01 -5.484858793239021368e-01 -7.556077758711295111e-02 2.905299670129091183e+00 5.492585522510103901e-01 8.355661778707916820e-01 -1.200854602025252550e-02 9.096990418705072079e-01 6.972254804872869693e-02 -3.150242182249470696e-02 9.970688861422315474e-01 1.484221684219032555e-01
8.334580287420890743e-01 -5.473449966923188414e-01 -7.590236439819630920e-02 3.002575329126782488e+00 5.492524839188915875e-01 8.356402166786475183e-01 5.209335676529616016e-03 9.508762326921930130e-01 6.057576441349114132e-02 -4.603132482504236622e-02 9.971016467244313564e-01 5.138146928756837095e-02
8.161882198749392803e-01 -5.726172835491238899e-01 -7.711184291793289625e-02 3.101890343590005372e+00 5.745458382002388564e-01 8.184648945239606510e-01 3.506599302328355927e-03 9.996145919609601416e-01 6.110539701337965035e-02 -4.716633346683098138e-02 9.970162824363165699e-01 6.346061867468798245e-03
7.934555739670221541e-01 -6.028452690326496777e-01 -8.370085869102933396e-02 3.054833305604333304e+00 6.044228532609751126e-01 7.966247939956876412e-01 -7.870962278524375882e-03 1.029523149680638960e+00 7.142315168434626438e-02 -4.434545293804630084e-02 9.964598407398034263e-01 5.588503137819020306e-02
7.699963606994609799e-01 -6.315977089554253299e-01 -9.049827927559456198e-02 3.103341110719932683e+00 6.331865214207313963e-01 7.738799958669057011e-01 -1.358606227542748929e-02 1.096431033415681044e+00 7.861573379864492117e-02 -4.684107214076017184e-02 9.958039367064205338e-01 1.921687341135693283e-01
7.460925209686601889e-01 -6.573704963262605450e-01 -1.058771963852242343e-01 3.169493618895669940e+00 6.610396252565364783e-01 7.503507672071385581e-01 -5.830886350140299101e-04 1.177250561425716713e+00 7.982834080279525846e-02 -6.955398415205554796e-02 9.943790420625568949e-01 1.947700262224277556e-01
7.414717457214083929e-01 -6.614219621590419207e-01 -1.128744358591887431e-01 3.386885561908163478e+00 6.678930450075669656e-01 7.436665277370282379e-01 2.964752863346181710e-02 1.217475705486001258e+00 6.433141322376811910e-02 -9.737085548168325499e-02 9.931668468970347163e-01 8.064946616596080364e-02
7.223836008642435802e-01 -6.843674807910730129e-01 -9.901052690542409829e-02 3.559705613167650107e+00 6.903887874379680545e-01 7.218858814843492899e-01 4.737189349705488162e-02 1.294440611487319925e+00 3.905451807846950507e-02 -1.025764366179899995e-01 9.939581577050484729e-01 -5.643836892201437028e-03
7.163239571207683509e-01 -6.933534614404509577e-01 -7.836431562509085791e-02 3.620518100798266303e+00 6.973144692391758381e-01 7.153775913208642034e-01 4.458063285379840202e-02 1.355151916743177143e+00 2.514993925499846295e-02 -8.657874649418248469e-02 9.959275080099786459e-01 -2.271320669623760891e-02
7.150313331879102341e-01 -6.962060886237085855e-01 -6.346081249713653172e-02 3.640493687689119628e+00 6.985673056977464990e-01 7.150620509268676983e-01 2.626752242700403431e-02 1.454963396161369715e+00 2.709080969094782368e-02 -6.311375038403856108e-02 9.976385831265499604e-01 7.707399019926140793e-02
7.140076967752672088e-01 -6.978194159529689244e-01 -5.693041071988896862e-02 3.704823870715295175e+00 6.993442390590403068e-01 7.147071605221413382e-01 1.055035512719332269e-02 1.540652665931660614e+00 3.332632954001665815e-02 -4.734698952874782235e-02 9.983224020034584534e-01 1.469222316678417406e-01
7.228495710824425213e-01 -6.883990895604543692e-01 -5.995991226033093452e-02 3.783359452821657420e+00 6.901004008107425314e-01 7.236195431967376024e-01 1.167019728185744731e-02 1.628809937478777448e+00 3.535441113611558633e-02 -4.981415658306946603e-02 9.981325640500543495e-01 1.609085281345286056e-01
7.301543672347976521e-01 -6.810470788601421521e-01 -5.522206428611337037e-02 3.998194348000401632e+00 6.830198697679095154e-01 7.297258542299724926e-01 3.136933487603740800e-02 1.709483169865362084e+00 1.893297415041567469e-02 -6.062222401400584049e-02 9.979812064590271037e-01 1.127531045848443325e-01
7.190188258520386899e-01 -6.940213636764698268e-01 -3.669161799388231948e-02 4.108847284478371442e+00 6.949292360785510603e-01 7.172511635094505067e-01 5.122621679980929321e-02 1.815109137153333885e+00 -9.234983142233737369e-03 -6.233069231921550823e-02 9.980128255094570244e-01 1.818949799049829341e-02
7.101436288267468644e-01 -7.038572455643332670e-01 -1.676318297249992234e-02 4.127986621473665352e+00 7.034828329676616754e-01 7.084022828033890162e-01 5.725477655829395301e-02 1.863364352845700234e+00 -2.842411223895228989e-02 -5.245172623982093801e-02 9.982188568935623785e-01 2.750905694095538701e-02
6.926033657814438804e-01 -7.211394568413294071e-01 -1.607673769170631095e-02 4.180173125083152641e+00 7.207002281507637331e-01 6.909149591924614864e-01 5.681285336538221403e-02 1.951185378908519397e+00 -2.986233165130464801e-02 -5.093528198284407588e-02 9.982553972795116248e-01 9.539048811003314476e-02
6.644830752732989732e-01 -7.465855607191468346e-01 -3.274512484350101255e-02 4.342418729218505469e+00 7.469959193161611610e-01 6.623151376502789400e-01 5.775599505069017869e-02 2.051809542680607112e+00 -2.143220008171285024e-02 -6.283835584234555294e-02 9.977935667434864042e-01 1.129764198798614283e-01
6.478285444210130084e-01 -7.609066662587697927e-01 -3.659538599764645267e-02 4.396969996620429200e+00 7.612578381686645468e-01 6.448429782383191533e-01 6.829375698778024362e-02 2.109662132278289359e+00 -2.836689725935521295e-02 -7.210116961395222901e-02 9.969938517765178920e-01 7.707143053219851769e-02
6.396661485347833187e-01 -7.684198342606897159e-01 -1.892555767872782652e-02 4.504172064225371308e+00 7.671069986675199681e-01 6.366254090818703748e-01 7.908818563256375667e-02 2.185820816978222503e+00 -4.872443959643064232e-02 -6.510796284722397687e-02 9.966879562630915901e-01 8.111533522939845531e-02
6.355854901335636908e-01 -7.720276814833446632e-01 -2.084167730563732390e-03 4.564826942282814493e+00 7.701805213449486320e-01 6.338733869818169442e-01 7.089777018371656858e-02 2.296718528848392005e+00 -5.341394267886304809e-02 -4.666677940089014598e-02 9.974814095650343937e-01 8.703302577632562875e-02
6.424407011440551596e-01 -7.663004439302313342e-01 7.319504482236172116e-03 4.642601215859174957e+00 7.650797138826478383e-01 6.419053182812359815e-01 5.109396997211270580e-02 2.395091048481015505e+00 -4.385176072611860626e-02 -2.722484149808538506e-02 9.986670271349822325e-01 8.672863635370613167e-02
6.490707247214226872e-01 -7.605312434605544514e-01 1.730381547376366735e-02 4.726368442848458251e+00 7.596555109977838338e-01 6.491953469588371828e-01 3.832631077590395452e-02 2.495966114028642213e+00 -4.038191328185557899e-02 -1.173154752528116074e-02 9.991154447171551878e-01 1.174369149844003701e-01
6.730799168649646003e-01 -7.391397575639505613e-01 2.521595331048809979e-02 4.794381411421334782e+00 7.376418201635336347e-01 6.733952690379605421e-01 4.922760184207417705e-02 2.568793917983005493e+00 -5.336638135457017623e-02 -1.453376845821773705e-02 9.984692278260364207e-01 1.231181307571936889e-01
6.901726117374320513e-01 -7.231377545403849805e-01 2.708420140639412541e-02 4.913630779464048359e+00 7.207408125095151608e-01 6.902710107864928890e-01 6.370724331594923573e-02 2.675953317673590348e+00 -6.476455196059008323e-02 -2.444830517814489471e-02 9.976010390848940590e-01 1.095072978304444389e-01
6.820600302257716629e-01 -7.309007067513338951e-01 2.404728755639628027e-02 5.035017912604100587e+00 7.286578831805886614e-01 6.820225205678198677e-01 6.247376022860538780e-02 2.797142678266655746e+00 -6.206290717653362154e-02 -2.508860914276157469e-02 9.977568627897673847e-01 8.179029113396212025e-02
6.608898386962203109e-01 -7.502563757927770416e-01 1.843886358676330439e-02 5.085786437432895823e+00 7.484562343905544202e-01 6.607105529429946333e-01 5.722613416677492515e-02 2.855991640460009418e+00 -5.511702377664659536e-02 -2.401948817209817108e-02 9.981909526127528132e-01 6.882679471780012159e-02
6.402749318138822865e-01 -7.679365579311728807e-01 1.792915735752274517e-02 5.094463120392831001e+00 7.662986372501324750e-01 6.401789466906601112e-01 5.438119861336994376e-02 2.943395795354983413e+00 -5.323917955151279136e-02 -2.107982938401976869e-02 9.983592692782605749e-01 1.139050654674000351e-01
6.121943934818450117e-01 -7.906143627699312448e-01 1.212245731242076949e-02 5.189695944883274237e+00 7.886522344409699903e-01 6.116361453238645662e-01 6.268076933661330397e-02 3.044184816283529660e+00 -5.697084956941771139e-02 -2.881241252064748945e-02 9.979600027977467702e-01 1.231877109262972669e-01
5.938746131073364687e-01 -8.044918888014378489e-01 1.028322708620886539e-02 5.247068767043572279e+00 8.010506714342569001e-01 5.924297739429935650e-01 8.570171958939760970e-02 3.109654041785493206e+00 -7.503842816409285466e-02 -4.265868960186840197e-02 9.962677704814673074e-01 1.108587313770813265e-01
5.952166877518187960e-01 -8.035543181022899439e-01 4.189568106364005562e-03 5.335066306934845848e+00 7.996444704662089009e-01 5.928188538872907198e-01 9.557472117969151304e-02 3.204941049706431677e+00 -7.928313486846096103e-02 -5.353750400348402522e-02 9.954134418373635773e-01 9.693657041609402003e-02
6.014721300567162920e-01 -7.988289077491017576e-01 -1.018100728876536812e-02 5.445772998358402006e+00 7.962098035840428079e-01 5.983589823068045099e-01 8.953478078057415523e-02 3.297072398172276486e+00 -6.543107397633750322e-02 -6.195889312392866694e-02 9.959316593628102510e-01 9.682342819597875017e-02
6.123166568854306879e-01 -7.903934872840595594e-01 -1.861308570852575339e-02 5.512394669871113706e+00 7.893465171899584076e-01 6.098348135183084828e-01 7.094769919576299211e-02 3.408308505616324258e+00 -4.472569173006048227e-02 -5.813463236344574431e-02 9.973063606631789035e-01 9.454540542441894346e-02
6.369593433046085718e-01 -7.706217064544187423e-01 -2.061505562062523889e-02 5.600573055051564886e+00 7.703448917444934985e-01 6.352629400264826476e-01 5.486114100229764340e-02 3.487066935919955313e+00 -2.918120525485923267e-02 -5.082501913614231176e-02 9.982811601396094359e-01 1.166525095762330766e-01
6.520512394151214419e-01 -7.579990369662624738e-01 -1.632914986833643167e-02 5.681854382883378740e+00 7.576145668661474764e-01 6.505903187789292552e-01 5.246336991988610060e-02 3.593334796981399570e+00 -2.914359705704853976e-02 -4.658000718494784836e-02 9.984893357874317088e-01 1.214717044285702485e-01
6.797499283015095983e-01 -7.334024086991262070e-01 -7.806528576295494043e-03 5.731963457717725419e+00 7.321865432344352165e-01 6.779231492770703138e-01 6.575005384536099229e-02 3.656036957854396086e+00 -4.292902142492130424e-02 -5.040942956014317355e-02 9.978055865402436497e-01 1.434030851943176865e-01
6.860013601973073971e-01 -7.275961662873992042e-01 -2.439797393943479026e-03 5.850308269901316471e+00 7.255614022809243613e-01 6.838243742358077748e-01 7.710302666656276838e-02 3.771414641717358851e+00 -5.443147368557062216e-02 -5.466300398702229196e-02 9.970201455675465896e-01 9.889985715826375701e-02
6.840600516445889401e-01 -7.294229684643713796e-01 1.994698129341582193e-03 5.914130983235708960e+00 7.274073317296747554e-01 6.823679580254404797e-01 7.247443415512601350e-02 3.866945035851736101e+00 -5.422563498860361042e-02 -4.812590712719733155e-02 9.973682758005024684e-01 6.778436534436864391e-02
6.748900457980553380e-01 -7.379178511647934702e-01 8.191550722999214884e-04 5.983152169219004612e+00 7.367520525026203249e-01 6.738853781001754584e-01 5.545187387239158827e-02 3.929226770973666572e+00 -4.147094423659586360e-02 -3.682040351649144838e-02 9.984610251126520009e-01 9.869611553002084758e-02
6.658228431233288447e-01 -7.460911724331332762e-01 -5.282422978099468765e-03 6.050663916347176929e+00 7.458965637528495174e-01 6.654465208286388656e-01 2.862244047510990874e-02 4.009158337576296915e+00 -1.783978017965076948e-02 -2.299761584191941516e-02 9.995763362088606607e-01 1.509138201883776509e-01
6.274985328471901491e-01 -7.785219523657613827e-01 -1.221314698294598267e-02 6.103445838536218027e+00 7.786174199056876688e-01 6.274353836763379988e-01 8.930438417936141168e-03 4.123119527598777978e+00 7.104182105263775679e-04 -1.511320599772744515e-02 9.998855366042836978e-01 1.716142104913090383e-01
6.305418284788257832e-01 -7.761504489604664769e-01 -2.735528659207084844e-03 6.132626994688414435e+00 7.760431624849113419e-01 6.303869369093912933e-01 1.921769326461219077e-02 4.145937578589613537e+00 -1.319137972300787540e-02 -1.424044776197296198e-02 9.998115808233779545e-01 1.664242561994789815e-01
6.353334329362549937e-01 -7.722209910285188217e-01 5.115663042597516988e-03 6.288066232501868136e+00 7.716376972696391556e-01 6.350868135184830621e-01 3.521368267233594695e-02 4.272029894292959540e+00 -3.044163507175257771e-02 -1.842499144834576844e-02 9.993667127457701582e-01 1.431239137904246617e-01
6.466040483716083420e-01 -7.628226553874098981e-01 2.191131476611053383e-03 6.367669297767529102e+00 7.623745764086734544e-01 6.463176860668076174e-01 3.253388883830753142e-02 4.385783471730369421e+00 -2.623375449954796351e-02 -1.936608130078446705e-02 9.994682311208840098e-01 1.042011579808148625e-01
6.639428929732443807e-01 -7.477791637823094639e-01 -2.481347083517084374e-03 6.436137911569256964e+00 7.477175942343869952e-01 6.638369349775995465e-01 1.545713530661127835e-02 4.496938599374120216e+00 -9.911313871510207471e-03 -1.211800200429827626e-02 9.998774524334290703e-01 8.939715476422019358e-02
6.761847042412900688e-01 -7.367250447239279687e-01 -3.233299652894714663e-03 6.487635098503863773e+00 7.367077871539526868e-01 6.761915246580365579e-01 -5.163170282520810478e-03 4.587132960995574216e+00 5.990166679274577452e-03 1.109259737944043572e-03 9.999814435508231902e-01 1.227017521927120658e-01
6.981635915166446438e-01 -7.159371218083184774e-01 -1.279491071061057868e-03 6.548112354694092474e+00 7.159076581735653866e-01 6.981491546585937291e-01 -7.998926048705452818e-03 4.668865705136528099e+00 6.620003702522261023e-03 4.668561482102933854e-03 9.999671895040689318e-01 1.832471003169544310e-01
7.027424099663843737e-01 -7.114353523757328546e-01 3.583939823031911682e-03 6.701149609852476985e+00 7.114443794022551337e-01 7.027336053130510685e-01 -3.517809071133204141e-03 4.776479995242533860e+00 -1.586121695203342175e-05 5.021887467661722768e-03 9.999873901178374380e-01 1.783934915625921269e-01
6.981608013707660820e-01 -7.158672353529620391e-01 1.027602926409971855e-02 6.767805418709238907e+00 7.159253184007310367e-01 6.981685615739702255e-01 -3.405598705837024377e-03 4.847954374370146979e+00 -4.736444039739348341e-03 9.734525044410240191e-03 9.999414008430784762e-01 1.288276167871978406e-01
6.925449430641246185e-01 -7.213379967713967611e-01 7.279852343070907471e-03 6.837928654494360714e+00 7.213638960366722808e-01 6.924439670559137117e-01 -1.246924146296641417e-02 4.943399381548138294e+00 3.953647822137724456e-03 1.388693276779222330e-02 9.998957554501375355e-01 1.251612666991222811e-01
6.866230376521346157e-01 -7.270060241541012047e-01 -3.323403225896733992e-03 6.894045657751127543e+00 7.269727964325665148e-01 6.866257515120373078e-01 -7.458592866245568331e-03 5.031086475393459878e+00 7.704376183032204603e-03 2.705217953628911726e-03 9.999666616360035620e-01 1.743251775623580468e-01
6.759350869383116134e-01 -7.369199495764506835e-01 -7.793982418416861568e-03 7.002977462699599087e+00 7.368888599930270011e-01 6.756828285309793847e-01 2.115474524905219811e-02 5.128258144937719365e+00 -1.032309371623757466e-02 -2.004253338818882957e-02 9.997458329953213818e-01 1.587735539695184495e-01
6.698418708512881015e-01 -7.424387467289380593e-01 -9.827278871094507345e-03 7.078945232595667214e+00 7.417727353137869573e-01 6.685365763740200862e-01 5.321705737079777260e-02 5.236721414612804715e+00 -3.294051000742281854e-02 -4.293662079935866432e-02 9.985346110149527776e-01 1.470783163748123623e-01
6.733231052070561828e-01 -7.391933679148036118e-01 -1.513805882857872757e-02 7.168824893411135157e+00 7.381071428823445801e-01 6.708659058298400701e-01 7.167134728167486035e-02 5.308200276586458877e+00 -4.282337703159284220e-02 -5.943148345681772277e-02 9.973134197200657081e-01 1.440055834335045026e-01
6.660826725655158986e-01 -7.454827090275786272e-01 -2.427764092498021359e-02 7.276020329914634210e+00 7.452329523609224626e-01 6.638007732212563017e-01 6.321692958603369883e-02 5.417210978767917240e+00 -3.101161110621220018e-02 -6.020019943293272030e-02 9.977044732609111621e-01 1.121571724813338611e-01
6.711761781923133441e-01 -7.409659398927603835e-01 -2.218138286938506690e-02 7.304693324004318811e+00 7.411120790057375007e-01 6.700376072489721002e-01 4.245575607459742967e-02 5.502106024707577703e+00 -1.659590850039574170e-02 -4.493418287796561300e-02 9.988520886648513120e-01 1.198712799285850394e-01
6.874642875699698008e-01 -7.260110739743161901e-01 -1.734283086966836862e-02 7.378941432330718087e+00 7.261828667113237046e-01 6.869992802838413848e-01 2.627609149793419530e-02 5.592247424940581801e+00 -7.162221082716047418e-03 -3.065794115957608951e-02 9.995042737442487724e-01 1.818865330519901791e-01
7.168654386583617200e-01 -6.968657576634680328e-01 -2.195583415121065210e-02 7.463437229564969577e+00 6.971945039819218426e-01 7.162721918390541065e-01 2.956299740349911664e-02 5.676626637615093784e+00 -4.875087133250133320e-03 -3.650017800227804698e-02 9.993217552576573182e-01 2.414029865510869954e-01
7.236055102308074360e-01 -6.896150432139062092e-01 -2.874295977618541997e-02 7.641387329153876529e+00 6.901215690709295858e-01 7.222005171898409071e-01 4.646108989041018711e-02 5.794462156642278927e+00 -1.128208609661248731e-02 -5.345563715651335812e-02 9.985064894078053976e-01 2.322729839375498873e-01
7.157687846171348900e-01 -6.978819639593595303e-01 -2.521529987798836955e-02 7.668535357757309434e+00 6.980391854786044403e-01 7.139416187808290681e-01 5.503326729330163675e-02 5.892911212448201930e+00 -2.040447264881465814e-02 -5.699236223246618299e-02 9.981660824447438074e-01 1.665308766781979921e-01
7.129371426015580493e-01 -7.008455102944212145e-01 -2.315602295900699367e-02 7.756588553250182372e+00 7.009734435579523248e-01 7.114001101029069352e-01 5.045904053862211580e-02 5.953847504878083896e+00 -1.889079473267447559e-02 -5.220588133270356868e-02 9.984576524964109412e-01 1.474331751166999271e-01
7.018249235767883842e-01 -7.118970551885227538e-01 -2.538423645384290175e-02 7.795620380804002991e+00 7.122636615215939271e-01 7.007415877891739475e-01 4.051794193391272669e-02 6.054192974826131390e+00 -1.105681338757031132e-02 -4.651677070280112181e-02 9.988563144522316639e-01 1.943968573476757555e-01
6.953352140839541562e-01 -7.177550493446651636e-01 -3.655993975732142742e-02 7.895082386156043519e+00 7.186648576826890622e-01 6.940287694912179450e-01 4.295217631769265160e-02 6.155125770239770588e+00 -5.455491429919393301e-03 -5.614050461781765894e-02 9.984079734029145392e-01 2.665134675603977321e-01
6.860310002694981479e-01 -7.264611670926114373e-01 -4.019501680149755590e-02 7.988113552274893614e+00 7.274309471473695554e-01 6.837612302833728783e-01 5.757427458204862625e-02 6.227768479797109791e+00 -1.434168056793270508e-02 -6.873683632383136011e-02 9.975317356007668002e-01 2.400511449710897582e-01
6.872194773331141704e-01 -7.258419646171481165e-01 -2.971249526243403827e-02 8.094822939429583641e+00 7.259795337024650408e-01 6.847283268359245501e-01 6.403776287181459081e-02 6.301291760099676509e+00 -2.613630844539816672e-02 -6.557866138610887741e-02 9.975050538978000869e-01 1.765430657969875583e-01
6.871899009594348851e-01 -7.262037149007212200e-01 -1.995506160737239507e-02 8.207637921504751688e+00 7.260876088115921778e-01 6.856614412659389757e-01 5.162530669526054633e-02 6.392306934399913487e+00 -2.380807320272572761e-02 -4.996551236110157584e-02 9.984671367776037920e-01 1.556584790879988467e-01
6.968479084194012518e-01 -7.170592551262118253e-01 -1.513331323101811676e-02 8.261261242561396045e+00 7.172020288405194233e-01 6.965315028511813722e-01 2.156653340056255072e-02 6.458038181621017948e+00 -4.923652967943236564e-03 -2.588223664440443897e-02 9.996528734854586151e-01 1.987435089811749878e-01
7.069194821441681098e-01 -7.071604035967602453e-01 -1.374806713281609069e-02 8.354104646836661985e+00 7.071446299912800271e-01 7.070361262698668936e-01 -6.810904770789305215e-03 6.554445344352881619e+00 1.453678229585482831e-02 -4.907110572230888659e-03 9.998822941858280799e-01 2.522402652532409473e-01
7.345323431040504669e-01 -6.784278002096859606e-01 -1.406971345550893718e-02 8.406881448869176765e+00 6.785050759547890387e-01 7.345950157516412116e-01 1.012292661289002429e-03 6.621963711810931130e+00 9.648773894103956916e-03 -1.028993369719585424e-02 9.999005042637231222e-01 2.647957361922818054e-01
