1.000000000000000000e+00 0.000000000000000000e+00 0.000000000000000000e+00 0.000000000000000000e+00 0.000000000000000000e+00 1.000000000000000000e+00 0.000000000000000000e+00 0.000000000000000000e+00 0.000000000000000000e+00 0.000000000000000000e+00 1.000000000000000000e+00 0.000000000000000000e+00
9.999983289763015870e-01 -1.741296460911400442e-03 -5.567146843939793513e-04 2.449774868020296315e-02 1.741393917973618494e-03 9.999984685262460760e-01 1.746206885958878890e-04 -5.132118630936777226e-02 5.564097654129977451e-04 -1.755898563660292797e-04 9.999998297881731446e-01 -1.918811637018054753e-02
9.999888903018142594e-01 -4.688996615112462664e-03 -4.822693121707275952e-04 4.362131364372228565e-02 4.689141904752392766e-03 9.999889607407252967e-01 3.005742524625746757e-04 -1.224803831503788465e-01 4.808545966223632903e-04 -3.028323424144232622e-04 9.999998385357016240e-01 -2.554698185134570906e-02
9.999851309157667956e-01 -5.427750115845386518e-03 -5.267599612564852337e-04 4.873746573307393554e-02 5.428048654596145071e-03 9.999851072997041346e-01 5.669802487171176708e-04 -1.424871495948278333e-01 5.236746892675979816e-04 -5.698310969390341920e-04 9.999997005286255236e-01 -2.005810851672449463e-02
9.999921013464456720e-01 -3.972650635068132076e-03 -1.236594176371841433e-04 2.045247442623014666e-03 3.972663703406153178e-03 9.999921033631639089e-01 1.056144637554147893e-04 -9.945525405444094469e-02 1.232388717771613798e-04 -1.061048868233868464e-04 9.999999867769666650e-01 -5.330695250971444893e-03
9.999989639874282688e-01 -1.297708966701032656e-03 6.228767999678542925e-04 -6.611783955551045477e-02 1.297926718139872466e-03 9.999990966828954386e-01 -3.493130795047966479e-04 -2.608884944771306183e-02 -6.224229305971275402e-04 3.501211660528425417e-04 9.999997450023997425e-01 1.624381702224127894e-02
9.999868952630102115e-01 4.977585625560800725e-03 1.197056216604122170e-03 -1.336622023601691800e-01 -4.977121936557339643e-03 9.999875379911120632e-01 -3.900252591516551121e-04 5.296228301227078050e-02 -1.198982683002470248e-03 3.840622532182617985e-04 9.999992074680417176e-01 2.172384554668028989e-02
9.999955904922417371e-01 2.734076950868207737e-03 1.159232202546655504e-03 -8.067052824345191664e-02 -2.734913227879787797e-03 9.999960006031545223e-01 7.204355153194714036e-04 2.182798855676018612e-02 -1.157257840180019601e-03 -7.236027380384063784e-04 9.999990685762506493e-01 2.333601886752365365e-02
9.999972228236740923e-01 -2.230430230677309545e-03 7.612660016433041169e-04 -6.451247472175236641e-02 2.229828605974811234e-03 9.999972016958514898e-01 7.902308867696371600e-04 4.301478457840148678e-03 -7.630264262485595425e-04 -7.885311994519060303e-04 9.999993980044289410e-01 1.600743153293577442e-02
9.999931106129638092e-01 -3.676962750487106687e-03 5.085976211080026586e-04 -1.060953494127363783e-01 3.676785662854023095e-03 9.999931798093906199e-01 3.486859520811153349e-04 8.294992402772415410e-03 -5.098762576327036181e-04 -3.468135454071857924e-04 9.999998098732651997e-01 8.352623515016631764e-03
9.999992517871870712e-01 -1.076906485726490800e-03 5.802563977299739781e-04 -1.088445112308741858e-01 1.076694734187486199e-03 9.999993537090143825e-01 3.651164238344360995e-04 9.586495690660952473e-03 -5.806492189603672293e-04 -3.644913916417351460e-04 9.999997649962273361e-01 1.203482601298509758e-02
9.999998453878630178e-01 5.079025523482580233e-04 2.264050515065752888e-04 -5.097472525894372608e-02 -5.079391686847647275e-04 9.999998579252552533e-01 1.617011759598406540e-04 1.503119343898269913e-02 -2.263228909001476733e-04 -1.618161509525245794e-04 9.999999612967404028e-01 6.190839254624994764e-04
9.999999678164538386e-01 -2.534651039027145301e-04 -1.106943087612895234e-05 -1.527533616429657508e-03 2.534662167621444637e-04 9.999999628123215079e-01 1.006490558966488460e-04 1.327838043323532023e-02 1.104391944107196133e-05 -1.006518583841711930e-04 9.999999948736175703e-01 -5.483453911099103392e-03
9.999984638167802586e-01 -1.745006813762007549e-03 1.652734083470416880e-04 -4.316230363540375647e-03 1.744979502266863535e-03 9.999984638681950200e-01 1.652506787449870864e-04 -4.918459738902291808e-03 -1.655615180256914034e-04 -1.649620261798319810e-04 9.999999726884564177e-01 -4.010506253210778353e-03
9.999980919481930020e-01 -1.950601673796888017e-03 1.060805519334569468e-04 -1.771331600232473047e-02 1.950579437974735717e-03 9.999980757119710795e-01 2.093136670090164941e-04 -2.137907078302242816e-02 -1.064886353931371131e-04 -2.091063490843255194e-04 9.999999724673522827e-01 -1.868874443960874977e-03
9.999997233600937951e-01 -6.439674602010333777e-04 3.722709311243150871e-04 -3.096750450395538770e-02 6.440360218787867172e-04 9.999997756658834946e-01 -1.840809201860753265e-04 -2.505084271443169114e-02 -3.721523054886009384e-04 1.843206251514892475e-04 9.999999137642806568e-01 5.973660383450039510e-03
9.999999027719906897e-01 -4.409624218516418185e-04 2.855118436970005141e-06 1.725662024347341533e-02 4.409632837118620543e-04 9.999998549580157992e-01 -3.092496238287497181e-04 -3.111309100148212589e-02 -2.718750559777727473e-06 3.092508527634257464e-04 9.999999521782581002e-01 -4.631073159339395284e-04
9.999988659937051327e-01 -1.449353540893933388e-03 -4.091278738608006304e-04 6.911850251278868484e-02 1.449406021319224903e-03 9.999989414176932989e-01 1.280065551634110451e-04 -5.933842957285272168e-02 4.089419140112884898e-04 -1.285994024070350958e-04 9.999999081143481350e-01 -1.136854901571488288e-02
9.999982793413392246e-01 -1.736769014180310775e-03 -6.518801670695665955e-04 6.604765900355336061e-02 1.736801188077542529e-03 9.999984905693140025e-01 4.879269116742855741e-05 -1.047331728510013521e-01 6.517944414675008215e-04 -4.992479346051252918e-05 9.999997863357377170e-01 -3.034799242481684908e-02
9.999911553947741227e-01 4.176205132956481436e-03 -4.984404801184497222e-04 2.324447117907698507e-02 -4.176372689596434887e-03 9.999912226048250918e-01 -3.355956863325387633e-04 -9.679248581121058237e-02 4.970345886815244647e-04 3.376743913297336930e-04 9.999998194662952367e-01 -2.931404531780928274e-02
9.999819968963951089e-01 5.998742860687964092e-03 -1.448005161736183296e-04 -2.523342178242962350e-02 -5.998831074950697166e-03 9.999818167089994381e-01 -6.166661198087190245e-04 -6.469815829029604282e-02 1.410986617400650169e-04 6.175236517407655529e-04 9.999997993778334537e-01 -1.876306093927292834e-02
9.999488536729823629e-01 1.011215902880583870e-02 -1.851428223064969668e-04 -3.331106812473905165e-02 -1.011224662068217761e-02 9.999487554668088363e-01 -4.784440016419122619e-04 -5.588113360729904389e-02 1.802952329180128874e-04 4.802917408677571031e-04 9.999998684067276100e-01 -1.741693153733063840e-02
9.999424732928670068e-01 1.070741644236268553e-02 -6.335124891222129219e-04 1.438469337268757919e-02 -1.070739896394491339e-02 9.999426736808346705e-01 3.097500058079908145e-05 -7.179073990213925838e-02 6.338078344135873905e-04 -2.418994772133888099e-05 9.999997988512174807e-01 -2.806315080778210014e-02
9.999472342728555896e-01 1.024365693046162644e-02 -7.721157671476011706e-04 5.552312925850048236e-02 -1.024360285579592987e-02 9.999475301889347856e-01 7.395662364541243333e-05 -7.907331761823194194e-02 7.728328406595371975e-04 -6.604347399303040389e-05 9.999996991837847293e-01 -3.155241242417802100e-02
9.999483310708048300e-01 1.013021658753123118e-02 -8.449263883447626728e-04 8.889845468630518110e-02 -1.013032211890195315e-02 9.999486796840689751e-01 -1.207139362273604158e-04 -8.608071963924794623e-02 8.436601681364577559e-04 1.292670755482295045e-04 9.999996357637056521e-01 -3.570185818058574378e-02
9.999437922877851825e-01 1.058569505652790822e-02 -5.960916817324245090e-04 1.035361776926082972e-01 -1.058565180309006641e-02 9.999439675551503592e-01 7.567012748041850002e-05 -9.883175055663989683e-02 5.968593021525387060e-04 -6.935585525013198847e-05 9.999998194743531243e-01 -3.908829944016489061e-02
9.999466067083803145e-01 1.031285943238200928e-02 -6.547233948046294856e-04 9.534273532982308341e-02 -1.031261777951893513e-02 9.999467545704243676e-01 3.714008737689198226e-04 -6.932857871006709027e-02 6.585187387804625593e-04 -3.646291313318296835e-04 9.999997166992935504e-01 -5.392287556298838713e-02
9.999474614751434620e-01 1.021454451885480362e-02 -8.587023284717750947e-04 8.931824492550538563e-02 -1.021450978290141913e-02 9.999478295293080521e-01 4.482768100473189107e-05 -4.018325935284605688e-02 8.591154239104141803e-04 -3.605410248972398715e-05 9.999996303103266815e-01 -6.472870266640816383e-02
9.999542825937461910e-01 9.482322864416690630e-03 -1.232183233649597909e-03 1.215432983390891952e-01 -9.482541902607435555e-03 9.999550248886162063e-01 -1.720438092962138445e-04 -1.021282853639637715e-02 1.230496441124848215e-03 1.837201730442634441e-04 9.999992260624036566e-01 -7.047154207811293092e-02
9.999967528368669534e-01 -2.250048825177589605e-03 -1.196493211997171199e-03 1.721344966428063616e-01 2.250721569621205037e-03 9.999973096416933105e-01 5.612145679772297937e-04 -9.958948288206939670e-03 1.195227232822369768e-03 -5.639057187021224082e-04 9.999991267207198886e-01 -5.437721582802349657e-02
9.996907502817732327e-01 -2.482625599628418903e-02 -1.435553646577479711e-03 2.001201529573486404e-01 2.482842140527341188e-02 9.996905856260240864e-01 1.510794896490802366e-03 2.397138099574810596e-02 1.397602084786454509e-03 -1.545970214481866972e-03 9.999978283398962553e-01 -5.719302255320213302e-02
9.985185649944858799e-01 -5.438622675477514795e-02 -1.677408933688030995e-03 2.229672595816278025e-01 5.439117180695559467e-02 9.985150201231217659e-01 3.058597389006560176e-03 1.117326407357790291e-02 1.508572444026134562e-03 -3.145302513269459914e-03 9.999939156221306913e-01 -6.243154541383761497e-02
9.979615458813388962e-01 -6.380684942483411115e-02 -1.199545165829945257e-03 2.409574932012665816e-01 6.381624702862376264e-02 9.979000509167271771e-01 1.108940916257366259e-02 -6.331063824944636875e-02 4.894459214119031842e-04 -1.114335438141729299e-02 9.999377911129372354e-01 -1.736345314132252959e-01
9.977696470070120949e-01 -6.671946342105865291e-02 -2.060269960124524579e-03 2.921518294873151067e-01 6.674078925690694886e-02 9.976845702464315346e-01 1.308301729565345371e-02 -9.108594766354305428e-02 1.182607655864040611e-03 -1.319134159209178585e-02 9.999122911266432601e-01 -2.426244360150508206e-01
9.970717151412632484e-01 -7.643274500276021899e-02 -2.455678440388470683e-03 2.895350472047906187e-01 7.645256804305701481e-02 9.970291612848293239e-01 9.373173811016507692e-03 -1.048462861145792319e-01 1.731965612041779694e-03 -9.533469411123067158e-03 9.999530555261610942e-01 -2.132437229177168159e-01
9.970648293243118410e-01 -7.648502684820197850e-02 -3.430275865111815509e-03 3.005202310206595007e-01 7.644904454441471542e-02 9.970271031202936340e-01 -9.617652094011405403e-03 -1.366164864125487266e-01 4.155684387323020645e-03 9.327181331204527706e-03 9.999478656288475209e-01 -1.376976148842940784e-01
9.963088479848606349e-01 -8.575793484743214623e-02 -3.775716856881590998e-03 3.771305663343779147e-01 8.550119006409535871e-02 9.953142199575608640e-01 -4.515694905433172840e-02 -1.223126378469089615e-01 7.630591373097906673e-03 4.466743960622384518e-02 9.989727693557622912e-01 -1.598876946848324515e-02
9.957955843096313320e-01 -9.115099665821037311e-02 -9.091208811525440525e-03 4.042760988139179612e-01 9.035598037754248579e-02 9.937093018836806735e-01 -6.616358635882119144e-02 -7.276830132124639805e-02 1.506489560046783346e-02 6.506396205322076409e-02 9.977673725686183603e-01 5.063121941537523235e-02
9.987503419413352734e-01 -4.859034436487418007e-02 -1.169328467834252101e-02 4.839378197616195920e-01 4.776157887646943767e-02 9.968713558904642724e-01 -6.297881698106200243e-02 -7.596525708551746248e-02 1.471686295691468881e-02 6.234162525640677549e-02 9.979463591321414695e-01 -1.762568131972287733e-02
9.992361984834620126e-01 -3.783005130769539343e-02 -9.793204704101140037e-03 7.071787695170257404e-01 3.728372902154455243e-02 9.980034277803747633e-01 -5.098118955919211936e-02 -8.919835665274870873e-02 1.170227288039941103e-02 5.057712285885167247e-02 9.986515966305532510e-01 -9.737559564841866133e-02
9.983380394406923264e-01 -5.717101464032169761e-02 -7.254935610387125075e-03 7.917032008431045265e-01 5.680427748326843246e-02 9.974415298059269297e-01 -4.340125203281519628e-02 -5.166962730684518390e-02 9.717667689244398679e-03 4.291700948817640804e-02 9.990313795028028521e-01 -1.011040449480315878e-01
9.981966330434708379e-01 -6.002316387365108641e-02 -8.376032922790160092e-04 7.592895865308353365e-01 5.996643302233235773e-02 9.976959676335247496e-01 -3.172984523099504212e-02 -1.498320358560172039e-02 2.740199127168939895e-03 3.162239659484394200e-02 9.994961307290498587e-01 -3.357241478385335209e-02
9.977804667033706165e-01 -6.658312013430577048e-02 -9.101529456313655394e-04 7.684773566121476662e-01 6.656947025700178655e-02 9.977234318944718794e-01 -1.079162075034351478e-02 6.935157525282287239e-03 1.626620701328177670e-03 1.070707998932000221e-02 9.999413545519538760e-01 6.762901756107074502e-03
9.956467571088321034e-01 -9.317816259372797838e-02 -2.316263008184744378e-03 8.625582587890301411e-01 9.318845219996250984e-02 9.956368051638854189e-01 4.823336980400883857e-03 4.616101767548302232e-02 1.856727023984214861e-03 -5.018188787600011934e-03 9.999856850705666211e-01 9.493871030561443214e-02
9.855527060157330821e-01 -1.687060366644499987e-01 -1.497120095514507809e-02 9.486133029203432931e-01 1.688583176852526124e-01 9.855939744876498487e-01 9.559602614338249052e-03 1.142143439220259793e-01 1.314276278308261839e-02 -1.194950403200978166e-02 9.998422261236102893e-01 1.259880478147601957e-01
9.733771034061859950e-01 -2.270350289979362057e-01 -3.149778043750492418e-02 9.993256645116589398e-01 2.274744600780757575e-01 9.737207498451573295e-01 1.110276241177978254e-02 1.100279128398826689e-01 2.814932639994980126e-02 -1.797211531486449243e-02 9.994421536508945048e-01 6.403374949655622761e-02
9.634091523357358744e-01 -2.653524154800683821e-01 -3.782724936645582431e-02 1.166362853465311877e+00 2.663326731215606147e-01 9.635897872212935145e-01 2.369871706962890096e-02 8.345155579129544254e-02 3.016143934998521611e-02 -3.290619336409965345e-02 9.990032382403080113e-01 -2.357442182872653696e-02
9.578542290475688947e-01 -2.851247038837366188e-01 -3.491674570888467222e-02 1.376944752797353511e+00 2.862019903228829043e-01 9.576643530755206690e-01 3.110317642404092711e-02 1.109059343397937186e-01 2.457023872305321571e-02 -3.978555119206101526e-02 9.989061083432396737e-01 -1.482085130880707591e-01
9.532958327908043206e-01 -3.009790977138288026e-01 -2.527128653346361054e-02 1.452773365722776600e+00 3.014696991438341467e-01 9.532962267494490272e-01 1.850201511698660109e-02 1.512149833852748093e-01 1.852230228165677867e-02 -2.525642105747669466e-02 9.995093984118180730e-01 -1.585250374893796832e-01
9.497301468541026193e-01 -3.128758623242746117e-01 -1.101557675867396308e-02 1.376630966673239476e+00 3.128059328510300330e-01 9.497864315452879680e-01 -7.627766754755812770e-03 1.949543789124142390e-01 1.284898944203681156e-02 3.798582276273945995e-03 9.999102330924555249e-01 5.514741736836548114e-02
9.552778138674608011e-01 -2.949820626856595740e-01 -2.073357244467489979e-02 1.359340793994878505e+00 2.946389523830344470e-01 9.554375710614793071e-01 -1.808135898566974598e-02 2.198099948286512673e-01 2.514331066572014772e-02 1.116380301932660274e-02 9.996215200919359445e-01 2.123555896009428623e-01
9.604006808678824392e-01 -2.767765891544595180e-01 -3.201955472100490724e-02 1.599034543130206876e+00 2.767677873463998961e-01 9.609248666309672116e-01 -4.795057625912523339e-03 2.560049217271747057e-01 3.209554604436374442e-02 -4.256804703222379083e-03 9.994757403448233379e-01 1.804200641672845107e-01
9.552117237659615290e-01 -2.924495239523437484e-01 -4.520883453605047814e-02 1.914214402306958052e+00 2.935139713192807531e-01 9.557681003662849006e-01 1.889145210426061705e-02 3.034647408397225243e-01 3.768436572963513448e-02 -3.131476109234531541e-02 9.987989158570830250e-01 -4.825076125378624514e-02
9.458662735551107703e-01 -3.222851912798795904e-01 -3.833077135487551745e-02 2.022200115287633881e+00 3.234596554273257429e-01 9.457739201127352002e-01 2.975808033837827951e-02 3.415241643074950484e-01 2.666165527126929113e-02 -4.054562265252711906e-02 9.988219103633614315e-01 -1.613111291624816923e-01
9.239219298470039421e-01 -3.814473200584787005e-01 -2.943143842887220585e-02 2.008821281444226337e+00 3.822200435457099310e-01 9.236559197458757975e-01 2.770523831906052115e-02 3.737569375834981500e-01 1.661643342307696919e-02 -3.684676293251397394e-02 9.991827711693649361e-01 -1.051132789162505243e-01
8.986121863750725636e-01 -4.383507500564947645e-01 -1.856767145121579130e-02 1.999033274333257726e+00 4.387034175873558151e-01 8.982987555447146111e-01 2.446747195750072212e-02 4.018511507601136290e-01 5.953981473433576747e-03 -3.013246939308805022e-02 9.995281808898079934e-01 4.357865558618595481e-02
8.578329385596521472e-01 -5.137694042103405634e-01 -1.279252983048448020e-02 2.126884052547636905e+00 5.138999989281786140e-01 8.572565479326104132e-01 3.190614561933411558e-02 4.915382057417213013e-01 -5.425921463687589409e-03 -3.394422372092022883e-02 9.994089998855594237e-01 1.044206065315478743e-01
8.328133911784858512e-01 -5.535476082432366773e-01 -2.626952984434050009e-03 2.209682052779659678e+00 5.531553679866150208e-01 8.320244908780142223e-01 4.188538464397588423e-02 5.337128486363096336e-01 -2.099986527058662206e-02 -3.633582237095299428e-02 9.991189687275703335e-01 4.928000015919631327e-02
8.115228935437356350e-01 -5.842853743339739836e-01 6.418301473968438670e-03 2.332909447751076115e+00 5.831986332118399563e-01 8.105961408542361468e-01 5.304008533233419559e-02 5.601495702039456237e-01 -3.619319651874666754e-02 -3.930009887554256759e-02 9.985717574386570039e-01 -1.040202480111132935e-02
8.086235971407391698e-01 -5.883250787662056558e-01 1.216487529499399659e-03 2.437956630474249486e+00 5.875212184383694636e-01 8.076234160771444959e-01 5.062840792062546502e-02 6.163123175932108122e-01 -3.076842589189912602e-02 -4.022461309473827906e-02 9.987168189579633815e-01 -3.902150059776256924e-02
8.046824409642505671e-01 -5.935720840478042604e-01 -1.258372929467873810e-02 2.571266248943869126e+00 5.936906579089797908e-01 8.043319705828191335e-01 2.411397540766977918e-02 6.958497834905990054e-01 -4.191886856538352100e-03 -2.687493511630195328e-02 9.996300145289138683e-01 7.265037030368300119e-03
8.075771343274787961e-01 -5.887316136602802619e-01 -3.484622201013573561e-02 2.585736929668752904e+00 5.890769303820297953e-01 8.080768384010948990e-01 -4.396946395613613584e-04 7.486205952485005533e-01 2.841728704683986473e-02 -2.017201816014536214e-02 9.993925892662224308e-01 5.219538496741508993e-02
8.328834948081557110e-01 -5.501439655941362528e-01 -6.038792260469473538e-02 2.683389411661321944e+00 5.500142366864300136e-01 8.349097677196456457e-01 -2.024893104761409449e-02 7.843147162954842155e-01 6.155829366053426621e-02 -1.634921669943419434e-02 9.979695784917085311e-01 1.222288644610775438e-01
8.330496192651735132e-01 -5.482650451862900454e-01 -7.371412394531250134e-02 2.909414589994849809e+00 5.490179724054069510e-01 8.357322025357774020e-01 -1.144340948119713930e-02 8.866988185287369983e-01 6.787928857910506542e-02 -3.093745095468955486e-02 9.972137565790099023e-01 1.355415359680037235e-01
8.342539986085267811e-01 -5.467252907403913342e-01 -7.149630948880407455e-02 2.986614222894036441e+00 5.485678893131483713e-01 8.360714524109140733e-01 7.602452105875484589e-03 9.389872985327829547e-01 5.561957047839997947e-02 -4.556295565850929791e-02 9.974118910718174913e-01 4.080301467984737834e-02
8.171168150386207696e-01 -5.713793378408367207e-01 -7.645758869927447854e-02 3.079682432834336847e+00 5.733046508381380857e-01 8.193324285395187090e-01 4.018565775878113477e-03 9.966760821404767601e-01 6.034805637716113974e-02 -4.711712886097223912e-02 9.970647362430372640e-01 -9.566629911271091677e-03
7.933474844310542951e-01 -6.028232382498650566e-01 -8.487586448964477837e-02 3.059057238209784035e+00 6.043029876990158034e-01 7.966927475778423640e-01 -9.927991484264382660e-03 1.038791295652931268e+00 7.360480965916106622e-02 -4.341439142513505572e-02 9.963420710841351946e-01 6.433053594824190979e-02
7.700714623458688735e-01 -6.308857520944373132e-01 -9.472650465804913211e-02 3.124575884873112219e+00 6.326861850590117520e-01 7.742911772283131988e-01 -1.346714898807382238e-02 1.097937776865155701e+00 8.184212922431294279e-02 -4.956148374120011163e-02 9.954122388304262881e-01 1.651105977646333822e-01
7.459309033113197263e-01 -6.573158176196471913e-01 -1.073452532354054051e-01 3.187462658607036037e+00 6.612660671365508946e-01 7.501497018484823975e-01 1.616561286047916990e-03 1.149682561765258626e+00 7.946241840591834749e-02 -7.218961645311347541e-02 9.942204903025461116e-01 1.796064716160949981e-01
7.422550518397961206e-01 -6.606552788975939006e-01 -1.122142614957828410e-01 3.399007625556776713e+00 6.670940306769923556e-01 7.443616561329037262e-01 3.018739992454835125e-02 1.207864865762642292e+00 6.358452841238593223e-02 -9.726421409656810235e-02 9.932253925483135459e-01 7.172059088305539343e-02
7.231450785293401795e-01 -6.835241987905960048e-01 -9.927670958723493200e-02 3.573922793789186869e+00 6.895502297522340118e-01 7.227250759059821172e-01 4.678616574729758948e-02 1.311834026468496228e+00 3.977029101522490395e-02 -1.022894634083399007e-01 9.939593500884219557e-01 -4.301154730330829234e-02
7.173921695648103336e-01 -6.922012403615515064e-01 -7.877764841009238239e-02 3.630114263062441449e+00 6.962252410638410938e-01 7.163742397694682351e-01 4.558905899788841948e-02 1.357947235877184022e+00 2.487747480535208028e-02 -8.755222119767239186e-02 9.958492455239713603e-01 -3.781309518905308364e-02
7.137480623279943703e-01 -6.975835125824889627e-01 -6.277695832158475264e-02 3.648433261866822708e+00 6.999698310905673182e-01 7.135862267132373482e-01 2.892978755896745760e-02 1.415044603723728089e+00 2.461582998958412177e-02 -6.459055672651280167e-02 9.976082000944473949e-01 6.370149209949350910e-02
7.144686956573053083e-01 -6.972046838558538795e-01 -5.865246572146669279e-02 3.712890119289852464e+00 6.987958273784291574e-01 7.152499338942617246e-01 1.009572695505452089e-02 1.529035775405541919e+00 3.491238411002069164e-02 -4.819917918090736719e-02 9.982274112455744586e-01 1.350528598679062720e-01
7.241634086790622593e-01 -6.868170660830916763e-01 -6.220671400528658690e-02 3.813349436596628728e+00 6.887048093342427180e-01 7.249122599772589437e-01 1.370769617941885662e-02 1.613072740933845672e+00 3.567972996262444574e-02 -5.276867509874558215e-02 9.979691497226340635e-01 1.431137094788834385e-01
7.304582975533903122e-01 -6.805026426276898910e-01 -5.785178400130194798e-02 4.023468915965672466e+00 6.826016460236041805e-01 7.301872650244221052e-01 2.969092187892709289e-02 1.694878300914361535e+00 2.203788513603211277e-02 -6.117770323316250314e-02 9.978835704859791988e-01 9.839985994224519084e-02
7.175321430621564023e-01 -6.956248013916591644e-01 -3.540846454513198183e-02 4.131276153213478963e+00 6.964578664773456440e-01 7.158270606243513079e-01 5.037915739395489034e-02 1.778310259954112960e+00 -9.698654259885619230e-03 -6.080916844289149803e-02 9.981022899176372754e-01 3.877887824329256938e-02
7.111383707893714767e-01 -7.029074187237568383e-01 -1.426107619163474900e-02 4.118438471871402662e+00 7.023801108608861421e-01 7.094258462892751860e-01 5.811323845557751083e-02 1.852756058402350137e+00 -3.073105039024184165e-02 -5.134324999306959930e-02 9.982081312141579676e-01 5.636448696854031576e-02
6.946690853882403482e-01 -7.191997904794651397e-01 -1.365734894330654890e-02 4.186000061219576907e+00 7.186527760305645440e-01 6.930671692021419528e-01 5.653394093544772403e-02 1.949699015186838968e+00 -3.119373830480911408e-02 -4.908727277434561664e-02 9.983072624909367088e-01 1.113773999265251086e-01
6.648357043457959747e-01 -7.463036652282351024e-01 -3.200508543859484356e-02 4.349107801613120827e+00 7.467073637096635075e-01 6.627965013747911804e-01 5.593666728632253754e-02 2.047898851158275857e+00 -2.053288116153288365e-02 -6.108712656721438511e-02 9.979212212188732778e-01 1.260704362125870670e-01
6.477409195791838936e-01 -7.609469892110726219e-01 -3.730121597639054348e-02 4.417260655929430513e+00 7.612934138763550740e-01 6.445933401692078846e-01 7.022651776920761646e-02 2.084677934359225659e+00 -2.939454186066180891e-02 -7.388575925107603026e-02 9.968334141112514812e-01 6.462831348292352729e-02
6.399527813149172850e-01 -7.681568620474863440e-01 -1.988650237374463975e-02 4.526845612009930520e+00 7.668770762610557234e-01 6.368225346929554664e-01 7.972834635519861213e-02 2.168429985090642109e+00 -4.857970350461895265e-02 -6.627287979708425258e-02 9.966182407576155144e-01 4.260487524642303514e-02
6.351017762346141682e-01 -7.724117685381415299e-01 -5.078744669559705910e-03 4.589341665807126880e+00 7.705651137421898333e-01 6.330995819646241252e-01 7.358209564631960908e-02 2.262838393672140569e+00 -5.362032550371310935e-02 -5.064562310800967138e-02 9.972762313185234984e-01 5.749459057710298859e-02
6.419332021779162734e-01 -7.667264601102018462e-01 7.231826082372969783e-03 4.655510102506213777e+00 7.655279813062981775e-01 6.414073472907630968e-01 5.063126186982220417e-02 2.382852349635947053e+00 -4.345887456792441039e-02 -2.696572284040638784e-02 9.986912315690890107e-01 8.791305642233432360e-02
6.498679973046256331e-01 -7.598117843533767068e-01 1.891133091595663396e-02 4.733021785200116405e+00 7.589943452794827294e-01 6.500760849163902400e-01 3.645089372768908070e-02 2.513592611163411927e+00 -3.998962256691412920e-02 -9.334676079856897221e-03 9.991564912011731137e-01 1.226581578425044727e-01
6.753586818423962246e-01 -7.368876275342336468e-01 2.978716581129747798e-02 4.765035996273421226e+00 7.353629870439636340e-01 6.759268311527208972e-01 4.862300087017043526e-02 2.579873607570921212e+00 -5.596363235066582897e-02 -1.093358654833044910e-02 9.983729406085231073e-01 1.318548204411237879e-01
6.919799049369110833e-01 -7.214588611480378111e-01 2.570841952512019704e-02 4.905354281746426182e+00 7.189653869826900801e-01 6.919306272325529417e-01 6.573263586983751905e-02 2.672724155868800189e+00 -6.521183546208567106e-02 -2.700219932787138385e-02 9.975060389527091731e-01 1.048445497094807888e-01
6.823691692683804266e-01 -7.307036502039059300e-01 2.108298865598287261e-02 5.048240189291273161e+00 7.283836834681247652e-01 6.820783915330057567e-01 6.500982588158774056e-02 2.786593753559194475e+00 -6.188316806197791120e-02 -2.900419594533959478e-02 9.976618816654153621e-01 4.977984005869426354e-02
6.613353165385214005e-01 -7.498565302605640914e-01 1.872920512145296104e-02 5.081545951119045057e+00 7.480043610736916149e-01 6.611513941936407734e-01 5.803714130230328005e-02 2.842973590976082487e+00 -5.590236948137451700e-02 -2.437248410385911210e-02 9.981387213734246311e-01 5.249084583922655062e-02
6.408706468024365499e-01 -7.674450478244405627e-01 1.768933680975000311e-02 5.112432336224936869e+00 7.658691288182839507e-01 6.407832728208899820e-01 5.330360959702105939e-02 2.927125496571301166e+00 -5.224262235138378563e-02 -2.061300178749101916e-02 9.984216607061164872e-01 9.888829496863221769e-02
6.128585801988313264e-01 -7.901325421382492387e-01 9.743024726465179114e-03 5.216710237828048768e+00 7.882404351421998800e-01 6.121642021100028863e-01 6.270570996216354165e-02 3.017454136795372666e+00 -5.551015297680259031e-02 -3.074988632778113268e-02 9.979845025887529308e-01 1.413484451436867739e-01
5.948926704481507510e-01 -8.037565250599364441e-01 8.840761881423471469e-03 5.269748803949940275e+00 8.003568401398631904e-01 5.933224554408391693e-01 8.600809445038962164e-02 3.093946953407164191e+00 -7.437498966992589500e-02 -4.408982074390402350e-02 9.962552125928219038e-01 1.161854923499737458e-01
5.951430465601625919e-01 -8.036106669139168046e-01 3.827551862204507660e-03 5.353620523569390777e+00 7.996344294143366005e-01 5.926586211454257791e-01 9.664645920679618141e-02 3.186736332590327958e+00 -7.993455714705888226e-02 -5.445782592219747253e-02 9.953114144676183939e-01 7.959494701231979719e-02
6.013779571092217058e-01 -7.988990862986334873e-01 -1.023731480163865559e-02 5.474654744146270957e+00 7.963808915344631201e-01 5.983543003836494512e-01 8.803185111746311686e-02 3.285239617153664859e+00 -6.420302408697693697e-02 -6.109321667421107466e-02 9.960650533848103283e-01 7.119590354252725017e-02
6.125969634593146917e-01 -7.902162494456538289e-01 -1.682971991660099642e-02 5.516422520085392911e+00 7.891834835016154903e-01 6.103402577735641543e-01 6.836811471113213301e-02 3.395637590157908559e+00 -4.375373959654593053e-02 -5.516383645961733112e-02 9.975182010461635107e-01 9.030342243540703806e-02
6.376772473965346411e-01 -7.700986003033573057e-01 -1.777284343004371936e-02 5.597610447258515975e+00 7.696201227524418487e-01 6.359700247779742632e-01 5.680663903470358628e-02 3.449857892019248862e+00 -3.244371753198332237e-02 -4.990263915578849879e-02 9.982269941240780042e-01 1.108624852853401788e-01
6.527162119541012331e-01 -7.574726975521434147e-01 -1.402352007763436707e-02 5.682360424705015234e+00 7.568689042328397010e-01 6.511580658167727131e-01 5.605921090365001414e-02 3.555683717028225832e+00 -3.333179349613723391e-02 -4.720472206081284539e-02 9.983289566858672970e-01 1.186576307096396110e-01
6.798554543284907048e-01 -7.333193807374815965e-01 -6.264746969994239301e-03 5.726377251547996927e+00 7.320337808239880673e-01 6.781032136533189369e-01 6.559401928208530297e-02 3.649500875641356501e+00 -4.385322054694323901e-02 -4.918045819060438972e-02 9.978267272326510895e-01 1.352064851711768934e-01
6.871670196350458948e-01 -7.264980509638681028e-01 1.438426775945168823e-03 5.840133308386887379e+00 7.245027773320469322e-01 6.854237716927245039e-01 7.273224069606508413e-02 3.793771201057316578e+00 -5.382576301399834284e-02 -4.893705287633278583e-02 9.973504660307428438e-01 1.336457598507223843e-01
6.849670904595122067e-01 -7.285663625316497471e-01 3.337720004873832857e-03 5.929973648974785405e+00 7.265082300802329085e-01 6.833625242303207337e-01 7.212109333095086117e-02 3.867882509735026453e+00 -5.482587539764112450e-02 -4.697569440641606586e-02 9.973902984899729596e-01 1.024005335752905116e-01
6.751554912113872930e-01 -7.376748575689986431e-01 -9.312344860404227209e-04 5.994824214960527975e+00 7.365900088440597848e-01 6.740930540486428368e-01 5.507915535374222071e-02 3.906359530471607222e+00 -4.000276938186211884e-02 -3.787293220667255211e-02 9.984815568891848292e-01 8.159396289620277076e-02
6.659743664592557844e-01 -7.459298047172339130e-01 -8.177386728172711394e-03 6.072869222177539328e+00 7.458342609010880642e-01 6.655964027485021806e-01 2.669614043979307016e-02 3.993184624357356771e+00 -1.447060763480359849e-02 -2.387792040280756894e-02 9.996101472233646090e-01 1.086342752383972626e-01
6.291180779890832575e-01 -7.772113289415775172e-01 -1.236907887390486377e-02 6.113542711036832777e+00 7.773096452644828736e-01 6.290301681539958167e-01 1.052439694043098839e-02 4.092948665938776820e+00 -3.991567684186242068e-04 -1.623569268688153031e-02 9.998681127813064951e-01 1.519185252127794594e-01
6.310628236284607784e-01 -7.757262273519929252e-01 2.921101216693082481e-03 6.118857472458950397e+00 7.755700750173908364e-01 6.310037162311208370e-01 1.803798325849513551e-02 4.140212268530128803e+00 -1.583576242537142534e-02 -9.117581957904796752e-03 9.998330352252060571e-01 1.920498049125649587e-01
6.340755362122836303e-01 -7.731868959591576829e-01 1.141219935629263216e-02 6.267790459906787071e+00 7.726083115950614921e-01 6.340739680290822244e-01 3.204059802941747886e-02 4.267082429315275149e+00 -3.200954906482381124e-02 -1.149899929981362638e-02 9.994214135107220010e-01 1.672746763378159529e-01
6.473042610323562762e-01 -7.622186521397368297e-01 4.463180439785920106e-03 6.372214024890726414e+00 7.616427247204863304e-01 6.470231300641757777e-01 3.551660234749789286e-02 4.362970222935891762e+00 -2.995919774808434438e-02 -1.959069912584945200e-02 9.993591201255190848e-01 1.034829734054265871e-01
6.637714139338966035e-01 -7.479297300390862491e-01 -2.937510485993626366e-03 6.454695267948364013e+00 7.478478810767367202e-01 6.636284223397248550e-01 1.791267238361662906e-02 4.466373187674159695e+00 -1.144800477073062636e-02 -1.408673086799890235e-02 9.998352400271866003e-01 5.905858439262719195e-02
6.761603594282877827e-01 -7.367236516928830081e-01 -6.740131609422635520e-03 6.520437160102463992e+00 7.367086055193510230e-01 6.761920533512038034e-01 -4.973684591519584100e-03 4.577638370467606244e+00 8.221854507465778394e-03 -1.602504597909829758e-03 9.999649159282898436e-01 7.538682196522192291e-02
6.987612517085503017e-01 -7.153471600491174698e-01 -3.339718605235756244e-03 6.567993626397639062e+00 7.152997392967910262e-01 6.987577067986578960e-01 -9.162431523541734665e-03 4.657613242358398686e+00 8.887973483457439414e-03 4.013452272434122822e-03 9.999524469334600818e-01 1.592073509668430753e-01
7.036189121226967824e-01 -7.105659230936994808e-01 4.061458022868044693e-03 6.703952354513682543e+00 7.105773878626858719e-01 7.036108960871243490e-01 -3.388622982301955910e-03 4.773196340272773064e+00 -4.498461014545115152e-04 5.270279449204794131e-03 9.999860107986572322e-01 1.686792752681453567e-01
6.987646416417501172e-01 -7.152632966764428391e-01 1.124242050554601600e-02 6.780258549781999378e+00 7.153196646602323350e-01 6.987957113747489402e-01 -1.526798818156300738e-03 4.833348343287412696e+00 -6.764092078710920788e-03 9.108797495024531857e-03 9.999356363619337218e-01 1.099355861622552250e-01
6.938414019517974429e-01 -7.200865818271597885e-01 7.708671094387912689e-03 6.858608188434539343e+00 7.201243254448412845e-01 6.937648061012934297e-01 -1.055223757537373207e-02 4.912967643424271280e+00 2.250519979182311059e-03 1.287278088494798849e-02 9.999146096903032133e-01 1.127138286527050726e-01
6.879313647341600557e-01 -7.257693925505019905e-01 -3.037474587810009077e-03 6.892168644862568527e+00 7.257521397380370942e-01 6.879367189035399122e-01 -5.186757165370715558e-03 5.022501957307566656e+00 5.853979898908966834e-03 1.363679253815133644e-03 9.999819354859545983e-01 1.612358147589529334e-01
6.770223616154356083e-01 -7.359205865184773598e-01 -7.849344619684329311e-03 6.995892477057943815e+00 7.358746492355628943e-01 6.767383566469121758e-01 2.266489036536187968e-02 5.112024985148514666e+00 -1.136760683237364455e-02 -2.112077131965149623e-02 9.997123038823557684e-01 1.582030540846385558e-01
6.689827754001798077e-01 -7.432111995504525614e-01 -9.957865265705318630e-03 7.086658377084465776e+00 7.425470654507505541e-01 6.676710437120563224e-01 5.328445344499729841e-02 5.217819803521810407e+00 -3.295302426714918909e-02 -4.304056518251940522e-02 9.985297231131470275e-01 1.397950311366617238e-01
6.728331563953533490e-01 -7.396302577333574435e-01 -1.557644055467988578e-02 7.187830311781346460e+00 7.386054279260952926e-01 6.704098460038550034e-01 7.080014279079736850e-02 5.288691414166242666e+00 -4.192332874636479911e-02 -5.914152708862864538e-02 9.973688957855308956e-01 1.221153096454309916e-01
6.666449919985871775e-01 -7.450324821192211289e-01 -2.260653070411866930e-02 7.288314934173890869e+00 7.446913847021945365e-01 6.644278382454015253e-01 6.301102534375027653e-02 5.404420011857149042e+00 -3.192485228676554543e-02 -5.884087313946999298e-02 9.977567616682199159e-01 9.987707000360754317e-02
6.714274243252260632e-01 -7.408045244973473498e-01 -1.984616709221469558e-02 7.305537377215736150e+00 7.408528218409713428e-01 6.703408497748962747e-01 4.219290809294982264e-02 5.499209922022791019e+00 -1.795300070358818792e-02 -4.303256449863496896e-02 9.989123525907604995e-01 1.299363716430523841e-01
6.878969690460577935e-01 -7.256220409031133300e-01 -1.644426139562732772e-02 7.392529638328533714e+00 7.257582207692385712e-01 6.874066183713767320e-01 2.733397163051597828e-02 5.570261585364820967e+00 -8.530238162939636493e-03 -3.073751412897763463e-02 9.994910906366571979e-01 1.634472272053844322e-01
7.166676187439482426e-01 -6.971276892708572204e-01 -2.001272334676353765e-02 7.472803605107652736e+00 6.973958315487643889e-01 7.161407966506627698e-01 2.795377453872226192e-02 5.675509076635274930e+00 -5.155422609877410509e-03 -3.399035487354282181e-02 9.994088639757424675e-01 2.161409587550027211e-01
7.238126698952941362e-01 -6.894521255804175741e-01 -2.740411340821493485e-02 7.645649749263123240e+00 6.899079940643406683e-01 7.225125336556238453e-01 4.475040152500212726e-02 5.798689422310552288e+00 -1.105344404083444428e-02 -5.129722451727149884e-02 9.986222589806722505e-01 2.262358615213003743e-01
7.168759715596686455e-01 -6.965912780773588775e-01 -2.914502885455733106e-02 7.713901578526409786e+00 6.969965466705230206e-01 7.150279838414188571e-01 5.413682898952631994e-02 5.898290273134267458e+00 -1.687173167599544804e-02 -5.912337634326551850e-02 9.981080958693931970e-01 1.516065465076557039e-01
7.131950099670010257e-01 -7.004727238726968785e-01 -2.628385185877054817e-02 7.775652412181932149e+00 7.007731276644819651e-01 7.116188733706840797e-01 5.015578337517929974e-02 5.932103529637325678e+00 -1.642867315120051172e-02 -5.418987149830428729e-02 9.983954910382399905e-01 1.109291980884344608e-01
7.021067536465277481e-01 -7.115817146328413667e-01 -2.641154830977386625e-02 7.798029812151595408e+00 7.119660290345251052e-01 7.008805262402656444e-01 4.325345579232081628e-02 6.010862137026042440e+00 -1.226702835832093989e-02 -4.917266860110319771e-02 9.987149586733454765e-01 1.613641577337238675e-01
6.957550956525151431e-01 -7.173794940790108043e-01 -3.593756180519187132e-02 7.902960924142527155e+00 7.182564391855339458e-01 6.944644882183934609e-01 4.274063841453895618e-02 6.139402249358185237e+00 -5.703897095576435095e-03 -5.554940214356428319e-02 9.984396473895733592e-01 2.505849796129799856e-01
6.873132199514111473e-01 -7.252981576424344379e-01 -3.928256865981812757e-02 8.004261338710172424e+00 7.262192306546317866e-01 6.851041915470386101e-01 5.690233520755914876e-02 6.244831930374104445e+00 -1.435850644801915134e-02 -6.763748402453290121e-02 9.976066379327140909e-01 2.300416768059049266e-01
6.890862195850679939e-01 -7.240557844598467518e-01 -3.005666262570498917e-02 8.123335076137916388e+00 7.242130325175695216e-01 6.865625218760820214e-01 6.440021030136633406e-02 6.292758223400064743e+00 -2.599356669765231012e-02 -6.614472424457118471e-02 9.974714080839331976e-01 1.569212362491924639e-01
6.880821907742922239e-01 -7.253306692066933126e-01 -2.093607048662744427e-02 8.233613742759242626e+00 7.252589812359907517e-01 6.865155048222472134e-01 5.192178516950318040e-02 6.362533286428086576e+00 -2.328752618428070811e-02 -5.091052884056020827e-02 9.984316747666767133e-01 1.402325371102465246e-01
6.963305745722070395e-01 -7.175568467505912817e-01 -1.535912098033394638e-02 8.274477844776825464e+00 7.177127637836011598e-01 6.960591227623758037e-01 1.975060306361554538e-02 6.445655003684922946e+00 -3.481324179778088300e-03 -2.477638594751717729e-02 9.996869565425643422e-01 1.946516805711608067e-01
7.069771945887907139e-01 -7.071010687550977059e-01 -1.383202431901406002e-02 8.368703384868878103e+00 7.070593907669725509e-01 7.071025920724858249e-01 -8.540621324564562702e-03 6.549226217997132338e+00 1.581974271601668119e-02 -3.742038183990167768e-03 9.998678577145224677e-01 2.444771625804943171e-01
7.355339103778164578e-01 -6.773723864223676339e-01 -1.251066731972359444e-02 8.425481742245025885e+00 6.774002341999773025e-01 7.356103949471738401e-01 -2.503907242430537111e-03 6.634145697833317534e+00 1.089905455229999570e-02 -6.633020287130498086e-03 9.999186035131741868e-01 2.557462940323829148e-01
