1.000000000000000000e+00 0.000000000000000000e+00 0.000000000000000000e+00 0.000000000000000000e+00 0.000000000000000000e+00 1.000000000000000000e+00 0.000000000000000000e+00 0.000000000000000000e+00 0.000000000000000000e+00 0.000000000000000000e+00 1.000000000000000000e+00 0.000000000000000000e+00
9.999985221735259167e-01 -1.689810088672116231e-03 -3.165321919235863555e-04 1.258135428407364774e-02 1.689996673567810718e-03 9.999983978283806252e-01 5.901287275079657472e-04 -4.782752189127240788e-02 3.155344793073336959e-04 -5.906627937515370906e-04 9.999997757777030483e-01 -1.456562226321372541e-02
9.999941117375678035e-01 -3.419442133484830795e-03 -2.896647866365191309e-04 1.314752260276805772e-02 3.419551408266025862e-03 9.999940820279017428e-01 3.775941477391439745e-04 -9.631609193858101103e-02 2.883719110702574252e-04 -3.785824479947772088e-04 9.999998867584790618e-01 -2.258536539494038903e-02
9.999938648136077468e-01 -3.486708295503566750e-03 -3.364526801266044462e-04 1.357590043308208594e-02 3.486883146657899016e-03 9.999937853380020947e-01 5.205106102169055043e-04 -1.064860516972251508e-01 3.346357205243782364e-04 -5.216805879672741040e-04 9.999998079341309021e-01 -1.882473623685173431e-02
9.999982479305520311e-01 -1.856925905407071520e-03 2.365629049348944913e-04 -2.248226403827742470e-02 1.856937444201557392e-03 9.999982747108207004e-01 -4.856655483572470266e-05 -6.396938811543018133e-02 -2.364723123016635830e-04 4.900575225983048007e-05 9.999999708396404285e-01 -8.662295770167638409e-05
9.999997334282449968e-01 -5.368741271005230417e-04 4.948834312821177644e-04 -5.970665953905933410e-02 5.369399395004245635e-04 9.999998470215312185e-01 -1.328623932531769057e-04 -1.717733505660379301e-02 -4.948120251942058441e-04 1.331280805154679264e-04 9.999998687189782798e-01 1.147692366208213910e-02
9.999981470970447095e-01 1.644198731553556158e-03 1.001205777270142800e-03 -9.464124792548450626e-02 -1.644260846208627077e-03 9.999986463282812821e-01 6.121988706418257740e-05 2.407736812520469907e-02 -1.001103764305540664e-03 -6.286601708823609026e-05 9.999994969194319072e-01 1.993935869932621230e-02
9.999991644648452693e-01 6.985459799895822825e-04 1.087705440402107586e-03 -5.408648625730644310e-02 -6.996270464017445090e-04 9.999992614085005949e-01 9.938332099293887157e-04 1.750677114031456982e-04 -1.087010398838539251e-03 -9.945933676914276485e-04 9.999989145956238445e-01 2.287381400638831969e-02
9.999988992374710950e-01 -1.377190823409496327e-03 5.521496917805403378e-04 -4.751068921772647058e-02 1.376558416951894834e-03 9.999983980575390952e-01 1.144101953641879889e-03 -8.638345790704790236e-03 -5.537244539801047154e-04 -1.143340627951682257e-03 9.999991930803932005e-01 1.670848760025005209e-02
9.999971307781019281e-01 -2.334135437099216833e-03 5.387460673302609361e-04 -7.555362811181254301e-02 2.333764668652316566e-03 9.999970402241717959e-01 6.878120146332593332e-04 -9.087193256519864731e-03 -5.403499191600913279e-04 -6.865527346106544207e-04 9.999996183335808642e-01 1.597751423794643508e-02
9.999993610424638968e-01 -6.845164356398147259e-04 8.996398797335118788e-04 -7.540986793550027989e-02 6.840478978506055142e-04 9.999996303132056008e-01 5.210104850184442719e-04 -5.795233045723111390e-03 -8.999961873886645021e-04 -5.203947553463142287e-04 9.999994595979346812e-01 2.654397078434544630e-02
9.999998416009444613e-01 2.028186037157378647e-04 5.250359034162695041e-04 -3.730690221668058609e-02 -2.029962010587011204e-04 9.999999221977420305e-01 3.382263329928153527e-04 8.042148000000966940e-03 -5.249672639746932228e-04 -3.383328597118966151e-04 9.999998049701048775e-01 1.162162799033021263e-02
9.999999813020293837e-01 -1.874589409790882344e-04 4.748774936125827476e-05 -1.057070808278921456e-02 1.874380134635437328e-04 9.999998854949608829e-01 4.403147241723886943e-04 7.786974541289633234e-03 -4.757028485556253223e-05 -4.403058149299927840e-04 9.999999019339238515e-01 -3.885580996052133591e-03
9.999997061472071236e-01 -7.625093386304382251e-04 7.927804228638929722e-05 -9.768771790439122887e-03 7.624824013754285352e-04 9.999996517619479386e-01 3.392588546633966374e-04 4.290969318688673921e-03 -7.953670272365219603e-05 -3.391983068591758466e-04 9.999999393092089406e-01 -5.923904686643935089e-03
9.999995849433277462e-01 -9.110151196901582205e-04 -1.283058522536434329e-05 -9.199470648917282278e-03 9.110182738472148538e-04 9.999995542685140570e-01 2.480090277008367315e-04 -8.422008363677992160e-03 1.260463953231341005e-05 -2.480206136606395023e-04 9.999999691634486876e-01 -4.495942675592544749e-03
9.999999664985899095e-01 -1.211003132614314325e-04 2.287739784309669570e-04 -1.304830462394920149e-02 1.211079447651469655e-04 9.999999921104979483e-01 -3.334470949052489505e-05 -1.742325253536297636e-02 -2.287699385712892695e-04 3.337241471977362372e-05 9.999999732752982151e-01 4.354408437945293461e-03
9.999999374169197264e-01 -3.471346530562031637e-04 6.829120940136719118e-05 1.462133512482994419e-02 3.471415676763997863e-04 9.999999346189425431e-01 -1.012661966202484326e-04 -3.377921413163351844e-02 -6.825605193038561532e-05 1.012898970001880337e-04 9.999999925407340173e-01 7.791070285900984077e-04
9.999996998577238561e-01 -7.207222781427358692e-04 -2.843305468953978479e-04 3.837206867937392740e-02 7.207530041952628190e-04 9.999997344280140421e-01 1.079768883850547946e-04 -3.650175587217369122e-02 2.842526500361861486e-04 -1.081817880724850769e-04 9.999999537485647627e-01 -1.143282445742646591e-02
9.999997652078760346e-01 -5.304374991141531416e-04 -4.338435804948798124e-04 3.072965382697415843e-02 5.303031821020987892e-04 9.999998114463735099e-01 -3.096542468080367631e-04 -5.942827508819721605e-02 4.340077509163662857e-04 3.094241054723874808e-04 9.999998579469874249e-01 -2.953956779240229230e-02
9.999893211920044545e-01 4.616034495705956080e-03 -2.229966112289581172e-04 1.429737492489414723e-02 -4.616159581981847150e-03 9.999891865902695853e-01 -5.637137967147585940e-04 -7.217033254556659561e-02 2.203920775438916908e-04 5.647371648670330545e-04 9.999998162496165355e-01 -2.230480562034996631e-02
9.999817917852694693e-01 6.033004531787456749e-03 -1.376744038444538735e-04 -9.388571007326209153e-03 -6.033068446973423489e-03 9.999816910564599537e-01 -4.686544321080048027e-04 -6.592977063163030227e-02 1.348444888588171001e-04 4.694764978492603816e-04 9.999998807043837257e-01 -1.536511855860667013e-02
9.999849460228831255e-01 5.487040664094637241e-03 1.060009751208773465e-05 -1.358931001953506135e-02 -5.487038879452796683e-03 9.999849330263957947e-01 -1.616308452238757350e-04 -7.825198728506410628e-02 -1.148681282101370891e-05 1.615702488896555349e-04 9.999999868815537818e-01 -7.635743267196790258e-03
9.999905754751555742e-01 4.335441379806689345e-03 -2.300193674809913912e-04 2.570384665809367572e-02 -4.335414639058871901e-03 9.999905952449333890e-01 1.166258598393305162e-04 -8.838726289058035368e-02 2.305228287838826274e-04 -1.156275313629728102e-04 9.999999667447491136e-01 -1.294441857553369629e-02
9.999876830902282299e-01 4.948094399052966989e-03 -3.873366176894554717e-04 3.769537218891268193e-02 -4.948114956478815406e-03 9.999877566452877176e-01 -5.213350440890288096e-05 -7.396585706927361059e-02 3.870739138886833560e-04 5.404944839641409853e-05 9.999999236262182567e-01 -2.058253138845824587e-02
9.999814845175998279e-01 6.065143576888622212e-03 -4.946264943469210005e-04 6.902031632617591783e-02 -6.065314717028617506e-03 9.999815462145439371e-01 -3.452357938362406089e-04 -6.885819057055334036e-02 4.925234619582155235e-04 3.482294669845706174e-04 9.999998180784223090e-01 -2.570613458470369719e-02
9.999315867239433331e-01 1.168895767529405487e-02 -4.360506877290615800e-04 1.051653115230931079e-01 -1.168904189038754739e-02 9.999316625580284557e-01 -1.910853783617816207e-04 -7.347830730202886684e-02 4.337873002404537951e-04 1.961693203402386273e-04 9.999998866730814839e-01 -3.313616235217235056e-02
9.999093251307293873e-01 1.345512927515155228e-02 -5.486463326272522038e-04 8.319875056672865199e-02 -1.345510204778889614e-02 9.999094745972393339e-01 5.328748830348700727e-05 -3.108007929635773353e-02 5.493136562408895956e-04 -4.590056407380652126e-05 9.999998480738111484e-01 -5.158274140449634754e-02
9.999334197076513719e-01 1.151775983430378646e-02 -7.052376630125716537e-04 7.585582205600260863e-02 -1.151788054787595585e-02 9.999336530106088805e-01 -1.673455826017884317e-04 -1.984202051092440883e-02 7.032634263870865326e-04 1.754572838444175449e-04 9.999997373176128246e-01 -6.190782151259054816e-02
9.999566306068955468e-01 9.272715273193005495e-03 -8.681340720456952624e-04 9.596732050594507235e-02 -9.272772630107744066e-03 9.999570049934071170e-01 -6.206742646579343895e-05 -1.539313917466516440e-02 8.675212130421870857e-04 7.011474450170537527e-05 9.999996212453620137e-01 -6.255915800997519094e-02
9.999978166874491370e-01 -1.924523328276653506e-03 -8.141439023247572584e-04 1.335906257727270119e-01 1.925189673456127347e-03 9.999978118727619325e-01 8.184707748948857409e-04 -9.949712939424922714e-03 8.125669547745109980e-04 -8.200363693508333452e-04 9.999993336374264352e-01 -4.751649771870360139e-02
9.997131052838892362e-01 -2.394284438523387043e-02 -6.688246317010812471e-04 1.744869520331767954e-01 2.394341661512169178e-02 9.997129444645530549e-01 8.610869922161567321e-04 3.873130243771012726e-02 6.480157700315276317e-04 -8.768538977072524217e-04 9.999994056012252441e-01 -2.656173474902774612e-02
9.986110314666492016e-01 -5.267954704681478140e-02 -9.344281981310565430e-04 1.983804070703141242e-01 5.268112376808498087e-02 9.986098491563454305e-01 1.751675333124738144e-03 6.569102671492034473e-02 8.408517388610005838e-04 -1.798469038764512022e-03 9.999980292367929291e-01 -3.282659116649619402e-02
9.979661893829151476e-01 -6.372730819224001197e-02 -1.521525259302537042e-03 2.209297914114169703e-01 6.373210584003421997e-02 9.979614337632402021e-01 3.345953737357705744e-03 2.709042185824919735e-02 1.305194904262973934e-03 -3.436118709986548010e-03 9.999932447544197522e-01 -7.284291950187886389e-02
9.977333110322323950e-01 -6.727486439041834021e-02 -1.527310678764968099e-03 2.223885438194867226e-01 6.727756219890686229e-02 9.977326931546363076e-01 1.789590726538607896e-03 -2.557563757326422604e-03 1.403453323365772129e-03 -1.888288020169608507e-03 9.999972323397310348e-01 -6.044741598263457527e-02
9.969723851942542403e-01 -7.774772686963973833e-02 -1.163669490679245921e-03 2.608597024794637731e-01 7.774665003295672117e-02 9.969727016324079205e-01 -9.437205256977234140e-04 -6.468508103055015113e-02 1.233518841602915250e-03 8.503918988157665353e-04 9.999988776318130546e-01 -9.222098230318019618e-03
9.966777425888440067e-01 -8.141762510322160529e-02 -2.155864225167536917e-03 3.261366857119013529e-01 8.141022761508291683e-02 9.966751430395621725e-01 -3.321759583200843170e-03 -2.019780843322451502e-01 2.419146061420809901e-03 3.135214445529371959e-03 9.999921590506167801e-01 -3.500988325983667854e-02
9.959502275906415569e-01 -8.988781279478945396e-02 -1.823533141533050048e-03 3.807771189655037580e-01 8.975620400418733713e-02 9.952544360148336544e-01 -3.758232876704180325e-02 -1.726456058722751208e-01 5.193072780934917393e-03 3.726645547626175614e-02 9.992918709222684548e-01 -6.175411509998080667e-02
9.957577682126104168e-01 -9.160864685338236668e-02 -8.621071043299484774e-03 3.892556063533976762e-01 9.088125543888365965e-02 9.938318988136025656e-01 -6.355119440578309298e-02 -7.315626273340225527e-02 1.438973433019932226e-02 6.249810174910543775e-02 9.979413423762264479e-01 -1.143446664058285489e-02
9.987521178848675074e-01 -4.818967753385262898e-02 -1.311342821976592583e-02 4.742929301390634289e-01 4.727922871552818485e-02 9.969180662257620673e-01 -6.260226645059947803e-02 -7.843301276854400261e-02 1.608979653558209252e-02 6.190415342988204311e-02 9.979524007865170354e-01 3.695838720931078625e-03
9.992002419118289902e-01 -3.848107837849151086e-02 -1.086660803428501909e-02 7.080370530359929582e-01 3.786666395076288688e-02 9.979291668871300702e-01 -5.199513089894519657e-02 -8.791151549819753441e-02 1.284493380996527823e-02 5.154206517774433116e-02 9.985882150279117297e-01 -3.984634071405304678e-02
9.982995413176828370e-01 -5.794236571558616239e-02 -6.380286841935563572e-03 7.672234933033434956e-01 5.759160178186859685e-02 9.972921375175555214e-01 -4.573401195897731919e-02 -3.037453371915177502e-02 9.012946749137107361e-03 4.528879222220963396e-02 9.989332770960984709e-01 -6.216804237968637237e-02
9.981529668200641581e-01 -6.073239950449070557e-02 1.493478734656479871e-03 7.253164772797301429e-01 6.074791871169091251e-02 9.975668767532128722e-01 -3.420550799269044678e-02 8.793507309966017149e-03 5.875376598375211656e-04 3.423305500926194372e-02 9.994137045009093834e-01 -7.745051746751205335e-03
9.976981535092730446e-01 -6.775884640020832239e-02 2.670808622878573582e-03 7.571936995677744919e-01 6.777830945851356925e-02 9.976680582184616064e-01 -8.034076023432805413e-03 -1.122173682530025474e-02 -2.120200729421009740e-03 8.196605707077964792e-03 9.999641595596062693e-01 -8.773836602833554044e-03
9.955513622716921640e-01 -9.420614313066108525e-02 -1.639413133796133615e-03 8.662982017644108579e-01 9.421645186268895467e-02 9.955182901813681706e-01 8.160521599189453704e-03 1.053461902550109977e-02 8.632944940635127766e-04 -8.278678083523992662e-03 9.999653585058864147e-01 6.671224061228618607e-02
9.852660456758595142e-01 -1.686447796863727866e-01 -2.845623873230272369e-02 1.003457768074310641e+00 1.691315810055466773e-01 9.854692062307592870e-01 1.565093854953730421e-02 7.476993870250113472e-02 2.540329791226367609e-02 -2.023318698208412605e-02 9.994725061749967221e-01 8.125092623190474650e-02
9.728852372114222824e-01 -2.265659084190986550e-01 -4.649950922647779622e-02 1.056905493146261588e+00 2.276291693352986700e-01 9.735636708526350658e-01 1.894043462183251161e-02 9.447947988792237961e-02 4.097897611942766943e-02 -2.901151388967115538e-02 9.987387323910256187e-01 5.071114411043686765e-03
9.630212129320755432e-01 -2.666756867310769441e-01 -3.839559283749397617e-02 1.150738813896255097e+00 2.676825378385492837e-01 9.632095777622352584e-01 2.394510896634430633e-02 8.816669698592596860e-02 3.059742438748293963e-02 -3.333747761311561808e-02 9.989756804883926922e-01 -4.545302941964744770e-02
9.569717226414731215e-01 -2.888725397854173815e-01 -2.752776457567859825e-02 1.322828417120848421e+00 2.896003892403243851e-01 9.567482433527207952e-01 2.764802693386039789e-02 1.167414305172038147e-01 1.835038464076787362e-02 -3.443043129856676599e-02 9.992386145381545459e-01 -8.291346803878349436e-02
9.527152566410287404e-01 -3.034623336363642676e-01 -1.562855807138486056e-02 1.402857899177881951e+00 3.036906743356097560e-01 9.526494793963704577e-01 1.519683280841335749e-02 1.505311722546571751e-01 1.027687136249795172e-02 -1.922450180879044235e-02 9.997623739895408201e-01 -4.863036601763133515e-02
9.498853165986261837e-01 -3.124124320962970991e-01 -1.078691716869212974e-02 1.384455545632309548e+00 3.123415605868254952e-01 9.499380953463516519e-01 -7.769462010465220253e-03 2.116659223088431796e-01 1.267418007265548943e-02 4.010895339221633854e-03 9.999116350348483673e-01 8.333712012238470024e-02
9.552480218855247118e-01 -2.947422295485764843e-01 -2.506461259478027712e-02 1.392816020343027317e+00 2.943615209964347001e-01 9.555282729904225336e-01 -1.780490024139751506e-02 2.411700466212055582e-01 2.919780197990387918e-02 9.630038248878165091e-03 9.995272636215919437e-01 1.910615197236179563e-01
9.599261823260828441e-01 -2.766415512178976299e-01 -4.484614392149388618e-02 1.663185040741571807e+00 2.766751794657497654e-01 9.609473024516772544e-01 -5.579155710315422505e-03 2.734920440526059648e-01 4.463820731690708310e-02 -7.052237276220315980e-03 9.989783262898813687e-01 1.168995002657651217e-01
9.549366600171885766e-01 -2.929202457318796915e-01 -4.789264030716588322e-02 1.915030190925846698e+00 2.940403345591013906e-01 9.556206656413054334e-01 1.815007029297744517e-02 3.159145797384004806e-01 4.045067375938363879e-02 -3.141453548349083108e-02 9.986875737450469082e-01 -4.746643574335901450e-02
9.450422422012512147e-01 -3.248760010816422183e-01 -3.675247442598125053e-02 2.006925937962985351e+00 3.259874911263613284e-01 9.449042903907800550e-01 2.979996023884846912e-02 3.366487175008552324e-01 2.504627885279807342e-02 -4.014306817244087111e-02 9.988799817762545885e-01 -1.368067761493761414e-01
9.228823329217010762e-01 -3.844862270931237447e-01 -2.141356478247660733e-02 1.979848512665635774e+00 3.849296550768306346e-01 9.226540224780743760e-01 2.321024445070045406e-02 3.840833262242316914e-01 1.083329236338794604e-02 -2.966304065202948759e-02 9.995012475209049674e-01 -2.617557193922062653e-02
8.980921626941367197e-01 -4.394902126836230383e-01 -1.669791192550795084e-02 1.968626531113552014e+00 4.397439536570005303e-01 8.979597726809223079e-01 1.713189624461119998e-02 4.568301782029765556e-01 7.464752472657239582e-03 -2.272882755731367443e-02 9.997137979783973227e-01 9.870928606452865350e-02
8.581411291952039111e-01 -5.132230781095957761e-01 -1.399551639961979857e-02 2.107190540865718109e+00 5.133938136238037631e-01 8.575477681696024312e-01 3.222758818374078793e-02 5.034641955165302107e-01 -4.538118154832858180e-03 -3.484103045326862602e-02 9.993825634263223678e-01 9.204818194141124732e-02
8.331593163062913643e-01 -5.529615682221546979e-01 -8.891440902834715429e-03 2.246872950513482348e+00 5.526470812044854686e-01 8.318696661662012826e-01 5.073521606040170412e-02 5.009939435895398585e-01 -2.065810466127194350e-02 -4.718434678819003608e-02 9.986725590152037979e-01 -1.536098883648859270e-02
8.111377521671200297e-01 -5.848497016441536189e-01 2.524578383852327940e-03 2.358033114567844812e+00 5.838745214057619037e-01 8.100200326671322948e-01 5.438832532014990784e-02 5.535857092067792973e-01 -3.385395490137363406e-02 -4.264238694869734725e-02 9.985166681497376073e-01 -1.511901244595727223e-02
8.081656993674763978e-01 -5.889397124964080854e-01 4.268185858886622275e-03 2.410187330180590060e+00 5.880690727856167088e-01 8.073259798547052224e-01 4.898497611212161706e-02 6.261852165388878122e-01 -3.229501507884395550e-02 -3.707798937763975844e-02 9.987903957812013234e-01 3.995393805444960589e-02
8.046927652298488942e-01 -5.936193858460333539e-01 -9.250855880276076526e-03 2.546488768026493155e+00 5.936566765926808431e-01 8.043792496492440103e-01 2.336178654667826760e-02 7.142870770962304050e-01 -6.426812870515504796e-03 -2.429089297447856871e-02 9.996842744561054150e-01 7.692271955090684843e-02
8.068375607319852039e-01 -5.899496460700272005e-01 -3.118598553693190806e-02 2.557454891171186961e+00 5.902421470143549564e-01 8.072262145960609203e-01 2.153062910295131666e-04 7.424959553218596353e-01 2.504712518323553433e-02 -1.858100026274181471e-02 9.995135756703313890e-01 7.335499915961662953e-02
8.321401156534266041e-01 -5.512256221614565410e-01 -6.077122175024074480e-02 2.674124220159596277e+00 5.510151525982854848e-01 8.342133751805000941e-01 -2.168746820277330650e-02 7.932507949349379972e-01 6.265085416329146950e-02 -1.543885172780736122e-02 9.979160848137165196e-01 9.196361204545894230e-02
8.323740638499920186e-01 -5.490049908147327518e-01 -7.580856079866336861e-02 2.913274568486664329e+00 5.496752314903308179e-01 8.352677775914320035e-01 -1.359704392584710694e-02 9.013458215199523504e-01 7.078529307632171197e-02 -3.035226149704989621e-02 9.970296798521666171e-01 1.323902738794782985e-01
8.334250953738128187e-01 -5.476957757425807705e-01 -7.370174784144316316e-02 2.993635804437978276e+00 5.494263160197166984e-01 8.355330510092725538e-01 3.904348362880741274e-03 9.553363216336788755e-01 5.944185113329981951e-02 -4.374766170744470023e-02 9.972726850911828311e-01 6.439323029423110745e-02
8.164323435510587590e-01 -5.722259619275902320e-01 -7.743175640375181412e-02 3.085246670547500347e+00 5.742040787204263363e-01 8.187020196392766902e-01 4.083995518574714406e-03 9.946706619195244681e-01 6.105656708784372444e-02 -4.779593638180275328e-02 9.969892898526213632e-01 2.537935315072934600e-03
7.930901981353180030e-01 -6.029448347529504648e-01 -8.640291584442824635e-02 3.063759156074858048e+00 6.045589858992039822e-01 7.965090599966122564e-01 -9.041565784716772136e-03 1.033331632387323396e+00 7.427227066818592460e-02 -4.506488198198725648e-02 9.962192460606958955e-01 3.796452542497348592e-02
7.688192542765661663e-01 -6.320188764134544446e-01 -9.730927042527445781e-02 3.147219758940020373e+00 6.340168574103344223e-01 7.732139807413256349e-01 -1.275791933179747095e-02 1.086588347348671713e+00 8.330413419001675424e-02 -5.188718380513178408e-02 9.951724179174300522e-01 1.524566798672650214e-01
7.447928235655090212e-01 -6.571864309302293261e-01 -1.157136334513067660e-01 3.220485331750688296e+00 6.619157074216599490e-01 7.495710025786413988e-01 3.302780909125294095e-03 1.168455987562244447e+00 8.456504144030087267e-02 -7.905255906317808223e-02 9.932771248104744766e-01 1.388966408851167456e-01
7.416863267155542339e-01 -6.611022394130592339e-01 -1.133367628187178927e-01 3.387193303797813027e+00 6.676303048081975167e-01 7.438947931923054480e-01 2.983810924121136493e-02 1.219196949360164872e+00 6.458458689889921833e-02 -9.779757514588649503e-02 9.931084862343505515e-01 7.500495154760095096e-02
7.233218485342336468e-01 -6.837747807671771261e-01 -9.621617649760375035e-02 3.538873578708769063e+00 6.894284181474267248e-01 7.229421635377816235e-01 4.520049148016477836e-02 1.330679540426070506e+00 3.865177465209240770e-02 -9.902866941502522224e-02 9.943336275869048002e-01 9.314890631626694673e-03
7.170340789206883780e-01 -6.929716892195297850e-01 -7.518222932709207884e-02 3.611002184426287176e+00 6.966216851466465743e-01 7.161529055614475059e-01 4.293301339695224095e-02 1.377394211435118310e+00 2.409060916221335627e-02 -8.315800500329373346e-02 9.962451449086543454e-01 -9.716305180906339989e-04
7.148862088743737075e-01 -6.963374193088330832e-01 -6.365459002726844839e-02 3.641199163434518660e+00 6.987016620707914294e-01 7.149430976915989167e-01 2.592979912483634949e-02 1.448839832749024170e+00 2.745352037059908129e-02 -6.301242364371560656e-02 9.976350729028155007e-01 7.659957871679756725e-02
7.137723756258083085e-01 -6.976554865804890371e-01 -6.169131087625734366e-02 3.730942712878350331e+00 6.994279320459243499e-01 7.146196111878871937e-01 1.092607796213833360e-02 1.531759310795405060e+00 3.646318235497013338e-02 -5.094735861469118499e-02 9.980354718058542796e-01 1.336214247067115113e-01
7.228704976694233508e-01 -6.881608251191050352e-01 -6.239328786458298720e-02 3.787778513829433091e+00 6.900050178276130319e-01 7.237018006615147936e-01 1.219750351492130541e-02 1.627165533255341634e+00 3.676029069356952922e-02 -5.186889714148067848e-02 9.979771032130200226e-01 1.468229535808922848e-01
7.306574729826236236e-01 -6.806433209756365121e-01 -5.351940569460273550e-02 3.990181790307638643e+00 6.825037954611844482e-01 7.302327421517939010e-01 3.080116021434043880e-02 1.709451873600900118e+00 1.811701840051276741e-02 -5.903229540453619473e-02 9.980916599909784859e-01 1.143377463509096109e-01
7.188433880094314832e-01 -6.943984084234547938e-01 -3.278770949753668368e-02 4.104744098726148316e+00 6.950809507732117476e-01 7.171857487066664039e-01 5.007068727575396394e-02 1.808083659457869974e+00 -1.125412756858455016e-02 -5.878309477248737369e-02 9.982073393747608048e-01 4.319406693511693152e-02
7.106885997674763367e-01 -7.033184422514587864e-01 -1.627522502226322679e-02 4.141303002825961421e+00 7.029276078510277026e-01 7.089750200195409358e-01 5.698420052192926938e-02 1.875983309096034501e+00 -2.853931115804645216e-02 -5.193832666993569019e-02 9.982424144171351266e-01 5.047089337188421371e-02
6.924212371376869957e-01 -7.212851535385390589e-01 -1.733659844379094664e-02 4.186457385084739968e+00 7.208538748539087271e-01 6.905961149036262681e-01 5.870857848834958037e-02 1.943609352366427068e+00 -3.037303851807230878e-02 -5.314822071249096502e-02 9.981246140469014483e-01 9.036136709621914176e-02
6.632286539927128022e-01 -7.476633348121992650e-01 -3.357514408778603660e-02 4.342546515339829938e+00 7.480470930000269192e-01 6.608236287012971832e-01 6.113655538431359004e-02 2.021758754295028826e+00 -2.352231232730693858e-02 -6.566330426921462848e-02 9.975645499391130322e-01 1.005459008661017395e-01
6.472947471641813388e-01 -7.613352772293301429e-01 -3.712284929524728438e-02 4.401427872511716188e+00 7.616388523734226590e-01 6.440833782138138952e-01 7.115378039132531918e-02 2.083250773889366858e+00 -3.026167293713935905e-02 -7.433167262224225913e-02 9.967743142739109441e-01 6.011738546946142348e-02
6.404223678300371425e-01 -7.677698659092159206e-01 -1.971354318009212875e-02 4.516608927290535647e+00 7.666172663665141718e-01 6.374874084188220102e-01 7.686202583973024416e-02 2.195295925369481704e+00 -4.644521171985089431e-02 -6.433690316761402073e-02 9.968468313633239708e-01 7.201631986954172560e-02
6.352492509094302964e-01 -7.722971052809065595e-01 -3.945933823584005240e-03 4.580430380359820752e+00 7.705571634935305392e-01 6.334577645691029657e-01 7.051892154535081836e-02 2.295305799362759025e+00 -5.196197655798064780e-02 -4.783765966105905931e-02 9.975026372448048129e-01 9.748447797452841623e-02
6.418522558847350457e-01 -7.668042524094216272e-01 6.076191447349017088e-03 4.646839326071621201e+00 7.655786278905400977e-01 6.412383075737000393e-01 5.198843541841752930e-02 2.378877899671864249e+00 -4.376124007514702041e-02 -2.871709224216745932e-02 9.986292016961251239e-01 9.021828045615161440e-02
6.498243432917980567e-01 -7.598993030731355791e-01 1.677414839407028943e-02 4.725836925934767230e+00 7.588655143529297042e-01 6.498735679631710838e-01 4.227856180951791026e-02 2.484134600889582600e+00 -4.302852532038529965e-02 -1.474431591429314903e-02 9.989650400073930570e-01 1.197166735417531103e-01
6.740677384128732630e-01 -7.381318697407573959e-01 2.817848299621452529e-02 4.778433084555363308e+00 7.364609260219704412e-01 6.745108686250442798e-01 5.157899329717689080e-02 2.552861523655778786e+00 -5.707879180410386361e-02 -1.401538368015427943e-02 9.982712960645927502e-01 1.354293028702044377e-01
6.910913479021185690e-01 -7.222040709959598459e-01 2.853118805264327762e-02 4.899885296305948046e+00 7.198177375136149969e-01 6.912971872793747252e-01 6.301288455867934402e-02 2.670589592762510733e+00 -6.523169180400788247e-02 -2.301040409222912878e-02 9.976048053652805114e-01 1.206729044466398199e-01
6.824750774400654141e-01 -7.305423402786962450e-01 2.314428079034542077e-02 5.045841566654427623e+00 7.283485136163244666e-01 6.823914416846543762e-01 6.205129352745035465e-02 2.798482720108121935e+00 -6.112455632614216539e-02 -2.549135884303597999e-02 9.978045796839518644e-01 8.109286646879299010e-02
6.603310333275662636e-01 -7.507922080250557517e-01 1.655254643279585602e-02 5.100469085305777917e+00 7.490108629816196739e-01 6.600372355494735777e-01 5.773711824933880354e-02 2.849902888026832670e+00 -5.427387548423169561e-02 -2.572757386677002392e-02 9.981945894377769468e-01 5.013560598452589112e-02
6.403938614756301551e-01 -7.678752446229681894e-01 1.622685673653442850e-02 5.100126959154478001e+00 7.660738392674568686e-01 6.401196757418237127e-01 5.811775561909816867e-02 2.904503177326077434e+00 -5.501431608545234719e-02 -2.478728350181136006e-02 9.981778476815896806e-01 9.650774863403359383e-02
6.128520340751315576e-01 -7.901548251096535136e-01 8.230230003266600369e-03 5.205376422610297205e+00 7.880251735630339205e-01 6.119057533930765125e-01 6.773237627162963237e-02 3.018016816611509334e+00 -5.855518901791791075e-02 -3.502429614402254032e-02 9.976695788279262844e-01 1.403996564243479017e-01
5.939716945015279803e-01 -8.044554810054205252e-01 7.000372227329486330e-03 5.259727736710501311e+00 8.011091699968402313e-01 5.922525893089622961e-01 8.637689623854026555e-02 3.116584336677453937e+00 -7.363235618909264035e-02 -4.569736903988357024e-02 9.962379367324230017e-01 1.167551387344691327e-01
5.952818770099126411e-01 -8.035096160610142313e-01 3.432754147438626946e-03 5.340400029411370042e+00 7.997069542056842728e-01 5.928693923602461613e-01 9.473474018257641016e-02 3.209847423589256454e+00 -7.815544957725596709e-02 -5.364867659014541101e-02 9.954966324410660095e-01 8.666926413015452191e-02
6.017215091977046182e-01 -7.986554744923537452e-01 -8.981003965582285559e-03 5.453202458200798297e+00 7.960847459258930670e-01 5.987986025744691521e-01 8.768871568776176462e-02 3.321537026452707764e+00 -6.465526021092804498e-02 -5.991382660334845789e-02 9.961074393401552207e-01 9.720354820325402545e-02
6.131184362517803077e-01 -7.898396444894500990e-01 -1.546347700068875612e-02 5.498052589659985223e+00 7.886911332316078882e-01 6.108698893652158013e-01 6.931287491347624952e-02 3.433386489806476316e+00 -4.529988399558949885e-02 -5.469290867843992765e-02 9.974751156045337241e-01 1.138223498344025919e-01
6.368288043020626787e-01 -7.707666102623804694e-01 -1.918088933926192022e-02 5.606902308477375918e+00 7.704129522217522119e-01 6.351677044890408075e-01 5.500791055009062597e-02 3.481518477336830841e+00 -3.021517930063226734e-02 -4.980782748486854011e-02 9.983016694672348645e-01 1.190058642098219266e-01
6.521766086755866887e-01 -7.578802228888390502e-01 -1.682970143449637884e-02 5.683412371066990154e+00 7.575026177095225410e-01 6.506738231695831098e-01 5.304111617508577153e-02 3.577445295380137669e+00 -2.924816677386043312e-02 -4.734071815933595800e-02 9.984505000972890842e-01 1.277075230296347841e-01
6.804548014393523303e-01 -7.327309421390622024e-01 -9.307503969052777215e-03 5.746187719400081662e+00 7.315556182456184331e-01 6.785167938053486836e-01 6.664336379101026830e-02 3.639375293025598701e+00 -4.251635698649097045e-02 -5.215675369606635747e-02 9.977334475863205432e-01 1.482053830560024765e-01
6.864625593207136500e-01 -7.271627404384150006e-01 -1.871782292379994134e-03 5.870382673257728889e+00 7.250908012418181281e-01 6.843077630738113593e-01 7.724128009953459828e-02 3.770347652484547396e+00 -5.488610575868906050e-02 -5.438045894446669193e-02 9.970106725003675674e-01 9.554107915441154009e-02
6.844072523584933121e-01 -7.290988424335543838e-01 1.261301371096038709e-03 5.930470176250208780e+00 7.270349249900095456e-01 6.825979132229501589e-01 7.402909366218858589e-02 3.848688306613398780e+00 -5.483548817936227671e-02 -4.974903844020343857e-02 9.972552844735425026e-01 5.995565125796539080e-02
6.755558452512229195e-01 -7.373081452134738756e-01 -9.994742482374342762e-04 5.975880553599147049e+00 7.361932973101507072e-01 6.744585907659037538e-01 5.590204233907128395e-02 3.910474276165955221e+00 -4.054292715769269861e-02 -3.850075770602745528e-02 9.984357579301473828e-01 8.259537283172035949e-02
6.655424762454706933e-01 -7.463091481216020950e-01 -8.710209128138177159e-03 6.057331466397817721e+00 7.462068420405257863e-01 6.651242186808472567e-01 2.802003954491356572e-02 4.002323801619389165e+00 -1.511824080219835095e-02 -2.514814415023833641e-02 9.995694121174605318e-01 1.338841187250744691e-01
6.272876208739961434e-01 -7.786733680884083686e-01 -1.334265820951332192e-02 6.114544407060251707e+00 7.787875191663182761e-01 6.271846342977041022e-01 1.137692803996869992e-02 4.087479092440933215e+00 -4.906006656890064127e-04 -1.752770180911761289e-02 9.998462576717870309e-01 1.611096115078191060e-01
6.305754018326360510e-01 -7.761277504361244750e-01 -6.144970060789484156e-04 6.142862665402692990e+00 7.760005425577910509e-01 6.304573069511685279e-01 1.862101130159178608e-02 4.128317234836406335e+00 -1.406486948476799205e-02 -1.221880169414869821e-02 9.998264251016450999e-01 1.828590390319540238e-01
6.348823089712541945e-01 -7.725440198250881352e-01 1.000955482641026698e-02 6.264360758299878817e+00 7.719270568056233461e-01 6.348129645591801262e-01 3.378045291278849310e-02 4.265301610821202516e+00 -3.245108205802887946e-02 -1.371996574628049116e-02 9.993791521805845957e-01 1.536398662273650850e-01
6.466372996384729399e-01 -7.627888730005462081e-01 3.652114842179516804e-03 6.353781797211431659e+00 7.622450021351622196e-01 6.463436452103430430e-01 3.496353838175902257e-02 4.379890308910285412e+00 -2.903031925815440645e-02 -1.982492175931178241e-02 9.993819155062827475e-01 8.411130615277848110e-02
6.640112930343744502e-01 -7.477200153828302831e-01 -1.944561317694225994e-03 6.424474051353947779e+00 7.476240985428830310e-01 6.638794242045484850e-01 1.795320015425217255e-02 4.485459986784693598e+00 -1.213301284758718478e-02 -1.337492855073242268e-02 9.998369373480373579e-01 8.213976918370334557e-02
6.755786936938421583e-01 -7.372725705406707464e-01 -4.752405209303442978e-03 6.514003384426978904e+00 7.372470236871279115e-01 6.755950796807077552e-01 -6.173684126163074375e-03 4.591696232738951444e+00 7.762389541456755047e-03 6.671128613174931096e-04 9.999696496739473028e-01 1.226450761315785454e-01
6.977127658932626986e-01 -7.163714243833509965e-01 -2.979704103116557513e-03 6.565825131149047422e+00 7.163152662020595418e-01 6.977008789081255991e-01 -1.029188887919440208e-02 4.676324963903134346e+00 9.451757267614234459e-03 5.046374718341533130e-03 9.999425975458572369e-01 1.844065462933398847e-01
7.029084571649246715e-01 -7.112782645354137623e-01 1.712088057149833758e-03 6.702557388260676596e+00 7.112802326228896410e-01 7.029051022058702136e-01 -2.201811273305381064e-03 4.771880054524731740e+00 3.626650705148071804e-04 2.765446156647828353e-03 9.999961103832361031e-01 1.654369554423709976e-01
6.982818465758688919e-01 -7.157545447125970295e-01 9.894163221696689742e-03 6.765099635824634916e+00 7.157992044412677668e-01 6.983045295041669931e-01 -1.510958375354849812e-03 4.836834554714024570e+00 -5.827663669332544538e-03 8.137308967144601599e-03 9.999499100149619180e-01 1.102593140889955303e-01
6.923776493312852054e-01 -7.214910472556514964e-01 7.991209947633028457e-03 6.836510556591807841e+00 7.215328623921986040e-01 6.923040487030405199e-01 -1.026803961322873306e-02 4.920822230138177211e+00 1.875951653028555544e-03 1.287528171814049903e-02 9.999153503802579168e-01 1.301098660468103518e-01
6.859603431524368133e-01 -7.276347600020511841e-01 -2.462449785998605846e-03 6.880640895976190663e+00 7.276135945087662815e-01 6.859607725631833297e-01 -6.022922094242637997e-03 5.016100074907766881e+00 6.071631430156941393e-03 2.339773766459286516e-03 9.999788301511678412e-01 1.914535752617441411e-01
6.764507572921450995e-01 -7.364321232192527766e-01 -9.060951918354766613e-03 6.998886173588402038e+00 7.364049905515874794e-01 6.761388908248854301e-01 2.332145374564063844e-02 5.135617463488932444e+00 -1.104820571856771939e-02 -2.244834525921677454e-02 9.996869554743240682e-01 1.574521349937908488e-01
6.695228915760302879e-01 -7.426959188770932974e-01 -1.191090840286659555e-02 7.091331815633112434e+00 7.420266144673678399e-01 6.680200438674033236e-01 5.608675791565176372e-02 5.228211003292371650e+00 -3.369868065321848793e-02 -4.638957937622199823e-02 9.983548496639507164e-01 1.304535487619158385e-01
6.730802999569969192e-01 -7.393706200202829759e-01 -1.714631332449124274e-02 7.175995019949025888e+00 7.384071595774488461e-01 6.705426472863107445e-01 7.160603923573988228e-02 5.302306418426304013e+00 -4.144606729912080068e-02 -6.085757488668683268e-02 9.972856055736230019e-01 1.285721811942331372e-01
6.656911239031403360e-01 -7.457644276799684224e-01 -2.628204641467548827e-02 7.291844457998096551e+00 7.456227071111132254e-01 6.633214529460951248e-01 6.365083425829250185e-02 5.403771622807926001e+00 -3.003508276780876909e-02 -6.196828599090550144e-02 9.976260949546579271e-01 1.080897312680374200e-01
6.695739677576449944e-01 -7.423810680758683445e-01 -2.326051297407902285e-02 7.316625758387846901e+00 7.425218063340407459e-01 6.682757538465009528e-01 4.548498586703247915e-02 5.471574249507410670e+00 -1.822275554677436210e-02 -4.772700057015888397e-02 9.986941797151210887e-01 1.309714970410475188e-01
6.880211364873282109e-01 -7.254823233094879198e-01 -1.738718816120209468e-02 7.392069429681141557e+00 7.256511390844665454e-01 6.875361704972438037e-01 2.691539714366196143e-02 5.591428673968338536e+00 -7.572324088513528173e-03 -3.113539502644234111e-02 9.994864916968342339e-01 1.749884293959135251e-01
7.167551752472847149e-01 -6.970104268596315489e-01 -2.094000012388980148e-02 7.466500452013431044e+00 6.973178432894098222e-01 7.162895730050544696e-01 2.602062709549319425e-02 5.697463689786805396e+00 -3.137544651518187414e-03 -3.325225485874527820e-02 9.994420660350297192e-01 2.417038942448446193e-01
7.230654923150896529e-01 -6.902227830068889958e-01 -2.772730858489733802e-02 7.631037911205828195e+00 6.907126574964850274e-01 7.218545735123302887e-01 4.291852133374635114e-02 5.810233918627885963e+00 -9.608256724323102280e-03 -5.018450475552052592e-02 9.986937452919001368e-01 2.242742610811281068e-01
7.152584322862081123e-01 -6.983404815694561618e-01 -2.694340076560716030e-02 7.675629067039461795e+00 6.985479101740287300e-01 7.132552827254243777e-01 5.742576822100024792e-02 5.875084179371513393e+00 -2.088521570329171517e-02 -5.989552124837999036e-02 9.979861393323115060e-01 1.604076550485877828e-01
7.136852237965878309e-01 -7.000124925364583639e-01 -2.521728826240683674e-02 7.781275249605124955e+00 7.002627421703671029e-01 7.121466551438894177e-01 4.979190190591537002e-02 5.949373063975445852e+00 -1.689654587341835046e-02 -5.319447208371458347e-02 9.984412125294520601e-01 1.452565215164018930e-01
7.015975570379300308e-01 -7.120740901235572684e-01 -2.667129792710921585e-02 7.816731790332806185e+00 7.125046615407558681e-01 7.005183537106700609e-01 4.013905077584108833e-02 6.043593864534157589e+00 -9.898244344404952960e-03 -4.716488406855915555e-02 9.988380741990654510e-01 1.954819780563294140e-01
6.947426323340546439e-01 -7.183023412596669655e-01 -3.707318921309062099e-02 7.896207594132609309e+00 7.192408876228462145e-01 6.934423421664236420e-01 4.278158087594337300e-02 6.154205105225521777e+00 -5.021990546475358502e-03 -5.638674162979817606e-02 9.983963716777648489e-01 2.695233234505017283e-01
6.859060088418758028e-01 -7.265091672987862292e-01 -4.144124594450263044e-02 7.982431271355931557e+00 7.275417736830247506e-01 6.835032635552575897e-01 5.921364923284443138e-02 6.232189484201856366e+00 -1.469403214801258753e-02 -7.076523539236102833e-02 9.973847637091198814e-01 2.244968617370907693e-01
6.878447483238623317e-01 -7.251133774672187116e-01 -3.286627483249789095e-02 8.112878158023008268e+00 7.254180945148316351e-01 6.851471092280774222e-01 6.589405790266542051e-02 6.300142437281705199e+00 -2.526242968824075202e-02 -6.916667213688829086e-02 9.972852055012922934e-01 1.478726100257962139e-01
6.877031427755184723e-01 -7.256365236548382169e-01 -2.271613864185871579e-02 8.229661929739519266e+00 7.256596998982339786e-01 6.861051844444306935e-01 5.174626384656816347e-02 6.378945870353342151e+00 -2.196331851701203292e-02 -5.207025462387399051e-02 9.984018736075794820e-01 1.307740624070011237e-01
6.971784239424732021e-01 -7.166901275547931105e-01 -1.724836962102617444e-02 8.285396935287526077e+00 7.168859343334600398e-01 6.968276449147658980e-01 2.248978517868150534e-02 6.451038882226566962e+00 -4.099066226750077216e-03 -2.804450655717617702e-02 9.995982709609061434e-01 1.746264145282980518e-01
7.071151054351069165e-01 -7.069530345185751630e-01 -1.433996689243232855e-02 8.347446360133170984e+00 7.069523446374753606e-01 7.072358473771658272e-01 -5.986534580086301863e-03 6.551605721894897094e+00 1.437393742417227699e-02 -5.904504185840164093e-03 9.998792560870763957e-01 2.448204841442619961e-01
7.349391690809330413e-01 -6.779453534268985448e-01 -1.595354247512261597e-02 8.411246572680541433e+00 6.780784780444121251e-01 7.349750687770847390e-01 4.607156291390605493e-03 6.608307104077011829e+00 8.602055777631624836e-03 -1.420373341756863035e-02 9.998621197912246350e-01 2.536657441303736271e-01
