1.000000000000000000e+00 0.000000000000000000e+00 0.000000000000000000e+00 0.000000000000000000e+00 0.000000000000000000e+00 1.000000000000000000e+00 0.000000000000000000e+00 0.000000000000000000e+00 0.000000000000000000e+00 0.000000000000000000e+00 1.000000000000000000e+00 0.000000000000000000e+00
9.999983289763015870e-01 -1.741296460911400008e-03 -5.567146843939796766e-04 2.449774868020295274e-02 1.741393917973618061e-03 9.999984685262460760e-01 1.746206885958881871e-04 -5.132118630936775838e-02 5.564097654129980704e-04 -1.755898563660295778e-04 9.999998297881731446e-01 -1.918811637018056487e-02
9.999888903018142594e-01 -4.688996615112462664e-03 -4.822693121707277036e-04 4.362131364372222320e-02 4.689141904752392766e-03 9.999889607407252967e-01 3.005742524625758141e-04 -1.224803831503788326e-01 4.808545966223633987e-04 -3.028323424144244006e-04 9.999998385357016240e-01 -2.554698185134567784e-02
9.999851309157667956e-01 -5.427750115845389120e-03 -5.267599612564810053e-04 4.873746573307381064e-02 5.428048654596147674e-03 9.999851072997041346e-01 5.669802487171150688e-04 -1.424871495948278888e-01 5.236746892675937532e-04 -5.698310969390315900e-04 9.999997005286255236e-01 -2.005810851672454667e-02
9.999921013464456720e-01 -3.972650635068136413e-03 -1.236594176371811618e-04 2.045247442622792622e-03 3.972663703406157515e-03 9.999921033631639089e-01 1.056144637554137051e-04 -9.945525405444088918e-02 1.232388717771583982e-04 -1.061048868233857622e-04 9.999999867769666650e-01 -5.330695250971578467e-03
9.999989639874282688e-01 -1.297708966701033957e-03 6.228767999678558103e-04 -6.611783955551002456e-02 1.297926718139873767e-03 9.999990966828954386e-01 -3.493130795047951842e-04 -2.608884944771302020e-02 -6.224229305971290581e-04 3.501211660528410780e-04 9.999997450023997425e-01 1.624381702224144894e-02
9.999868952630102115e-01 4.977585625560800725e-03 1.197056216604129109e-03 -1.336622023601686804e-01 -4.977121936557339643e-03 9.999875379911120632e-01 -3.900252591516529979e-04 5.296228301227044050e-02 -1.198982683002477187e-03 3.840622532182596843e-04 9.999992074680417176e-01 2.172384554668036621e-02
9.999955904922417371e-01 2.734076950868209472e-03 1.159232202546659840e-03 -8.067052824345301298e-02 -2.734913227879789532e-03 9.999960006031545223e-01 7.204355153194689099e-04 2.182798855675976979e-02 -1.157257840180023938e-03 -7.236027380384038848e-04 9.999990685762506493e-01 2.333601886752334487e-02
9.999972228236740923e-01 -2.230430230677310412e-03 7.612660016432831918e-04 -6.451247472175308806e-02 2.229828605974812101e-03 9.999972016958514898e-01 7.902308867696326063e-04 4.301478457839876327e-03 -7.630264262485386174e-04 -7.885311994519014767e-04 9.999993980044289410e-01 1.600743153293569115e-02
9.999931106129638092e-01 -3.676962750487105819e-03 5.085976211079874798e-04 -1.060953494127371555e-01 3.676785662854022228e-03 9.999931798093906199e-01 3.486859520811099681e-04 8.294992402772415410e-03 -5.098762576326884392e-04 -3.468135454071805341e-04 9.999998098732651997e-01 8.352623515016673397e-03
9.999992517871870712e-01 -1.076906485726495137e-03 5.802563977299992400e-04 -1.088445112308741580e-01 1.076694734187490536e-03 9.999993537090143825e-01 3.651164238344343105e-04 9.586495690660713082e-03 -5.806492189603924912e-04 -3.644913916417332487e-04 9.999997649962273361e-01 1.203482601298502819e-02
9.999998453878630178e-01 5.079025523482695158e-04 2.264050515066312879e-04 -5.097472525894160278e-02 -5.079391686847762200e-04 9.999998579252552533e-01 1.617011759598564562e-04 1.503119343898233831e-02 -2.263228909002036723e-04 -1.618161509525403816e-04 9.999999612967404028e-01 6.190839254630198935e-04
9.999999678164538386e-01 -2.534651039027106269e-04 -1.106943087608785938e-05 -1.527533616427862936e-03 2.534662167621405606e-04 9.999999628123215079e-01 1.006490558966542263e-04 1.327838043323642178e-02 1.104391944103086837e-05 -1.006518583841765733e-04 9.999999948736175703e-01 -5.483453911098535270e-03
9.999984638167802586e-01 -1.745006813762022078e-03 1.652734083470367549e-04 -4.316230363541631587e-03 1.744979502266878063e-03 9.999984638681950200e-01 1.652506787449767322e-04 -4.918459738900449532e-03 -1.655615180256864703e-04 -1.649620261798216269e-04 9.999999726884564177e-01 -4.010506253210602279e-03
9.999980919481930020e-01 -1.950601673796918591e-03 1.060805519334612565e-04 -1.771331600232615294e-02 1.950579437974766291e-03 9.999980757119710795e-01 2.093136670090065465e-04 -2.137907078302108549e-02 -1.064886353931413957e-04 -2.091063490843155718e-04 9.999999724673522827e-01 -1.868874443961113067e-03
9.999997233600937951e-01 -6.439674602010459544e-04 3.722709311243175808e-04 -3.096750450395555770e-02 6.440360218787992939e-04 9.999997756658834946e-01 -1.840809201860813438e-04 -2.505084271443377281e-02 -3.721523054886034321e-04 1.843206251514952648e-04 9.999999137642806568e-01 5.973660383449441898e-03
9.999999027719906897e-01 -4.409624218516291333e-04 2.855118437010108339e-06 1.725662024347501128e-02 4.409632837118493691e-04 9.999998549580157992e-01 -3.092496238287342682e-04 -3.111309100148164017e-02 -2.718750559817840836e-06 3.092508527634102965e-04 9.999999521782581002e-01 -4.631073159335630934e-04
9.999988659937051327e-01 -1.449353540893907151e-03 -4.091278738607705438e-04 6.911850251279043345e-02 1.449406021319198665e-03 9.999989414176932989e-01 1.280065551634279315e-04 -5.933842957285159064e-02 4.089419140112584032e-04 -1.285994024070519280e-04 9.999999081143481350e-01 -1.136854901571403981e-02
9.999982793413392246e-01 -1.736769014180278682e-03 -6.518801670695631260e-04 6.604765900355416552e-02 1.736801188077510437e-03 9.999984905693140025e-01 4.879269116746479687e-05 -1.047331728509988541e-01 6.517944414674971352e-04 -4.992479346054874153e-05 9.999997863357377170e-01 -3.034799242481615172e-02
9.999911553947741227e-01 4.176205132956487508e-03 -4.984404801184588295e-04 2.324447117907690180e-02 -4.176372689596440958e-03 9.999912226048250918e-01 -3.355956863325197897e-04 -9.679248581120912520e-02 4.970345886815337889e-04 3.376743913297147195e-04 9.999998194662952367e-01 -2.931404531780908498e-02
9.999819968963951089e-01 5.998742860687936336e-03 -1.448005161735986242e-04 -2.523342178243054984e-02 -5.998831074950669411e-03 9.999818167089994381e-01 -6.166661198087377812e-04 -6.469815829029842980e-02 1.410986617400452031e-04 6.175236517407843096e-04 9.999997993778334537e-01 -1.876306093927376795e-02
9.999488536729823629e-01 1.011215902880581094e-02 -1.851428223064905700e-04 -3.331106812474136925e-02 -1.011224662068214986e-02 9.999487554668088363e-01 -4.784440016419011488e-04 -5.588113360730041779e-02 1.802952329180066533e-04 4.802917408677458816e-04 9.999998684067276100e-01 -1.741693153733151270e-02
9.999424732928670068e-01 1.070741644236268206e-02 -6.335124891222282091e-04 1.438469337268673959e-02 -1.070739896394490992e-02 9.999426736808346705e-01 3.097500058082691156e-05 -7.179073990213810652e-02 6.338078344136028946e-04 -2.418994772136654847e-05 9.999997988512174807e-01 -2.806315080778225973e-02
9.999472342728555896e-01 1.024365693046164032e-02 -7.721157671476165663e-04 5.552312925850017011e-02 -1.024360285579594375e-02 9.999475301889347856e-01 7.395662364542946886e-05 -7.907331761822945781e-02 7.728328406595528100e-04 -6.604347399304727679e-05 9.999996991837847293e-01 -3.155241242417805569e-02
9.999483310708048300e-01 1.013021658753124159e-02 -8.449263883447703707e-04 8.889845468630527825e-02 -1.013032211890196356e-02 9.999486796840689751e-01 -1.207139362273630857e-04 -8.608071963924662784e-02 8.436601681364654538e-04 1.292670755482322692e-04 9.999996357637056521e-01 -3.570185818058547317e-02
9.999437922877851825e-01 1.058569505652788914e-02 -5.960916817324226659e-04 1.035361776926075200e-01 -1.058565180309004733e-02 9.999439675551503592e-01 7.567012748040899970e-05 -9.883175055663998010e-02 5.968593021525368629e-04 -6.935585525012251526e-05 9.999998194743531243e-01 -3.908829944016532776e-02
9.999466067083803145e-01 1.031285943238199367e-02 -6.547233948046191857e-04 9.534273532982362465e-02 -1.031261777951891952e-02 9.999467545704243676e-01 3.714008737688915250e-04 -6.932857871006967154e-02 6.585187387804520426e-04 -3.646291313318014943e-04 9.999997166992935504e-01 -5.392287556298888673e-02
9.999474614751434620e-01 1.021454451885481576e-02 -8.587023284717592653e-04 8.931824492550703709e-02 -1.021450978290143127e-02 9.999478295293080521e-01 4.482768100471566192e-05 -4.018325935284777078e-02 8.591154239103983509e-04 -3.605410248970790707e-05 9.999996303103266815e-01 -6.472870266640816383e-02
9.999542825937461910e-01 9.482322864416711447e-03 -1.232183233649597042e-03 1.215432983390910548e-01 -9.482541902607456372e-03 9.999550248886162063e-01 -1.720438092962297823e-04 -1.021282853639720115e-02 1.230496441124847348e-03 1.837201730442793819e-04 9.999992260624036566e-01 -7.047154207811294480e-02
9.999967528368669534e-01 -2.250048825177579197e-03 -1.196493211997142793e-03 1.721344966428086098e-01 2.250721569621194629e-03 9.999973096416933105e-01 5.612145679772370579e-04 -9.958948288206283944e-03 1.195227232822341362e-03 -5.639057187021294555e-04 9.999991267207198886e-01 -5.437721582802349657e-02
9.996907502817732327e-01 -2.482625599628417862e-02 -1.435553646577499877e-03 2.001201529573470861e-01 2.482842140527340147e-02 9.996905856260240864e-01 1.510794896490825134e-03 2.397138099574790820e-02 1.397602084786474241e-03 -1.545970214481890174e-03 9.999978283398962553e-01 -5.719302255320261874e-02
9.985185649944858799e-01 -5.438622675477516183e-02 -1.677408933688031645e-03 2.229672595816265812e-01 5.439117180695560855e-02 9.985150201231217659e-01 3.058597389006562344e-03 1.117326407357849272e-02 1.508572444026134779e-03 -3.145302513269462082e-03 9.999939156221306913e-01 -6.243154541383828110e-02
9.979615458813388962e-01 -6.380684942483411115e-02 -1.199545165829934198e-03 2.409574932012663595e-01 6.381624702862376264e-02 9.979000509167271771e-01 1.108940916257365565e-02 -6.331063824944641039e-02 4.894459214118925591e-04 -1.114335438141728259e-02 9.999377911129372354e-01 -1.736345314132249906e-01
9.977696470070120949e-01 -6.671946342105863903e-02 -2.060269960124529350e-03 2.921518294873168831e-01 6.674078925690693498e-02 9.976845702464315346e-01 1.308301729565346412e-02 -9.108594766354141670e-02 1.182607655864045164e-03 -1.319134159209179626e-02 9.999122911266432601e-01 -2.426244360150504042e-01
9.970717151412632484e-01 -7.643274500276020511e-02 -2.455678440388476755e-03 2.895350472047902857e-01 7.645256804305700093e-02 9.970291612848293239e-01 9.373173811016531978e-03 -1.048462861145777608e-01 1.731965612041784031e-03 -9.533469411123091444e-03 9.999530555261610942e-01 -2.132437229177174265e-01
9.970648293243118410e-01 -7.648502684820197850e-02 -3.430275865111814208e-03 3.005202310206592231e-01 7.644904454441471542e-02 9.970271031202936340e-01 -9.617652094011391525e-03 -1.366164864125498091e-01 4.155684387323018043e-03 9.327181331204513828e-03 9.999478656288475209e-01 -1.376976148842942727e-01
9.963088479848606349e-01 -8.575793484743216011e-02 -3.775716856881582324e-03 3.771305663343778591e-01 8.550119006409537259e-02 9.953142199575608640e-01 -4.515694905433172146e-02 -1.223126378469089337e-01 7.630591373097897999e-03 4.466743960622383824e-02 9.989727693557622912e-01 -1.598876946848309250e-02
9.957955843096313320e-01 -9.115099665821037311e-02 -9.091208811525433586e-03 4.042760988139175171e-01 9.035598037754248579e-02 9.937093018836806735e-01 -6.616358635882117756e-02 -7.276830132124395556e-02 1.506489560046782653e-02 6.506396205322075021e-02 9.977673725686183603e-01 5.063121941537553766e-02
9.987503419413352734e-01 -4.859034436487418007e-02 -1.169328467834251060e-02 4.839378197616183153e-01 4.776157887646945155e-02 9.968713558904642724e-01 -6.297881698106198856e-02 -7.596525708551554734e-02 1.471686295691467840e-02 6.234162525640676161e-02 9.979463591321414695e-01 -1.762568131972343244e-02
9.992361984834620126e-01 -3.783005130769536567e-02 -9.793204704101145242e-03 7.071787695170264065e-01 3.728372902154452467e-02 9.980034277803747633e-01 -5.098118955919208467e-02 -8.919835665274916670e-02 1.170227288039941277e-02 5.057712285885163778e-02 9.986515966305532510e-01 -9.737559564841877235e-02
9.983380394406923264e-01 -5.717101464032169067e-02 -7.254935610387155433e-03 7.917032008431044154e-01 5.680427748326842552e-02 9.974415298059269297e-01 -4.340125203281522404e-02 -5.166962730684855620e-02 9.717667689244431639e-03 4.291700948817643579e-02 9.990313795028028521e-01 -1.011040449480311992e-01
9.981966330434708379e-01 -6.002316387365110723e-02 -8.376032922790163345e-04 7.592895865308340042e-01 5.996643302233237854e-02 9.976959676335247496e-01 -3.172984523099505599e-02 -1.498320358560174641e-02 2.740199127168942064e-03 3.162239659484395587e-02 9.994961307290498587e-01 -3.357241478385294964e-02
9.977804667033706165e-01 -6.658312013430581211e-02 -9.101529456313686836e-04 7.684773566121443356e-01 6.656947025700182818e-02 9.977234318944718794e-01 -1.079162075034349744e-02 6.935157525285909341e-03 1.626620701328180055e-03 1.070707998931998486e-02 9.999413545519538760e-01 6.762901756106345919e-03
9.956467571088321034e-01 -9.317816259372800614e-02 -2.316263008184756521e-03 8.625582587890288089e-01 9.318845219996253759e-02 9.956368051638854189e-01 4.823336980400908143e-03 4.616101767548252965e-02 1.856727023984224836e-03 -5.018188787600037955e-03 9.999856850705666211e-01 9.493871030561396029e-02
9.855527060157330821e-01 -1.687060366644499709e-01 -1.497120095514506768e-02 9.486133029203444034e-01 1.688583176852525847e-01 9.855939744876498487e-01 9.559602614338280277e-03 1.142143439220266038e-01 1.314276278308260104e-02 -1.194950403200980941e-02 9.998422261236102893e-01 1.259880478147603067e-01
9.733771034061861060e-01 -2.270350289979361502e-01 -3.149778043750489642e-02 9.993256645116582737e-01 2.274744600780757020e-01 9.737207498451573295e-01 1.110276241177981203e-02 1.100279128398851669e-01 2.814932639994977351e-02 -1.797211531486451325e-02 9.994421536508945048e-01 6.403374949655542270e-02
9.634091523357358744e-01 -2.653524154800684376e-01 -3.782724936645580349e-02 1.166362853465311877e+00 2.663326731215606702e-01 9.635897872212935145e-01 2.369871706962890789e-02 8.345155579129491519e-02 3.016143934998519530e-02 -3.290619336409965345e-02 9.990032382403080113e-01 -2.357442182872711636e-02
9.578542290475688947e-01 -2.851247038837367298e-01 -3.491674570888467916e-02 1.376944752797353955e+00 2.862019903228830153e-01 9.576643530755205580e-01 3.110317642404090976e-02 1.109059343397913872e-01 2.457023872305322265e-02 -3.978555119206100832e-02 9.989061083432396737e-01 -1.482085130880706481e-01
9.532958327908042095e-01 -3.009790977138288581e-01 -2.527128653346363135e-02 1.452773365722776155e+00 3.014696991438342022e-01 9.532962267494490272e-01 1.850201511698657680e-02 1.512149833852728942e-01 1.852230228165679948e-02 -2.525642105747667732e-02 9.995093984118180730e-01 -1.585250374893793224e-01
9.497301468541026193e-01 -3.128758623242746673e-01 -1.101557675867397695e-02 1.376630966673238587e+00 3.128059328510300885e-01 9.497864315452879680e-01 -7.627766754755840525e-03 1.949543789124132398e-01 1.284898944203683238e-02 3.798582276273967245e-03 9.999102330924555249e-01 5.514741736836592523e-02
9.552778138674608011e-01 -2.949820626856595740e-01 -2.073357244467486163e-02 1.359340793994880059e+00 2.946389523830344470e-01 9.554375710614793071e-01 -1.808135898566974945e-02 2.198099948286513228e-01 2.514331066572011650e-02 1.116380301932661315e-02 9.996215200919359445e-01 2.123555896009428623e-01
9.604006808678824392e-01 -2.767765891544595180e-01 -3.201955472100486561e-02 1.599034543130207986e+00 2.767677873463998961e-01 9.609248666309672116e-01 -4.795057625912519869e-03 2.560049217271747612e-01 3.209554604436370279e-02 -4.256804703222372144e-03 9.994757403448233379e-01 1.804200641672844274e-01
9.552117237659615290e-01 -2.924495239523437484e-01 -4.520883453605047814e-02 1.914214402306958940e+00 2.935139713192807531e-01 9.557681003662849006e-01 1.889145210426061705e-02 3.034647408397237456e-01 3.768436572963513448e-02 -3.131476109234531541e-02 9.987989158570830250e-01 -4.825076125378624514e-02
9.458662735551107703e-01 -3.222851912798796459e-01 -3.833077135487552439e-02 2.022200115287632993e+00 3.234596554273257984e-01 9.457739201127350892e-01 2.975808033837826910e-02 3.415241643074955480e-01 2.666165527126929807e-02 -4.054562265252711212e-02 9.988219103633614315e-01 -1.613111291624816646e-01
9.239219298470039421e-01 -3.814473200584787005e-01 -2.943143842887218503e-02 2.008821281444225448e+00 3.822200435457099310e-01 9.236559197458757975e-01 2.770523831906051074e-02 3.737569375834978169e-01 1.661643342307695531e-02 -3.684676293251396006e-02 9.991827711693649361e-01 -1.051132789162503023e-01
8.986121863750725636e-01 -4.383507500564947645e-01 -1.856767145121578436e-02 1.999033274333256616e+00 4.387034175873558151e-01 8.982987555447146111e-01 2.446747195750071865e-02 4.018511507601127408e-01 5.953981473433573278e-03 -3.013246939308803982e-02 9.995281808898079934e-01 4.357865558618592011e-02
8.578329385596521472e-01 -5.137694042103405634e-01 -1.279252983048447499e-02 2.126884052547636017e+00 5.138999989281786140e-01 8.572565479326104132e-01 3.190614561933413640e-02 4.915382057417219674e-01 -5.425921463687600685e-03 -3.394422372092023577e-02 9.994089998855594237e-01 1.044206065315475829e-01
8.328133911784858512e-01 -5.535476082432366773e-01 -2.626952984434041335e-03 2.209682052779662342e+00 5.531553679866150208e-01 8.320244908780142223e-01 4.188538464397588423e-02 5.337128486363094115e-01 -2.099986527058662900e-02 -3.633582237095298040e-02 9.991189687275703335e-01 4.928000015919623000e-02
8.115228935437356350e-01 -5.842853743339739836e-01 6.418301473968469895e-03 2.332909447751078336e+00 5.831986332118399563e-01 8.105961408542361468e-01 5.304008533233418171e-02 5.601495702039445135e-01 -3.619319651874668836e-02 -3.930009887554253983e-02 9.985717574386570039e-01 -1.040202480111136057e-02
8.086235971407391698e-01 -5.883250787662056558e-01 1.216487529499420475e-03 2.437956630474252151e+00 5.875212184383694636e-01 8.076234160771444959e-01 5.062840792062549278e-02 6.163123175932130327e-01 -3.076842589189916072e-02 -4.022461309473829294e-02 9.987168189579633815e-01 -3.902150059776201413e-02
8.046824409642506781e-01 -5.935720840478041493e-01 -1.258372929467871382e-02 2.571266248943868682e+00 5.936906579089796798e-01 8.043319705828191335e-01 2.411397540766977224e-02 6.958497834905997825e-01 -4.191886856538366846e-03 -2.687493511630193246e-02 9.996300145289138683e-01 7.265037030368917681e-03
8.075771343274789071e-01 -5.887316136602801508e-01 -3.484622201013573561e-02 2.585736929668751127e+00 5.890769303820296843e-01 8.080768384010950101e-01 -4.396946395613630931e-04 7.486205952485009973e-01 2.841728704683986820e-02 -2.017201816014535867e-02 9.993925892662224308e-01 5.219538496741463196e-02
8.328834948081557110e-01 -5.501439655941362528e-01 -6.038792260469470069e-02 2.683389411661322832e+00 5.500142366864300136e-01 8.349097677196456457e-01 -2.024893104761405979e-02 7.843147162954861029e-01 6.155829366053421764e-02 -1.634921669943420822e-02 9.979695784917085311e-01 1.222288644610766278e-01
8.330496192651735132e-01 -5.482650451862900454e-01 -7.371412394531247358e-02 2.909414589994850697e+00 5.490179724054069510e-01 8.357322025357774020e-01 -1.144340948119710807e-02 8.866988185287389967e-01 6.787928857910503766e-02 -3.093745095468956527e-02 9.972137565790099023e-01 1.355415359680033627e-01
8.342539986085267811e-01 -5.467252907403913342e-01 -7.149630948880407455e-02 2.986614222894037329e+00 5.485678893131483713e-01 8.360714524109140733e-01 7.602452105875463773e-03 9.389872985327808452e-01 5.561957047839997947e-02 -4.556295565850927709e-02 9.974118910718174913e-01 4.080301467984865510e-02
8.171168150386207696e-01 -5.713793378408367207e-01 -7.645758869927446466e-02 3.079682432834337291e+00 5.733046508381380857e-01 8.193324285395187090e-01 4.018565775878085722e-03 9.966760821404784254e-01 6.034805637716114668e-02 -4.711712886097221831e-02 9.970647362430372640e-01 -9.566629911270101150e-03
7.933474844310542951e-01 -6.028232382498650566e-01 -8.487586448964476449e-02 3.059057238209784924e+00 6.043029876990158034e-01 7.966927475778423640e-01 -9.927991484264382660e-03 1.038791295652932600e+00 7.360480965916105234e-02 -4.341439142513504879e-02 9.963420710841351946e-01 6.433053594824271471e-02
7.700714623458688735e-01 -6.308857520944373132e-01 -9.472650465804914599e-02 3.124575884873113107e+00 6.326861850590117520e-01 7.742911772283131988e-01 -1.346714898807381544e-02 1.097937776865156811e+00 8.184212922431295667e-02 -4.956148374120013245e-02 9.954122388304262881e-01 1.651105977646331047e-01
7.459309033113197263e-01 -6.573158176196471913e-01 -1.073452532354054051e-01 3.187462658607036037e+00 6.612660671365508946e-01 7.501497018484823975e-01 1.616561286047930868e-03 1.149682561765260180e+00 7.946241840591834749e-02 -7.218961645311347541e-02 9.942204903025461116e-01 1.796064716160943320e-01
7.422550518397961206e-01 -6.606552788975939006e-01 -1.122142614957828549e-01 3.399007625556774492e+00 6.670940306769923556e-01 7.443616561329037262e-01 3.018739992454835819e-02 1.207864865762641848e+00 6.358452841238594611e-02 -9.726421409656813011e-02 9.932253925483135459e-01 7.172059088305487995e-02
7.231450785293400685e-01 -6.835241987905961158e-01 -9.927670958723491812e-02 3.573922793789186869e+00 6.895502297522341228e-01 7.227250759059820062e-01 4.678616574729757560e-02 1.311834026468495340e+00 3.977029101522489007e-02 -1.022894634083398868e-01 9.939593500884219557e-01 -4.301154730330906256e-02
7.173921695648103336e-01 -6.922012403615515064e-01 -7.877764841009241015e-02 3.630114263062441893e+00 6.962252410638410938e-01 7.163742397694682351e-01 4.558905899788845417e-02 1.357947235877183800e+00 2.487747480535208028e-02 -8.755222119767244737e-02 9.958492455239713603e-01 -3.781309518905319467e-02
7.137480623279943703e-01 -6.975835125824889627e-01 -6.277695832158479428e-02 3.648433261866822264e+00 6.999698310905673182e-01 7.135862267132373482e-01 2.892978755896745760e-02 1.415044603723729200e+00 2.461582998958415647e-02 -6.459055672651282942e-02 9.976082000944473949e-01 6.370149209949353686e-02
7.144686956573053083e-01 -6.972046838558538795e-01 -5.865246572146666504e-02 3.712890119289852020e+00 6.987958273784291574e-01 7.152499338942617246e-01 1.009572695505451395e-02 1.529035775405542363e+00 3.491238411002067776e-02 -4.819917918090734638e-02 9.982274112455744586e-01 1.350528598679055226e-01
7.241634086790622593e-01 -6.868170660830916763e-01 -6.220671400528655914e-02 3.813349436596628728e+00 6.887048093342427180e-01 7.249122599772589437e-01 1.370769617941886703e-02 1.613072740933847449e+00 3.567972996262441798e-02 -5.276867509874557521e-02 9.979691497226340635e-01 1.431137094788824671e-01
7.304582975533903122e-01 -6.805026426276898910e-01 -5.785178400130194798e-02 4.023468915965672466e+00 6.826016460236041805e-01 7.301872650244221052e-01 2.969092187892714493e-02 1.694878300914365088e+00 2.203788513603208155e-02 -6.117770323316254477e-02 9.978835704859791988e-01 9.839985994224535737e-02
7.175321430621564023e-01 -6.956248013916592754e-01 -3.540846454513201652e-02 4.131276153213481628e+00 6.964578664773457550e-01 7.158270606243513079e-01 5.037915739395485565e-02 1.778310259954110739e+00 -9.698654259885570658e-03 -6.080916844289149109e-02 9.981022899176372754e-01 3.877887824329361716e-02
7.111383707893714767e-01 -7.029074187237568383e-01 -1.426107619163476115e-02 4.118438471871403550e+00 7.023801108608861421e-01 7.094258462892751860e-01 5.811323845557748308e-02 1.852756058402349471e+00 -3.073105039024180002e-02 -5.134324999306958542e-02 9.982081312141579676e-01 5.636448696854127333e-02
6.946690853882402372e-01 -7.191997904794651397e-01 -1.365734894330652809e-02 4.186000061219576018e+00 7.186527760305645440e-01 6.930671692021419528e-01 5.653394093544773791e-02 1.949699015186837636e+00 -3.119373830480914184e-02 -4.908727277434561664e-02 9.983072624909367088e-01 1.113773999265255527e-01
6.648357043457957527e-01 -7.463036652282352135e-01 -3.200508543859482274e-02 4.349107801613121715e+00 7.467073637096636185e-01 6.627965013747909584e-01 5.593666728632255142e-02 2.047898851158274081e+00 -2.053288116153293222e-02 -6.108712656721437123e-02 9.979212212188732778e-01 1.260704362125865119e-01
6.477409195791836716e-01 -7.609469892110726219e-01 -3.730121597639054348e-02 4.417260655929431401e+00 7.612934138763550740e-01 6.445933401692076625e-01 7.022651776920765809e-02 2.084677934359228324e+00 -2.939454186066185054e-02 -7.388575925107604414e-02 9.968334141112514812e-01 6.462831348292406852e-02
6.399527813149172850e-01 -7.681568620474863440e-01 -1.988650237374466750e-02 4.526845612009933184e+00 7.668770762610557234e-01 6.368225346929554664e-01 7.972834635519861213e-02 2.168429985090645218e+00 -4.857970350461895265e-02 -6.627287979708425258e-02 9.966182407576155144e-01 4.260487524642389556e-02
6.351017762346142792e-01 -7.724117685381415299e-01 -5.078744669559709379e-03 4.589341665807127768e+00 7.705651137421898333e-01 6.330995819646242362e-01 7.358209564631958133e-02 2.262838393672142345e+00 -5.362032550371306772e-02 -5.064562310800967138e-02 9.972762313185234984e-01 5.749459057710315513e-02
6.419332021779164954e-01 -7.667264601102015131e-01 7.231826082372955905e-03 4.655510102506214665e+00 7.655279813062978445e-01 6.414073472907633189e-01 5.063126186982219723e-02 2.382852349635947498e+00 -4.345887456792438264e-02 -2.696572284040639825e-02 9.986912315690890107e-01 8.791305642233411544e-02
6.498679973046256331e-01 -7.598117843533767068e-01 1.891133091595665131e-02 4.733021785200118181e+00 7.589943452794827294e-01 6.500760849163902400e-01 3.645089372768912234e-02 2.513592611163414592e+00 -3.998962256691417083e-02 -9.334676079856911099e-03 9.991564912011731137e-01 1.226581578425043895e-01
6.753586818423961136e-01 -7.368876275342337578e-01 2.978716581129748492e-02 4.765035996273422114e+00 7.353629870439637450e-01 6.759268311527207862e-01 4.862300087017050465e-02 2.579873607570925209e+00 -5.596363235066589142e-02 -1.093358654833048726e-02 9.983729406085231073e-01 1.318548204411233715e-01
6.919799049369110833e-01 -7.214588611480379221e-01 2.570841952512017622e-02 4.905354281746425293e+00 7.189653869826901911e-01 6.919306272325529417e-01 6.573263586983754680e-02 2.672724155868800633e+00 -6.521183546208567106e-02 -2.700219932787141508e-02 9.975060389527091731e-01 1.048445497094812606e-01
6.823691692683804266e-01 -7.307036502039059300e-01 2.108298865598286914e-02 5.048240189291274049e+00 7.283836834681247652e-01 6.820783915330057567e-01 6.500982588158768505e-02 2.786593753559190922e+00 -6.188316806197787651e-02 -2.900419594533955661e-02 9.976618816654153621e-01 4.977984005869512396e-02
6.613353165385214005e-01 -7.498565302605640914e-01 1.872920512145298186e-02 5.081545951119046833e+00 7.480043610736916149e-01 6.611513941936407734e-01 5.803714130230325230e-02 2.842973590976080711e+00 -5.590236948137450312e-02 -2.437248410385907393e-02 9.981387213734246311e-01 5.249084583922743880e-02
6.408706468024365499e-01 -7.674450478244405627e-01 1.768933680975001005e-02 5.112432336224935092e+00 7.658691288182839507e-01 6.407832728208899820e-01 5.330360959702110102e-02 2.927125496571302943e+00 -5.224262235138382032e-02 -2.061300178749103304e-02 9.984216607061164872e-01 9.888829496863199564e-02
6.128585801988313264e-01 -7.901325421382492387e-01 9.743024726465168706e-03 5.216710237828045216e+00 7.882404351421998800e-01 6.121642021100028863e-01 6.270570996216354165e-02 3.017454136795371777e+00 -5.551015297680259031e-02 -3.074988632778114309e-02 9.979845025887529308e-01 1.413484451436867462e-01
5.948926704481507510e-01 -8.037565250599364441e-01 8.840761881423485347e-03 5.269748803949940275e+00 8.003568401398631904e-01 5.933224554408391693e-01 8.600809445038959389e-02 3.093946953407158862e+00 -7.437498966992586724e-02 -4.408982074390399575e-02 9.962552125928219038e-01 1.161854923499750641e-01
5.951430465601624809e-01 -8.036106669139169156e-01 3.827551862204507660e-03 5.353620523569391665e+00 7.996344294143367115e-01 5.926586211454256681e-01 9.664645920679615365e-02 3.186736332590324405e+00 -7.993455714705885451e-02 -5.445782592219744478e-02 9.953114144676183939e-01 7.959494701232104619e-02
6.013779571092217058e-01 -7.988990862986334873e-01 -1.023731480163870070e-02 5.474654744146270069e+00 7.963808915344631201e-01 5.983543003836494512e-01 8.803185111746313074e-02 3.285239617153667080e+00 -6.420302408697692309e-02 -6.109321667421111629e-02 9.960650533848103283e-01 7.119590354252694486e-02
6.125969634593146917e-01 -7.902162494456538289e-01 -1.682971991660098254e-02 5.516422520085394687e+00 7.891834835016154903e-01 6.103402577735641543e-01 6.836811471113216077e-02 3.395637590157910335e+00 -4.375373959654596523e-02 -5.516383645961734500e-02 9.975182010461635107e-01 9.030342243540610825e-02
6.376772473965346411e-01 -7.700986003033573057e-01 -1.777284343004371242e-02 5.597610447258515087e+00 7.696201227524418487e-01 6.359700247779742632e-01 5.680663903470360709e-02 3.449857892019250194e+00 -3.244371753198334318e-02 -4.990263915578850573e-02 9.982269941240780042e-01 1.108624852853404147e-01
6.527162119541012331e-01 -7.574726975521434147e-01 -1.402352007763433758e-02 5.682360424705015234e+00 7.568689042328397010e-01 6.511580658167727131e-01 5.605921090365000720e-02 3.555683717028227608e+00 -3.333179349613724085e-02 -4.720472206081281069e-02 9.983289566858672970e-01 1.186576307096404159e-01
6.798554543284907048e-01 -7.333193807374815965e-01 -6.264746969994249709e-03 5.726377251547996039e+00 7.320337808239880673e-01 6.781032136533189369e-01 6.559401928208524746e-02 3.649500875641352948e+00 -4.385322054694319738e-02 -4.918045819060436197e-02 9.978267272326510895e-01 1.352064851711777260e-01
6.871670196350458948e-01 -7.264980509638676587e-01 1.438426775945182701e-03 5.840133308386887379e+00 7.245027773320467102e-01 6.854237716927246149e-01 7.273224069606504250e-02 3.793771201057314357e+00 -5.382576301399832203e-02 -4.893705287633274420e-02 9.973504660307428438e-01 1.336457598507225786e-01
6.849670904595119847e-01 -7.285663625316500802e-01 3.337720004873836327e-03 5.929973648974786293e+00 7.265082300802332416e-01 6.833625242303205116e-01 7.212109333095090280e-02 3.867882509735027785e+00 -5.482587539764116613e-02 -4.697569440641607974e-02 9.973902984899729596e-01 1.024005335752906087e-01
6.751554912113875151e-01 -7.376748575689984211e-01 -9.312344860404331293e-04 5.994824214960526199e+00 7.365900088440595628e-01 6.740930540486429479e-01 5.507915535374219296e-02 3.906359530471607666e+00 -4.000276938186209802e-02 -3.787293220667255211e-02 9.984815568891848292e-01 8.159396289620288178e-02
6.659743664592556733e-01 -7.459298047172341350e-01 -8.177386728172695782e-03 6.072869222177540216e+00 7.458342609010882862e-01 6.655964027485021806e-01 2.669614043979303547e-02 3.993184624357356327e+00 -1.447060763480358288e-02 -2.387792040280753425e-02 9.996101472233646090e-01 1.086342752383974708e-01
6.291180779890833685e-01 -7.772113289415772952e-01 -1.236907887390484989e-02 6.113542711036833666e+00 7.773096452644826515e-01 6.290301681539959278e-01 1.052439694043099533e-02 4.092948665938777708e+00 -3.991567684186380846e-04 -1.623569268688152337e-02 9.998681127813064951e-01 1.519185252127799868e-01
6.310628236284607784e-01 -7.757262273519931473e-01 2.921101216693105032e-03 6.118857472458954838e+00 7.755700750173910585e-01 6.310037162311208370e-01 1.803798325849514939e-02 4.140212268530129691e+00 -1.583576242537144962e-02 -9.117581957904789813e-03 9.998330352252060571e-01 1.920498049125649587e-01
6.340755362122836303e-01 -7.731868959591577939e-01 1.141219935629263563e-02 6.267790459906786182e+00 7.726083115950616031e-01 6.340739680290822244e-01 3.204059802941747193e-02 4.267082429315276038e+00 -3.200954906482381124e-02 -1.149899929981362118e-02 9.994214135107220010e-01 1.672746763378152313e-01
6.473042610323561652e-01 -7.622186521397368297e-01 4.463180439785911433e-03 6.372214024890723749e+00 7.616427247204863304e-01 6.470231300641757777e-01 3.551660234749790673e-02 4.362970222935891762e+00 -2.995919774808435132e-02 -1.959069912584946588e-02 9.993591201255190848e-01 1.034829734054267536e-01
6.637714139338966035e-01 -7.479297300390862491e-01 -2.937510485993591672e-03 6.454695267948365789e+00 7.478478810767367202e-01 6.636284223397248550e-01 1.791267238361657355e-02 4.466373187674155254e+00 -1.144800477073061075e-02 -1.408673086799883817e-02 9.998352400271866003e-01 5.905858439262715032e-02
6.761603594282878937e-01 -7.367236516928827861e-01 -6.740131609422592152e-03 6.520437160102466656e+00 7.367086055193508010e-01 6.761920533512040254e-01 -4.973684591519561549e-03 4.577638370467607132e+00 8.221854507465733292e-03 -1.602504597909810893e-03 9.999649159282898436e-01 7.538682196522110412e-02
6.987612517085501906e-01 -7.153471600491176918e-01 -3.339718605235736295e-03 6.567993626397642615e+00 7.152997392967912482e-01 6.987577067986576740e-01 -9.162431523541729461e-03 4.657613242358398686e+00 8.887973483457420332e-03 4.013452272434132363e-03 9.999524469334600818e-01 1.592073509668426312e-01
7.036189121226967824e-01 -7.105659230936994808e-01 4.061458022868035152e-03 6.703952354513681655e+00 7.105773878626858719e-01 7.036108960871243490e-01 -3.388622982301940732e-03 4.773196340272773952e+00 -4.498461014545154183e-04 5.270279449204775916e-03 9.999860107986572322e-01 1.686792752681457730e-01
6.987646416417498951e-01 -7.152632966764431721e-01 1.124242050554600386e-02 6.780258549781997601e+00 7.153196646602326680e-01 6.987957113747488291e-01 -1.526798818156315050e-03 4.833348343287412696e+00 -6.764092078710900839e-03 9.108797495024535326e-03 9.999356363619337218e-01 1.099355861622563074e-01
6.938414019517974429e-01 -7.200865818271597885e-01 7.708671094387910955e-03 6.858608188434537567e+00 7.201243254448412845e-01 6.937648061012934297e-01 -1.055223757537375809e-02 4.912967643424270392e+00 2.250519979182330141e-03 1.287278088494800410e-02 9.999146096903032133e-01 1.127138286527054611e-01
6.879313647341600557e-01 -7.257693925505019905e-01 -3.037474587810000837e-03 6.892168644862569415e+00 7.257521397380370942e-01 6.879367189035399122e-01 -5.186757165370722497e-03 5.022501957307566656e+00 5.853979898908966834e-03 1.363679253815144269e-03 9.999819354859545983e-01 1.612358147589528223e-01
6.770223616154356083e-01 -7.359205865184773598e-01 -7.849344619684336249e-03 6.995892477057944703e+00 7.358746492355628943e-01 6.767383566469121758e-01 2.266489036536189008e-02 5.112024985148516443e+00 -1.136760683237365149e-02 -2.112077131965150664e-02 9.997123038823557684e-01 1.582030540846382505e-01
6.689827754001796967e-01 -7.432111995504526725e-01 -9.957865265705332508e-03 7.086658377084465776e+00 7.425470654507506651e-01 6.676710437120563224e-01 5.328445344499729147e-02 5.217819803521810407e+00 -3.295302426714917521e-02 -4.304056518251941216e-02 9.985297231131470275e-01 1.397950311366616960e-01
6.728331563953535710e-01 -7.396302577333571104e-01 -1.557644055467986496e-02 7.187830311781346460e+00 7.386054279260949595e-01 6.704098460038551144e-01 7.080014279079734074e-02 5.288691414166242666e+00 -4.192332874636479911e-02 -5.914152708862861069e-02 9.973688957855308956e-01 1.221153096454316023e-01
6.666449919985870665e-01 -7.450324821192211289e-01 -2.260653070411866583e-02 7.288314934173891757e+00 7.446913847021945365e-01 6.644278382454014142e-01 6.301102534375027653e-02 5.404420011857147266e+00 -3.192485228676555931e-02 -5.884087313946997910e-02 9.977567616682199159e-01 9.987707000360851461e-02
6.714274243252258412e-01 -7.408045244973475718e-01 -1.984616709221469211e-02 7.305537377215737038e+00 7.408528218409715649e-01 6.703408497748959416e-01 4.219290809294982958e-02 5.499209922022789243e+00 -1.795300070358821221e-02 -4.303256449863496202e-02 9.989123525907604995e-01 1.299363716430530225e-01
6.878969690460579045e-01 -7.256220409031129970e-01 -1.644426139562732078e-02 7.392529638328533714e+00 7.257582207692382381e-01 6.874066183713768430e-01 2.733397163051598522e-02 5.570261585364823631e+00 -8.530238162939653840e-03 -3.073751412897763463e-02 9.994910906366571979e-01 1.634472272053845154e-01
7.166676187439484647e-01 -6.971276892708568873e-01 -2.001272334676353071e-02 7.472803605107655400e+00 6.973958315487640558e-01 7.161407966506629919e-01 2.795377453872229662e-02 5.675509076635276706e+00 -5.155422609877431325e-03 -3.399035487354284263e-02 9.994088639757424675e-01 2.161409587550027211e-01
7.238126698952942473e-01 -6.894521255804173521e-01 -2.740411340821492445e-02 7.645649749263126793e+00 6.899079940643404463e-01 7.225125336556239564e-01 4.475040152500215501e-02 5.798689422310551400e+00 -1.105344404083446683e-02 -5.129722451727151272e-02 9.986222589806722505e-01 2.262358615213008461e-01
7.168759715596684234e-01 -6.965912780773589885e-01 -2.914502885455733799e-02 7.713901578526411562e+00 6.969965466705231316e-01 7.150279838414186351e-01 5.413682898952631301e-02 5.898290273134267458e+00 -1.687173167599544110e-02 -5.912337634326551156e-02 9.981080958693931970e-01 1.516065465076562868e-01
7.131950099670008036e-01 -7.004727238726971006e-01 -2.628385185877055857e-02 7.775652412181928597e+00 7.007731276644821872e-01 7.116188733706839686e-01 5.015578337517930668e-02 5.932103529637326567e+00 -1.642867315120052213e-02 -5.418987149830429423e-02 9.983954910382399905e-01 1.109291980884345580e-01
7.021067536465279701e-01 -7.115817146328411447e-01 -2.641154830977387319e-02 7.798029812151589191e+00 7.119660290345248832e-01 7.008805262402657554e-01 4.325345579232078158e-02 6.010862137026041552e+00 -1.226702835832090693e-02 -4.917266860110317689e-02 9.987149586733454765e-01 1.613641577337235344e-01
6.957550956525152541e-01 -7.173794940790108043e-01 -3.593756180519185051e-02 7.902960924142527155e+00 7.182564391855339458e-01 6.944644882183934609e-01 4.274063841453894924e-02 6.139402249358184349e+00 -5.703897095576433360e-03 -5.554940214356426237e-02 9.984396473895733592e-01 2.505849796129796525e-01
6.873132199514111473e-01 -7.252981576424344379e-01 -3.928256865981809287e-02 8.004261338710174201e+00 7.262192306546317866e-01 6.851041915470386101e-01 5.690233520755916263e-02 6.244831930374105333e+00 -1.435850644801918603e-02 -6.763748402453288733e-02 9.976066379327140909e-01 2.300416768059043993e-01
6.890862195850679939e-01 -7.240557844598467518e-01 -3.005666262570498223e-02 8.123335076137918165e+00 7.242130325175695216e-01 6.865625218760820214e-01 6.440021030136632019e-02 6.292758223400066520e+00 -2.599356669765230318e-02 -6.614472424457117083e-02 9.974714080839331976e-01 1.569212362491919366e-01
6.880821907742922239e-01 -7.253306692066933126e-01 -2.093607048662745121e-02 8.233613742759239074e+00 7.252589812359907517e-01 6.865155048222472134e-01 5.192178516950313877e-02 6.362533286428084800e+00 -2.328752618428068036e-02 -5.091052884056019440e-02 9.984316747666767133e-01 1.402325371102466911e-01
6.963305745722070395e-01 -7.175568467505912817e-01 -1.535912098033393250e-02 8.274477844776825464e+00 7.177127637836011598e-01 6.960591227623758037e-01 1.975060306361551415e-02 6.445655003684922058e+00 -3.481324179778076157e-03 -2.477638594751714607e-02 9.996869565425643422e-01 1.946516805711613896e-01
7.069771945887907139e-01 -7.071010687550977059e-01 -1.383202431901403399e-02 8.368703384868879880e+00 7.070593907669725509e-01 7.071025920724858249e-01 -8.540621324564574846e-03 6.549226217997132338e+00 1.581974271601667079e-02 -3.742038183990143482e-03 9.998678577145224677e-01 2.444771625804942894e-01
7.355339103778164578e-01 -6.773723864223676339e-01 -1.251066731972359271e-02 8.425481742245027661e+00 6.774002341999773025e-01 7.356103949471738401e-01 -2.503907242430515427e-03 6.634145697833320199e+00 1.089905455229998009e-02 -6.633020287130512831e-03 9.999186035131741868e-01 2.557462940323823042e-01
