1.000000000000000000e+00 0.000000000000000000e+00 0.000000000000000000e+00 0.000000000000000000e+00 0.000000000000000000e+00 1.000000000000000000e+00 0.000000000000000000e+00 0.000000000000000000e+00 0.000000000000000000e+00 0.000000000000000000e+00 1.000000000000000000e+00 0.000000000000000000e+00
9.999979668879990236e-01 -1.915471675928648960e-03 -6.302286308693250258e-04 3.127344632342313885e-02 1.915699275634504027e-03 9.999980999821659333e-01 3.607330639655073872e-04 -5.658796143383494626e-02 6.295364594570898717e-04 -3.619396590864264185e-04 9.999997363417298946e-01 -2.048641303215424994e-02
9.999879705176885070e-01 -4.867095259175664539e-03 -6.084436314818659998e-04 4.495403354373047472e-02 4.867347699810648833e-03 9.999880686502393701e-01 4.141057030498542890e-04 -1.251424052481002192e-01 6.064208800239777189e-04 -4.170622282827819998e-04 9.999997291563703650e-01 -2.772564137927119310e-02
9.999852355402290005e-01 -5.401989453279061257e-03 -5.892465523321251076e-04 5.146607697217201599e-02 5.402402484826807766e-03 9.999851607757097582e-01 7.016236668118993854e-04 -1.460503949107988253e-01 5.854476447220839956e-04 -7.047966547559910084e-04 9.999995802562772207e-01 -1.880233230674323297e-02
9.999928473114878535e-01 -3.781073637554816479e-03 -9.385100281704791174e-05 -1.721620234073857614e-03 3.781078124908985282e-03 9.999928505617481367e-01 4.768230987907526899e-05 -9.779963756722528934e-02 9.367004151023691446e-05 -4.803682679611746988e-05 9.999999944591932977e-01 -4.920265712813225167e-03
9.999994597312871214e-01 -7.987916419643066677e-04 6.651834683060352986e-04 -7.290352093226185048e-02 7.991104474435017490e-04 9.999995659203575471e-01 -4.791467304867517182e-04 -1.978578464960011052e-02 -6.648004411598458551e-04 4.796780266777544446e-04 9.999996639746255855e-01 1.380492544354573400e-02
9.999832901527933027e-01 5.665839608634552250e-03 1.147901007748748257e-03 -1.355509221960851662e-01 -5.665641531476439154e-03 9.999839346826882025e-01 -1.757343620395157796e-04 5.419306115145728492e-02 -1.148878249063857741e-03 1.692278299216521916e-04 9.999993257201278407e-01 1.969010196674132046e-02
9.999940528767152781e-01 3.264840328422336825e-03 1.111318510197215883e-03 -8.424190564341281495e-02 -3.265834693814410015e-03 9.999942674145739785e-01 8.941262450760366918e-04 2.877882807970000290e-02 -1.108392960045295793e-03 -8.977503101435052807e-04 9.999989827541959642e-01 2.147345655643287388e-02
9.999973665998013184e-01 -2.174234695364785433e-03 7.345045623647832944e-04 -6.143810054198399484e-02 2.173562669820624724e-03 9.999972196538478020e-01 9.144998055504397622e-04 -2.406364075473459326e-04 -7.364908573939816768e-04 -9.129009056089011469e-04 9.999993120963401871e-01 1.528751067481492684e-02
9.999923159718859811e-01 -3.898170749556909009e-03 4.150445650501215938e-04 -9.788790336132996428e-02 3.898003712001848683e-03 9.999923217476799353e-01 4.025080693425555581e-04 -3.139533904348880411e-04 -4.166104234155988445e-04 -4.008871312040230683e-04 9.999998328626176214e-01 5.853696970816812603e-03
9.999991060792005060e-01 -1.211843804014262928e-03 5.650445951776187845e-04 -1.017482456639007271e-01 1.211575112232216467e-03 9.999991529337975971e-01 4.756232067415866287e-04 1.797033780876527900e-03 -5.656204975835745722e-04 -4.749381876032909193e-04 9.999997272535481319e-01 1.157662034772323142e-02
9.999996346515102053e-01 8.089852652165387473e-04 2.761153506751764597e-04 -5.248970771512732197e-02 -8.090513716311510672e-04 9.999996440645043672e-01 2.393882677123601122e-04 1.684297774116928423e-02 -2.759215908146772818e-04 -2.396115717554101680e-04 9.999999332267829333e-01 1.977846861641189072e-03
9.999999915666266670e-01 1.268080338711124674e-04 -2.804405903778721981e-05 -7.777880159247387015e-03 -1.268048352769555131e-04 9.999999854590269077e-01 1.140284162482293117e-04 1.999368767577508477e-02 2.805851834926918571e-05 -1.140248591642983042e-04 9.999999931055254532e-01 -6.320116641648976762e-03
9.999986164300903591e-01 -1.663046140366201573e-03 3.762233535558496286e-05 -8.214849339520963190e-03 1.663037118414845009e-03 9.999985886933622226e-01 2.385766681065047180e-04 -1.356634485229171738e-03 -3.801904626600929665e-05 -2.385137706788277871e-04 9.999999708328661807e-01 -7.883517615148820379e-03
9.999979188754211101e-01 -2.039047581891315509e-03 -6.730368112313253452e-05 -6.994480664668770512e-03 2.039075635330467057e-03 9.999978331281456079e-01 4.194157447643743260e-04 -3.057994810070845462e-02 6.644832662451127629e-05 -4.195521092043053317e-04 9.999999097803197179e-01 -6.234828729649199985e-03
9.999997560678094422e-01 -6.374734539156141347e-04 2.854678917861309668e-04 -2.114712519472781299e-02 6.374944358493776992e-04 9.999997941055055461e-01 -7.341519388643835881e-05 -2.823688062549945671e-02 -2.854210327726470673e-04 7.359716017073659848e-05 9.999999565591450867e-01 4.717219066720909973e-03
9.999999280998728146e-01 -3.748620760419565348e-04 5.725969936573730080e-05 2.339668827174751914e-02 3.748788261997309016e-04 9.999998868671435837e-01 -2.927995316460292293e-04 -3.206402361666477185e-02 -5.714993344748701482e-05 2.928209760425924029e-04 9.999999554948795222e-01 1.956658034411329697e-03
9.999987739124492903e-01 -1.503714945060156613e-03 -4.370525851318799089e-04 7.386126238532006449e-02 1.503754785751078727e-03 9.999988652338712702e-01 9.084334937574789352e-05 -6.276057125119591240e-02 4.369154866772941817e-04 -9.150045791036510426e-05 9.999999003662568553e-01 -1.220812901960355995e-02
9.999980512125955512e-01 -1.867809444266364804e-03 -6.394207465411998713e-04 7.246792080312672302e-02 1.867848185252714722e-03 9.999982537703046015e-01 5.999581943089641868e-05 -1.095157648311581161e-01 6.393075692075547711e-04 -6.119004339283910148e-05 9.999997937707839624e-01 -3.006036638546413439e-02
9.999921311386769096e-01 3.934888287050557903e-03 -5.042964361805583580e-04 3.658892895788965621e-02 -3.935092287313148376e-03 9.999921758159464602e-01 -4.041727100417145577e-04 -9.779704574832942532e-02 5.027021160097356169e-04 4.061539826792423123e-04 9.999997911647406923e-01 -2.776438742897361506e-02
9.999812810250531259e-01 6.112050983058951031e-03 -2.836058431409956937e-04 -1.902512517122109323e-02 -6.112222103334070955e-03 9.999811362825515859e-01 -6.064816703639174487e-04 -6.610757924200756641e-02 2.798936463909489840e-04 6.082037795518051380e-04 9.999997758738294884e-01 -2.146755042056873453e-02
9.999477365709562582e-01 1.021899802906685827e-02 -3.101707648931553447e-04 -3.051447916261079002e-02 -1.021906887636548668e-02 9.999477580285400791e-01 -2.276949632014072162e-04 -6.272008870548674564e-02 3.078277465807244262e-04 2.308527194917324465e-04 9.999999259745474545e-01 -1.917999202581074231e-02
9.999400876709100272e-01 1.092441562086709020e-02 -6.915287667912578323e-04 1.180800665308549130e-02 -1.092435228767404259e-02 9.999403229422527684e-01 9.529553028441853705e-05 -7.196692771026791391e-02 6.925285463687461248e-04 -8.773531704175885294e-05 9.999997563533336020e-01 -3.010110584943369652e-02
9.999462760338234668e-01 1.033670074820591117e-02 -7.730871428873251202e-04 5.225512152048713416e-02 -1.033665005801708350e-02 9.999465729879741804e-01 6.953548799374437617e-05 -7.959426793081768314e-02 7.737646066820169340e-04 -6.154062101116081348e-05 9.999996987504973234e-01 -3.107699552729627571e-02
9.999500411639180575e-01 9.969799293877135843e-03 -7.199154939652466440e-04 8.835073116808239702e-02 -9.969965305793769550e-03 9.999502728087393821e-01 -2.273797020184196798e-04 -8.714405315408352282e-02 7.176127645971615851e-04 2.345458748910950750e-04 9.999997150100357057e-01 -3.203175730584211650e-02
9.999425115245734741e-01 1.070320457582301515e-02 -6.442497468671193155e-04 1.152640086453604606e-01 -1.070327149472317593e-02 9.999427132973461863e-01 -1.005129426075802087e-04 -1.003558737922783384e-01 6.431370293361888656e-04 1.074027442228745290e-04 9.999997874196834280e-01 -3.796928294886549315e-02
9.999400482900863141e-01 1.092652118158003033e-02 -7.148150028444351291e-04 1.002546396060469136e-01 -1.092634026385793863e-02 9.999402728606240354e-01 2.565148321900464785e-04 -5.881294384961936045e-02 7.175751237364462465e-04 -2.486891417404496355e-04 9.999997116197847369e-01 -5.507423398139608961e-02
9.999452103294093064e-01 1.042446444765533255e-02 -9.523026057670613267e-04 9.404334330600552794e-02 -1.042435669698302085e-02 9.999456579503310794e-01 1.180412364632863875e-04 -3.768861674489502878e-02 9.534813723644277586e-04 -1.081076269768421890e-04 9.999995395929007769e-01 -6.778084028724158661e-02
9.999588750183516783e-01 8.992039419648741386e-03 -1.179618204335375776e-03 1.228588649383782205e-01 -8.991926538305048885e-03 9.999595667144899336e-01 1.009618705050715478e-04 -2.698190246820406438e-02 1.180478361615190045e-03 -9.035067821336883467e-05 9.999992991535507914e-01 -6.823542225872036848e-02
9.999955517850154241e-01 -2.620772394987712622e-03 -1.424065390448132342e-03 1.822877386390449606e-01 2.621713914518441785e-03 9.999963457092158059e-01 6.596850498023330714e-04 -1.899736533514627401e-02 1.422331302131192013e-03 -6.634156074307313551e-04 9.999987684259410425e-01 -5.914115085022411678e-02
9.996869084608736022e-01 -2.497796158927539228e-02 -1.478677377104127295e-03 2.155457873968115168e-01 2.498009102573045537e-02 9.996869123199335627e-01 1.439579307854311997e-03 1.514267036054460849e-02 1.442256664778262653e-03 -1.476066083230871033e-03 9.999978705600481854e-01 -5.216623456691669991e-02
9.985248229500655048e-01 -5.427897343817546932e-02 -1.403921307700887154e-03 2.281008888348531882e-01 5.428306348537822318e-02 9.985208963349414546e-01 3.060817065342860428e-03 1.073368669174423057e-02 1.235706754360353741e-03 -3.132510967728421077e-03 9.999943301858537081e-01 -5.409462190134576437e-02
9.979723879203357129e-01 -6.363540298531480954e-02 -1.283914124710015250e-03 2.421474658279671732e-01 6.364596786346884971e-02 9.979065845677140834e-01 1.147341497210314573e-02 -5.734792575900767714e-02 5.511109737000893620e-04 -1.153186729443145611e-02 9.999333539358502554e-01 -1.848446720429723356e-01
9.977752339117580416e-01 -6.662857635709036608e-02 -2.283726114030163595e-03 2.827991533250295286e-01 6.665336851325769085e-02 9.976855597080981353e-01 1.344813800400712286e-02 -9.020298809222240810e-02 1.382410276435506145e-03 -1.357043708088761375e-02 9.999069617615737871e-01 -2.577638310796313004e-01
9.970601741247893113e-01 -7.657558506341206883e-02 -2.681221072752209764e-03 2.845813813050858121e-01 7.659817336575512614e-02 9.970149394598750714e-01 9.691766136846847318e-03 -1.128771520739133560e-01 1.931064803301773538e-03 -9.868650668543844928e-03 9.999494390831507040e-01 -2.220646113864148119e-01
9.970480819974278930e-01 -7.670558874062455290e-02 -3.372660849294946417e-03 2.965770855814399698e-01 7.667031372664773192e-02 9.970105305276646401e-01 -9.574184560685924245e-03 -1.482235770247512241e-01 4.096971846084250003e-03 9.287339387512263955e-03 9.999484787471770719e-01 -1.305884150095583673e-01
9.962817325399723201e-01 -8.609371391269435292e-02 -3.252972774275560142e-03 3.753446735613356067e-01 8.585951035460664960e-02 9.952802928541135685e-01 -4.522480666511653064e-02 -1.262894267377343560e-01 7.131191262210893889e-03 4.477735008851142090e-02 9.989715386487407756e-01 3.005857023787514293e-04
9.957763497976044320e-01 -9.135310569634580435e-02 -9.169038302417780936e-03 4.152653268231683570e-01 9.053275732428919809e-02 9.936057075414672646e-01 -6.746493750298457326e-02 -6.261036873703806904e-02 1.527354035645614623e-02 6.634989088651557787e-02 9.976795131425357788e-01 4.526251312805963656e-02
9.987712628980823792e-01 -4.778652772751999789e-02 -1.313058173565228963e-02 5.065145823033931904e-01 4.683643384644567420e-02 9.967833145652472693e-01 -6.503362414064592367e-02 -5.062827066143293919e-02 1.619607586785147546e-02 6.433872529096490434e-02 9.977966804687298241e-01 -5.845887887997787413e-02
9.992736499353707114e-01 -3.667852542079028805e-02 -1.033722969652031178e-02 7.168812024638175906e-01 3.609263672980193155e-02 9.979903278269002254e-01 -5.208288718808550682e-02 -7.710323775676863889e-02 1.222677875536862073e-02 5.167195890338133896e-02 9.985892621815810610e-01 -1.144103246151650100e-01
9.983264387681527463e-01 -5.742286119227928143e-02 -6.851034154780633392e-03 7.857481353086936959e-01 5.707831358308755598e-02 9.974494410587995130e-01 -4.285648900690829793e-02 -7.649234722458674030e-02 9.294502407792825174e-03 4.239372057251823006e-02 9.990577484214867576e-01 -1.022591719312413161e-01
9.981596463333686220e-01 -6.063942243459378989e-02 -4.252980641676211470e-04 7.353262323993682292e-01 6.059824669243411843e-02 9.976958514088659635e-01 -3.050968009240703077e-02 -3.829758406640292739e-02 2.274407493700043512e-03 3.042775917377097544e-02 9.995343808705209332e-01 -4.099038398733466371e-02
9.977500299186419230e-01 -6.704351515985791654e-02 2.118309678580637505e-04 7.449613230805972597e-01 6.704094224449437533e-02 9.976723536625420330e-01 -1.246542419711525740e-02 1.483820402312019913e-02 6.243879558517877052e-04 1.245157871330207847e-02 9.999222811435032332e-01 3.384465218060012798e-02
9.956292172109256766e-01 -9.337334509314071385e-02 -1.969838083857896553e-03 8.566307234396258741e-01 9.337952174670074990e-02 9.956250536002106966e-01 3.319271295773312900e-03 4.694048771031152090e-02 1.651288683666756775e-03 -3.488706020110566696e-03 9.999925510602508671e-01 1.125937847791400465e-01
9.855285999327755286e-01 -1.688418010453255902e-01 -1.502747265224416151e-02 9.442034138020058975e-01 1.689913058664207490e-01 9.855736808731346832e-01 9.298285419485068093e-03 1.058176576337926111e-01 1.324074227923329947e-02 -1.170323843861512461e-02 9.998438462849805752e-01 1.361210290647640875e-01
9.733505006916846058e-01 -2.271564653963498437e-01 -3.144428456625762702e-02 9.845118126387844004e-01 2.276276381533797466e-01 9.736709412094758376e-01 1.227015048674703901e-02 1.069717451863196056e-01 2.782914213483590055e-02 -1.910074534907754001e-02 9.994301878446282261e-01 6.226257672324383985e-02
9.632524298034270682e-01 -2.659818675536975707e-01 -3.739522175948516852e-02 1.157318432162663280e+00 2.669714824221841587e-01 9.633932080945852849e-01 2.448987894058377024e-02 6.821562924609334000e-02 2.951243892149842465e-02 -3.357339318374516490e-02 9.990004220314596672e-01 -4.514223325954327959e-02
9.568128561896275253e-01 -2.886942866617976944e-01 -3.412868411004158636e-02 1.377077232628128201e+00 2.897082670345986766e-01 9.566511070929238914e-01 2.979562568050589388e-02 1.005381905507416601e-01 2.404741653602037593e-02 -3.839619963901325095e-02 9.989731996461287400e-01 -1.391920062055364560e-01
9.528014446316918074e-01 -3.025024206225168655e-01 -2.572338673812197413e-02 1.458439675997210916e+00 3.029677381348460097e-01 9.528564186218415610e-01 1.658900661924277847e-02 1.600282841561641578e-01 1.949247950406757940e-02 -2.359938576903592572e-02 9.995314463457903864e-01 -1.456999682783519934e-01
9.500780777939299426e-01 -3.117901745453880991e-01 -1.177001071994141987e-02 1.371486363216013471e+00 3.117110455926665469e-01 9.501424755595546667e-01 -8.093218957104087938e-03 2.083168042197852676e-01 1.370657327407716342e-02 4.020347561781012838e-03 9.998979781230507013e-01 4.914327259774339818e-02
9.555280904787578633e-01 -2.941483699272600671e-01 -2.104292696262935122e-02 1.359925486045357346e+00 2.938051695366414306e-01 9.556968889410575319e-01 -1.794376833135455721e-02 2.283530547080698525e-01 2.538879003741910043e-02 1.096325396584994609e-02 9.996175350617435562e-01 2.029510697384384055e-01
9.606890342335552280e-01 -2.757587566498189147e-01 -3.215101295985722113e-02 1.600531113207251943e+00 2.757562667505820131e-01 9.612165877374688749e-01 -4.599217989908655976e-03 2.664810929269254558e-01 3.217236160403578321e-02 -4.447425017104862308e-03 9.994724406203187028e-01 1.751885241482409317e-01
9.558114008150055962e-01 -2.905412810693505099e-01 -4.483670445781529068e-02 1.919903712342807545e+00 2.916221320082570401e-01 9.563312882718540964e-01 1.967229511914029075e-02 3.139992771956465756e-01 3.716312951051753410e-02 -3.187837930128389896e-02 9.988006161081940393e-01 -5.149696254718372224e-02
9.460813309370024182e-01 -3.217463644025901348e-01 -3.754187323756946054e-02 2.028761911044757227e+00 3.229060844126515062e-01 9.459420183643927338e-01 3.041970647439606185e-02 3.405711156933117212e-01 2.572500537919577418e-02 -4.090201567666924137e-02 9.988319424266656199e-01 -1.566907371433008678e-01
9.234001865848627810e-01 -3.830844019928165145e-01 -2.405070404056374941e-02 1.992397807185058767e+00 3.835896821954543623e-01 9.232443583841331014e-01 2.188173724960477268e-02 3.984606107800050534e-01 1.382212459178817562e-02 -2.943120217858277016e-02 9.994712368097905530e-01 -3.727000517604192598e-02
8.983929494995321896e-01 -4.387511281386540229e-01 -1.968643813871131382e-02 1.985996724129537316e+00 4.390756005380295202e-01 8.982853704603382949e-01 1.720494780874031945e-02 4.466685783349771399e-01 1.013534911582534767e-02 -2.410063845608917052e-02 9.996581585343607967e-01 7.291497262177631944e-02
8.582661385290326628e-01 -5.129799022542905762e-01 -1.519392436607417372e-02 2.122264415900531720e+00 5.131953408701678265e-01 8.576936048560395154e-01 3.149956028588902363e-02 4.894777003441236340e-01 -3.126909595060308952e-03 -3.483245716613542903e-02 9.993882740777748630e-01 8.570927614122825222e-02
8.334676305792199091e-01 -5.525108341433755399e-01 -7.967868651796116558e-03 2.242513800339881680e+00 5.522030694421762309e-01 8.323059799618350851e-01 4.835830661229077038e-02 5.082280872085985779e-01 -2.008678359767753982e-02 -4.470496475740332737e-02 9.987982715497356612e-01 2.490632336438716732e-03
8.120662575649553183e-01 -5.835495577891548491e-01 4.278659665096086473e-03 2.341076187320462410e+00 5.824663154661037234e-01 8.109649940094171283e-01 5.539647857623784116e-02 5.651241655673335806e-01 -3.579643378591295527e-02 -4.249343590942073617e-02 9.984552685187367826e-01 -2.194556928641110127e-02
8.083048596079301928e-01 -5.887343027906227766e-01 5.930822189504456055e-03 2.410529174985223566e+00 5.878245180160756034e-01 8.075427648083159937e-01 4.834272463265883862e-02 6.305678426048871854e-01 -3.325041283010640725e-02 -3.558937655228162217e-02 9.988131989132138511e-01 4.810707141708784468e-03
8.047825850241007162e-01 -5.935320039299516459e-01 -6.689630245534388189e-03 2.547160448078165995e+00 5.935081392515919596e-01 8.044856955383925534e-01 2.347028581465514935e-02 6.956151621581860844e-01 -8.548653931407588016e-03 -2.285882728848093876e-02 9.997021529090334147e-01 5.576705133133713632e-02
8.075730908143773368e-01 -5.889352316875027249e-01 -3.132085359151330628e-02 2.569306799473279668e+00 5.892068144929063500e-01 8.079819672981787271e-01 -6.857667874377443296e-04 7.364616013623379587e-01 2.571055712417238959e-02 -1.790065356774531158e-02 9.995091464585065255e-01 7.739648323323285173e-02
8.330386596778608377e-01 -5.498594503283664725e-01 -6.083729420922545650e-02 2.673462720956353511e+00 5.496584810893858641e-01 8.351127936095047444e-01 -2.149828170431021535e-02 7.932426930584205449e-01 6.262703608364600383e-02 -1.553083495229529327e-02 9.979161525484304684e-01 9.192920563011902635e-02
8.334010440626159477e-01 -5.473517210246513498e-01 -7.647740350387113861e-02 2.919821974955399746e+00 5.484622269597024813e-01 8.361415830329476107e-01 -7.512570902171838635e-03 8.605274998043219714e-01 6.805795584459978231e-02 -3.568398260436447117e-02 9.970430121272331192e-01 1.001177077929686077e-01
8.324848876563639699e-01 -5.478972789593608006e-01 -8.232547317021242372e-02 3.050548935881361334e+00 5.501577450786512280e-01 8.350402476853889810e-01 5.851519076097728284e-03 9.282309827875551145e-01 6.553905212729828345e-02 -5.016329788254135502e-02 9.965883183099241149e-01 -2.276359743586683915e-02
8.154411670113399513e-01 -5.733675844602994509e-01 -7.940602139224214873e-02 3.096913718271045557e+00 5.753686472907695304e-01 8.178891514728817702e-01 2.873259083261119756e-03 9.811437453081619520e-01 6.329788983824038984e-02 -4.803070885517665700e-02 9.968382156342598943e-01 -2.497247647725348019e-02
7.934929364969190990e-01 -6.035071903020351458e-01 -7.840938070945022154e-02 3.022850518721183377e+00 6.044820264651243891e-01 7.965071625772293107e-01 -1.333490321629254849e-02 1.050721706578452874e+00 7.050134332133622950e-02 -3.681590983412572071e-02 9.968320567542822142e-01 1.035536820136601782e-01
7.713635402740148805e-01 -6.298933629140628376e-01 -9.073389715399123034e-02 3.104094462074503458e+00 6.314129789697335848e-01 7.753113888058319469e-01 -1.448793900245586713e-02 1.112806224328943605e+00 7.947288043417720382e-02 -4.611509237532670363e-02 9.957697823948615801e-01 1.949699888690958893e-01
7.470160014980883334e-01 -6.559809779033057842e-01 -1.079631887952114400e-01 3.192959914312587522e+00 6.600271634648416930e-01 7.512380805464455857e-01 2.343037653798209219e-03 1.171782782286068247e+00 7.956907058878534555e-02 -7.300892387862240041e-02 9.941521312353167605e-01 1.734942605161011731e-01
7.420385138758583965e-01 -6.606037772999193702e-01 -1.139363565416505741e-01 3.408565355424763244e+00 6.672325085354380292e-01 7.442250406781679706e-01 3.049374331048978343e-02 1.216265957266731368e+00 6.465000756700844953e-02 -9.864957295730128473e-02 9.930199586498389408e-01 5.941186170253264648e-02
7.228752512173157729e-01 -6.836981120343940121e-01 -1.000413053598751822e-01 3.565081559461991123e+00 6.897466728305373662e-01 7.226250559076388136e-01 4.541537067651843507e-02 1.313287598058215933e+00 4.124195068987512869e-02 -1.018328050045134991e-01 9.939462668214045227e-01 -5.550445121715465169e-02
7.181009013002912500e-01 -6.917951361955979594e-01 -7.583261229723908814e-02 3.594956828491821188e+00 6.955212228302288802e-01 7.171716090292852286e-01 4.376199030081884961e-02 1.363854024352588290e+00 2.411066453775950746e-02 -8.416871591309901812e-02 9.961597779056770019e-01 -1.445550488792538002e-02
7.152469643846397496e-01 -6.959383142177264503e-01 -6.396594986668301119e-02 3.644641180646355227e+00 6.983470391486470419e-01 7.152561588248069757e-01 2.683356434580774080e-02 1.440893208069438991e+00 2.707753406194954304e-02 -6.386305713768775094e-02 9.975912575209109345e-01 6.633731714245177935e-02
7.148546683291989723e-01 -6.966810884939849124e-01 -6.015200830219348538e-02 3.722323819985799975e+00 6.982907545872001354e-01 7.157623764756373408e-01 8.616407603330850096e-03 1.542057921297377510e+00 3.705165618416389473e-02 -4.816307046674248027e-02 9.981520392291076682e-01 1.304132696265670466e-01
7.244483122511782280e-01 -6.866435640271337792e-01 -6.078864085118834693e-02 3.801585803982622469e+00 6.884662357250561637e-01 7.251336329901855171e-01 1.398057842244878474e-02 1.613684030316778761e+00 3.448021378980672957e-02 -5.197913318409828204e-02 9.980527463869026672e-01 1.360744687005955855e-01
7.315171509200399935e-01 -6.796184951032805399e-01 -5.478466047517067949e-02 4.012315659160002213e+00 6.815908888770904062e-01 7.310002603482228523e-01 3.274873387732966934e-02 1.687755109439234902e+00 1.779095583619015250e-02 -6.129698593228398440e-02 9.979610019464949522e-01 7.795662351947420243e-02
7.189270520929518238e-01 -6.941750561820601018e-01 -3.556522379476564216e-02 4.124709695125845954e+00 6.949896378692974608e-01 7.170364146830146002e-01 5.336837333881032375e-02 1.769362510688817558e+00 -1.154543300361603013e-02 -6.308542932533167669e-02 9.979413467652282765e-01 1.194081412370761458e-02
7.106834090761365852e-01 -7.033094197862013175e-01 -1.688052439699063920e-02 4.122738664961027588e+00 7.029582373935066020e-01 7.089677501223465850e-01 5.669608246671224011e-02 1.857759861846416394e+00 -2.790714146119417996e-02 -5.215926884509145683e-02 9.982487676571458746e-01 4.261442834180628747e-02
6.927353218670830870e-01 -7.210255458570850040e-01 -1.548986956696814243e-02 4.192590903359852739e+00 7.205709565249739379e-01 6.910881105607599162e-01 5.634465417626671746e-02 1.933953895334861173e+00 -2.992107034170275043e-02 -5.019348227660293260e-02 9.982912119650033667e-01 1.045209664563612195e-01
6.636852548566829491e-01 -7.473367239509206561e-01 -3.177583232781294731e-02 4.336912113972999805e+00 7.476936609963859004e-01 6.615648642324130080e-01 5.732468681964712071e-02 2.041767676526637931e+00 -2.181906944948611496e-02 -6.180413778586680423e-02 9.978497766502251176e-01 1.210339658954318748e-01
6.469628869548720296e-01 -7.617721234393093344e-01 -3.379726103966283757e-02 4.397614366684349463e+00 7.619780095287724819e-01 6.441932785012423057e-01 6.636665524486451417e-02 2.109211820359020884e+00 -2.878429949794229781e-02 -6.868953256928286843e-02 9.972227495488790172e-01 6.912106193119722797e-02
6.395710799866868301e-01 -7.685167782564329420e-01 -1.818777564782613973e-02 4.514776687286045309e+00 7.672821261281613792e-01 6.367337438497953084e-01 7.647403721048937064e-02 2.195947662204266404e+00 -4.719081021672738574e-02 -6.286573773826079070e-02 9.969056758037407873e-01 6.370427112382899548e-02
6.359587125899053284e-01 -7.716915723608283040e-01 -6.973738471070384248e-03 4.599409827374880244e+00 7.699697403943880358e-01 6.338791169387821833e-01 7.310173722907294114e-02 2.275372874412656010e+00 -5.199148736080727584e-02 -5.185925429643520324e-02 9.973001067812179432e-01 4.920921084791938377e-02
6.431584891653754354e-01 -7.657206786594471515e-01 4.358909017995158536e-03 4.673324502923585477e+00 7.645395321984381765e-01 6.424632976576241106e-01 5.215567916041476820e-02 2.372164599133785856e+00 -4.273712110454791491e-02 -3.021180954869284035e-02 9.986294533226469650e-01 6.032501766329874393e-02
6.502212151532118511e-01 -7.595307933935606659e-01 1.803732939292242848e-02 4.731288606084219417e+00 7.586896099601947441e-01 6.503859186853688801e-01 3.725899239426964937e-02 2.492894928500417162e+00 -4.003057710211072734e-02 -1.054185290814641310e-02 9.991428437586564737e-01 9.788782817070630637e-02
6.752301404877734115e-01 -7.371278269715503262e-01 2.658616333850855398e-02 4.775328242055382866e+00 7.355412209531807521e-01 6.755971932034910976e-01 5.047320887628115038e-02 2.562708220700917305e+00 -5.516674410880023638e-02 -1.452581287793276721e-02 9.983714895291578850e-01 1.111451950523229815e-01
6.915221123477841569e-01 -7.219457529813788632e-01 2.432072955748890500e-02 4.921461051755995797e+00 7.194776233307715874e-01 6.913790689134554635e-01 6.593127175072413526e-02 2.664428949964005255e+00 -6.441364498584908893e-02 -2.809471161114398402e-02 9.975277286968636803e-01 1.007023575198191800e-01
6.830089139751506222e-01 -7.300966930506486152e-01 2.139257410860987557e-02 5.061986974119415450e+00 7.277101944995741922e-01 6.827082669869131148e-01 6.593402011949268948e-02 2.768866432902315822e+00 -6.274309724485468975e-02 -2.946592921040739818e-02 9.975946384999720973e-01 5.380236776797449327e-02
6.619664729110752432e-01 -7.492522324794219646e-01 2.052999917858944548e-02 5.085182973661310335e+00 7.472409280795793141e-01 6.618348140142213953e-01 6.004726772743420454e-02 2.830726590529698772e+00 -5.857801758714348273e-02 -2.440842238579448570e-02 9.979843910463714884e-01 6.755324712801652476e-02
6.409269031236424219e-01 -7.673460207480649053e-01 1.981891254452218532e-02 5.081334961818655849e+00 7.656446394636184927e-01 6.409221436280516659e-01 5.483695713520886361e-02 2.931009432482310828e+00 -5.478130076004676663e-02 -1.997223696368166657e-02 9.982986120583879908e-01 1.033442801963921354e-01
6.131405599159966968e-01 -7.899142156197742626e-01 9.704934193234291545e-03 5.207247105505540041e+00 7.881065625874978942e-01 6.124892926695408857e-01 6.119568915931683506e-02 3.048251814951243865e+00 -5.428351308101178607e-02 -2.987303678842107360e-02 9.980786050610549465e-01 1.216934954908099192e-01
5.942598076848942812e-01 -8.042521679245085986e-01 5.807870439378276517e-03 5.266037941042905679e+00 8.011350872949437596e-01 5.925630197369496921e-01 8.397404090044821579e-02 3.113844778001457758e+00 -7.097783368936579074e-02 -4.524950860457476604e-02 9.964510169074088930e-01 9.449096927952929659e-02
5.948279972351118161e-01 -8.038497284679161359e-01 2.295157363554720109e-03 5.346132698592082733e+00 8.001968815597552132e-01 5.923921640064955252e-01 9.357603734794769923e-02 3.191538651568096796e+00 -7.658070545058294487e-02 -5.382506911987236520e-02 9.956094904564399828e-01 7.817662075917275466e-02
6.019541681156617141e-01 -7.984799649119700415e-01 -8.995839169365180132e-03 5.448509974038809212e+00 7.959068150933188424e-01 5.990256930266375512e-01 8.775283916755265146e-02 3.283611414403880602e+00 -6.468014514664802150e-02 -5.998303700327277388e-02 9.961016585146681424e-01 8.671263853639898933e-02
6.123119882580021489e-01 -7.904538496188916463e-01 -1.602312885197247280e-02 5.492853138544711911e+00 7.893511907032967345e-01 6.100606627698321738e-01 6.892521654750723148e-02 3.402549219873193032e+00 -4.470712214871207235e-02 -5.485161222341433662e-02 9.974931447712672705e-01 9.913492214880291475e-02
6.369538808978829625e-01 -7.706730903785468101e-01 -1.878141037051783008e-02 5.598124349390309895e+00 7.702713287341831361e-01 6.352587576438232242e-01 5.593202094419710835e-02 3.453295138535023678e+00 -3.117424801340801938e-02 -5.009289972846875383e-02 9.982579164011633477e-01 1.110588035531446388e-01
6.522627553535652600e-01 -7.578094924060599924e-01 -1.667546694532738571e-02 5.695276827141225517e+00 7.573794908275405247e-01 6.506922366433052218e-01 5.455199396858347732e-02 3.552733517633182903e+00 -3.048942197534409981e-02 -4.821189056034286963e-02 9.983716786629150963e-01 1.030857428219596750e-01
6.809788982955392589e-01 -7.322499957053383302e-01 -8.813845115820305443e-03 5.753126875534135820e+00 7.311358659471363097e-01 6.791650177079430195e-01 6.461597517255841805e-02 3.647761703002048606e+00 -4.132899226844097273e-02 -5.044623386637996781e-02 9.978712802194347198e-01 1.323968113923626455e-01
6.874384618975750705e-01 -7.262425524268519839e-01 -3.408055567856831114e-04 5.867245531193842289e+00 7.242135695229808823e-01 6.854826847872553808e-01 7.502129414798730522e-02 3.767486966403805759e+00 -5.425003984034408588e-02 -5.181933906745095353e-02 9.971818737201021410e-01 1.264915270591576157e-01
6.848208465838951930e-01 -7.287071641401980937e-01 2.505397147668775998e-03 5.927143185309907913e+00 7.266520153550173333e-01 6.831396984658504312e-01 7.278049849017786954e-02 3.854719397085041965e+00 -5.474720691148313167e-02 -4.802105070422330035e-02 9.973448360645648103e-01 7.960586155153688559e-02
6.748506047290799836e-01 -7.379533554421254804e-01 1.227390933246998855e-03 5.971247078152138066e+00 7.369107489265126487e-01 6.739837122964067451e-01 5.204328655764028227e-02 3.915553453429858166e+00 -3.923275944107547375e-02 -3.421696583366768546e-02 9.986440756524700424e-01 7.882408848360537845e-02
6.660780178396294993e-01 -7.458564474455544602e-01 -6.183361118935090141e-03 6.044102334789377196e+00 7.457067987958696520e-01 6.657188988323550216e-01 2.719775665478861570e-02 3.996296680590810002e+00 -1.616924180184906024e-02 -2.272680226810612492e-02 9.996109483585200461e-01 1.326729433833800376e-01
6.287438647139651504e-01 -7.775115579853373315e-01 -1.252716183981143067e-02 6.124958028493375117e+00 7.776116430723625239e-01 6.286381184203633232e-01 1.158657098567144120e-02 4.093294588853643390e+00 -1.133641410650669187e-03 -1.702625232160292351e-02 9.998544001948649340e-01 1.573173077135678333e-01
6.323016328302124567e-01 -7.747150624004256469e-01 -3.349210377380557394e-03 6.169601367395371128e+00 7.745964451712087362e-01 6.321150833734524577e-01 2.075737218194798755e-02 4.129285950357996171e+00 -1.396396248827354823e-02 -1.571920677635964270e-02 9.997789327096006096e-01 1.487457437461549570e-01
6.361740460376499318e-01 -7.715155721379315379e-01 6.804784843485933363e-03 6.283091154162178782e+00 7.709762272855139598e-01 6.360186277963590928e-01 3.280186056661907323e-02 4.263480160940356534e+00 -2.963511614084715640e-02 -1.562136500810846866e-02 9.994387088994511892e-01 1.411807807714053620e-01
6.469546677778792443e-01 -7.625132397246884297e-01 4.818411042422797788e-03 6.358008336939367844e+00 7.620103466239039891e-01 6.467350751790692520e-01 3.277154514577065164e-02 4.385269969681472979e+00 -2.810497248765043282e-02 -1.753002503373678189e-02 9.994512538107023225e-01 1.002752047944539537e-01
6.636128938164331803e-01 -7.480761179434818331e-01 -2.211858704333768966e-04 6.428877397805105254e+00 7.479781659939670480e-01 6.635211579435784657e-01 1.638096937041296289e-02 4.475078657609468102e+00 -1.210745046989889807e-02 -1.103606468912863951e-02 9.998657984546207578e-01 7.565251679191228873e-02
6.766987183894982438e-01 -7.362449603754867011e-01 -4.711990206748705931e-03 6.501503758064608007e+00 7.362407728354779524e-01 6.767134511162302690e-01 -2.903358913320997804e-03 4.574500841088577019e+00 5.326250522528630862e-03 -1.504460055740825366e-03 9.999846837103616437e-01 1.067817599354094482e-01
6.985698429804571008e-01 -7.155320934690803103e-01 -3.741349223863882009e-03 6.567935996488683870e+00 7.154858683754974358e-01 6.985710350864102747e-01 -8.858955540118569616e-03 4.661099919943842984e+00 8.952465203504875874e-03 3.511716682299236870e-03 9.999537595372715026e-01 1.702090182276275454e-01
7.030143449557989532e-01 -7.111737324034139718e-01 1.659254581551160941e-03 6.719809892336608748e+00 7.111737185612758694e-01 7.030050416120621204e-01 -3.981644854868355253e-03 4.757955595968456741e+00 1.665176896393198583e-03 3.979171700293476950e-03 9.999906966459654045e-01 1.417391468862673198e-01
6.990335554690325637e-01 -7.150246813949628910e-01 9.580883276331745788e-03 6.783962170691324012e+00 7.150710379415042839e-01 6.990479951662033065e-01 -2.304593537181800524e-03 4.821462447579798472e+00 -5.049655986572804470e-03 8.462000363010088039e-03 9.999514465834197230e-01 7.890598098545606454e-02
6.937091601001953434e-01 -7.202296652008284283e-01 6.068818483387991222e-03 6.854389848297460119e+00 7.202375215888912052e-01 6.936083853714072323e-01 -1.285769178200607543e-02 4.939370456030473200e+00 5.051107658034778569e-03 1.329048935037083906e-02 9.998989194934929658e-01 9.595683614892419611e-02
6.882227109739402771e-01 -7.254994811331526572e-01 -5.454545551576402487e-05 6.884492213364961977e+00 7.254732893038470243e-01 6.881984998847452406e-01 -8.445783743571719931e-03 5.059120614250182335e+00 6.164949824385576593e-03 5.773008913270965409e-03 9.999643322447806515e-01 1.917135752023124695e-01
6.772555669196043127e-01 -7.357189468956926159e-01 -6.521369112260262668e-03 7.006839114004644209e+00 7.356545254220203667e-01 6.770018920878604352e-01 2.192845948896103223e-02 5.130237643511468271e+00 -1.171820389425973913e-02 -1.964864596225152429e-02 9.997382729541480773e-01 1.748382791455726781e-01
6.702011170556277930e-01 -7.421074377458791727e-01 -1.034473487503361454e-02 7.087727874335198130e+00 7.414093237704690864e-01 6.688057262263993330e-01 5.487362930401498695e-02 5.200202917357289678e+00 -3.380351052190333494e-02 -4.444605054473073358e-02 9.984397183943409804e-01 1.348654979655831698e-01
6.736991335047206597e-01 -7.388149876573077979e-01 -1.678962560393910605e-02 7.182900272897896343e+00 7.378018903763339242e-01 6.711318029557997722e-01 7.232201337356247706e-02 5.280047200632623117e+00 -4.216453571541570189e-02 -6.111069525238303074e-02 9.972400086507128281e-01 9.855469894055481073e-02
6.666127654263998004e-01 -7.449300100782301204e-01 -2.658384952213866184e-02 7.304592480958591594e+00 7.447930099323298858e-01 6.641985382369313129e-01 6.421584041234934537e-02 5.412198796473946416e+00 -3.017935265223835664e-02 -6.260656426263835894e-02 9.975818887613787656e-01 7.748077024709279503e-02
6.716594000408329102e-01 -7.405166379132995802e-01 -2.255569352451249412e-02 7.324797239807792515e+00 7.406940559799554125e-01 6.705531030152678262e-01 4.160350312844598997e-02 5.510190732232624455e+00 -1.568329597856902777e-02 -4.465025207296091647e-02 9.988795669233953012e-01 1.252821058772010665e-01
6.883790384172390198e-01 -7.252036890808903902e-01 -1.462562173805194085e-02 7.370991855967224282e+00 7.253026061862788421e-01 6.879597338812089014e-01 2.544668971571658125e-02 5.592045868366671613e+00 -8.392194417976981541e-03 -2.812496936111058901e-02 9.995691857851999318e-01 1.946602602797735670e-01
7.172900144058675931e-01 -6.965531697262803412e-01 -1.757034370472108920e-02 7.444193716917667736e+00 6.967520378982023921e-01 7.168350146528041922e-01 2.615644189135969688e-02 5.687023644391534738e+00 -5.624314921159311205e-03 -3.100392736389590009e-02 9.995034384981783537e-01 2.356117056132988052e-01
7.236699256059071494e-01 -6.896245169375896378e-01 -2.683028908038018884e-02 7.637055161619564103e+00 6.900470060529126926e-01 7.223596207076652398e-01 4.507446958633390399e-02 5.802021563166793072e+00 -1.170334187111315809e-02 -5.113319870371849096e-02 9.986232661916975006e-01 2.344191275627308391e-01
7.168885214641340653e-01 -6.965677377769347034e-01 -2.939786525058130096e-02 7.717205328786010732e+00 6.969755229755177917e-01 7.149923361871738381e-01 5.487330468097351144e-02 5.892423651459770539e+00 -1.720372535154132687e-02 -5.982763476798175217e-02 9.980604620723624310e-01 1.521220061622656772e-01
7.132739242537498026e-01 -7.003682383833019776e-01 -2.691913155223274456e-02 7.787649274123278786e+00 7.007044199219766289e-01 7.116909331484465584e-01 5.009322884482108468e-02 5.921931638645184570e+00 -1.592560458702463322e-02 -5.459254837579729375e-02 9.983817049507537345e-01 1.215993313311627688e-01
7.018398344442926540e-01 -7.118427124744628465e-01 -2.647261763043104454e-02 7.796941235267780712e+00 7.122262157612055944e-01 7.005992954957057650e-01 4.352521950999438394e-02 6.003224563566717187e+00 -1.243641305523363223e-02 -4.940222513126123205e-02 9.987015348853729435e-01 1.710539690551814151e-01
6.949987479580493899e-01 -7.181315363253697459e-01 -3.555048342439191822e-02 7.881865721384939683e+00 7.189756488684306834e-01 6.936247153659260700e-01 4.425800004244517805e-02 6.135415814781620014e+00 -7.124371618804513709e-03 -5.631918650426526174e-02 9.983873960344926690e-01 2.573482688380046568e-01
6.868261981545824568e-01 -7.257810009027630960e-01 -3.888074404002307000e-02 7.993154105115108266e+00 7.266671125304425827e-01 6.845936881137401064e-01 5.732704214850437019e-02 6.228317410839759205e+00 -1.498936607037066465e-02 -6.762707241490353849e-02 9.975980643432492689e-01 2.387004869391262107e-01
6.881032687985879637e-01 -7.249765007010087192e-01 -3.038033739145651335e-02 8.125110697994637476e+00 7.251392382443806461e-01 6.855388767656690474e-01 6.488091862192152393e-02 6.275661379417129204e+00 -2.621023897368641997e-02 -6.667474690004743243e-02 9.974304494543752009e-01 1.545233046664752086e-01
6.876250771269831752e-01 -7.256974749273400471e-01 -2.312851465601046402e-02 8.234370325492117004e+00 7.257621327606654793e-01 6.860671254590755552e-01 5.080576753688032660e-02 6.358499954792699249e+00 -2.100190364707227308e-02 -5.172111994537537810e-02 9.984407072003801398e-01 1.381444806414218185e-01
6.963548461460635775e-01 -7.174619610285210003e-01 -1.839192012816976557e-02 8.284298247010445593e+00 7.176927890026935097e-01 6.960270410958185883e-01 2.152716137661687609e-02 6.435540019026749547e+00 -2.643645669764348172e-03 -2.819029160027646322e-02 9.995990789296796963e-01 1.758829140040403527e-01
7.069812468879522749e-01 -7.070707945719039156e-01 -1.511317346598160111e-02 8.371537049692902244e+00 7.070690970464392766e-01 7.071157519224378074e-01 -6.372235486737987988e-03 6.535419740876021066e+00 1.519238462813892604e-02 -6.181006926220135485e-03 9.998654842541013776e-01 2.108574395030214377e-01
7.355383197374496529e-01 -6.773562522901601657e-01 -1.311059423664933526e-02 8.427199990519834927e+00 6.774168803905180614e-01 7.355992841344455302e-01 2.516800942983501641e-04 6.618414222853579609e+00 9.473666649606474893e-03 -9.066458201528466987e-03 9.999140207917338596e-01 2.407863258765603476e-01
