1.000000000000000000e+00 0.000000000000000000e+00 0.000000000000000000e+00 0.000000000000000000e+00 0.000000000000000000e+00 1.000000000000000000e+00 0.000000000000000000e+00 0.000000000000000000e+00 0.000000000000000000e+00 0.000000000000000000e+00 1.000000000000000000e+00 0.000000000000000000e+00
9.999989235062088921e-01 -1.439159285669850373e-03 -2.860191844796345175e-04 1.475655534309893747e-02 1.439320177654055538e-03 9.999988056292173910e-01 5.631141668545804752e-04 -4.683721251069818126e-02 2.852084318845562864e-04 -5.635252338490937853e-04 9.999998005477107599e-01 -1.266816690462630075e-02
9.999946995766362257e-01 -3.252054870307948854e-03 -1.579802317377610084e-04 1.276259661696941411e-02 3.252113448983342744e-03 9.999946426851087367e-01 3.719666607960339893e-04 -9.278372598450217168e-02 1.567697293970790747e-04 -3.724784588515624661e-04 9.999999183415214654e-01 -1.894129558562732477e-02
9.999951634843688986e-01 -3.082125576109851460e-03 -4.165450798110034453e-04 1.104852708819636237e-02 3.082286933955730515e-03 9.999951747465070095e-01 3.872866634708174347e-04 -9.930877929320411357e-02 4.153494037446324233e-04 -3.885687018097207950e-04 9.999998382496052551e-01 -2.054872912098398147e-02
9.999982488527648927e-01 -1.862286781031758254e-03 1.848765776485623890e-04 -1.921110310940337546e-02 1.862302978825420164e-03 9.999982620858660631e-01 -8.748064072410751443e-05 -6.689770987555387904e-02 -1.847133423081283809e-04 8.782478373389535954e-05 9.999999790838940417e-01 -1.488047386095613100e-03
9.999997105248137341e-01 -4.943552043653569187e-04 5.784144022081194256e-04 -5.537321053518881597e-02 4.944649056565474923e-04 9.999998597912158615e-01 -1.895310151225547911e-04 -1.800083124531640794e-02 -5.783206254656248282e-04 1.898169658808471325e-04 9.999998147573696539e-01 1.117323722203868511e-02
9.999978946861403095e-01 1.817681196616799041e-03 9.521860923858600778e-04 -9.409080826413372678e-02 -1.817729100020534522e-03 9.999983467066455578e-01 4.944587417050584432e-05 2.635128577929369761e-02 -9.520946413071912796e-04 -5.117658644018626730e-05 9.999995454482721868e-01 1.850300530132274052e-02
9.999990976924207908e-01 8.534729012627159097e-04 1.037399802871118593e-03 -5.618502944230516216e-02 -8.546218214114563927e-04 9.999990214639590258e-01 1.107561586003340433e-03 -4.318629315056735085e-03 -1.036453513937889322e-03 -1.108447171151188525e-03 9.999988485538281457e-01 2.189067573706504968e-02
9.999991262187325480e-01 -1.165514050933710031e-03 6.238098816607334784e-04 -5.421713075987578262e-02 1.164684447748172988e-03 9.999984391481270274e-01 1.328612602278645208e-03 -1.060863672531334873e-02 -6.253574246421146534e-04 -1.327884899694319575e-03 9.999989228243121309e-01 1.705482291562870206e-02
9.999974102595119430e-01 -2.195893582975552358e-03 5.979344793092043579e-04 -7.804389016448126659e-02 2.195496508327656783e-03 9.999973694953713244e-01 6.639257637710608249e-04 -6.626840541468913270e-03 -5.993908167640259795e-04 -6.626112813140972498e-04 9.999996008383896795e-01 1.658606597769512678e-02
9.999995255718517884e-01 -6.202409874198382611e-04 7.511039800052189382e-04 -6.898426898855541944e-02 6.198862445304559364e-04 9.999996962725655747e-01 4.724360489462818297e-04 -4.802497622562325666e-03 -7.513967760758253353e-04 -4.719702257839046436e-04 9.999996063234179999e-01 2.377746103894589139e-02
9.999998385696838854e-01 3.404090111766875726e-04 4.549530869441905821e-04 -3.658179955905868641e-02 -3.405421982856898355e-04 9.999998991777698798e-01 2.927037089861102780e-04 1.155638073970957289e-02 -4.548534020946620000e-04 -2.928585924592028524e-04 9.999998536711030006e-01 1.042509499035769796e-02
9.999999794978460255e-01 -1.470559369083788894e-04 1.392079702766139612e-04 -1.209700174067069277e-02 1.469955528437760458e-04 9.999998951571389405e-01 4.336796265559454385e-04 5.647086491062547342e-03 -1.392717308454533313e-04 -4.336591547120278870e-04 9.999998962715558326e-01 -2.010990149995450782e-03
9.999998221168071577e-01 -5.778563412116263006e-04 1.478120528887637492e-04 -1.089801912475552893e-02 5.778006119968709907e-04 9.999997620867939752e-01 3.767927921280966571e-04 3.667134920814923722e-03 -1.480297498265783932e-04 -3.767073192083720797e-04 9.999999180893910378e-01 -5.049249299448641676e-03
9.999998772235427769e-01 -4.917021550373129601e-04 6.149707343815280036e-05 -1.254255899342727326e-02 4.916838526041516968e-04 9.999998349368044437e-01 2.972765598711901171e-04 -6.300589215639807762e-03 -6.164323481238009005e-05 -2.972462862546353178e-04 9.999999539223773937e-01 -3.479268258505191849e-03
9.999999516818764977e-01 1.778116920394841717e-04 2.549887188563538295e-04 -1.523459141080591925e-02 -1.777990740796876387e-04 9.999999829683126062e-01 -4.950619908827498300e-05 -1.434649327437853387e-02 -2.549975172944920435e-04 4.946085993811491564e-05 9.999999662649441401e-01 4.063180608774526019e-03
9.999999934895785758e-01 -7.395962227924350249e-05 8.689543786431906290e-05 1.112942296451846155e-02 7.397601658426053331e-05 9.999999794638962936e-01 -1.886789761053083824e-04 -2.591331713340466747e-02 -8.688148145402054196e-05 1.886854030552813030e-04 9.999999784247132206e-01 8.388550227133289433e-04
9.999997813411406478e-01 -5.854483230849132297e-04 -3.075189944361795126e-04 3.925450705583917455e-02 5.854679716605074762e-04 9.999998265778990980e-01 6.380772527389147540e-05 -3.490171870937553572e-02 3.074815849798279437e-04 -6.398775384368667475e-05 9.999999506803198823e-01 -1.228967963257329016e-02
9.999998712700096659e-01 -2.655212492330549920e-04 -4.323868989539464283e-04 3.020411656545368695e-02 2.653863717265217935e-04 9.999999161240826773e-01 -3.119645835853999179e-04 -5.839746470667449285e-02 4.324696959130486457e-04 3.118497938359066253e-04 9.999998578598240373e-01 -3.124654731671553526e-02
9.999884481585026297e-01 4.801377425622618648e-03 -2.243309306807492252e-04 1.470631892846312530e-02 -4.801529080319757482e-03 9.999882410802950483e-01 -6.804554566558577164e-04 -7.005615124992115028e-02 2.210611693226188497e-04 6.815247276295552164e-04 9.999997433279695924e-01 -2.470950984329774863e-02
9.999822680775465322e-01 5.954555932018442722e-03 -8.242656282939464887e-05 -4.559832368107756724e-03 -5.954589485580090609e-03 9.999821859909362454e-01 -4.129949717917827021e-04 -7.074971276216009131e-02 7.996589282268077475e-05 4.134784649413256207e-04 9.999999113205035872e-01 -1.311293460172645656e-02
9.999841601427472693e-01 5.628242027872753031e-03 -4.853122699091176438e-05 -1.350573212169478912e-02 -5.628252750465155552e-03 9.999841362363333097e-01 -2.237110890392856016e-04 -7.383473432882604881e-02 4.727135694956423475e-05 2.239806914993644493e-04 9.999999737990339366e-01 -8.689488164639627005e-03
9.999887879469890883e-01 4.720567516247755648e-03 -3.744631306258568203e-04 2.359446391504433499e-02 -4.720548535208034767e-03 9.999888568196505512e-01 5.155633057925760449e-05 -7.680560957500931485e-02 3.747023330550473862e-04 -4.978808114418080302e-05 9.999999285596516962e-01 -1.770216459018630201e-02
9.999860025129911900e-01 5.276073914148812251e-03 -3.972683480655777081e-04 3.741967264626736706e-02 -5.276109369921779153e-03 9.999860773436664019e-01 -8.825385830977240079e-05 -6.699777866658174208e-02 3.967971831552442289e-04 9.034865423113936571e-05 9.999999171945546106e-01 -2.128108775953475862e-02
9.999799649962303194e-01 6.311021680303967665e-03 -4.905216494802045911e-04 5.901691514413692080e-02 -6.311189067252842219e-03 9.999800262946441087e-01 -3.404472357869996408e-04 -6.448271908812028275e-02 4.883632820592559562e-04 3.435361897967976075e-04 9.999998217420795754e-01 -2.731211013670731616e-02
9.999283244258461156e-01 1.196070824334783539e-02 -5.361615776110140912e-04 9.975303950213351700e-02 -1.196080591652462499e-02 9.999284509205318416e-01 -1.793362560711486253e-04 -7.345086674868270271e-02 5.339782271073684498e-04 1.857363266117311080e-04 9.999998401846221796e-01 -3.752192795986988155e-02
9.998273147992984278e-01 1.857275105380223196e-02 -6.272953994744243957e-04 1.082903696568355556e-01 -1.857294264314288124e-02 9.998274627190587571e-01 -3.009889428159560291e-04 -1.775511684896019515e-02 6.215969749269842793e-04 3.125876879547027747e-04 9.999997579530397473e-01 -5.073082059910295066e-02
9.998218567417118674e-01 1.884871733514266456e-02 -9.902708597919385094e-04 1.104715982203053337e-01 -1.884914207063939640e-02 9.998222503604780043e-01 -4.213398990619761386e-04 -1.392145021749738310e-03 9.821531228441447280e-04 4.399305963241429492e-04 9.999994209179892124e-01 -6.768074743323268527e-02
9.999413102054987013e-01 1.076646234975390734e-02 -1.208069940865073985e-03 1.009862392560844924e-01 -1.076665326615572696e-02 9.999420264105990386e-01 -1.516420494619667584e-04 -6.628569576993887519e-03 1.206367256298182837e-03 1.646400197958055884e-04 9.999992587855787152e-01 -7.255590365499449412e-02
9.999904918879015669e-01 -4.241245799103406100e-03 -1.013887500795782439e-03 1.027143977157463500e-01 4.241690176923124805e-03 9.999909087058814761e-01 4.365432719809905836e-04 1.393352887502482922e-02 1.012026795927893326e-03 -4.408397179312553509e-04 9.999993907308680763e-01 -5.569224489946953544e-02
9.996650685655477098e-01 -2.586898286867025248e-02 -7.391990119764844285e-04 1.516841395052792030e-01 2.586954318502675265e-02 9.996650394013081309e-01 7.587714932845101255e-04 4.614266724097249028e-02 7.193227626718681463e-04 -7.776400976224975576e-04 9.999994389251634086e-01 -3.031643965756634918e-02
9.986250630121850103e-01 -5.240925359847436321e-02 -1.119670112238849635e-03 2.198600494105109604e-01 5.241144208868207116e-02 9.986235249617764209e-01 2.023890091123650703e-03 5.168011217304070704e-02 1.012058345237169072e-03 -2.079790895024127492e-03 9.999973251002918229e-01 -3.450539203782188036e-02
9.980853613618798637e-01 -6.182803771658941516e-02 -1.704460982714271159e-03 2.665289410514800617e-01 6.183353950648258490e-02 9.980807184347698646e-01 3.390115165285821023e-03 8.657598402550176209e-03 1.491585473868620258e-03 -3.489017175314609257e-03 9.999928009400490536e-01 -6.931399755367435855e-02
9.974240429890116610e-01 -7.171233270797033876e-02 -1.618581179766049281e-03 2.978352755728889134e-01 7.171498065220988094e-02 9.974238145342152473e-01 1.641873950231457612e-03 -5.055624359498993303e-02 1.496668803471995577e-03 -1.753721071509152952e-03 9.999973422189161187e-01 -5.061834377034035021e-02
9.967934223235607183e-01 -8.000740631864128316e-02 -1.299286976543278073e-03 2.668084097221931628e-01 8.000650488724753151e-02 9.967940729628251839e-01 -7.316296254277845652e-04 -8.416709632660994422e-02 1.353657346012484804e-03 6.253321883647193664e-04 9.999988882851039707e-01 -1.655769184550021783e-02
9.967995927446092752e-01 -7.990309851849350387e-02 -2.463077612454735079e-03 2.952645671172915987e-01 7.989275041558002721e-02 9.967952500408625571e-01 -4.046965160224401045e-03 -1.899702157500266497e-01 2.778549120475189236e-03 3.837231178617256377e-03 9.999887775978623106e-01 -6.073766723944673540e-02
9.965440211969297524e-01 -8.280477380271483723e-02 -6.586596399840222681e-03 3.726387180018267964e-01 8.260529166861679817e-02 9.962352584038274284e-01 -2.629972816213218406e-02 -1.824570592757036036e-01 8.739542607934788765e-03 2.566474914236508559e-02 9.996324029594396698e-01 -9.888593633332289079e-02
9.962188224436608897e-01 -8.606979024298010150e-02 -1.183423070989954654e-02 3.989342590956359014e-01 8.526643693490050524e-02 9.947355859757261998e-01 -5.683967563203822654e-02 -6.747984657111644191e-02 1.666410937891241520e-02 5.561569203973005387e-02 9.983131784452961011e-01 -3.735258544322461738e-02
9.987855944429553379e-01 -4.777345422049443513e-02 -1.204298156913708763e-02 4.911813197312827617e-01 4.689543296353453072e-02 9.967892789581983548e-01 -6.489955100890720807e-02 -5.920974785525695561e-02 1.510479064386170168e-02 6.425597579865574560e-02 9.978191293384626182e-01 2.219058083330034334e-02
9.991901079495953963e-01 -3.944242831829542634e-02 -7.963857358851616358e-03 6.967724640923139701e-01 3.891797070853749568e-02 9.975704852128114419e-01 -5.777991509344267834e-02 -6.645777492309007384e-02 1.022348920894553329e-02 5.742318243211668588e-02 9.982975800770842456e-01 1.725826553600787183e-02
9.983950728465814661e-01 -5.634387203899297175e-02 -5.713720269913714032e-03 7.535734696853710890e-01 5.601347215996031054e-02 9.973179261891128577e-01 -4.711098638781231057e-02 -1.370225865780023283e-02 8.352811039080681316e-03 4.671533137526557439e-02 9.988733194766213908e-01 -4.277534121624063101e-02
9.983088766273456871e-01 -5.813200547017864650e-02 2.383003611048739676e-04 7.248766210237314045e-01 5.811326952534900947e-02 9.978649367844824036e-01 -2.980630539290591435e-02 -3.040710489845069309e-04 1.494908733376587411e-03 2.976974766631637626e-02 9.995556649690715556e-01 -2.698329630088924791e-02
9.978868738352839607e-01 -6.496004099189991998e-02 1.407160820497998935e-03 7.524322771613500827e-01 6.496500972480936942e-02 9.978801831411655554e-01 -3.832441207551680069e-03 -2.080236712442117344e-02 -1.155222359326012324e-03 3.915758992149289894e-03 9.999916661116811101e-01 -2.752084045543295304e-02
9.955692199841710277e-01 -9.401610728243880999e-02 -1.702877437246859589e-03 8.720865665162945701e-01 9.402736040592202249e-02 9.955323345971607285e-01 8.615466709454237121e-03 8.026657971376905537e-03 8.852769081908666397e-04 -8.737410542250072243e-03 9.999614362273236967e-01 6.720008870394561518e-02
9.854398293035974143e-01 -1.693721998632195247e-01 -1.487954083936509318e-02 9.386661564853135964e-01 1.695113843754389726e-01 9.854903287649555699e-01 8.643059519746086258e-03 1.070541431120265036e-01 1.319974958924935264e-02 -1.103946666435107367e-02 9.998519374320118391e-01 1.518378520434032763e-01
9.735534424482724658e-01 -2.264433378408335917e-01 -3.028381489542364413e-02 9.743065285222223260e-01 2.268206266675618088e-01 9.738890428444605396e-01 9.619539782916202222e-03 1.345331635541835991e-01 2.731479480524671988e-02 -1.623412994289060926e-02 9.994950500176299490e-01 1.228325348839066772e-01
9.635862063465009397e-01 -2.648840122928443064e-01 -3.657981643478719347e-02 1.138078663240807309e+00 2.658180467720427931e-01 9.637363238905845009e-01 2.351731328529083412e-02 1.054955946138325801e-01 2.902393751809854983e-02 -3.238453404801056729e-02 9.990539790248766927e-01 -2.920187201953819423e-03
9.579122053744661969e-01 -2.851357190878940906e-01 -3.319380205484229185e-02 1.353460249261139836e+00 2.861687610328755293e-01 9.576395975848808195e-01 3.215340334049552468e-02 1.150219388390403691e-01 2.261961545949607230e-02 -4.029916671219353069e-02 9.989315943340502102e-01 -1.407677410485271841e-01
9.532830591256994390e-01 -3.010478639293653336e-01 -2.493176302459633106e-02 1.443145122977214534e+00 3.015470631483242459e-01 9.532528448009301991e-01 1.945205864565910381e-02 1.477691218254583438e-01 1.791027332479468506e-02 -2.606141789120342694e-02 9.994998872470828299e-01 -1.312383995847694607e-01
9.498215622729864194e-01 -3.125716556512947997e-01 -1.174563428308092634e-02 1.380333468434485455e+00 3.124873686267847783e-01 9.498840691524673696e-01 -8.479364307454179822e-03 2.113881936819656804e-01 1.380739982804107986e-02 4.383520703615417791e-03 9.998950647224085220e-01 6.900006525623983422e-02
9.551521082870118029e-01 -2.953663137688410933e-01 -2.105209551287280656e-02 1.362394856304490975e+00 2.949864971970534433e-01 9.553049296449069860e-01 -1.937673521396278409e-02 2.340354452065438184e-01 2.583440547582590424e-02 1.229764557733557806e-02 9.995905918959846481e-01 2.263844488804030441e-01
9.606494032692518559e-01 -2.758909529595339749e-01 -3.220102596984302651e-02 1.604427926853651432e+00 2.759069890144055237e-01 9.611758807229263679e-01 -4.032335490936685141e-03 2.542814138254925194e-01 3.206333437799276792e-02 -5.010827435364316462e-03 9.994732783806569154e-01 1.941644998005590816e-01
9.557837636398731629e-01 -2.907360806669361253e-01 -4.415799543489204448e-02 1.897251414689192783e+00 2.918456252245288374e-01 9.562337001137184433e-01 2.105330862670009087e-02 3.053639158270405884e-01 3.610440692911331961e-02 -3.300972834265718248e-02 9.988026980515426478e-01 -4.132963683877485805e-02
9.460480174723331359e-01 -3.215856381262669483e-01 -3.969667476741367551e-02 1.999844849794436774e+00 3.228654601805183155e-01 9.459190019484208234e-01 3.154578221134513027e-02 3.498474755851389562e-01 2.740516847403534281e-02 -4.266050988707444092e-02 9.987136915237943002e-01 -1.818073994031197127e-01
9.238768427465364752e-01 -3.815663288838644362e-01 -2.930385808698517114e-02 2.002237761282808837e+00 3.823355682624228757e-01 9.236058278597103488e-01 2.778107242402940227e-02 3.731714873488245487e-01 1.646489229061974535e-02 -3.687019671319402558e-02 9.991844153689490859e-01 -8.678619843740748019e-02
8.988626416489491344e-01 -4.378676255080903301e-01 -1.782958159295018608e-02 1.983709234062606575e+00 4.381903761287684329e-01 8.985865965783039755e-01 2.305043856304824293e-02 4.096674259271068652e-01 5.928382241502232544e-03 -2.853192916238175489e-02 9.995753014667136949e-01 7.410166776885075690e-02
8.583717885047560392e-01 -5.129136024957813289e-01 -1.084016023617592403e-02 2.100211316875364886e+00 5.129822960179711844e-01 8.578209933269184129e-01 3.150091077650838539e-02 4.839810309600722227e-01 -6.858328606657700111e-03 -3.260030340991647985e-02 9.994449377260883338e-01 1.477532214580075109e-01
8.339109963704497419e-01 -5.518816978223127778e-01 -4.363684361320332647e-03 2.213912769499745803e+00 5.514319578213723316e-01 8.328541416581594081e-01 4.771555947632667022e-02 5.226423398667925380e-01 -2.269903138312212576e-02 -4.219680475595440766e-02 9.988514322173522864e-01 4.457784082594543063e-02
8.126862561333625390e-01 -5.826654495745369200e-01 6.482512170573807853e-03 2.319563836003010415e+00 5.814913347996588655e-01 8.116648711832071816e-01 5.538920869681075720e-02 5.770348972017380618e-01 -3.753500559277744147e-02 -4.124452399107862710e-02 9.984437954115892300e-01 8.185828958140517475e-03
8.095136947664653970e-01 -5.870683415434100327e-01 6.191957930746359862e-03 2.399574757604530539e+00 5.861012141714231349e-01 8.087054538661898606e-01 4.980818842181885392e-02 6.317535335092776538e-01 -3.424828072078345276e-02 -3.669129657766204838e-02 9.987396077172069342e-01 3.231570510234850480e-02
8.053628146591943482e-01 -5.927228765727629023e-01 -8.386200064965107850e-03 2.538426669191149454e+00 5.927092364348890419e-01 8.049611357856514271e-01 2.708008344604640252e-02 6.882145172284468426e-01 -9.300419828751059839e-03 -2.677987046240947258e-02 9.995980895985273618e-01 6.767231140837362546e-02
8.077890039579679327e-01 -5.885694410201740556e-01 -3.260273273506292951e-02 2.564211012131822010e+00 5.888967066223371738e-01 8.082081259699354092e-01 5.422596517226044993e-04 7.526473476847015398e-01 2.603063606520171144e-02 -1.963767331851842129e-02 9.994682425033204476e-01 6.178608189967450814e-02
8.331479054904691317e-01 -5.496045991537096276e-01 -6.163888517757645097e-02 2.672046764108901851e+00 5.494843888395396503e-01 8.352546604962830523e-01 -2.040976582120672053e-02 8.172028139654464729e-01 6.270146727535139131e-02 -1.686525150506181306e-02 9.978898182130074845e-01 1.079813904973946082e-01
8.338403464528141296e-01 -5.466814496685643565e-01 -7.648313026888939326e-02 2.901490944623658752e+00 5.474602897429974302e-01 8.367420083185728163e-01 -1.224919056569301681e-02 9.144193808269006629e-01 7.069305327940109129e-02 -3.165760735239359080e-02 9.969956309406563522e-01 1.882532250111251526e-01
8.341472142448139726e-01 -5.467089981038614210e-01 -7.285393853381208484e-02 2.990286516701360142e+00 5.483711846910602761e-01 8.362280626740038469e-01 3.416284093180149695e-03 9.616244973866208134e-01 5.905479462447996153e-02 -4.280068444259130245e-02 9.973367699243351758e-01 1.063609057226403143e-01
8.165867381365465860e-01 -5.722483713211513612e-01 -7.561680117410948809e-02 3.088942998925598982e+00 5.742630568045371531e-01 8.186476623720893020e-01 6.160071608570624052e-03 9.731571066744308940e-01 5.837842657201358643e-02 -4.845416816955525063e-02 9.971179232658354818e-01 1.292995153510177742e-02
7.939599677969386704e-01 -6.020718608098508673e-01 -8.448102720047714898e-02 3.047351330296959482e+00 6.039266115059575002e-01 7.970276113467316126e-01 -4.431102103962605149e-03 1.009633381471646718e+00 7.000155320288575789e-02 -4.750222280995969326e-02 9.964152354201015749e-01 1.163286553320488914e-02
7.700893602218157330e-01 -6.306222996945247683e-01 -9.632181684926610643e-02 3.124241637047764808e+00 6.327253199804714345e-01 7.743015026920275767e-01 -1.076347455416393553e-02 1.095944849330312776e+00 8.136981460446338077e-02 -5.265641515387235738e-02 9.952920451879329056e-01 1.315099952397117411e-01
7.458128904382214097e-01 -6.566975719954650792e-01 -1.118545099289544181e-01 3.209051226187773054e+00 6.609377466806642953e-01 7.504399174021424423e-01 1.106969806095536857e-03 1.182069587398574928e+00 8.321314480820644899e-02 -7.475446009922506740e-02 9.937239773832580170e-01 1.732055297650076098e-01
7.420468763543610624e-01 -6.607993407093606386e-01 -1.127415833258065825e-01 3.398639493872703810e+00 6.671475119813123911e-01 7.443994544274763481e-01 2.799374046496985735e-02 1.232951214368046999e+00 6.542652787577926676e-02 -9.598793448215124646e-02 9.932299259909409539e-01 9.549886615874958462e-02
7.238973353062350125e-01 -6.830789276968536328e-01 -9.682885144960180768e-02 3.552616531741493944e+00 6.888678728252852768e-01 7.233547165361713382e-01 4.710634621833727220e-02 1.322910761322639406e+00 3.786425393031121744e-02 -1.008024434296700272e-01 9.941856796760397685e-01 7.683471281103373962e-04
7.175371593316082208e-01 -6.922027379125950119e-01 -7.743251645551439688e-02 3.616389663977649160e+00 6.961077382671563285e-01 7.164925126451505699e-01 4.552467515560258693e-02 1.375337666175501239e+00 2.396751349035887435e-02 -8.656701998882780635e-02 9.959576845164374026e-01 -1.302975733673263081e-02
7.153031356992428647e-01 -6.957419722376706472e-01 -6.545633755158564160e-02 3.640589771686172149e+00 6.982509362382250950e-01 7.153445650365266584e-01 2.697745939010296953e-02 1.446914175176126305e+00 2.805448451269120305e-02 -6.500201027305958779e-02 9.974906939712210319e-01 5.816499103843492113e-02
7.147680279347394805e-01 -6.967924138979266768e-01 -5.989155346611103187e-02 3.721350348569962385e+00 6.984615196330854481e-01 7.155691097469923934e-01 1.059975319230522031e-02 1.529678812015323519e+00 3.547071798152085648e-02 -4.940831013298505048e-02 9.981486097048265504e-01 1.209826885882097081e-01
7.244646599284971789e-01 -6.865867248133580292e-01 -6.123418836526957343e-02 3.785814878954220752e+00 6.884350307222831811e-01 7.251619314373691783e-01 1.404925864354477499e-02 1.627204346786796041e+00 3.475866782683140199e-02 -5.233395173394159855e-02 9.980245450422616793e-01 1.659227945359521006e-01
7.315834642025584866e-01 -6.795751923678252648e-01 -5.443521675916460772e-02 3.998079564383421047e+00 6.815301825572710470e-01 7.310466551076177932e-01 3.297572318261505347e-02 1.706459377069505789e+00 1.738519970655164754e-02 -6.122373701594021472e-02 9.979726493531605458e-01 1.235816940611610959e-01
7.187294092719940242e-01 -6.945125403870037184e-01 -3.286894419845416693e-02 4.105907255124628286e+00 6.951652758042908831e-01 7.169021759470171062e-01 5.288203322846272980e-02 1.786552767733112335e+00 -1.316341762137671761e-02 -6.085722116250921743e-02 9.980596791118768740e-01 4.377349642967364590e-02
7.100163682089073447e-01 -7.040339453228039446e-01 -1.459317335744966457e-02 4.122186907680600143e+00 7.034998406885852873e-01 7.082589614061487460e-01 5.879810999529379301e-02 1.840581857615497530e+00 -3.106011955174369996e-02 -5.201391564851309823e-02 9.981632239029550879e-01 4.427756421557414723e-02
6.922524933874953934e-01 -7.215048189230148790e-01 -1.474047725357431962e-02 4.167467513893879705e+00 7.209751153314032379e-01 6.905689754442634332e-01 5.752715208256065083e-02 1.944202922557675350e+00 -3.132680117192437885e-02 -5.045083175456993585e-02 9.982351151425232771e-01 1.107197980418946903e-01
6.648309223066983797e-01 -7.463096723760943574e-01 -3.196431858668986881e-02 4.338886912845212329e+00 7.466758326709631577e-01 6.626906502375329300e-01 5.758735097987692508e-02 2.050129323849079643e+00 -2.179554197418593839e-02 -6.215283586162773100e-02 9.978286322532586849e-01 1.222663360306643771e-01
6.488069738232757899e-01 -7.600951670218093481e-01 -3.612267692697777866e-02 4.398075015451694547e+00 7.603798578668591324e-01 6.457452723119636584e-01 6.953786764866383419e-02 2.110890319820470040e+00 -2.952934927590326539e-02 -7.258360942275889072e-02 9.969250910547422517e-01 9.126582688717661818e-02
6.407550687119519806e-01 -7.674992144830614649e-01 -1.943959073194054255e-02 4.504456678447019691e+00 7.661860846107677592e-01 6.376357521723650112e-01 7.987196817659923676e-02 2.180479988976913752e+00 -4.890629477647215340e-02 -6.607271236649696344e-02 9.966155582830176218e-01 8.383761296739168645e-02
6.355935123312930202e-01 -7.720093227848652262e-01 -4.742638044846515799e-03 4.576445573318208559e+00 7.702008947833196562e-01 6.336587927071533066e-01 7.257489993025738328e-02 2.277838487223903918e+00 -5.302328504859289693e-02 -4.978091961953861472e-02 9.973516888663139790e-01 8.940478120783171279e-02
6.430635948199970864e-01 -7.657619315592932852e-01 8.824805480175095668e-03 4.647726477212453133e+00 7.645095722901432689e-01 6.425986315760165990e-01 5.091279380836526841e-02 2.381716861534212359e+00 -4.465788725325886555e-02 -2.599351594554428352e-02 9.986641128201533268e-01 1.091450969248769359e-01
6.502220682941296515e-01 -7.594557669819831380e-01 2.093322481396601639e-02 4.723694181474956011e+00 7.586209209859552383e-01 6.505119493977860046e-01 3.644862045555958413e-02 2.514196262361401590e+00 -4.129842788442733559e-02 -7.819315091504722495e-03 9.991162585834415522e-01 1.362036652016717919e-01
6.738864482727083827e-01 -7.382331917650709618e-01 2.981290678129975072e-02 4.781294733067911196e+00 7.366637055723416205e-01 6.744500889741298355e-01 4.943341355009564508e-02 2.575031130834874560e+00 -5.660070429615486620e-02 -1.135042109987486822e-02 9.983323736181426433e-01 1.345690006083183621e-01
6.918937241064881949e-01 -7.214983383859289168e-01 2.689279175538828587e-02 4.903659390308495070e+00 7.190810106925010770e-01 6.919644822314705568e-01 6.409099306130321139e-02 2.683037952707433060e+00 -6.485040172201037012e-02 -2.500605999506060051e-02 9.975816369400638539e-01 1.031965752118144536e-01
6.827571493574937644e-01 -7.303104000789696348e-01 2.212226339515118920e-02 5.042999453152918754e+00 7.278997623936475092e-01 6.825020179752812055e-01 6.597674868421969652e-02 2.771210887136025924e+00 -6.328199513685349442e-02 -2.894330658657337865e-02 9.975758989146313871e-01 5.294581651330300398e-02
6.609938513709912034e-01 -7.501769658620596193e-01 1.793455713806295024e-02 5.093965928623913619e+00 7.482900717533447210e-01 6.607419949428374739e-01 5.900834376877478471e-02 2.845084177420246441e+00 -5.611681535082484185e-02 -2.558390136304028797e-02 9.980963716124449103e-01 6.047834222498400802e-02
6.414829549591103408e-01 -7.669121292921058375e-01 1.858505963337740707e-02 5.091541578536543433e+00 7.652811789032240020e-01 6.414273034249355909e-01 5.399751510493012996e-02 2.954910330524131545e+00 -5.333231397023351084e-02 -2.041568920374199625e-02 9.983681004123261538e-01 1.118634106241343795e-01
6.129961635316742985e-01 -7.899677324461705785e-01 1.366327886359101212e-02 5.190448694556129006e+00 7.879647411251976541e-01 6.125253749352717048e-01 6.264368925841820590e-02 3.054241401533031919e+00 -5.785559816430140695e-02 -2.763415919220984368e-02 9.979424246953280120e-01 1.404305111208856705e-01
5.942639211157134671e-01 -8.042206392435640172e-01 8.919387582703809658e-03 5.259158285867738591e+00 8.008356494282726779e-01 5.927136570551232442e-01 8.574837225941248087e-02 3.115532103911157868e+00 -7.424725358539621678e-02 -4.381420038087125574e-02 9.962768998526517761e-01 1.153277617267765148e-01
5.959483829809069100e-01 -8.030187056111594002e-01 2.546224856628469257e-03 5.347305218139165817e+00 7.990385352377528116e-01 5.933040621025937877e-01 9.760998462077516424e-02 3.190885331691758253e+00 -7.989332905536430940e-02 -5.613598071771578463e-02 9.952214867261013342e-01 9.529664961657419164e-02
6.028556439908541176e-01 -7.977702365609630197e-01 -1.130142317753769429e-02 5.460735292748480241e+00 7.950225138029601846e-01 5.994671904888647651e-01 9.261905891234852028e-02 3.273468922106764545e+00 -6.711389613779379648e-02 -6.482080827058776806e-02 9.956374780814315484e-01 8.271334946714714587e-02
6.134749493743257842e-01 -7.894918409698579165e-01 -1.873818380187715002e-02 5.526687036003787412e+00 7.884935623204303301e-01 6.110355403283943554e-01 7.009615278190857446e-02 3.407106426279741918e+00 -4.389064444054065206e-02 -5.777717107657347195e-02 9.973642312781135777e-01 8.747086020280292473e-02
6.370803743295005983e-01 -7.705431667178653798e-01 -1.979456664307785788e-02 5.615630891865822427e+00 7.702829054928964636e-01 6.355070613934816759e-01 5.286795271658393386e-02 3.489093268812995863e+00 -2.815745282522711182e-02 -4.892855141351840770e-02 9.984053058287349902e-01 1.227001886547645221e-01
6.529195158429217383e-01 -7.573296683199689516e-01 -1.216056387715238642e-02 5.667499774493328424e+00 7.566595352372241789e-01 6.514509173624285499e-01 5.548017666012075577e-02 3.581252313436004808e+00 -3.409477329492720948e-02 -4.542549669531451006e-02 9.983857324120529730e-01 1.409106605048818239e-01
6.801322145506409900e-01 -7.330866279433599919e-01 -2.041240082456555194e-03 5.711860957108691572e+00 7.316080226428559596e-01 6.785782253730247016e-01 6.543159217233501801e-02 3.662259940230726318e+00 -4.658188419386858486e-02 -4.599552130620998547e-02 9.978549694643600310e-01 1.854382748120540492e-01
6.871458105925862814e-01 -7.265134891567951447e-01 2.963959898014859040e-03 5.845250248479193722e+00 7.244245748297036824e-01 6.854682776490435003e-01 7.309087302568560707e-02 3.780637084577444629e+00 -5.513320567372020919e-02 -4.807692180322283015e-02 9.973208807711116952e-01 1.432137878599089587e-01
6.838503933019755010e-01 -7.296154459766710509e-01 3.152867424566992843e-03 5.925132117778197482e+00 7.275858588757961876e-01 6.822580056118532355e-01 7.171353946436087590e-02 3.841591842366023357e+00 -5.447437511989891568e-02 -4.674735041475482772e-02 9.974202863810704978e-01 8.494761647463788812e-02
6.752437231642731685e-01 -7.375946417962303547e-01 -2.423236291244461327e-04 5.975705627098420791e+00 7.364265439128540036e-01 6.741558126341338220e-01 5.647907322345181030e-02 3.910470504407733028e+00 -4.149529790012214392e-02 -3.831559323697574654e-02 9.984037537825459774e-01 8.105436506768122495e-02
6.658109075913833941e-01 -7.460666699949145553e-01 -8.964332381034823688e-03 6.061068547495031211e+00 7.459635306158831636e-01 6.653763120511959617e-01 2.850919767787141526e-02 4.010311139960565541e+00 -1.530510775606220425e-02 -2.566879981317675072e-02 9.995533334408556181e-01 1.211478287749466753e-01
6.285486742352923706e-01 -7.776581005908129729e-01 -1.320767589492371705e-02 6.120556310188860927e+00 7.777700661424440387e-01 6.284696144258066219e-01 9.983384008248245498e-03 4.112559963142660813e+00 5.369635318207043387e-04 -1.654757773714903707e-02 9.998629352772301360e-01 1.721475097083628725e-01
6.312574621422362142e-01 -7.755726826938200702e-01 1.015061010164144961e-03 6.127220395690530452e+00 7.754272099958052777e-01 6.311633830537638490e-01 1.858563666516100527e-02 4.144023611946319186e+00 -1.505518142915271418e-02 -1.094521590646012517e-02 9.998267568738578026e-01 2.087440086101788050e-01
6.347505523758502077e-01 -7.726520610197183947e-01 1.002640815719416968e-02 6.284928332059666722e+00 7.720522656783425086e-01 6.346891632496872715e-01 3.324101554330182590e-02 4.260986322850336627e+00 -3.204739177361005248e-02 -1.335884184326748686e-02 9.993970712510195087e-01 1.589312176567189150e-01
6.470434413897265813e-01 -7.624325518888857012e-01 5.602568584238199964e-03 6.362979682418132832e+00 7.618616701955733816e-01 6.468134247471104548e-01 3.462930917193662861e-02 4.384066796909736219e+00 -3.002632913546052218e-02 -1.813828512058573636e-02 9.993845216789848385e-01 9.575639970979316073e-02
6.642329984906838458e-01 -7.475250613523420906e-01 -8.979789821695876445e-04 6.439397936806242839e+00 7.474077555555163066e-01 6.641064754732677322e-01 1.855360261349464635e-02 4.471840153575155519e+00 -1.327292927506184238e-02 -1.299507155236553739e-02 9.998274638475420639e-01 7.459472379958267951e-02
6.774613705085590354e-01 -7.355431464588815249e-01 -4.729816701860472053e-03 6.507341298073368918e+00 7.355563493959453858e-01 6.774605293232458525e-01 2.021898211464574421e-03 4.543535317461397938e+00 1.717070754164086010e-03 -4.848804639900053913e-03 9.999867702932820901e-01 1.084382687523585409e-01
6.994907381082731135e-01 -7.146343144264331038e-01 -3.240979019600537074e-03 6.572403014447965930e+00 7.146136824401481125e-01 6.994962888092461917e-01 -5.676866338308952931e-03 4.654316876446884521e+00 6.323936280087118049e-03 1.654867473217739270e-03 9.999786343935411770e-01 1.544733848116242036e-01
7.039818109598525719e-01 -7.102121873145688102e-01 2.873817590302309502e-03 6.708780069512781274e+00 7.102178858242831350e-01 7.039736221806642824e-01 -3.419638741283701974e-03 4.782794172976427838e+00 4.055773317411112081e-04 4.448400127146513727e-03 9.999900235719038077e-01 1.499364846566960396e-01
6.991399383538068335e-01 -7.149140684503445531e-01 1.006088119457824309e-02 6.777647620865576705e+00 7.149639114208821145e-01 6.991579477581464364e-01 -2.183907591923051495e-03 4.833874706472505167e+00 -5.472838786978549003e-03 8.720023990403951916e-03 9.999470032042790946e-01 1.039249503954868814e-01
6.931855759053420218e-01 -7.207139989179220940e-01 8.067782874922697564e-03 6.843983212000501304e+00 7.207553975232319221e-01 6.931024003012947743e-01 -1.098724886910613582e-02 4.919046348644561029e+00 2.326864393841298218e-03 1.343110048809268570e-02 9.999070913048728748e-01 1.395035335165750734e-01
6.883317981879939484e-01 -7.253958003487904760e-01 -5.181115911022135360e-04 6.880587029626972217e+00 7.253794720510268190e-01 6.883207724106996661e-01 -6.255860844969116617e-03 5.042228423841486062e+00 4.894602155089444392e-03 3.930280432214214477e-03 9.999802976886432715e-01 1.945345710911944026e-01
6.777892779746981233e-01 -7.352286933029837934e-01 -6.361069605380535209e-03 6.997252003507253626e+00 7.351418390950509307e-01 6.775058929041332112e-01 2.349981898056935359e-02 5.126648139811918803e+00 -1.296807905912197509e-02 -2.060421374768729025e-02 9.997036037253022034e-01 1.557161037473522858e-01
6.696441606819065750e-01 -7.426183182481125300e-01 -9.733009142603854871e-03 7.074670611547627885e+00 7.419242368910363705e-01 6.683114915114061194e-01 5.392751642207341961e-02 5.222490906360037322e+00 -3.354287969566989436e-02 -4.333340185289893259e-02 9.984974168747643430e-01 1.306539504397760398e-01
6.740158105435651859e-01 -7.385329937136466683e-01 -1.648345636266208836e-02 7.179003725805421787e+00 7.375691915375481855e-01 6.715576913748368959e-01 7.072449964437217684e-02 5.297823198792816157e+00 -4.116278455047069074e-02 -5.982712053624273524e-02 9.973596847759556017e-01 1.287323025750242711e-01
6.669847241730112453e-01 -7.445943758038254812e-01 -2.665695483665643864e-02 7.303443975167623670e+00 7.444540378504819200e-01 6.645492559396444232e-01 6.451722218274792697e-02 5.409427942617607954e+00 -3.032430127744318096e-02 -6.287687930691583660e-02 9.975604918002007881e-01 1.023541201815980628e-01
6.707753396627734732e-01 -7.413344964950513427e-01 -2.199108925723666091e-02 7.313295095935160361e+00 7.414589596858479625e-01 6.696067463092310046e-01 4.319046652613611065e-02 5.490912344221333896e+00 -1.729320103020535321e-02 -4.527659001729191640e-02 9.988247972465116309e-01 1.343861368371682130e-01
6.880884329632651619e-01 -7.254643085614893572e-01 -1.535725970211869809e-02 7.374683444959643452e+00 7.255763278510605208e-01 6.876367113391688157e-01 2.635802877346667128e-02 5.598459712229552743e+00 -8.561593562440395627e-03 -2.927951881525369532e-02 9.995345961464359164e-01 1.867848364071335587e-01
7.170946113655636278e-01 -6.967330924227133071e-01 -1.839337580636215760e-02 7.448522617646256450e+00 6.969480878269431745e-01 7.165808261050198302e-01 2.784389579450044505e-02 5.692378023267662179e+00 -6.219423191814996144e-03 -3.278593573058700972e-02 9.994430454975565814e-01 2.441772320313410627e-01
7.246580188216528162e-01 -6.885896954275353421e-01 -2.673924285560784139e-02 7.646719301262855595e+00 6.889914938758133767e-01 7.232736163876691826e-01 4.654027507737501512e-02 5.791090835963886185e+00 -1.270736496099974730e-02 -5.214889441317874241e-02 9.985584688375693796e-01 2.267279802757586338e-01
7.168156082285612740e-01 -6.966358903080593912e-01 -2.956044882296584089e-02 7.705380445404666823e+00 6.970173232489871307e-01 7.147942142603833648e-01 5.688657443279542675e-02 5.868175714804375609e+00 -1.849959163696999684e-02 -6.138132936470589579e-02 9.979429329950119110e-01 1.421508242580313830e-01
7.131797617129522759e-01 -7.004577944589130967e-01 -2.708330970933478174e-02 7.773132126265640984e+00 7.008367600597028568e-01 7.117161625115331347e-01 4.783241337080598038e-02 5.956474463768124394e+00 -1.422895751892268648e-02 -5.309408819833052323e-02 9.984881344143817783e-01 1.481135633484418623e-01
7.014958081590989547e-01 -7.122155632955784466e-01 -2.554647793287219415e-02 7.802167471284771949e+00 7.125827459382052531e-01 7.003833291430393571e-01 4.109771830260611214e-02 6.054471752587653910e+00 -1.137810732854939270e-02 -4.703385650863750600e-02 9.988284912914453528e-01 1.924180573204815614e-01
6.961582795888623387e-01 -7.169904337461987520e-01 -3.589383897430178938e-02 7.903432604997654209e+00 7.178300952135516777e-01 6.945943419156640486e-01 4.752530467497151356e-02 6.127641944990065426e+00 -9.143531351646107946e-03 -5.885081218796762992e-02 9.982249134034063554e-01 2.416742403373836057e-01
6.871977823865424995e-01 -7.252578089704974085e-01 -4.195614865942479121e-02 8.011199335248647913e+00 7.263075502843757691e-01 6.846742942679762134e-01 6.081490909766832514e-02 6.213496406402764016e+00 -1.538019125132092553e-02 -7.226493822015075952e-02 9.972668792359999923e-01 2.143284204440481788e-01
6.883134314364203199e-01 -7.247331985135265775e-01 -3.140718192664687658e-02 8.117429317187744076e+00 7.249089547705913628e-01 6.855754261722886156e-01 6.703239755590875704e-02 6.293782590239636043e+00 -2.704861175049253635e-02 -6.890664700185325509e-02 9.972563595191223929e-01 1.592190074141949241e-01
6.878830249964678067e-01 -7.255525394668674855e-01 -1.975996950626667664e-02 8.205510630298540775e+00 7.254373283707699072e-01 6.863783204051898679e-01 5.123947583680425744e-02 6.382546006604504107e+00 -2.361411713337542573e-02 -4.958138512516831187e-02 9.984908911557885958e-01 1.513291784909296389e-01
6.978303120098436896e-01 -7.160969034767054042e-01 -1.542985649053000771e-02 8.270719629323906474e+00 7.162481256469973578e-01 6.975143851721784527e-01 2.150127868386085897e-02 6.452768937196639243e+00 -4.634452223015467047e-03 -2.605584980291349509e-02 9.996497459328644863e-01 1.975706707475367585e-01
7.072696380965604046e-01 -7.068259368049801816e-01 -1.291332979997129524e-02 8.355833474124585436e+00 7.068230361593982325e-01 7.073684870333921682e-01 -5.569479912867183330e-03 6.550264405889937969e+00 1.307113542009777710e-02 -5.188314933783707769e-03 9.999011085137256005e-01 2.499416012475702831e-01
7.366393922015190832e-01 -6.761007166787983413e-01 -1.581855756356839032e-02 8.427164128201743765e+00 6.762349183476171754e-01 7.366692662345510900e-01 4.972664561362169326e-03 6.603175462389573092e+00 8.291023119502709607e-03 -1.436012158248061235e-02 9.998625134706112805e-01 2.522016054921202288e-01
