1.000000000000000000e+00 0.000000000000000000e+00 0.000000000000000000e+00 0.000000000000000000e+00 0.000000000000000000e+00 1.000000000000000000e+00 0.000000000000000000e+00 0.000000000000000000e+00 0.000000000000000000e+00 0.000000000000000000e+00 1.000000000000000000e+00 0.000000000000000000e+00
9.999983289763015870e-01 -1.741296460911399792e-03 -5.567146843939794598e-04 2.449774868020298743e-02 1.741393917973617844e-03 9.999984685262460760e-01 1.746206885958877535e-04 -5.132118630936771675e-02 5.564097654129978535e-04 -1.755898563660291442e-04 9.999998297881731446e-01 -1.918811637018055100e-02
9.999888903018142594e-01 -4.688996615112461797e-03 -4.822693121707274867e-04 4.362131364372243136e-02 4.689141904752391898e-03 9.999889607407252967e-01 3.005742524625765731e-04 -1.224803831503787355e-01 4.808545966223631818e-04 -3.028323424144251596e-04 9.999998385357016240e-01 -2.554698185134563967e-02
9.999851309157667956e-01 -5.427750115845385651e-03 -5.267599612564994368e-04 4.873746573307415758e-02 5.428048654596144204e-03 9.999851072997041346e-01 5.669802487171149603e-04 -1.424871495948277222e-01 5.236746892676121846e-04 -5.698310969390316984e-04 9.999997005286255236e-01 -2.005810851672448075e-02
9.999921013464456720e-01 -3.972650635068132943e-03 -1.236594176371972080e-04 2.045247442622070977e-03 3.972663703406154045e-03 9.999921033631639089e-01 1.056144637554119162e-04 -9.945525405444087530e-02 1.232388717771744444e-04 -1.061048868233840274e-04 9.999999867769666650e-01 -5.330695250971637447e-03
9.999989639874282688e-01 -1.297708966701051304e-03 6.228767999678377042e-04 -6.611783955551150949e-02 1.297926718139891114e-03 9.999990966828954386e-01 -3.493130795048008221e-04 -2.608884944771260733e-02 -6.224229305971109519e-04 3.501211660528467159e-04 9.999997450023997425e-01 1.624381702224129628e-02
9.999868952630102115e-01 4.977585625560792051e-03 1.197056216604111762e-03 -1.336622023601684583e-01 -4.977121936557330970e-03 9.999875379911120632e-01 -3.900252591516006851e-04 5.296228301227447893e-02 -1.198982683002459840e-03 3.840622532182074800e-04 9.999992074680417176e-01 2.172384554668020315e-02
9.999955904922417371e-01 2.734076950868222916e-03 1.159232202546693668e-03 -8.067052824345057049e-02 -2.734913227879803843e-03 9.999960006031545223e-01 7.204355153195154222e-04 2.182798855676469640e-02 -1.157257840180057765e-03 -7.236027380384506139e-04 9.999990685762506493e-01 2.333601886752352875e-02
9.999972228236740923e-01 -2.230430230677300004e-03 7.612660016433087790e-04 -6.451247472175353215e-02 2.229828605974801693e-03 9.999972016958514898e-01 7.902308867696190538e-04 4.301478457839959593e-03 -7.630264262485642046e-04 -7.885311994518879241e-04 9.999993980044289410e-01 1.600743153293542748e-02
9.999931106129638092e-01 -3.676962750487116662e-03 5.085976211080042849e-04 -1.060953494127352958e-01 3.676785662854033070e-03 9.999931798093906199e-01 3.486859520810739726e-04 8.294992402771102225e-03 -5.098762576327050275e-04 -3.468135454071444301e-04 9.999998098732651997e-01 8.352623515017216366e-03
9.999992517871870712e-01 -1.076906485726497739e-03 5.802563977299589077e-04 -1.088445112308738943e-01 1.076694734187493138e-03 9.999993537090143825e-01 3.651164238344199449e-04 9.586495690661538810e-03 -5.806492189603521589e-04 -3.644913916417189914e-04 9.999997649962273361e-01 1.203482601298541330e-02
9.999998453878630178e-01 5.079025523482610591e-04 2.264050515065916061e-04 -5.097472525894295586e-02 -5.079391686847677632e-04 9.999998579252552533e-01 1.617011759598656719e-04 1.503119343898554582e-02 -2.263228909001639905e-04 -1.618161509525495973e-04 9.999999612967404028e-01 6.190839254626087640e-04
9.999999678164538386e-01 -2.534651039027166985e-04 -1.106943087611334829e-05 -1.527533616429270664e-03 2.534662167621466321e-04 9.999999628123215079e-01 1.006490558966610161e-04 1.327838043323649984e-02 1.104391944105635390e-05 -1.006518583841833632e-04 9.999999948736175703e-01 -5.483453911099204006e-03
9.999984638167802586e-01 -1.745006813762018175e-03 1.652734083470552406e-04 -4.316230363541201376e-03 1.744979502266874160e-03 9.999984638681950200e-01 1.652506787449704439e-04 -4.918459738902923248e-03 -1.655615180257049559e-04 -1.649620261798153385e-04 9.999999726884564177e-01 -4.010506253210519879e-03
9.999980919481930020e-01 -1.950601673796906448e-03 1.060805519334646039e-04 -1.771331600232561171e-02 1.950579437974754148e-03 9.999980757119710795e-01 2.093136670090057876e-04 -2.137907078302224428e-02 -1.064886353931447432e-04 -2.091063490843148129e-04 9.999999724673522827e-01 -1.868874443960858714e-03
9.999997233600937951e-01 -6.439674602010370640e-04 3.722709311243057088e-04 -3.096750450395471463e-02 6.440360218787904035e-04 9.999997756658834946e-01 -1.840809201860683876e-04 -2.505084271443210400e-02 -3.721523054885915601e-04 1.843206251514823086e-04 9.999999137642806568e-01 5.973660383449771495e-03
9.999999027719906897e-01 -4.409624218516366686e-04 2.855118436980934407e-06 1.725662024347399126e-02 4.409632837118569043e-04 9.999998549580157992e-01 -3.092496238287219625e-04 -3.111309100147996096e-02 -2.718750559788670292e-06 3.092508527633979908e-04 9.999999521782581002e-01 -4.631073159337539130e-04
9.999988659937051327e-01 -1.449353540893927750e-03 -4.091278738607595934e-04 6.911850251278965629e-02 1.449406021319219265e-03 9.999989414176932989e-01 1.280065551634384212e-04 -5.933842957285088288e-02 4.089419140112473443e-04 -1.285994024070624177e-04 9.999999081143481350e-01 -1.136854901571438502e-02
9.999982793413392246e-01 -1.736769014180292994e-03 -6.518801670695301663e-04 6.604765900355379082e-02 1.736801188077524748e-03 9.999984905693140025e-01 4.879269116746397017e-05 -1.047331728509991039e-01 6.517944414674641754e-04 -4.992479346054786061e-05 9.999997863357377170e-01 -3.034799242481644316e-02
9.999911553947741227e-01 4.176205132956486640e-03 -4.984404801184369287e-04 2.324447117907697119e-02 -4.176372689596440091e-03 9.999912226048250918e-01 -3.355956863325204403e-04 -9.679248581120963868e-02 4.970345886815118880e-04 3.376743913297152616e-04 9.999998194662952367e-01 -2.931404531780920295e-02
9.999819968963951089e-01 5.998742860687945010e-03 -1.448005161736068370e-04 -2.523342178243001555e-02 -5.998831074950678084e-03 9.999818167089994381e-01 -6.166661198087093751e-04 -6.469815829029595955e-02 1.410986617400535785e-04 6.175236517407559035e-04 9.999997993778334537e-01 -1.876306093927367774e-02
9.999488536729823629e-01 1.011215902880581441e-02 -1.851428223065058843e-04 -3.331106812474050188e-02 -1.011224662068215333e-02 9.999487554668088363e-01 -4.784440016419113945e-04 -5.588113360729954349e-02 1.802952329180218592e-04 4.802917408677563442e-04 9.999998684067276100e-01 -1.741693153733157862e-02
9.999424732928670068e-01 1.070741644236268900e-02 -6.335124891222364491e-04 1.438469337268809267e-02 -1.070739896394491686e-02 9.999426736808346705e-01 3.097500058080360121e-05 -7.179073990213968859e-02 6.338078344136109177e-04 -2.418994772134314326e-05 9.999997988512174807e-01 -2.806315080778213483e-02
9.999472342728555896e-01 1.024365693046164379e-02 -7.721157671476077842e-04 5.552312925850054481e-02 -1.024360285579594722e-02 9.999475301889347856e-01 7.395662364541565883e-05 -7.907331761823094274e-02 7.728328406595440280e-04 -6.604347399303354808e-05 9.999996991837847293e-01 -3.155241242417819447e-02
9.999483310708048300e-01 1.013021658753122424e-02 -8.449263883447809959e-04 8.889845468630434844e-02 -1.013032211890194621e-02 9.999486796840689751e-01 -1.207139362273815171e-04 -8.608071963924714132e-02 8.436601681364758621e-04 1.292670755482507820e-04 9.999996357637056521e-01 -3.570185818058550092e-02
9.999437922877851825e-01 1.058569505652789434e-02 -5.960916817324087881e-04 1.035361776926098237e-01 -1.058565180309005253e-02 9.999439675551503592e-01 7.567012748040863378e-05 -9.883175055663814823e-02 5.968593021525229851e-04 -6.935585525012228486e-05 9.999998194743531243e-01 -3.908829944016474489e-02
9.999466067083803145e-01 1.031285943238201448e-02 -6.547233948046044406e-04 9.534273532982538712e-02 -1.031261777951894033e-02 9.999467545704243676e-01 3.714008737689168953e-04 -6.932857871006772865e-02 6.585187387804375143e-04 -3.646291313318269730e-04 9.999997166992935504e-01 -5.392287556298848428e-02
9.999474614751434620e-01 1.021454451885482617e-02 -8.587023284717587232e-04 8.931824492550756445e-02 -1.021450978290144168e-02 9.999478295293080521e-01 4.482768100473291428e-05 -4.018325935284702832e-02 8.591154239103978088e-04 -3.605410248972515944e-05 9.999996303103266815e-01 -6.472870266640826098e-02
9.999542825937461910e-01 9.482322864416697569e-03 -1.232183233649609619e-03 1.215432983390893340e-01 -9.482541902607442494e-03 9.999550248886162063e-01 -1.720438092962050353e-04 -1.021282853639580990e-02 1.230496441124860358e-03 1.837201730442547434e-04 9.999992260624036566e-01 -7.047154207811320847e-02
9.999967528368669534e-01 -2.250048825177598279e-03 -1.196493211997180740e-03 1.721344966428066114e-01 2.250721569621213711e-03 9.999973096416933105e-01 5.612145679772651387e-04 -9.958948288203088584e-03 1.195227232822379309e-03 -5.639057187021577532e-04 9.999991267207198886e-01 -5.437721582802375331e-02
9.996907502817732327e-01 -2.482625599628418209e-02 -1.435553646577506382e-03 2.001201529573479743e-01 2.482842140527340494e-02 9.996905856260240864e-01 1.510794896490834675e-03 2.397138099575052070e-02 1.397602084786480747e-03 -1.545970214481899715e-03 9.999978283398962553e-01 -5.719302255320235506e-02
9.985185649944858799e-01 -5.438622675477516183e-02 -1.677408933688052679e-03 2.229672595816260816e-01 5.439117180695560855e-02 9.985150201231217659e-01 3.058597389006552369e-03 1.117326407357638329e-02 1.508572444026156679e-03 -3.145302513269452975e-03 9.999939156221306913e-01 -6.243154541383819783e-02
9.979615458813388962e-01 -6.380684942483411115e-02 -1.199545165829969976e-03 2.409574932012669424e-01 6.381624702862376264e-02 9.979000509167271771e-01 1.108940916257366606e-02 -6.331063824944552221e-02 4.894459214119274704e-04 -1.114335438141729646e-02 9.999377911129372354e-01 -1.736345314132253237e-01
9.977696470070120949e-01 -6.671946342105863903e-02 -2.060269960124533253e-03 2.921518294873166610e-01 6.674078925690693498e-02 9.976845702464315346e-01 1.308301729565344157e-02 -9.108594766354184691e-02 1.182607655864050368e-03 -1.319134159209177370e-02 9.999122911266432601e-01 -2.426244360150504042e-01
9.970717151412632484e-01 -7.643274500276020511e-02 -2.455678440388457673e-03 2.895350472047915069e-01 7.645256804305700093e-02 9.970291612848293239e-01 9.373173811016485141e-03 -1.048462861145803421e-01 1.731965612041768852e-03 -9.533469411123044607e-03 9.999530555261610942e-01 -2.132437229177168714e-01
9.970648293243118410e-01 -7.648502684820197850e-02 -3.430275865111812039e-03 3.005202310206591121e-01 7.644904454441471542e-02 9.970271031202936340e-01 -9.617652094011362035e-03 -1.366164864125478107e-01 4.155684387323013707e-03 9.327181331204484338e-03 9.999478656288475209e-01 -1.376976148842947167e-01
9.963088479848606349e-01 -8.575793484743216011e-02 -3.775716856881564110e-03 3.771305663343786363e-01 8.550119006409537259e-02 9.953142199575608640e-01 -4.515694905433167289e-02 -1.223126378469053671e-01 7.630591373097876315e-03 4.466743960622378967e-02 9.989727693557624022e-01 -1.598876946848372393e-02
9.957955843096313320e-01 -9.115099665821035924e-02 -9.091208811525391953e-03 4.042760988139210143e-01 9.035598037754247192e-02 9.937093018836806735e-01 -6.616358635882119144e-02 -7.276830132124487149e-02 1.506489560046778489e-02 6.506396205322076409e-02 9.977673725686183603e-01 5.063121941537556542e-02
9.987503419413352734e-01 -4.859034436487418007e-02 -1.169328467834252622e-02 4.839378197616187594e-01 4.776157887646943767e-02 9.968713558904642724e-01 -6.297881698106203019e-02 -7.596525708551821188e-02 1.471686295691469401e-02 6.234162525640680325e-02 9.979463591321414695e-01 -1.762568131972347407e-02
9.992361984834620126e-01 -3.783005130769540730e-02 -9.793204704101157385e-03 7.071787695170250743e-01 3.728372902154456631e-02 9.980034277803747633e-01 -5.098118955919211936e-02 -8.919835665274966630e-02 1.170227288039942838e-02 5.057712285885167247e-02 9.986515966305532510e-01 -9.737559564841920257e-02
9.983380394406923264e-01 -5.717101464032170455e-02 -7.254935610387137218e-03 7.917032008431025281e-01 5.680427748326843940e-02 9.974415298059269297e-01 -4.340125203281518934e-02 -5.166962730684586391e-02 9.717667689244410822e-03 4.291700948817640110e-02 9.990313795028028521e-01 -1.011040449480321013e-01
9.981966330434708379e-01 -6.002316387365109335e-02 -8.376032922789979030e-04 7.592895865308333381e-01 5.996643302233236467e-02 9.976959676335247496e-01 -3.172984523099503518e-02 -1.498320358560172559e-02 2.740199127168921681e-03 3.162239659484393506e-02 9.994961307290498587e-01 -3.357241478385365741e-02
9.977804667033706165e-01 -6.658312013430577048e-02 -9.101529456313607689e-04 7.684773566121470001e-01 6.656947025700178655e-02 9.977234318944718794e-01 -1.079162075034349050e-02 6.935157525286332614e-03 1.626620701328171164e-03 1.070707998931997793e-02 9.999413545519538760e-01 6.762901756106970419e-03
9.956467571088321034e-01 -9.317816259372796450e-02 -2.316263008184750449e-03 8.625582587890312514e-01 9.318845219996249596e-02 9.956368051638854189e-01 4.823336980400909878e-03 4.616101767548667911e-02 1.856727023984218981e-03 -5.018188787600037955e-03 9.999856850705666211e-01 9.493871030561430724e-02
9.855527060157330821e-01 -1.687060366644499987e-01 -1.497120095514507983e-02 9.486133029203450695e-01 1.688583176852526124e-01 9.855939744876498487e-01 9.559602614338266399e-03 1.142143439220290047e-01 1.314276278308261665e-02 -1.194950403200979901e-02 9.998422261236102893e-01 1.259880478147600846e-01
9.733771034061861060e-01 -2.270350289979361780e-01 -3.149778043750491030e-02 9.993256645116592729e-01 2.274744600780757298e-01 9.737207498451573295e-01 1.110276241177978775e-02 1.100279128398821138e-01 2.814932639994978739e-02 -1.797211531486449243e-02 9.994421536508945048e-01 6.403374949655543658e-02
9.634091523357358744e-01 -2.653524154800684376e-01 -3.782724936645581043e-02 1.166362853465310989e+00 2.663326731215606702e-01 9.635897872212935145e-01 2.369871706962893912e-02 8.345155579129637236e-02 3.016143934998519530e-02 -3.290619336409968815e-02 9.990032382403080113e-01 -2.357442182872691167e-02
9.578542290475688947e-01 -2.851247038837366743e-01 -3.491674570888471385e-02 1.376944752797352178e+00 2.862019903228829598e-01 9.576643530755205580e-01 3.110317642404095140e-02 1.109059343397958142e-01 2.457023872305324347e-02 -3.978555119206104995e-02 9.989061083432396737e-01 -1.482085130880709534e-01
9.532958327908043206e-01 -3.009790977138288026e-01 -2.527128653346362441e-02 1.452773365722776377e+00 3.014696991438341467e-01 9.532962267494490272e-01 1.850201511698660109e-02 1.512149833852750591e-01 1.852230228165679254e-02 -2.525642105747670160e-02 9.995093984118180730e-01 -1.585250374893797387e-01
9.497301468541026193e-01 -3.128758623242746673e-01 -1.101557675867394226e-02 1.376630966673241030e+00 3.128059328510300885e-01 9.497864315452879680e-01 -7.627766754755816239e-03 1.949543789124146276e-01 1.284898944203679422e-02 3.798582276273953801e-03 9.999102330924555249e-01 5.514741736836525909e-02
9.552778138674608011e-01 -2.949820626856596295e-01 -2.073357244467487898e-02 1.359340793994876950e+00 2.946389523830345025e-01 9.554375710614793071e-01 -1.808135898566976332e-02 2.198099948286500460e-01 2.514331066572013385e-02 1.116380301932662182e-02 9.996215200919359445e-01 2.123555896009425292e-01
9.604006808678824392e-01 -2.767765891544595735e-01 -3.201955472100489336e-02 1.599034543130206876e+00 2.767677873463999516e-01 9.609248666309672116e-01 -4.795057625912545890e-03 2.560049217271735955e-01 3.209554604436374442e-02 -4.256804703222356531e-03 9.994757403448233379e-01 1.804200641672844274e-01
9.552117237659615290e-01 -2.924495239523437484e-01 -4.520883453605047814e-02 1.914214402306958274e+00 2.935139713192807531e-01 9.557681003662849006e-01 1.889145210426060664e-02 3.034647408397231905e-01 3.768436572963514836e-02 -3.131476109234530847e-02 9.987989158570830250e-01 -4.825076125378635616e-02
9.458662735551107703e-01 -3.222851912798795904e-01 -3.833077135487554521e-02 2.022200115287632105e+00 3.234596554273257429e-01 9.457739201127352002e-01 2.975808033837829686e-02 3.415241643074972133e-01 2.666165527126930848e-02 -4.054562265252713987e-02 9.988219103633614315e-01 -1.613111291624818033e-01
9.239219298470039421e-01 -3.814473200584787005e-01 -2.943143842887221279e-02 2.008821281444225004e+00 3.822200435457099310e-01 9.236559197458757975e-01 2.770523831906051421e-02 3.737569375834974839e-01 1.661643342307697613e-02 -3.684676293251396700e-02 9.991827711693649361e-01 -1.051132789162505798e-01
8.986121863750724525e-01 -4.383507500564949866e-01 -1.856767145121579476e-02 1.999033274333256394e+00 4.387034175873560371e-01 8.982987555447146111e-01 2.446747195750073600e-02 4.018511507601147392e-01 5.953981473433571543e-03 -3.013246939308805716e-02 9.995281808898079934e-01 4.357865558618573276e-02
8.578329385596521472e-01 -5.137694042103405634e-01 -1.279252983048446285e-02 2.126884052547634241e+00 5.138999989281786140e-01 8.572565479326104132e-01 3.190614561933412946e-02 4.915382057417247985e-01 -5.425921463687609358e-03 -3.394422372092022883e-02 9.994089998855594237e-01 1.044206065315474580e-01
8.328133911784858512e-01 -5.535476082432366773e-01 -2.626952984434062152e-03 2.209682052779659678e+00 5.531553679866150208e-01 8.320244908780142223e-01 4.188538464397586342e-02 5.337128486363091895e-01 -2.099986527058659430e-02 -3.633582237095297346e-02 9.991189687275703335e-01 4.928000015919635490e-02
8.115228935437356350e-01 -5.842853743339739836e-01 6.418301473968436935e-03 2.332909447751078336e+00 5.831986332118399563e-01 8.105961408542361468e-01 5.304008533233416089e-02 5.601495702039439584e-01 -3.619319651874665367e-02 -3.930009887554254677e-02 9.985717574386570039e-01 -1.040202480111114894e-02
8.086235971407391698e-01 -5.883250787662056558e-01 1.216487529499436088e-03 2.437956630474253483e+00 5.875212184383694636e-01 8.076234160771444959e-01 5.062840792062544421e-02 6.163123175932100350e-01 -3.076842589189914337e-02 -4.022461309473824437e-02 9.987168189579633815e-01 -3.902150059776186841e-02
8.046824409642505671e-01 -5.935720840478042604e-01 -1.258372929467871729e-02 2.571266248943868682e+00 5.936906579089797908e-01 8.043319705828191335e-01 2.411397540766977224e-02 6.958497834905985613e-01 -4.191886856538367713e-03 -2.687493511630193246e-02 9.996300145289138683e-01 7.265037030368549920e-03
8.075771343274787961e-01 -5.887316136602803729e-01 -3.484622201013576337e-02 2.585736929668750683e+00 5.890769303820299063e-01 8.080768384010947880e-01 -4.396946395613266639e-04 7.486205952485043280e-01 2.841728704683986473e-02 -2.017201816014541071e-02 9.993925892662224308e-01 5.219538496741425726e-02
8.328834948081556000e-01 -5.501439655941363638e-01 -6.038792260469472151e-02 2.683389411661321500e+00 5.500142366864301247e-01 8.349097677196455347e-01 -2.024893104761408061e-02 7.843147162954869911e-01 6.155829366053425233e-02 -1.634921669943420822e-02 9.979695784917085311e-01 1.222288644610766972e-01
8.330496192651735132e-01 -5.482650451862900454e-01 -7.371412394531250134e-02 2.909414589994849365e+00 5.490179724054069510e-01 8.357322025357774020e-01 -1.144340948119713409e-02 8.866988185287371094e-01 6.787928857910506542e-02 -3.093745095468956180e-02 9.972137565790099023e-01 1.355415359680032517e-01
8.342539986085267811e-01 -5.467252907403913342e-01 -7.149630948880407455e-02 2.986614222894037773e+00 5.485678893131483713e-01 8.360714524109140733e-01 7.602452105875540100e-03 9.389872985327859523e-01 5.561957047839994478e-02 -4.556295565850934648e-02 9.974118910718174913e-01 4.080301467984753794e-02
8.171168150386207696e-01 -5.713793378408367207e-01 -7.645758869927446466e-02 3.079682432834339512e+00 5.733046508381380857e-01 8.193324285395187090e-01 4.018565775878127355e-03 9.966760821404792026e-01 6.034805637716111892e-02 -4.711712886097224606e-02 9.970647362430372640e-01 -9.566629911271018818e-03
7.933474844310542951e-01 -6.028232382498650566e-01 -8.487586448964475061e-02 3.059057238209785368e+00 6.043029876990158034e-01 7.966927475778423640e-01 -9.927991484264372252e-03 1.038791295652933711e+00 7.360480965916103846e-02 -4.341439142513504879e-02 9.963420710841351946e-01 6.433053594824227062e-02
7.700714623458688735e-01 -6.308857520944373132e-01 -9.472650465804913211e-02 3.124575884873113107e+00 6.326861850590117520e-01 7.742911772283131988e-01 -1.346714898807383626e-02 1.097937776865156811e+00 8.184212922431294279e-02 -4.956148374120009775e-02 9.954122388304262881e-01 1.651105977646338263e-01
7.459309033113196152e-01 -6.573158176196473024e-01 -1.073452532354054051e-01 3.187462658607037813e+00 6.612660671365510057e-01 7.501497018484823975e-01 1.616561286047903112e-03 1.149682561765260846e+00 7.946241840591834749e-02 -7.218961645311347541e-02 9.942204903025461116e-01 1.796064716160951646e-01
7.422550518397958985e-01 -6.606552788975940116e-01 -1.122142614957828688e-01 3.399007625556776713e+00 6.670940306769924666e-01 7.443616561329036152e-01 3.018739992454835125e-02 1.207864865762641404e+00 6.358452841238595998e-02 -9.726421409656813011e-02 9.932253925483135459e-01 7.172059088305531016e-02
7.231450785293400685e-01 -6.835241987905961158e-01 -9.927670958723491812e-02 3.573922793789184649e+00 6.895502297522341228e-01 7.227250759059820062e-01 4.678616574729757560e-02 1.311834026468494896e+00 3.977029101522489007e-02 -1.022894634083398868e-01 9.939593500884219557e-01 -4.301154730330914583e-02
7.173921695648103336e-01 -6.922012403615515064e-01 -7.877764841009241015e-02 3.630114263062439228e+00 6.962252410638410938e-01 7.163742397694682351e-01 4.558905899788848193e-02 1.357947235877185577e+00 2.487747480535205252e-02 -8.755222119767244737e-02 9.958492455239713603e-01 -3.781309518905391631e-02
7.137480623279943703e-01 -6.975835125824889627e-01 -6.277695832158478040e-02 3.648433261866821820e+00 6.999698310905673182e-01 7.135862267132373482e-01 2.892978755896746107e-02 1.415044603723728756e+00 2.461582998958414953e-02 -6.459055672651281554e-02 9.976082000944473949e-01 6.370149209949332869e-02
7.144686956573053083e-01 -6.972046838558538795e-01 -5.865246572146667892e-02 3.712890119289852020e+00 6.987958273784291574e-01 7.152499338942617246e-01 1.009572695505449660e-02 1.529035775405541919e+00 3.491238411002070552e-02 -4.819917918090733944e-02 9.982274112455744586e-01 1.350528598679062164e-01
7.241634086790622593e-01 -6.868170660830916763e-01 -6.220671400528656608e-02 3.813349436596629172e+00 6.887048093342427180e-01 7.249122599772589437e-01 1.370769617941886703e-02 1.613072740933848115e+00 3.567972996262442492e-02 -5.276867509874557521e-02 9.979691497226340635e-01 1.431137094788831055e-01
7.304582975533903122e-01 -6.805026426276898910e-01 -5.785178400130192022e-02 4.023468915965671577e+00 6.826016460236041805e-01 7.301872650244221052e-01 2.969092187892714146e-02 1.694878300914366864e+00 2.203788513603205726e-02 -6.117770323316252395e-02 9.978835704859791988e-01 9.839985994224462185e-02
7.175321430621564023e-01 -6.956248013916591644e-01 -3.540846454513198877e-02 4.131276153213478075e+00 6.964578664773456440e-01 7.158270606243513079e-01 5.037915739395490422e-02 1.778310259954113848e+00 -9.698654259885622700e-03 -6.080916844289151191e-02 9.981022899176372754e-01 3.877887824329236122e-02
7.111383707893714767e-01 -7.029074187237568383e-01 -1.426107619163477502e-02 4.118438471871403550e+00 7.023801108608861421e-01 7.094258462892751860e-01 5.811323845557750389e-02 1.852756058402350359e+00 -3.073105039024181390e-02 -5.134324999306960624e-02 9.982081312141579676e-01 5.636448696854066964e-02
6.946690853882403482e-01 -7.191997904794651397e-01 -1.365734894330654023e-02 4.186000061219576907e+00 7.186527760305645440e-01 6.930671692021419528e-01 5.653394093544770321e-02 1.949699015186839635e+00 -3.119373830480911061e-02 -4.908727277434559583e-02 9.983072624909367088e-01 1.113773999265254694e-01
6.648357043457959747e-01 -7.463036652282352135e-01 -3.200508543859482968e-02 4.349107801613120827e+00 7.467073637096636185e-01 6.627965013747910694e-01 5.593666728632254448e-02 2.047898851158277189e+00 -2.053288116153290099e-02 -6.108712656721437817e-02 9.979212212188732778e-01 1.260704362125863454e-01
6.477409195791836716e-01 -7.609469892110727329e-01 -3.730121597639057124e-02 4.417260655929428736e+00 7.612934138763551850e-01 6.445933401692076625e-01 7.022651776920769973e-02 2.084677934359231433e+00 -2.939454186066186442e-02 -7.388575925107608577e-02 9.968334141112514812e-01 6.462831348292323586e-02
6.399527813149172850e-01 -7.681568620474863440e-01 -1.988650237374463975e-02 4.526845612009931408e+00 7.668770762610557234e-01 6.368225346929554664e-01 7.972834635519859825e-02 2.168429985090644330e+00 -4.857970350461895265e-02 -6.627287979708421095e-02 9.966182407576155144e-01 4.260487524642367352e-02
6.351017762346142792e-01 -7.724117685381415299e-01 -5.078744669559702440e-03 4.589341665807126880e+00 7.705651137421898333e-01 6.330995819646242362e-01 7.358209564631959521e-02 2.262838393672141457e+00 -5.362032550371307466e-02 -5.064562310800966444e-02 9.972762313185234984e-01 5.749459057710278043e-02
6.419332021779164954e-01 -7.667264601102015131e-01 7.231826082372987130e-03 4.655510102506214665e+00 7.655279813062978445e-01 6.414073472907633189e-01 5.063126186982222499e-02 2.382852349635948830e+00 -4.345887456792443121e-02 -2.696572284040639478e-02 9.986912315690890107e-01 8.791305642233365747e-02
6.498679973046256331e-01 -7.598117843533767068e-01 1.891133091595664090e-02 4.733021785200119069e+00 7.589943452794827294e-01 6.500760849163902400e-01 3.645089372768912234e-02 2.513592611163416368e+00 -3.998962256691417083e-02 -9.334676079856918038e-03 9.991564912011731137e-01 1.226581578425040009e-01
6.753586818423961136e-01 -7.368876275342337578e-01 2.978716581129746410e-02 4.765035996273421226e+00 7.353629870439637450e-01 6.759268311527207862e-01 4.862300087017046302e-02 2.579873607570924321e+00 -5.596363235066584285e-02 -1.093358654833046992e-02 9.983729406085231073e-01 1.318548204411235658e-01
6.919799049369110833e-01 -7.214588611480379221e-01 2.570841952512017622e-02 4.905354281746424405e+00 7.189653869826901911e-01 6.919306272325529417e-01 6.573263586983751905e-02 2.672724155868800189e+00 -6.521183546208564330e-02 -2.700219932787139426e-02 9.975060389527091731e-01 1.048445497094808304e-01
6.823691692683804266e-01 -7.307036502039059300e-01 2.108298865598288302e-02 5.048240189291274049e+00 7.283836834681247652e-01 6.820783915330057567e-01 6.500982588158771280e-02 2.786593753559192255e+00 -6.188316806197790426e-02 -2.900419594533956702e-02 9.976618816654153621e-01 4.977984005869490192e-02
6.613353165385214005e-01 -7.498565302605640914e-01 1.872920512145296104e-02 5.081545951119046833e+00 7.480043610736916149e-01 6.611513941936407734e-01 5.803714130230326618e-02 2.842973590976080711e+00 -5.590236948137450312e-02 -2.437248410385910169e-02 9.981387213734246311e-01 5.249084583922767472e-02
6.408706468024365499e-01 -7.674450478244405627e-01 1.768933680974999964e-02 5.112432336224935092e+00 7.658691288182839507e-01 6.407832728208899820e-01 5.330360959702108714e-02 2.927125496571303831e+00 -5.224262235138379951e-02 -2.061300178749103651e-02 9.984216607061164872e-01 9.888829496863224544e-02
6.128585801988312154e-01 -7.901325421382493497e-01 9.743024726465196461e-03 5.216710237828041663e+00 7.882404351421999911e-01 6.121642021100026643e-01 6.270570996216356940e-02 3.017454136795373110e+00 -5.551015297680263194e-02 -3.074988632778113268e-02 9.979845025887529308e-01 1.413484451436861355e-01
5.948926704481506400e-01 -8.037565250599365552e-01 8.840761881423478408e-03 5.269748803949939386e+00 8.003568401398633014e-01 5.933224554408389473e-01 8.600809445038964940e-02 3.093946953407161971e+00 -7.437498966992592275e-02 -4.408982074390402350e-02 9.962552125928219038e-01 1.161854923499736209e-01
5.951430465601625919e-01 -8.036106669139168046e-01 3.827551862204486843e-03 5.353620523569393441e+00 7.996344294143366005e-01 5.926586211454257791e-01 9.664645920679618141e-02 3.186736332590327070e+00 -7.993455714705885451e-02 -5.445782592219747947e-02 9.953114144676183939e-01 7.959494701232079639e-02
6.013779571092217058e-01 -7.988990862986333763e-01 -1.023731480163867294e-02 5.474654744146273622e+00 7.963808915344630091e-01 5.983543003836495622e-01 8.803185111746307523e-02 3.285239617153665304e+00 -6.420302408697689533e-02 -6.109321667421106772e-02 9.960650533848103283e-01 7.119590354252824937e-02
6.125969634593143587e-01 -7.902162494456542730e-01 -1.682971991660100336e-02 5.516422520085392911e+00 7.891834835016159344e-01 6.103402577735638213e-01 6.836811471113216077e-02 3.395637590157908559e+00 -4.375373959654595829e-02 -5.516383645961734500e-02 9.975182010461635107e-01 9.030342243540688540e-02
6.376772473965346411e-01 -7.700986003033571947e-01 -1.777284343004374711e-02 5.597610447258509758e+00 7.696201227524417376e-01 6.359700247779742632e-01 5.680663903470360016e-02 3.449857892019249306e+00 -3.244371753198332931e-02 -4.990263915578852655e-02 9.982269941240780042e-01 1.108624852853394849e-01
6.527162119541014551e-01 -7.574726975521433037e-01 -1.402352007763437575e-02 5.682360424705014346e+00 7.568689042328395900e-01 6.511580658167728242e-01 5.605921090365002107e-02 3.555683717028227164e+00 -3.333179349613722697e-02 -4.720472206081285232e-02 9.983289566858672970e-01 1.186576307096399441e-01
6.798554543284907048e-01 -7.333193807374815965e-01 -6.264746969994239301e-03 5.726377251547998704e+00 7.320337808239880673e-01 6.781032136533189369e-01 6.559401928208526134e-02 3.649500875641353836e+00 -4.385322054694320432e-02 -4.918045819060435503e-02 9.978267272326510895e-01 1.352064851711775872e-01
6.871670196350456727e-01 -7.264980509638682138e-01 1.438426775945172292e-03 5.840133308386888267e+00 7.245027773320470432e-01 6.854237716927243929e-01 7.273224069606509801e-02 3.793771201057317022e+00 -5.382576301399835672e-02 -4.893705287633277196e-02 9.973504660307428438e-01 1.336457598507227174e-01
6.849670904595119847e-01 -7.285663625316500802e-01 3.337720004873825919e-03 5.929973648974785405e+00 7.265082300802332416e-01 6.833625242303204006e-01 7.212109333095091668e-02 3.867882509735026897e+00 -5.482587539764117307e-02 -4.697569440641609362e-02 9.973902984899729596e-01 1.024005335752899842e-01
6.751554912113872930e-01 -7.376748575689986431e-01 -9.312344860404365987e-04 5.994824214960530639e+00 7.365900088440597848e-01 6.740930540486428368e-01 5.507915535374222765e-02 3.906359530471607666e+00 -4.000276938186211884e-02 -3.787293220667257293e-02 9.984815568891848292e-01 8.159396289620232667e-02
6.659743664592556733e-01 -7.459298047172342461e-01 -8.177386728172732211e-03 6.072869222177538440e+00 7.458342609010883972e-01 6.655964027485020695e-01 2.669614043979307710e-02 3.993184624357358548e+00 -1.447060763480359155e-02 -2.387792040280758976e-02 9.996101472233646090e-01 1.086342752383967214e-01
6.291180779890833685e-01 -7.772113289415772952e-01 -1.236907887390485683e-02 6.113542711036833666e+00 7.773096452644826515e-01 6.290301681539959278e-01 1.052439694043099186e-02 4.092948665938778596e+00 -3.991567684186311457e-04 -1.623569268688152684e-02 9.998681127813064951e-01 1.519185252127792096e-01
6.310628236284605563e-01 -7.757262273519932583e-01 2.921101216693111971e-03 6.118857472458957503e+00 7.755700750173911695e-01 6.310037162311206149e-01 1.803798325849515979e-02 4.140212268530130579e+00 -1.583576242537146350e-02 -9.117581957904789813e-03 9.998330352252060571e-01 1.920498049125651807e-01
6.340755362122836303e-01 -7.731868959591577939e-01 1.141219935629261828e-02 6.267790459906786182e+00 7.726083115950616031e-01 6.340739680290822244e-01 3.204059802941747193e-02 4.267082429315276038e+00 -3.200954906482379736e-02 -1.149899929981363679e-02 9.994214135107220010e-01 1.672746763378159529e-01
6.473042610323561652e-01 -7.622186521397368297e-01 4.463180439785904494e-03 6.372214024890723749e+00 7.616427247204863304e-01 6.470231300641757777e-01 3.551660234749788592e-02 4.362970222935890874e+00 -2.995919774808433050e-02 -1.959069912584945547e-02 9.993591201255190848e-01 1.034829734054266703e-01
6.637714139338966035e-01 -7.479297300390862491e-01 -2.937510485993593407e-03 6.454695267948366677e+00 7.478478810767367202e-01 6.636284223397248550e-01 1.791267238361660130e-02 4.466373187674157919e+00 -1.144800477073062810e-02 -1.408673086799885898e-02 9.998352400271866003e-01 5.905858439262735848e-02
6.761603594282878937e-01 -7.367236516928827861e-01 -6.740131609422591284e-03 6.520437160102466656e+00 7.367086055193508010e-01 6.761920533512040254e-01 -4.973684591519552875e-03 4.577638370467608020e+00 8.221854507465726353e-03 -1.602504597909816531e-03 9.999649159282898436e-01 7.538682196522165924e-02
6.987612517085501906e-01 -7.153471600491178028e-01 -3.339718605235731958e-03 6.567993626397643503e+00 7.152997392967913592e-01 6.987577067986576740e-01 -9.162431523541706910e-03 4.657613242358402239e+00 8.887973483457402984e-03 4.013452272434119353e-03 9.999524469334600818e-01 1.592073509668427700e-01
7.036189121226967824e-01 -7.105659230936994808e-01 4.061458022868046427e-03 6.703952354513680767e+00 7.105773878626858719e-01 7.036108960871243490e-01 -3.388622982301940732e-03 4.773196340272774840e+00 -4.498461014545243088e-04 5.270279449204784590e-03 9.999860107986572322e-01 1.686792752681453844e-01
6.987646416417498951e-01 -7.152632966764431721e-01 1.124242050554599692e-02 6.780258549781995825e+00 7.153196646602326680e-01 6.987957113747488291e-01 -1.526798818156318953e-03 4.833348343287411808e+00 -6.764092078710893900e-03 9.108797495024533591e-03 9.999356363619337218e-01 1.099355861622558217e-01
6.938414019517973319e-01 -7.200865818271598995e-01 7.708671094387884934e-03 6.858608188434536679e+00 7.201243254448413955e-01 6.937648061012933187e-01 -1.055223757537375115e-02 4.912967643424269504e+00 2.250519979182345753e-03 1.287278088494797981e-02 9.999146096903032133e-01 1.127138286527057803e-01
6.879313647341600557e-01 -7.257693925505018795e-01 -3.037474587810019052e-03 6.892168644862569415e+00 7.257521397380369832e-01 6.879367189035399122e-01 -5.186757165370693874e-03 5.022501957307570208e+00 5.853979898908958160e-03 1.363679253815111092e-03 9.999819354859545983e-01 1.612358147589529334e-01
6.770223616154356083e-01 -7.359205865184774709e-01 -7.849344619684337984e-03 6.995892477057946479e+00 7.358746492355630053e-01 6.767383566469121758e-01 2.266489036536190049e-02 5.112024985148519107e+00 -1.136760683237365323e-02 -2.112077131965151705e-02 9.997123038823557684e-01 1.582030540846381395e-01
6.689827754001798077e-01 -7.432111995504524504e-01 -9.957865265705290875e-03 7.086658377084464000e+00 7.425470654507504431e-01 6.676710437120564334e-01 5.328445344499727065e-02 5.217819803521810407e+00 -3.295302426714917521e-02 -4.304056518251937746e-02 9.985297231131470275e-01 1.397950311366609744e-01
6.728331563953533490e-01 -7.396302577333574435e-01 -1.557644055467990139e-02 7.187830311781342907e+00 7.386054279260952926e-01 6.704098460038548923e-01 7.080014279079736850e-02 5.288691414166240001e+00 -4.192332874636480605e-02 -5.914152708862864538e-02 9.973688957855308956e-01 1.221153096454307002e-01
6.666449919985870665e-01 -7.450324821192211289e-01 -2.260653070411868318e-02 7.288314934173889093e+00 7.446913847021945365e-01 6.644278382454014142e-01 6.301102534375024877e-02 5.404420011857146378e+00 -3.192485228676553155e-02 -5.884087313946997216e-02 9.977567616682199159e-01 9.987707000360762644e-02
6.714274243252258412e-01 -7.408045244973475718e-01 -1.984616709221472333e-02 7.305537377215736150e+00 7.408528218409715649e-01 6.703408497748959416e-01 4.219290809294982264e-02 5.499209922022790131e+00 -1.795300070358818098e-02 -4.303256449863498284e-02 9.989123525907604995e-01 1.299363716430522731e-01
6.878969690460579045e-01 -7.256220409031129970e-01 -1.644426139562733813e-02 7.392529638328534602e+00 7.257582207692382381e-01 6.874066183713768430e-01 2.733397163051597828e-02 5.570261585364823631e+00 -8.530238162939638227e-03 -3.073751412897764157e-02 9.994910906366571979e-01 1.634472272053841824e-01
7.166676187439484647e-01 -6.971276892708568873e-01 -2.001272334676356540e-02 7.472803605107654512e+00 6.973958315487640558e-01 7.161407966506629919e-01 2.795377453872225151e-02 5.675509076635274042e+00 -5.155422609877377549e-03 -3.399035487354283569e-02 9.994088639757424675e-01 2.161409587550026656e-01
7.238126698952941362e-01 -6.894521255804174631e-01 -2.740411340821492445e-02 7.645649749263126793e+00 6.899079940643405573e-01 7.225125336556238453e-01 4.475040152500212032e-02 5.798689422310552288e+00 -1.105344404083444601e-02 -5.129722451727147803e-02 9.986222589806722505e-01 2.262358615213010404e-01
7.168759715596684234e-01 -6.965912780773589885e-01 -2.914502885455731371e-02 7.713901578526410674e+00 6.969965466705231316e-01 7.150279838414186351e-01 5.413682898952631301e-02 5.898290273134271011e+00 -1.687173167599545845e-02 -5.912337634326549768e-02 9.981080958693931970e-01 1.516065465076558705e-01
7.131950099670010257e-01 -7.004727238726969896e-01 -2.628385185877056551e-02 7.775652412181928597e+00 7.007731276644820761e-01 7.116188733706840797e-01 5.015578337517929280e-02 5.932103529637326567e+00 -1.642867315120050131e-02 -5.418987149830429423e-02 9.983954910382399905e-01 1.109291980884347106e-01
7.021067536465279701e-01 -7.115817146328410336e-01 -2.641154830977386625e-02 7.798029812151591855e+00 7.119660290345247722e-01 7.008805262402658665e-01 4.325345579232076076e-02 6.010862137026040664e+00 -1.226702835832088785e-02 -4.917266860110315607e-02 9.987149586733454765e-01 1.613641577337240063e-01
6.957550956525152541e-01 -7.173794940790108043e-01 -3.593756180519187132e-02 7.902960924142528931e+00 7.182564391855339458e-01 6.944644882183934609e-01 4.274063841453897700e-02 6.139402249358184349e+00 -5.703897095576436829e-03 -5.554940214356429012e-02 9.984396473895733592e-01 2.505849796129803186e-01
6.873132199514111473e-01 -7.252981576424345489e-01 -3.928256865981813450e-02 8.004261338710174201e+00 7.262192306546318976e-01 6.851041915470384991e-01 5.690233520755916957e-02 6.244831930374106221e+00 -1.435850644801916695e-02 -6.763748402453291508e-02 9.976066379327140909e-01 2.300416768059048156e-01
6.890862195850678829e-01 -7.240557844598468629e-01 -3.005666262570501346e-02 8.123335076137916388e+00 7.242130325175696326e-01 6.865625218760819104e-01 6.440021030136630631e-02 6.292758223400067408e+00 -2.599356669765227890e-02 -6.614472424457118471e-02 9.974714080839331976e-01 1.569212362491918533e-01
6.880821907742922239e-01 -7.253306692066933126e-01 -2.093607048662745815e-02 8.233613742759242626e+00 7.252589812359907517e-01 6.865155048222472134e-01 5.192178516950315265e-02 6.362533286428086576e+00 -2.328752618428068730e-02 -5.091052884056020827e-02 9.984316747666767133e-01 1.402325371102467466e-01
6.963305745722070395e-01 -7.175568467505911707e-01 -1.535912098033393250e-02 8.274477844776829016e+00 7.177127637836010488e-01 6.960591227623758037e-01 1.975060306361555232e-02 6.445655003684922946e+00 -3.481324179778103912e-03 -2.477638594751717036e-02 9.996869565425643422e-01 1.946516805711613340e-01
7.069771945887906028e-01 -7.071010687550978169e-01 -1.383202431901403226e-02 8.368703384868883433e+00 7.070593907669726619e-01 7.071025920724856029e-01 -8.540621324564567907e-03 6.549226217997131450e+00 1.581974271601666732e-02 -3.742038183990149987e-03 9.998678577145224677e-01 2.444771625804943727e-01
7.355339103778164578e-01 -6.773723864223678559e-01 -1.251066731972362740e-02 8.425481742245025885e+00 6.774002341999775245e-01 7.356103949471737291e-01 -2.503907242430542749e-03 6.634145697833318422e+00 1.089905455230002519e-02 -6.633020287130517167e-03 9.999186035131741868e-01 2.557462940323821377e-01
