1.000000000000000000e+00 0.000000000000000000e+00 0.000000000000000000e+00 0.000000000000000000e+00 0.000000000000000000e+00 1.000000000000000000e+00 0.000000000000000000e+00 0.000000000000000000e+00 0.000000000000000000e+00 0.000000000000000000e+00 1.000000000000000000e+00 0.000000000000000000e+00
9.999985869211177603e-01 -1.657619456682655600e-03 -2.800955273911669868e-04 1.276326907141566054e-02 1.657780389611015950e-03 9.999984603886982182e-01 5.753124480458893675e-04 -4.905845392962734225e-02 2.791414470453748423e-04 -5.757759719565451375e-04 9.999997952810203428e-01 -1.389142266222598981e-02
9.999938537152848195e-01 -3.500404326115642666e-03 -1.992516181246413497e-04 1.467613637834347395e-02 3.500469352857285901e-03 9.999938198908508991e-01 3.269471122891012068e-04 -9.670137686020391365e-02 1.981059396416254010e-04 -3.276425769618148093e-04 9.999999267021865146e-01 -2.140003327862212076e-02
9.999945072194145190e-01 -3.302170196014553218e-03 -2.849613954150145042e-04 1.341154193498726201e-02 3.302281037982696208e-03 9.999944716455313465e-01 3.893819728367727863e-04 -1.049144155182962224e-01 2.836740145018438260e-04 -3.903208566596681056e-04 9.999998835893344484e-01 -1.877904804737090538e-02
9.999979811770308702e-01 -1.997447103655749200e-03 2.187394128312978680e-04 -2.121991859536893205e-02 1.997463412672683888e-03 9.999980023028073317e-01 -7.436605126705859070e-05 -6.664973574421903524e-02 -2.185904336024732143e-04 7.480282510920618574e-05 9.999999733113794642e-01 -1.193619816387622365e-03
9.999994796685521825e-01 -8.636062377312180103e-04 5.429980581317546667e-04 -5.859603986706320849e-02 8.636471491242846913e-04 9.999996242357060972e-01 -7.511357006229985251e-05 -2.199343960600199169e-02 -5.429329855448287827e-04 7.558248970323269917e-05 9.999998497555189214e-01 1.063915202959679271e-02
9.999982976737452622e-01 1.558037474628805623e-03 9.885185072642374213e-04 -9.527043213137793842e-02 -1.558108810429461493e-03 9.999987835988655149e-01 7.139834930066208090e-05 2.103020444368389197e-02 -9.884060635253666578e-04 -7.293844715281851447e-05 9.999995088665976084e-01 1.885774515189525546e-02
9.999993362540732234e-01 5.992892821708947510e-04 9.840445971809417408e-04 -4.937920798156178459e-02 -6.004357529931145503e-04 9.999991409181885338e-01 1.165178008437149854e-03 -8.122905060592724991e-03 -9.833454731138489315e-04 -1.165768090613680157e-03 9.999988370075434396e-01 2.285352865552139554e-02
9.999987171928096386e-01 -1.501866331377236120e-03 5.567856478928803667e-04 -4.434610893257773245e-02 1.501168983035792298e-03 9.999980910396170097e-01 1.250763289458697467e-03 -1.449144326058671856e-02 -5.586630642840974010e-04 -1.249925855625740002e-03 9.999990627900288143e-01 1.810848619494007800e-02
9.999969030564415107e-01 -2.416405646147733784e-03 5.957023410387473012e-04 -7.649852019600894559e-02 2.415988063078521996e-03 9.999968359925417438e-01 7.007186200863340817e-04 -1.030135188627234744e-02 -5.973936766620347718e-04 -6.992772402552197919e-04 9.999995770659787508e-01 1.694265195553679507e-02
9.999993786939483931e-01 -6.845399048926268260e-04 8.797822661405455425e-04 -7.524784408041315653e-02 6.841122361959447052e-04 9.999996477433076292e-01 4.863164699473292987e-04 -4.676532207097990404e-03 -8.801148592614399784e-04 -4.857142979825086141e-04 9.999994947395999256e-01 2.530050134899513442e-02
9.999998448590261546e-01 1.654154570188048272e-04 5.319019178482311096e-04 -3.583899542233112689e-02 -1.656071939609069757e-04 9.999999213248769170e-01 3.604504087856147941e-04 6.181889216842959694e-03 -5.318422519316803052e-04 -3.605384396490645869e-04 9.999997935779050273e-01 1.130435918378573656e-02
9.999999666039079971e-01 -2.508463037435933098e-04 6.219577727703738093e-05 -7.190623689715101158e-03 2.508143159992999973e-04 9.999998365596808325e-01 5.137828243392436297e-04 1.161829038968668210e-03 -6.232464763415213917e-05 -5.137672075895693838e-04 9.999998660794383598e-01 -3.874262355047025479e-03
9.999996264263293355e-01 -8.623396810683993212e-04 5.930831513595401629e-05 -8.308374686411282295e-03 8.623138136201274027e-04 9.999995336803145785e-01 4.348034500839436842e-04 -3.122665632399173122e-03 -5.968323574779199267e-05 -4.347521452734185127e-04 9.999999037142371927e-01 -7.394819868154954567e-03
9.999995571006959905e-01 -9.398610403814924808e-04 4.959472388149391785e-05 -1.030060178003049456e-02 9.398481343327089827e-04 9.999995246426406359e-01 2.596150557577911119e-04 -9.347956187625742347e-03 -4.983870238268015452e-05 -2.595683292657507924e-04 9.999999650701925091e-01 -3.318607803882669960e-03
9.999999438330943180e-01 -3.443732352351317117e-05 3.333884805400761015e-04 -1.689299518024005992e-02 3.447045109892181409e-05 9.999999944695847631e-01 -9.936105083506724790e-05 -1.504056291621041173e-02 -3.333850569676461025e-04 9.937253730557986723e-05 9.999999394897495231e-01 6.590732976547317157e-03
9.999999551352521943e-01 -2.670566294731807188e-04 1.356843772296924809e-04 1.307501775381382167e-02 2.670826465406017387e-04 9.999999459465129803e-01 -1.917650410366487609e-04 -3.000784099406699629e-02 -1.356331577699687141e-04 1.918012713757232598e-04 9.999999724079590147e-01 2.217993165961697211e-03
9.999997527950511556e-01 -6.477036563316141814e-04 -2.736600265715359386e-04 3.897629758407951395e-02 6.477289088525999255e-04 9.999997859733320560e-01 9.219843089811870045e-05 -3.554966718003836623e-02 2.736002507401916130e-04 -9.237566561661805233e-05 9.999999583048186924e-01 -1.138968967883874014e-02
9.999997633550562481e-01 -5.527170612982039129e-04 -4.096262706097430128e-04 2.914253690179564177e-02 5.525763814729684918e-04 9.999997883444415869e-01 -3.434682150498261847e-04 -6.212659981932276698e-02 4.098160246525376282e-04 3.432417839674399454e-04 9.999998571179415929e-01 -2.949021665447944945e-02
9.999900452668882833e-01 4.455206011019218273e-03 -2.459807435098737582e-04 1.563561587540093431e-02 -4.455340564419480245e-03 9.999899241109065917e-01 -5.491967938180529083e-04 -7.666416217293418878e-02 2.435314801781323735e-04 5.502872546951702261e-04 9.999998189381613667e-01 -2.315080996521080847e-02
9.999822173014326632e-01 5.961639255242501961e-03 -1.547200720411670137e-04 -5.402714174142029223e-03 -5.961708069195298387e-03 9.999821284257131015e-01 -4.481808543802088423e-04 -6.680881481573927583e-02 1.520454143749846684e-04 4.490952804171260385e-04 9.999998875978042268e-01 -1.647724546333282150e-02
9.999855427237803740e-01 5.377061567021689838e-03 -3.939962932454847390e-05 -1.018201454632411754e-02 -5.377067675892657946e-03 9.999855312021576070e-01 -1.566191162747058324e-04 -7.904130676087314789e-02 3.855690862849508446e-05 1.568287064621637491e-04 9.999999869590607826e-01 -9.521681157632669659e-03
9.999906914475190645e-01 4.309432025225412230e-03 -2.140418948399373030e-04 2.506996833343769909e-02 -4.309416396757822718e-03 9.999907117265157686e-01 7.342353738763216051e-05 -8.716802651972069271e-02 2.143563205037045144e-04 -7.250045826956469819e-05 9.999999743975254152e-01 -1.300125663441172377e-02
9.999874348005054481e-01 5.003103751450567634e-03 -3.149507217529068284e-04 3.746736261461922068e-02 -5.003127149989146545e-03 9.999874815762984648e-01 -7.354871358057003448e-05 -7.438573480755983347e-02 3.145788072214974725e-04 7.512352793322197892e-05 9.999999476983134628e-01 -1.902931847607713944e-02
9.999821292041062293e-01 5.964586382692206937e-03 -4.061794007983184182e-04 6.875354681261974799e-02 -5.964736173890592894e-03 9.999821428785409250e-01 -3.685734895890046148e-04 -7.262581591695901895e-02 4.039737591864002854e-04 3.709896558524312373e-04 9.999998495859272474e-01 -2.408282294989019801e-02
9.999325744442222330e-01 1.160279192870208691e-02 -4.709403456051126035e-04 1.076105209054924461e-01 -1.160286818255863890e-02 9.999326717366484596e-01 -1.595103329277095124e-04 -7.787417209963225229e-02 4.690578728060625503e-04 1.649638366067642924e-04 9.999998763858146678e-01 -3.331877624978715757e-02
9.999101617156825883e-01 1.339095278234954736e-02 -5.923523431156985965e-04 7.756765024617993942e-02 -1.339084628414378281e-02 9.999103217806848409e-01 1.833909535376938903e-04 -3.428001899127430807e-02 5.947550016118941917e-04 -1.754423788363540157e-04 9.999998077432113996e-01 -5.496479060204316480e-02
9.999348187502620222e-01 1.139317814680652907e-02 -7.441388282737893814e-04 7.463013988638582397e-02 -1.139329577555220352e-02 9.999350824365097479e-01 -1.540261705706079366e-04 -2.125594524645602057e-02 7.423356729935780751e-04 1.624943247209139285e-04 9.999997112666297872e-01 -6.490270327075906009e-02
9.999567361261595400e-01 9.265171818826672262e-03 -8.261156611825298292e-04 9.629684348572283004e-02 -9.265276078002752935e-03 9.999570689090557796e-01 -1.224663560645819558e-04 -1.657776741671485032e-02 8.249455233049851708e-04 1.301152473688214277e-04 9.999996512673922089e-01 -6.220687491338453695e-02
9.999981224560723359e-01 -1.785043984475608719e-03 -7.541235334816901283e-04 1.308033747951510284e-01 1.785531946595478574e-03 9.999981967082866019e-01 6.468816295639033716e-04 -2.706169108087002478e-03 7.529674614154504468e-04 -6.482269266759389022e-04 9.999995064208049289e-01 -4.673199804624128539e-02
9.997164019283564240e-01 -2.380527765877090904e-02 -6.515143971836021529e-04 1.690635298744399551e-01 2.380580680969255139e-02 9.997162679049192979e-01 8.168527401647105194e-04 4.773115036134969319e-02 6.318841353527653287e-04 -8.321309081758691871e-04 9.999994541401465709e-01 -2.810638853641581059e-02
9.986161437576412947e-01 -5.258300838711753994e-02 -9.081054884456402510e-04 1.929976969288954014e-01 5.258448017133173641e-02 9.986150643549864814e-01 1.680978404712497312e-03 7.406060135327599547e-02 8.184569192316987468e-04 -1.726404427304513130e-03 9.999981748263467862e-01 -3.069013411824074444e-02
9.978499525966202377e-01 -6.552337913080769072e-02 -1.469316236605217431e-03 2.156164478909585458e-01 6.552725472864326384e-02 9.978469459815302312e-01 2.766095273220273328e-03 2.599717400091471065e-02 1.284908810078444616e-03 -2.856428296573546369e-03 9.999950949013381996e-01 -6.059445170512578471e-02
9.974574774950217826e-01 -7.125231085183590662e-02 -1.299533586116762614e-03 2.567991992893926545e-01 7.125425491007046641e-02 9.974570322349485263e-01 1.516575833782678791e-03 -3.559213737851417425e-02 1.188169381358600285e-03 -1.605317203004141911e-03 9.999980056031106956e-01 -4.183511631907584072e-02
9.969222964676129894e-01 -7.839013178728226894e-02 -9.602312811545242249e-04 2.752284031283934729e-01 7.838914462907328740e-02 9.969223086988516780e-01 -1.025876636639442337e-03 -7.000663438114002046e-02 1.037694590437084237e-03 9.474475837152815383e-04 9.999990127660192130e-01 -3.510780393145885442e-03
9.968692709944492192e-01 -7.903788196494285212e-02 -2.160963093397505561e-03 3.094621236897593386e-01 7.903092905275510560e-02 9.968672406505844075e-01 -3.133172632995805118e-03 -1.823522179390038023e-01 2.401832644805433885e-03 2.952580597634367129e-03 9.999927567076477564e-01 -4.053458582792682230e-02
9.964445775310520892e-01 -8.400981444964111811e-02 -6.368279602843070729e-03 3.811755030698264490e-01 8.382531347373378683e-02 9.961629452602617230e-01 -2.515359440380294728e-02 -1.797552259457958490e-01 8.456992964014019634e-03 2.453033971508815705e-02 9.996633141730614236e-01 -8.815416366637793266e-02
9.959397800996475647e-01 -8.954596320016605659e-02 -9.245263090914123544e-03 3.847165364163414591e-01 8.886451808513215478e-02 9.943519235523576860e-01 -5.802886827453568319e-02 -7.559197884189762517e-02 1.438929604125693124e-02 5.697168245962813682e-02 9.982720949506483921e-01 -2.897468383894681587e-02
9.987474625814191098e-01 -4.896062140574139465e-02 -1.031327003139657222e-02 4.523744879174591005e-01 4.818831181625674032e-02 9.967125333522196540e-01 -6.513073362783143583e-02 -5.422575436424908329e-02 1.346820669116924676e-02 6.455217587474475216e-02 9.978234432996450076e-01 2.800616401870469757e-02
9.991719210672982410e-01 -3.982153568455020637e-02 -8.349697384267010247e-03 6.890996347800559807e-01 3.928718700878585518e-02 9.976254782277996780e-01 -5.656785419026131440e-02 -7.140475663374215576e-02 1.058248967027270587e-02 5.619297541933574586e-02 9.983638417059687020e-01 -6.812192613369905114e-04
9.982917540503745135e-01 -5.808973549270952247e-02 -6.257509521649076006e-03 7.668718286118262339e-01 5.773923207933778085e-02 9.972569582705855806e-01 -4.631134050951246639e-02 -2.155769800083518623e-02 8.930558432419367573e-03 4.587092555515620562e-02 9.989074548299249345e-01 -4.306230103978990476e-02
9.982066849599255942e-01 -5.986069870755605232e-02 3.329437775852490521e-04 7.388823865284706027e-01 5.984435938078167677e-02 9.977697751016411098e-01 -2.956566494980962870e-02 -7.646909977042655460e-03 1.437620123566379481e-03 2.953256920526474080e-02 9.995627847236593366e-01 -1.564292387231720760e-02
9.978178756719466858e-01 -6.601318805828038094e-02 1.321359869830927153e-03 7.534006708433345079e-01 6.601806330892370789e-02 9.978101345567300662e-01 -4.068254271684149451e-03 -1.882718318651979694e-02 -1.049907835208272432e-03 4.146610454605570428e-03 9.999908516157911542e-01 -2.857599177625699816e-02
9.955234144609039770e-01 -9.449673388081646086e-02 -1.870440044820316202e-03 8.650792134248430632e-01 9.450884510290134821e-02 9.954913412595559619e-01 8.066453654864332370e-03 2.311840011182200727e-02 1.099753344578106471e-03 -8.207116613551364639e-03 9.999657163020503337e-01 5.891493759478536735e-02
9.853614947181678074e-01 -1.698267074810696498e-01 -1.488671061441583857e-02 9.309224721295471516e-01 1.699584715345964780e-01 9.854181378143790360e-01 8.075371202944789037e-03 1.260873525723483490e-01 1.329822094875564645e-02 -1.048728242114169672e-02 9.998565768284055633e-01 1.530988031734681898e-01
9.733755087242270676e-01 -2.271970550986434079e-01 -3.035814833543184349e-02 9.634400889892834607e-01 2.275736472101966834e-01 9.737141339215467095e-01 9.540466281122849876e-03 1.402459530567640167e-01 2.739259227055784035e-02 -1.619517075909667619e-02 9.994935529220699832e-01 1.294776722265271185e-01
9.629758083529710300e-01 -2.666351575870358759e-01 -3.979051728086224066e-02 1.146426105131622686e+00 2.675402473069832809e-01 9.633516555603259812e-01 1.938565965081293432e-02 1.079937017953226386e-01 3.316336228219724652e-02 -2.931348610649183936e-02 9.990199752429499425e-01 2.429654415771681508e-02
9.574403487580375183e-01 -2.866289964952786762e-01 -3.393813398224847233e-02 1.355521858137865632e+00 2.876243551912993079e-01 9.572946874192768130e-01 2.931060797080888361e-02 1.244836402129883279e-01 2.408752521279062392e-02 -3.782459262092151275e-02 9.989940396830125913e-01 -1.075229864695444043e-01
9.534056096105687494e-01 -3.007412226457857329e-01 -2.392614813583206212e-02 1.441257867559882166e+00 3.012479346306997652e-01 9.533041944908405840e-01 2.146612789739495847e-02 1.496789058695851549e-01 1.635314782656454441e-02 -2.767362946358185166e-02 9.994832388732063366e-01 -1.513180105984957002e-01
9.498280106718460791e-01 -3.125778112547815679e-01 -1.103911474411052238e-02 1.379383865953421440e+00 3.125429975614673062e-01 9.498915176879179079e-01 -4.793672896291494706e-03 2.054515985801493860e-01 1.198435724000837879e-02 1.102966778346804906e-03 9.999275767003477089e-01 3.503445560710971574e-02
9.550132017708728993e-01 -2.957926095668410582e-01 -2.136624836007351008e-02 1.362451291382873908e+00 2.954526048657398762e-01 9.551935342774691140e-01 -1.769379418232532378e-02 2.298048733034780133e-01 2.564259583963739153e-02 1.058509329934529189e-02 9.996151324777197145e-01 2.081497590845267087e-01
9.600413245323929923e-01 -2.778978602419659993e-01 -3.306712057354219830e-02 1.603348581544377094e+00 2.778163990523404014e-01 9.606077639946912772e-01 -7.125459333278913801e-03 2.622463806815817922e-01 3.374468265785258297e-02 -2.345852948548263640e-03 9.994277329383374209e-01 1.965201610150633660e-01
9.554082558133365488e-01 -2.919304473622659768e-01 -4.440358799224947139e-02 1.902905997214804801e+00 2.928322000499978262e-01 9.560425032098737175e-01 1.523268427023199978e-02 3.489306681062766535e-01 3.800483308207310007e-02 -2.755623267186167735e-02 9.988975356378341219e-01 6.721108264198916160e-03
9.456965044699852108e-01 -3.227551781100915229e-01 -3.856444523617900966e-02 2.008985029702447633e+00 3.238668697674120245e-01 9.457140389172278283e-01 2.711470563960288391e-02 3.718228263412894363e-01 2.771952561479636146e-02 -3.813202850606312033e-02 9.988881700679528297e-01 -1.219702226933563061e-01
9.235604327392703539e-01 -3.824186711445732856e-01 -2.814404090514428455e-02 2.005331197851664360e+00 3.831370910790151685e-01 9.232890843511173395e-01 2.726235788749497083e-02 3.823642283768387551e-01 1.555945108164745808e-02 -3.596146101167350950e-02 9.992320435233968956e-01 -8.480164774100626413e-02
8.983146613083158316e-01 -4.389835574485363989e-01 -1.800570932658343559e-02 1.983190213496455856e+00 4.393206069168193451e-01 8.979895704947067347e-01 2.474137467825347075e-02 4.015750226310990101e-01 5.307882512204348258e-03 -3.013581876371987378e-02 9.995317197621478300e-01 5.448751266058557419e-02
8.577852829920846744e-01 -5.138572626559571033e-01 -1.245479417396558666e-02 2.096655439303750867e+00 5.139574624871737774e-01 8.571084410784408636e-01 3.482595276270768897e-02 4.755564355854408065e-01 -7.220459537630147251e-03 -3.627442415547958016e-02 9.993157814806358230e-01 9.239276601289049540e-02
8.335213140193455938e-01 -5.524660781070981352e-01 -4.842686901410080819e-03 2.209154950974330234e+00 5.519969142555397612e-01 8.323802631970989019e-01 4.942169657438347935e-02 5.124369459791311421e-01 -2.327285388227178300e-02 -4.386718569602959111e-02 9.987662610897929394e-01 1.300739658097230245e-02
8.116653053523158468e-01 -5.840942808397225905e-01 5.770890542987076183e-03 2.343154264343583204e+00 5.830317667902321643e-01 8.107132950427279328e-01 5.308401034608517532e-02 5.750709340701547490e-01 -3.568460453462098114e-02 -3.972183695764992806e-02 9.985733747040913544e-01 1.395181796263733620e-02
8.089235879386449390e-01 -5.878794346344118349e-01 6.356037318476134498e-03 2.400954443247964587e+00 5.869487272363203001e-01 8.081677342147292054e-01 4.853972568829224149e-02 6.455983781224848839e-01 -3.367225077319978971e-02 -3.553426104698485105e-02 9.988010291442993571e-01 6.580827847806168529e-02
8.050279836044720305e-01 -5.931667486395059141e-01 -9.118877242025502997e-03 2.536164837550399564e+00 5.932136843433329920e-01 8.047656510620664339e-01 2.120781880478838158e-02 7.210678498714552243e-01 -5.241213745538382540e-03 -2.248233037488431632e-02 9.997335017390325262e-01 6.489061641788804180e-02
8.073494773615257358e-01 -5.891857526365852360e-01 -3.235692034375008130e-02 2.564999501892708533e+00 5.894848893056151562e-01 8.077793222146837371e-01 -3.631566230367089254e-04 7.556964162723086575e-01 2.635121789249779758e-02 -1.878072129729705525e-02 9.994763117868954438e-01 5.210806531575645772e-02
8.330625192364087273e-01 -5.498191494043238592e-01 -6.087480588711487867e-02 2.676553226228647553e+00 5.496832843023526927e-01 8.351224421592495784e-01 -2.046444625563751188e-02 8.114945662077774902e-01 6.208966099172275738e-02 -1.641370007879801654e-02 9.979356013529411262e-01 9.783619593937137315e-02
8.332318517742092201e-01 -5.474721562813884557e-01 -7.745269062808107785e-02 2.925544532466188841e+00 5.482853694781963938e-01 8.362016784706195471e-01 -1.224363259316602406e-02 9.051927260839225386e-01 7.146911784176471216e-02 -3.226439244005106788e-02 9.969208464945420456e-01 1.741887759481664244e-01
8.340147194431438704e-01 -5.468247071074590071e-01 -7.349957448186794640e-02 2.992479138466518584e+00 5.485741859114885433e-01 8.360902546802357893e-01 4.410054453858183732e-03 9.482721538523068983e-01 5.904075121237498114e-02 -4.399801956429505445e-02 9.972854977240460661e-01 8.747202025020348048e-02
8.160502925040150624e-01 -5.731801441686544818e-01 -7.434004597060674124e-02 3.080532410954713640e+00 5.748762651403512836e-01 8.182384902930133208e-01 1.747221019465443337e-03 9.961368687518392662e-01 5.982641458747076785e-02 -4.416214820194836604e-02 9.972314198739413715e-01 -5.982865114871310785e-03
7.931609583527564622e-01 -6.041961702492407715e-01 -7.643743847806150349e-02 3.025340106813379393e+00 6.053285971545964150e-01 7.959128474707347634e-01 -1.000143479083379777e-02 1.036971034802026237e+00 6.688036791006232717e-02 -3.833701980041540058e-02 9.970242170083117861e-01 6.650582081279866886e-02
7.694816997062975394e-01 -6.324422081748831692e-01 -8.896497701896562138e-02 3.100875062436292851e+00 6.340058573483896565e-01 7.732183154006312398e-01 -1.303877206424648022e-02 1.097653103048004564e+00 7.703561945646149323e-02 -4.637122003880971011e-02 9.959494079957432744e-01 2.095584980013753817e-01
7.456778543599396070e-01 -6.575038028918618327e-01 -1.079503899941836598e-01 3.185998729563271237e+00 6.614136478285472798e-01 7.500211196296009408e-01 5.536927796228746645e-04 1.171276950930431271e+00 8.060101725965390651e-02 -7.181273767445110756e-02 9.941561279418889008e-01 2.008941376217347197e-01
7.419558188219155248e-01 -6.606749502542996755e-01 -1.140621454417700270e-01 3.398454942616877528e+00 6.672166915535002740e-01 7.442998704836926160e-01 2.897566755675954481e-02 1.232089550964895031e+00 6.575294235775432095e-02 -9.760283246113909961e-02 9.930509743547210055e-01 6.742634747393509709e-02
7.232781117755615607e-01 -6.834138491799034432e-01 -9.906706705806064828e-02 3.567364344880114224e+00 6.894085234710701782e-01 7.228762032000098925e-01 4.653904395856077458e-02 1.333016087620396029e+00 3.980779812821890612e-02 -1.019583522632947908e-01 9.939918679807883128e-01 -3.566888023950966213e-02
7.164020725289195202e-01 -6.933888104499857929e-01 -7.733064088071833764e-02 3.619109157656724918e+00 6.972594830187007764e-01 7.154335357533881945e-01 4.454289236118030848e-02 1.365797670925108731e+00 2.443939067904726814e-02 -8.583014308597661235e-02 9.960099912757289786e-01 -2.246388634401974560e-02
7.150472937375873528e-01 -6.961434002070521210e-01 -6.396666371412770835e-02 3.637494754758545223e+00 6.985788186019903367e-01 7.149917475841891523e-01 2.782867383032300648e-02 1.441600702483067264e+00 2.636288905260024060e-02 -6.458457427800463890e-02 9.975639482489978560e-01 5.349365384690563108e-02
7.141771622009867038e-01 -6.975635620361351208e-01 -5.793149324853104354e-02 3.705983652198719280e+00 6.991062168375126173e-01 7.149522350821615468e-01 9.684995103897472285e-03 1.544893484433333741e+00 3.466235089670717529e-02 -4.741706939996039039e-02 9.982735812190127733e-01 1.421782764827485002e-01
7.233547396173893862e-01 -6.879153753183229192e-01 -5.941680800673886098e-02 3.795435388901887475e+00 6.896346656829139832e-01 7.240410263852554706e-01 1.298537636732737671e-02 1.626932739810622142e+00 3.408736659635518140e-02 -5.036892406669513794e-02 9.981487979890018014e-01 1.645249657561958234e-01
7.300291406372543257e-01 -6.810190919175440616e-01 -5.718785066983954335e-02 4.015971933631665713e+00 6.830878513549940578e-01 7.297123118194425162e-01 3.018160549643671142e-02 1.711569529521708155e+00 2.117642915247678823e-02 -6.109777756128725867e-02 9.979071201396558788e-01 1.101311424546699280e-01
7.192971031360996248e-01 -6.935754685423298760e-01 -3.955688127624247541e-02 4.135730018109015305e+00 6.946683556140083038e-01 7.175294908453023757e-01 5.086556276903581031e-02 1.815842977416620041e+00 -6.895877648632964957e-03 -6.406636561854081591e-02 9.979218144062622642e-01 7.404655493967841895e-03
7.112442055664343066e-01 -7.026971829411696735e-01 -1.866411355291600072e-02 4.136044840747631568e+00 7.023818992708330544e-01 7.093613571522308092e-01 5.887386989015391120e-02 1.864024511636726888e+00 -2.813090160071624740e-02 -5.498303434414777285e-02 9.980909368937487258e-01 1.288356425347346457e-02
6.926457557803231690e-01 -7.210821434204873759e-01 -1.680474455684024399e-02 4.176832504043435534e+00 7.206737816402192243e-01 6.909243270858294039e-01 5.703397844600557876e-02 1.948589138587299985e+00 -2.951537660085946924e-02 -5.161508191516814281e-02 9.982307978934530368e-01 8.168464301333744348e-02
6.642709958031032258e-01 -7.468762216918116703e-01 -3.033073698605649043e-02 4.326189506572049481e+00 7.471363118482234889e-01 6.621569114353034191e-01 5.775427392231442802e-02 2.053446970783100678e+00 -2.305158676940843865e-02 -6.102568401766175765e-02 9.978699766189926823e-01 1.201268836290060316e-01
6.478008864825359758e-01 -7.610145934526401090e-01 -3.479655190609478449e-02 4.393222545654579037e+00 7.612821275226727691e-01 6.449770355357619112e-01 6.673938826550190884e-02 2.119652548176089280e+00 -2.834667153288954883e-02 -6.972382794721923571e-02 9.971635041603723604e-01 7.718921378686360857e-02
6.399106888925059078e-01 -7.682100493656658369e-01 -1.917368756186345335e-02 4.508704125671484597e+00 7.669719010385787072e-01 6.369351327766233917e-01 7.789569726303201269e-02 2.196035065062707847e+00 -4.762786220677378557e-02 -6.455196889659105264e-02 9.967771215538537843e-01 8.381494112795702389e-02
6.352561910314024063e-01 -7.722933520536261476e-01 -3.542616271679514123e-03 4.579554431596273290e+00 7.704776911357615887e-01 6.334343120345008460e-01 7.158980234282527610e-02 2.294380460757650120e+00 -5.304431372334351968e-02 -4.820737195857777158e-02 9.974278671014094044e-01 8.616209520213399808e-02
6.422156256350519676e-01 -7.664541256108569067e-01 1.035198165936524958e-02 4.634055792244068606e+00 7.651838987928866187e-01 6.418325988443158714e-01 5.044319665593229030e-02 2.385517256491275440e+00 -4.530663547755817144e-02 -2.447423941307595718e-02 9.986732801005817617e-01 1.079786023474159640e-01
6.490342729638038932e-01 -7.604057338208117800e-01 2.318690343231315926e-02 4.709137204724896719e+00 7.594622108948719807e-01 6.494057246841292708e-01 3.859216203005523538e-02 2.486386078476621631e+00 -4.440340911483806746e-02 -7.438058880767768610e-03 9.989859921635870776e-01 1.373628281784356198e-01
6.733503043406501298e-01 -7.387389950985799869e-01 2.939497856937423742e-02 4.778814154103457668e+00 7.371007014576128613e-01 6.738757840095970231e-01 5.073444230644616471e-02 2.561204573698734333e+00 -5.728807515573328818e-02 -1.249499284478143568e-02 9.982794957319116591e-01 1.238416969479934904e-01
6.904297822001539409e-01 -7.230324890310042552e-01 2.303770076805970735e-02 4.936183731740389824e+00 7.206657502329916198e-01 6.902378039539820431e-01 6.490493381788151050e-02 2.672286806098261636e+00 -6.282986783502997330e-02 -2.820981741193843290e-02 9.976254878006163285e-01 8.098892605515388421e-02
6.823852383494498630e-01 -7.308152376627706781e-01 1.610822406947973531e-02 5.086294755951078272e+00 7.287634634074079409e-01 6.818586677207832958e-01 6.302834010568561518e-02 2.778098617324044728e+00 -5.704560355718987785e-02 -3.127052372357184279e-02 9.978817332033137477e-01 3.392770420320866120e-02
6.618260041715857689e-01 -7.494736408110242998e-01 1.660126295617961323e-02 5.105302952274971773e+00 7.477027688793100868e-01 6.615365899506081560e-01 5.753181351855864156e-02 2.844309601656692443e+00 -5.410092062511945299e-02 -2.566323997450347880e-02 9.982056343767679030e-01 5.722665319369494435e-02
6.416071835677495949e-01 -7.667946659408468868e-01 1.913536722734462264e-02 5.095546164432534830e+00 7.651502400022076600e-01 6.415798238216467997e-01 5.404109445180359239e-02 2.948497476295880659e+00 -5.371528850173076103e-02 -2.003172358160732955e-02 9.983553464731512728e-01 1.135419925660212936e-01
6.129901205143686305e-01 -7.900307902641801050e-01 9.719186505832009410e-03 5.203774964360775357e+00 7.881331891301917025e-01 6.122905853454154723e-01 6.281970462237314312e-02 3.059751665431636347e+00 -5.558046728171295303e-02 -3.084784485055304740e-02 9.979775659426531886e-01 1.285690053826136769e-01
5.951314841987895843e-01 -8.036108749853649869e-01 5.298879183552138161e-03 5.277751861656579280e+00 8.002275365433662024e-01 5.932060785877757425e-01 8.799112503115877337e-02 3.112783026623368698e+00 -7.385395231862151855e-02 -4.812597980061994463e-02 9.961071648146845314e-01 8.948315752848584603e-02
5.955146238176003415e-01 -8.033388029920958129e-01 3.016691334673471392e-03 5.351751276169656180e+00 7.992581918155623466e-01 5.928595859170858740e-01 9.850814282047704040e-02 3.179168156523321187e+00 -8.092388791389060199e-02 -5.625192435329004481e-02 9.951316723788122820e-01 6.902920205106231888e-02
6.011930153243323360e-01 -7.990614494980042837e-01 -8.231540037294263895e-03 5.453758681919152806e+00 7.964615160575411190e-01 5.983363080057331196e-01 8.742262842875164752e-02 3.296770779927730821e+00 -6.493082291608769097e-02 -5.911397845025163217e-02 9.961373026783119089e-01 9.142622059173199922e-02
6.128843242567800775e-01 -7.899701482023316901e-01 -1.788770609933310052e-02 5.510462890181020867e+00 7.889601402027034416e-01 6.105334397914761180e-01 6.921572124682705274e-02 3.424629692324232089e+00 -4.375731083648244646e-02 -5.653391765634184496e-02 9.974413335644284340e-01 1.033479600930857500e-01
6.380021413767764660e-01 -7.697609952215054285e-01 -2.052505381833177184e-02 5.607043318063199777e+00 7.694769629422655299e-01 6.362994026830960381e-01 5.502975237344411713e-02 3.479997192162306519e+00 -2.929967746913243742e-02 -5.090265593004757866e-02 9.982737342630386701e-01 1.142860975539633506e-01
6.527130240715981468e-01 -7.574242455414966768e-01 -1.655960365479880111e-02 5.688632439299365906e+00 7.570208885517931696e-01 6.511954195587170702e-01 5.351541686280890386e-02 3.579219580982621274e+00 -2.975033619243895242e-02 -4.746617544779750675e-02 9.984297069322385365e-01 1.092374620270222807e-01
6.799028091469656587e-01 -7.332613936611489525e-01 -7.739423762433896015e-03 5.738656930533545975e+00 7.320478337518518952e-01 6.780848824127576613e-01 6.562668163557944245e-02 3.660604972928912293e+00 -4.287352578556900828e-02 -5.028539359880139503e-02 9.978142311960316313e-01 1.451903574994494184e-01
6.867162261290238323e-01 -7.269255917571376679e-01 -9.391297339525137011e-05 5.858459114249705557e+00 7.248314022258383060e-01 6.847280643150335244e-01 7.594021521376115302e-02 3.784345879599924078e+00 -5.513858103394071730e-02 -5.221744907521322365e-02 9.971123682382246889e-01 1.214138764665417536e-01
6.852802893053699940e-01 -7.282749779336363805e-01 2.545899705390111678e-03 5.927659107674834615e+00 7.262280431527927682e-01 6.836080435902456287e-01 7.261454452919521851e-02 3.866872666176422779e+00 -5.462375333143941469e-02 -4.791241232163584440e-02 9.973568299848893925e-01 8.550600817197250014e-02
6.752884986682833324e-01 -7.375524276579267235e-01 1.363826321309581646e-03 5.972655700067104334e+00 7.363984141075744505e-01 6.743330572794703492e-01 5.470195206729017157e-02 3.924115280514806070e+00 -4.126523071770431261e-02 -3.593527954561423488e-02 9.985017959011356359e-01 8.338264726974270458e-02
6.655113042094376041e-01 -7.463657618723301690e-01 -5.731795023344705108e-03 6.041265423962980385e+00 7.461668278948886401e-01 6.651078457256375254e-01 2.943838486536550295e-02 3.995880175249668209e+00 -1.815954070821166472e-02 -2.386845321628159114e-02 9.995501628344267697e-01 1.311408434031125503e-01
6.285394495936627024e-01 -7.776802165469247630e-01 -1.231426392538051764e-02 6.090859474541913343e+00 7.777775044955439476e-01 6.284490997918633637e-01 1.067157305558827894e-02 4.103691949106139880e+00 -5.601831662614140464e-04 -1.628526212023997943e-02 9.998672294022318274e-01 1.593117689260317160e-01
6.304723641758407382e-01 -7.762093833341092708e-01 1.895055304711429356e-03 6.103948181710593168e+00 7.760753642394118135e-01 6.304055064174094447e-01 1.720251432999958530e-02 4.159109035208961025e+00 -1.454740633894075971e-02 -9.375004143545867183e-03 9.998502299175203722e-01 1.966057908910223140e-01
6.346771167655633761e-01 -7.727101771433106947e-01 1.019507691510425883e-02 6.272114828268253284e+00 7.721127814495423181e-01 6.346231067918832736e-01 3.309629961293589911e-02 4.274586492463972931e+00 -3.204387892254545456e-02 -1.313371481993421720e-02 9.994001677799668748e-01 1.597142565660814584e-01
6.473300816765286125e-01 -7.621960594653918175e-01 4.575182191737470205e-03 6.371652351353129795e+00 7.616859964526445648e-01 6.470960728592134448e-01 3.318305739568695734e-02 4.382944434101216480e+00 -2.825257801689524950e-02 -1.799553904756102593e-02 9.994388187426916925e-01 9.063387726258456678e-02
6.643638287014490551e-01 -7.474059689415708529e-01 -2.240692674929678843e-03 6.440082986130885701e+00 7.473269707799332640e-01 6.642431334930656295e-01 1.683622143482159036e-02 4.484838904352435485e+00 -1.109512767121742169e-02 -1.285990660250746140e-02 9.998557500680456123e-01 7.194081344616798379e-02
6.770340881060209481e-01 -7.359379085106223517e-01 -4.498706420700587967e-03 6.487300313707577537e+00 7.359481290528016029e-01 6.770371233451824011e-01 1.041612289323484361e-03 4.555421623477129422e+00 2.279229284161942912e-03 -4.016021599934572334e-03 9.999893382853534129e-01 1.140428692184831116e-01
6.988988000344582563e-01 -7.152172892762730383e-01 -2.167124983541626488e-03 6.542594711481071634e+00 7.151949790182797750e-01 6.988962154641035207e-01 -6.342081440320049800e-03 4.660582388936356679e+00 6.050561745550018730e-03 2.882556201226447491e-03 9.999775405339411671e-01 1.718311290786948553e-01
7.029767987905439774e-01 -7.111847405148585821e-01 6.315474725808394030e-03 6.683327828426820716e+00 7.112113978010952131e-01 7.029652305665169409e-01 -4.269924165124847418e-03 4.785751572544136856e+00 -1.402854237372468723e-03 7.493295228197527358e-03 9.999709408410885070e-01 1.817223416891674548e-01
6.985267539882042964e-01 -7.154353449638898299e-01 1.458221996482743713e-02 6.743308070295881862e+00 7.155575024182802002e-01 6.985310657108956267e-01 -5.640121427197082073e-03 4.856615037651352829e+00 -6.150991433556639125e-03 1.437419261038519816e-02 9.998777664750746474e-01 1.503418624245828616e-01
6.927972649149654050e-01 -7.210728525664105160e-01 9.267740721612280352e-03 6.831156382610575228e+00 7.211304274130265757e-01 6.927080273364112362e-01 -1.124702284177299220e-02 4.924037736494515372e+00 1.690084450263455110e-03 1.447515649094584418e-02 9.998938010904525608e-01 1.425802845238444694e-01
6.872666080249507647e-01 -7.264045206081399808e-01 -1.040160534141221530e-03 6.881501726822764731e+00 7.263941247134899637e-01 6.872632935707435609e-01 -4.554216948794863676e-03 5.028141084400806982e+00 4.023067933970999460e-03 2.374394733848957887e-03 9.999890885274931307e-01 1.832582978896319381e-01
6.776353614235488543e-01 -7.353622699135173857e-01 -7.255958655861940998e-03 7.014139140100192904e+00 7.353049244255036587e-01 6.773595222789539072e-01 2.259968348521094669e-02 5.137415675458365527e+00 -1.170406185820126524e-02 -2.064968681764187478e-02 9.997182629973070389e-01 1.693500445477993388e-01
6.699477847159450716e-01 -7.423415415019961605e-01 -9.949950484190936417e-03 7.087885465172656829e+00 7.417031359680851255e-01 6.686674358478416069e-01 5.253873172984679929e-02 5.232987868191744774e+00 -3.234847522381736201e-02 -4.257811641104777833e-02 9.985693166493657680e-01 1.458176441561861159e-01
6.737429084161188353e-01 -7.388289078933872878e-01 -1.422456396709125166e-02 7.169180245094303849e+00 7.377044319467579436e-01 6.713439898918036608e-01 7.134015925315095874e-02 5.295600312263481158e+00 -4.315859642180763789e-02 -5.855845026312039153e-02 9.973506121007201797e-01 1.337751171691212160e-01
6.663820816965968508e-01 -7.451866619658069624e-01 -2.513483682000476269e-02 7.294594294462801720e+00 7.449376174515689453e-01 6.639705838403500149e-01 6.489229461411183397e-02 5.400804331502748745e+00 -3.166808013268122141e-02 -6.196694782674902480e-02 9.975756763663331528e-01 1.007997355699973008e-01
6.708272760483877661e-01 -7.413010851100888532e-01 -2.152828195897424357e-02 7.307445654901533416e+00 7.414068747699728013e-01 6.696722275185589268e-01 4.306917382715270970e-02 5.492048579721456214e+00 -1.751033275874945561e-02 -4.485319280649324725e-02 9.988401170065914769e-01 1.156862213765395553e-01
6.879483905580672243e-01 -7.255896633750311686e-01 -1.570516895400284746e-02 7.374936176777331376e+00 7.257135642569438883e-01 6.874999035026867489e-01 2.614775969904581734e-02 5.602970387553117604e+00 -8.175242017671514524e-03 -2.938576334052456565e-02 9.995347129193898894e-01 1.913356132942348187e-01
7.163959408120320616e-01 -6.974727562250725432e-01 -1.756730804204544721e-02 7.447711860121566829e+00 6.976803981083107287e-01 7.159979261584933363e-01 2.426997800093372293e-02 5.703355694567466827e+00 -4.349492323541157349e-03 -2.964328019193183256e-02 9.995510781625870367e-01 2.775587008743555795e-01
7.233355949201119017e-01 -6.900561947766882254e-01 -2.465897751094062867e-02 7.629408118437777553e+00 6.903906670170546489e-01 7.221375882355461906e-01 4.333624987346289953e-02 5.796136762249009422e+00 -1.209727313546830364e-02 -4.837098001556475874e-02 9.987561785916618806e-01 2.748470258418195256e-01
7.163858080819651697e-01 -6.971786750599423543e-01 -2.707894053343250576e-02 7.684723339071398485e+00 6.973905777975776266e-01 7.143602354609150940e-01 5.775669650687085405e-02 5.876695537589709417e+00 -2.092261881100445156e-02 -6.026067568397622948e-02 9.979633735704933617e-01 1.559128080650207804e-01
7.133467381474796198e-01 -7.003215229641912565e-01 -2.619533636865246234e-02 7.766436645814420281e+00 7.005972528086841233e-01 7.117068578967313819e-01 5.135014877959566404e-02 5.947249842804717801e+00 -1.731821385928262319e-02 -5.498284183158967664e-02 9.983371006693313454e-01 1.130250336212206691e-01
7.010868106556532586e-01 -7.126029026647475728e-01 -2.596896298392823571e-02 7.796727773665646843e+00 7.130142740155418490e-01 7.000822499297120194e-01 3.867154488046835314e-02 6.063520693726998978e+00 -9.377045098221910291e-03 -4.562835135229657835e-02 9.989144731047284731e-01 1.776490232107308387e-01
6.954679934813772224e-01 -7.177503629056892764e-01 -3.403948577370633638e-02 7.886495747735601469e+00 7.185228781066398396e-01 6.941919801412672619e-01 4.268920642149689332e-02 6.161473067443693274e+00 -7.010255368945575438e-03 -5.414712602066427266e-02 9.985083600367923307e-01 2.890480308763586081e-01
6.872205722916380211e-01 -7.254207557774685622e-01 -3.863433843616130570e-02 7.993709801740820353e+00 7.262749448173837497e-01 6.849202616953472544e-01 5.838612548956399056e-02 6.229857064116419707e+00 -1.589306608743541044e-02 -6.818329858860874837e-02 9.975462135880808212e-01 2.605868999320880564e-01
6.881044483725821115e-01 -7.249662947594424089e-01 -3.059639836042508249e-02 8.121737736068679325e+00 7.250200677885052514e-01 6.852295978148745803e-01 6.932748071592063910e-02 6.280932217478318869e+00 -2.929452907652990712e-02 -6.988755068844891560e-02 9.971246465838430328e-01 1.667640572849192759e-01
6.877618884783858189e-01 -7.256396856372592241e-01 -2.075165981082450345e-02 8.215505748996731583e+00 7.255384713439877453e-01 6.861577068082189701e-01 5.274019328288201414e-02 6.381668382574869902e+00 -2.403146596597916657e-02 -5.132882246794608083e-02 9.983926284922080008e-01 1.304240539176240721e-01
6.966829795372996292e-01 -7.172135572641408219e-01 -1.541231000037348968e-02 8.252649587605827008e+00 7.173657102695188970e-01 6.963776966241856936e-01 2.108414982640291133e-02 6.451973487041129829e+00 -4.389049161166556565e-03 -2.574523103238115715e-02 9.996589014891780201e-01 1.816793414872361345e-01
7.068992595230854104e-01 -7.071966198360253308e-01 -1.289875103310014412e-02 8.349918990024264076e+00 7.071656362698295339e-01 7.070070123104930104e-01 -7.605749330450325280e-03 6.548789859647696332e+00 1.449826764826360123e-02 -3.745054911594845881e-03 9.998878811141319600e-01 2.644951781154435411e-01
7.349545119607340249e-01 -6.779582790532004966e-01 -1.464367480457754236e-02 8.412927941242591245e+00 6.780618695888745995e-01 7.349979080105895068e-01 3.190020328628621719e-03 6.618995866997064326e+00 8.600369654810088166e-03 -1.227383734941541252e-02 9.998876869721522453e-01 2.725235153992292547e-01
