1.000000000000000000e+00 0.000000000000000000e+00 0.000000000000000000e+00 0.000000000000000000e+00 0.000000000000000000e+00 1.000000000000000000e+00 0.000000000000000000e+00 0.000000000000000000e+00 0.000000000000000000e+00 0.000000000000000000e+00 1.000000000000000000e+00 0.000000000000000000e+00
9.999985869211177603e-01 -1.657619456682657985e-03 -2.800955273911657399e-04 1.276326907141604738e-02 1.657780389611018335e-03 9.999984603886982182e-01 5.753124480458879581e-04 -4.905845392962731449e-02 2.791414470453735955e-04 -5.757759719565437280e-04 9.999997952810203428e-01 -1.389142266222604880e-02
9.999938537152848195e-01 -3.500404326115638329e-03 -1.992516181246480175e-04 1.467613637834402733e-02 3.500469352857281564e-03 9.999938198908508991e-01 3.269471122891031041e-04 -9.670137686020374712e-02 1.981059396416320689e-04 -3.276425769618167066e-04 9.999999267021865146e-01 -2.140003327862247118e-02
9.999945072194145190e-01 -3.302170196014548448e-03 -2.849613954150228526e-04 1.341154193498772171e-02 3.302281037982691438e-03 9.999944716455313465e-01 3.893819728367831946e-04 -1.049144155182955007e-01 2.836740145018521743e-04 -3.903208566596786224e-04 9.999998835893344484e-01 -1.877904804737099906e-02
9.999979811770308702e-01 -1.997447103655748766e-03 2.187394128312953744e-04 -2.121991859536852959e-02 1.997463412672683455e-03 9.999980023028073317e-01 -7.436605126705616480e-05 -6.664973574421798053e-02 -2.185904336024707207e-04 7.480282510920375984e-05 9.999999733113794642e-01 -1.193619816387402055e-03
9.999994796685521825e-01 -8.636062377312261418e-04 5.429980581317524983e-04 -5.859603986706305584e-02 8.636471491242928228e-04 9.999996242357060972e-01 -7.511357006230124842e-05 -2.199343960600119718e-02 -5.429329855448266143e-04 7.558248970323409508e-05 9.999998497555189214e-01 1.063915202959711190e-02
9.999982976737452622e-01 1.558037474628798900e-03 9.885185072642430591e-04 -9.527043213137807720e-02 -1.558108810429454771e-03 9.999987835988655149e-01 7.139834930063534177e-05 2.103020444368127601e-02 -9.884060635253722957e-04 -7.293844715279177533e-05 9.999995088665976084e-01 1.885774515189480097e-02
9.999993362540732234e-01 5.992892821708974615e-04 9.840445971809473787e-04 -4.937920798156220092e-02 -6.004357529931172608e-04 9.999991409181885338e-01 1.165178008437163298e-03 -8.122905060593058058e-03 -9.833454731138545693e-04 -1.165768090613693601e-03 9.999988370075434396e-01 2.285352865552079532e-02
9.999987171928096386e-01 -1.501866331377229614e-03 5.567856478928905582e-04 -4.434610893257744796e-02 1.501168983035785793e-03 9.999980910396170097e-01 1.250763289458730427e-03 -1.449144326058402280e-02 -5.586630642841075925e-04 -1.249925855625772962e-03 9.999990627900288143e-01 1.810848619494018208e-02
9.999969030564415107e-01 -2.416405646147736820e-03 5.957023410387507706e-04 -7.649852019600941744e-02 2.415988063078525032e-03 9.999968359925417438e-01 7.007186200863301786e-04 -1.030135188627240815e-02 -5.973936766620382413e-04 -6.992772402552158888e-04 9.999995770659787508e-01 1.694265195553663894e-02
9.999993786939483931e-01 -6.845399048926246576e-04 8.797822661405294963e-04 -7.524784408041411410e-02 6.841122361959425368e-04 9.999996477433076292e-01 4.863164699473161798e-04 -4.676532207099598493e-03 -8.801148592614239322e-04 -4.857142979824954953e-04 9.999994947395999256e-01 2.530050134899460013e-02
9.999998448590261546e-01 1.654154570188110884e-04 5.319019178482320854e-04 -3.583899542233036362e-02 -1.656071939609132370e-04 9.999999213248769170e-01 3.604504087856114330e-04 6.181889216842975307e-03 -5.318422519316812810e-04 -3.605384396490612258e-04 9.999997935779050273e-01 1.130435918378540697e-02
9.999999666039079971e-01 -2.508463037435861541e-04 6.219577727704633915e-05 -7.190623689713757614e-03 2.508143159992928415e-04 9.999998365596808325e-01 5.137828243392319203e-04 1.161829038967547578e-03 -6.232464763416109739e-05 -5.137672075895576744e-04 9.999998660794383598e-01 -3.874262355047125225e-03
9.999996264263293355e-01 -8.623396810683927076e-04 5.930831513595901717e-05 -8.308374686410473914e-03 8.623138136201207891e-04 9.999995336803145785e-01 4.348034500839398353e-04 -3.122665632400506690e-03 -5.968323574779698000e-05 -4.347521452734146637e-04 9.999999037142371927e-01 -7.394819868154772421e-03
9.999995571006959905e-01 -9.398610403814864093e-04 4.959472388149515113e-05 -1.030060178002957169e-02 9.398481343327029112e-04 9.999995246426406359e-01 2.596150557578029297e-04 -9.347956187625797858e-03 -4.983870238268138780e-05 -2.595683292657626103e-04 9.999999650701925091e-01 -3.318607803882505161e-03
9.999999438330943180e-01 -3.443732352351620694e-05 3.333884805400703010e-04 -1.689299518024060809e-02 3.447045109892484985e-05 9.999999944695847631e-01 -9.936105083505559273e-05 -1.504056291620948019e-02 -3.333850569676403020e-04 9.937253730556821205e-05 9.999999394897495231e-01 6.590732976547034397e-03
9.999999551352521943e-01 -2.670566294731932955e-04 1.356843772296949745e-04 1.307501775381441841e-02 2.670826465406143154e-04 9.999999459465129803e-01 -1.917650410366615273e-04 -3.000784099406738140e-02 -1.356331577699712077e-04 1.918012713757360262e-04 9.999999724079590147e-01 2.217993165962082319e-03
9.999997527950511556e-01 -6.477036563316178677e-04 -2.736600265715301381e-04 3.897629758408036049e-02 6.477289088526036118e-04 9.999997859733320560e-01 9.219843089809099908e-05 -3.554966718003932380e-02 2.736002507401858125e-04 -9.237566561659035097e-05 9.999999583048186924e-01 -1.138968967883810003e-02
9.999997633550562481e-01 -5.527170612982009856e-04 -4.096262706097604685e-04 2.914253690179623157e-02 5.525763814729655644e-04 9.999997883444415869e-01 -3.434682150498352920e-04 -6.212659981932251718e-02 4.098160246525550839e-04 3.432417839674490527e-04 9.999998571179415929e-01 -2.949021665447905741e-02
9.999900452668882833e-01 4.455206011019211335e-03 -2.459807435098783661e-04 1.563561587540147207e-02 -4.455340564419473307e-03 9.999899241109065917e-01 -5.491967938180687377e-04 -7.666416217293478552e-02 2.435314801781369000e-04 5.502872546951860554e-04 9.999998189381613667e-01 -2.315080996521067663e-02
9.999822173014326632e-01 5.961639255242500227e-03 -1.547200720411619993e-04 -5.402714174141540898e-03 -5.961708069195296653e-03 9.999821284257131015e-01 -4.481808543802125286e-04 -6.680881481574012237e-02 1.520454143749796539e-04 4.490952804171297248e-04 9.999998875978042268e-01 -1.647724546333269313e-02
9.999855427237803740e-01 5.377061567021696777e-03 -3.939962932454820963e-05 -1.018201454632417999e-02 -5.377067675892664884e-03 9.999855312021576070e-01 -1.566191162746987308e-04 -7.904130676087388341e-02 3.855690862849486084e-05 1.568287064621566476e-04 9.999999869590607826e-01 -9.521681157632596801e-03
9.999906914475190645e-01 4.309432025225406158e-03 -2.140418948399100624e-04 2.506996833343751521e-02 -4.309416396757816646e-03 9.999907117265157686e-01 7.342353738763710718e-05 -8.716802651972098415e-02 2.143563205036773281e-04 -7.250045826956978039e-05 9.999999743975254152e-01 -1.300125663441206031e-02
9.999874348005054481e-01 5.003103751450560695e-03 -3.149507217528748444e-04 3.746736261462031703e-02 -5.003127149989139606e-03 9.999874815762984648e-01 -7.354871358055852838e-05 -7.438573480755937550e-02 3.145788072214655970e-04 7.512352793321031019e-05 9.999999476983134628e-01 -1.902931847607764598e-02
9.999821292041062293e-01 5.964586382692219947e-03 -4.061794007983128346e-04 6.875354681262012269e-02 -5.964736173890605904e-03 9.999821428785409250e-01 -3.685734895889862918e-04 -7.262581591695715932e-02 4.039737591863948101e-04 3.709896558524129143e-04 9.999998495859272474e-01 -2.408282294989041658e-02
9.999325744442222330e-01 1.160279192870209211e-02 -4.709403456051253429e-04 1.076105209054913497e-01 -1.160286818255864411e-02 9.999326717366484596e-01 -1.595103329277353706e-04 -7.787417209963354292e-02 4.690578728060750728e-04 1.649638366067903133e-04 9.999998763858146678e-01 -3.331877624978710206e-02
9.999101617156825883e-01 1.339095278234954042e-02 -5.923523431156923081e-04 7.756765024617867654e-02 -1.339084628414377587e-02 9.999103217806848409e-01 1.833909535376439086e-04 -3.428001899127747915e-02 5.947550016118872528e-04 -1.754423788363041424e-04 9.999998077432113996e-01 -5.496479060204252642e-02
9.999348187502620222e-01 1.139317814680652040e-02 -7.441388282737968624e-04 7.463013988638605989e-02 -1.139329577555219485e-02 9.999350824365097479e-01 -1.540261705706337948e-04 -2.125594524645788713e-02 7.423356729935851224e-04 1.624943247209398409e-04 9.999997112666297872e-01 -6.490270327075858825e-02
9.999567361261595400e-01 9.265171818826672262e-03 -8.261156611824811485e-04 9.629684348572309371e-02 -9.265276078002752935e-03 9.999570689090557796e-01 -1.224663560645668583e-04 -1.657776741671464216e-02 8.249455233049367070e-04 1.301152473688058423e-04 9.999996512673922089e-01 -6.220687491338456471e-02
9.999981224560723359e-01 -1.785043984475598311e-03 -7.541235334816372192e-04 1.308033747951528047e-01 1.785531946595468166e-03 9.999981967082866019e-01 6.468816295639388250e-04 -2.706169108085866234e-03 7.529674614153975378e-04 -6.482269266759741388e-04 9.999995064208049289e-01 -4.673199804624181275e-02
9.997164019283564240e-01 -2.380527765877090904e-02 -6.515143971836202591e-04 1.690635298744400383e-01 2.380580680969255139e-02 9.997162679049192979e-01 8.168527401647237467e-04 4.773115036135046341e-02 6.318841353527830012e-04 -8.321309081758828481e-04 9.999994541401465709e-01 -2.810638853641637264e-02
9.986161437576412947e-01 -5.258300838711756076e-02 -9.081054884456689824e-04 1.929976969288938193e-01 5.258448017133175723e-02 9.986150643549864814e-01 1.680978404712473676e-03 7.406060135327560690e-02 8.184569192317285623e-04 -1.726404427304491229e-03 9.999981748263467862e-01 -3.069013411824113996e-02
9.978499525966202377e-01 -6.552337913080769072e-02 -1.469316236605202036e-03 2.156164478909585180e-01 6.552725472864326384e-02 9.978469459815302312e-01 2.766095273220247307e-03 2.599717400091258734e-02 1.284908810078430955e-03 -2.856428296573519481e-03 9.999950949013381996e-01 -6.059445170512554185e-02
9.974574774950217826e-01 -7.125231085183587887e-02 -1.299533586116721198e-03 2.567991992893938757e-01 7.125425491007043866e-02 9.974570322349485263e-01 1.516575833782680309e-03 -3.559213737851387588e-02 1.188169381358558869e-03 -1.605317203004140393e-03 9.999980056031106956e-01 -4.183511631907552847e-02
9.969222964676129894e-01 -7.839013178728226894e-02 -9.602312811545207554e-04 2.752284031283954158e-01 7.838914462907328740e-02 9.969223086988516780e-01 -1.025876636639398752e-03 -7.000663438113577386e-02 1.037694590437077298e-03 9.474475837152383870e-04 9.999990127660192130e-01 -3.510780393145552375e-03
9.968692709944492192e-01 -7.903788196494285212e-02 -2.160963093397489515e-03 3.094621236897623362e-01 7.903092905275510560e-02 9.968672406505844075e-01 -3.133172632995791240e-03 -1.823522179390025810e-01 2.401832644805416972e-03 2.952580597634354119e-03 9.999927567076477564e-01 -4.053458582792669740e-02
9.964445775310520892e-01 -8.400981444964110423e-02 -6.368279602843074198e-03 3.811755030698263380e-01 8.382531347373377295e-02 9.961629452602617230e-01 -2.515359440380293340e-02 -1.797552259457969037e-01 8.456992964014021369e-03 2.453033971508814318e-02 9.996633141730614236e-01 -8.815416366637880696e-02
9.959397800996475647e-01 -8.954596320016605659e-02 -9.245263090914139156e-03 3.847165364163390722e-01 8.886451808513215478e-02 9.943519235523576860e-01 -5.802886827453569013e-02 -7.559197884189874928e-02 1.438929604125694685e-02 5.697168245962814376e-02 9.982720949506483921e-01 -2.897468383894732935e-02
9.987474625814191098e-01 -4.896062140574140853e-02 -1.031327003139656008e-02 4.523744879174610989e-01 4.818831181625675419e-02 9.967125333522196540e-01 -6.513073362783146358e-02 -5.422575436424698081e-02 1.346820669116923809e-02 6.455217587474477992e-02 9.978234432996450076e-01 2.800616401870592923e-02
9.991719210672982410e-01 -3.982153568455020637e-02 -8.349697384267013717e-03 6.890996347800568689e-01 3.928718700878585518e-02 9.976254782277996780e-01 -5.656785419026130746e-02 -7.140475663373951898e-02 1.058248967027270934e-02 5.619297541933573892e-02 9.983638417059687020e-01 -6.812192613356027326e-04
9.982917540503745135e-01 -5.808973549270952247e-02 -6.257509521649088149e-03 7.668718286118254568e-01 5.773923207933778085e-02 9.972569582705855806e-01 -4.631134050951243170e-02 -2.155769800083155718e-02 8.930558432419377982e-03 4.587092555515617093e-02 9.989074548299249345e-01 -4.306230103978992557e-02
9.982066849599255942e-01 -5.986069870755603844e-02 3.329437775852429806e-04 7.388823865284704917e-01 5.984435938078166289e-02 9.977697751016411098e-01 -2.956566494980959400e-02 -7.646909977042490661e-03 1.437620123566383168e-03 2.953256920526470611e-02 9.995627847236593366e-01 -1.564292387231758230e-02
9.978178756719466858e-01 -6.601318805828036707e-02 1.321359869830913709e-03 7.534006708433347299e-01 6.601806330892369401e-02 9.978101345567300662e-01 -4.068254271684115624e-03 -1.882718318652041103e-02 -1.049907835208261590e-03 4.146610454605534866e-03 9.999908516157911542e-01 -2.857599177625710224e-02
9.955234144609039770e-01 -9.449673388081646086e-02 -1.870440044820325526e-03 8.650792134248425080e-01 9.450884510290134821e-02 9.954913412595559619e-01 8.066453654864354922e-03 2.311840011182219462e-02 1.099753344578113627e-03 -8.207116613551390660e-03 9.999657163020503337e-01 5.891493759478498571e-02
9.853614947181678074e-01 -1.698267074810696498e-01 -1.488671061441584030e-02 9.309224721295460414e-01 1.699584715345964780e-01 9.854181378143790360e-01 8.075371202944790772e-03 1.260873525723486266e-01 1.329822094875564818e-02 -1.048728242114169845e-02 9.998565768284055633e-01 1.530988031734685229e-01
9.733755087242270676e-01 -2.271970550986434079e-01 -3.035814833543186431e-02 9.634400889892831277e-01 2.275736472101966834e-01 9.737141339215467095e-01 9.540466281122830794e-03 1.402459530567650159e-01 2.739259227055786811e-02 -1.619517075909666232e-02 9.994935529220699832e-01 1.294776722265282842e-01
9.629758083529710300e-01 -2.666351575870358759e-01 -3.979051728086222678e-02 1.146426105131623796e+00 2.675402473069832809e-01 9.633516555603259812e-01 1.938565965081290310e-02 1.079937017953216533e-01 3.316336228219724652e-02 -2.931348610649180120e-02 9.990199752429499425e-01 2.429654415771760612e-02
9.574403487580375183e-01 -2.866289964952786207e-01 -3.393813398224846539e-02 1.355521858137867186e+00 2.876243551912992524e-01 9.572946874192768130e-01 2.931060797080889402e-02 1.244836402129875785e-01 2.408752521279061698e-02 -3.782459262092151275e-02 9.989940396830125913e-01 -1.075229864695443766e-01
9.534056096105687494e-01 -3.007412226457857329e-01 -2.392614813583204478e-02 1.441257867559883499e+00 3.012479346306997652e-01 9.533041944908405840e-01 2.146612789739497928e-02 1.496789058695859320e-01 1.635314782656452012e-02 -2.767362946358186554e-02 9.994832388732063366e-01 -1.513180105984967549e-01
9.498280106718460791e-01 -3.125778112547815679e-01 -1.103911474411050503e-02 1.379383865953421440e+00 3.125429975614673062e-01 9.498915176879179079e-01 -4.793672896291474757e-03 2.054515985801519395e-01 1.198435724000835798e-02 1.102966778346791028e-03 9.999275767003477089e-01 3.503445560710957696e-02
9.550132017708728993e-01 -2.957926095668410582e-01 -2.136624836007349967e-02 1.362451291382873464e+00 2.954526048657398762e-01 9.551935342774691140e-01 -1.769379418232532725e-02 2.298048733034800950e-01 2.564259583963738112e-02 1.058509329934529883e-02 9.996151324777197145e-01 2.081497590845276247e-01
9.600413245323929923e-01 -2.778978602419659993e-01 -3.306712057354221218e-02 1.603348581544376872e+00 2.778163990523404014e-01 9.606077639946912772e-01 -7.125459333278943291e-03 2.622463806815799603e-01 3.374468265785259685e-02 -2.345852948548238486e-03 9.994277329383374209e-01 1.965201610150641987e-01
9.554082558133365488e-01 -2.919304473622659768e-01 -4.440358799224945058e-02 1.902905997214805911e+00 2.928322000499978262e-01 9.560425032098737175e-01 1.523268427023198417e-02 3.489306681062763760e-01 3.800483308207307925e-02 -2.755623267186165654e-02 9.988975356378341219e-01 6.721108264199165960e-03
9.456965044699852108e-01 -3.227551781100914674e-01 -3.856444523617899578e-02 2.008985029702447189e+00 3.238668697674119690e-01 9.457140389172278283e-01 2.711470563960288738e-02 3.718228263412904910e-01 2.771952561479634758e-02 -3.813202850606312033e-02 9.988881700679528297e-01 -1.219702226933568195e-01
9.235604327392703539e-01 -3.824186711445732301e-01 -2.814404090514426374e-02 2.005331197851662584e+00 3.831370910790151130e-01 9.232890843511173395e-01 2.726235788749500899e-02 3.823642283768420858e-01 1.555945108164742338e-02 -3.596146101167353726e-02 9.992320435233968956e-01 -8.480164774100693026e-02
8.983146613083158316e-01 -4.389835574485364544e-01 -1.800570932658346682e-02 1.983190213496454524e+00 4.393206069168194006e-01 8.979895704947066237e-01 2.474137467825349504e-02 4.015750226311005644e-01 5.307882512204363003e-03 -3.013581876371991194e-02 9.995317197621478300e-01 5.448751266058537990e-02
8.577852829920846744e-01 -5.138572626559571033e-01 -1.245479417396559187e-02 2.096655439303751756e+00 5.139574624871737774e-01 8.571084410784408636e-01 3.482595276270768203e-02 4.755564355854404734e-01 -7.220459537630138577e-03 -3.627442415547957322e-02 9.993157814806358230e-01 9.239276601289070356e-02
8.335213140193455938e-01 -5.524660781070981352e-01 -4.842686901410046124e-03 2.209154950974331122e+00 5.519969142555397612e-01 8.323802631970989019e-01 4.942169657438346547e-02 5.124369459791289216e-01 -2.327285388227180729e-02 -4.386718569602956336e-02 9.987662610897929394e-01 1.300739658097195550e-02
8.116653053523158468e-01 -5.840942808397225905e-01 5.770890542987107408e-03 2.343154264343584092e+00 5.830317667902321643e-01 8.107132950427279328e-01 5.308401034608516145e-02 5.750709340701525285e-01 -3.568460453462100196e-02 -3.972183695764990030e-02 9.985733747040913544e-01 1.395181796263683660e-02
8.089235879386449390e-01 -5.878794346344118349e-01 6.356037318476139703e-03 2.400954443247965031e+00 5.869487272363203001e-01 8.081677342147292054e-01 4.853972568829223455e-02 6.455983781224836626e-01 -3.367225077319979665e-02 -3.553426104698484411e-02 9.988010291442993571e-01 6.580827847806137998e-02
8.050279836044720305e-01 -5.931667486395059141e-01 -9.118877242025549834e-03 2.536164837550398676e+00 5.932136843433329920e-01 8.047656510620664339e-01 2.120781880478840239e-02 7.210678498714579998e-01 -5.241213745538356519e-03 -2.248233037488435795e-02 9.997335017390325262e-01 6.489061641788780588e-02
8.073494773615257358e-01 -5.891857526365852360e-01 -3.235692034375010906e-02 2.564999501892704981e+00 5.894848893056151562e-01 8.077793222146837371e-01 -3.631566230367384157e-04 7.556964162723087686e-01 2.635121789249783575e-02 -1.878072129729704831e-02 9.994763117868954438e-01 5.210806531575585404e-02
8.330625192364087273e-01 -5.498191494043238592e-01 -6.087480588711486479e-02 2.676553226228645777e+00 5.496832843023526927e-01 8.351224421592495784e-01 -2.046444625563751535e-02 8.114945662077770461e-01 6.208966099172274350e-02 -1.641370007879800613e-02 9.979356013529411262e-01 9.783619593937152581e-02
8.332318517742092201e-01 -5.474721562813885667e-01 -7.745269062808102234e-02 2.925544532466190173e+00 5.482853694781962828e-01 8.362016784706195471e-01 -1.224363259316601539e-02 9.051927260839215394e-01 7.146911784176465665e-02 -3.226439244005104706e-02 9.969208464945420456e-01 1.741887759481666187e-01
8.340147194431438704e-01 -5.468247071074590071e-01 -7.349957448186791864e-02 2.992479138466519473e+00 5.485741859114885433e-01 8.360902546802357893e-01 4.410054453858201079e-03 9.482721538523091187e-01 5.904075121237495338e-02 -4.399801956429505445e-02 9.972854977240460661e-01 8.747202025020345273e-02
8.160502925040150624e-01 -5.731801441686544818e-01 -7.434004597060679675e-02 3.080532410954711420e+00 5.748762651403512836e-01 8.182384902930133208e-01 1.747221019465439867e-03 9.961368687518401543e-01 5.982641458747080254e-02 -4.416214820194838686e-02 9.972314198739413715e-01 -5.982865114871744466e-03
7.931609583527564622e-01 -6.041961702492407715e-01 -7.643743847806155900e-02 3.025340106813378949e+00 6.053285971545964150e-01 7.959128474707347634e-01 -1.000143479083381165e-02 1.036971034802024239e+00 6.688036791006238269e-02 -3.833701980041542140e-02 9.970242170083117861e-01 6.650582081279864111e-02
7.694816997062975394e-01 -6.324422081748832802e-01 -8.896497701896566301e-02 3.100875062436291962e+00 6.340058573483897675e-01 7.732183154006312398e-01 -1.303877206424645593e-02 1.097653103048008116e+00 7.703561945646150710e-02 -4.637122003880975174e-02 9.959494079957432744e-01 2.095584980013753262e-01
7.456778543599398290e-01 -6.575038028918617217e-01 -1.079503899941836181e-01 3.185998729563271237e+00 6.614136478285471687e-01 7.500211196296010518e-01 5.536927796228954812e-04 1.171276950930432825e+00 8.060101725965386488e-02 -7.181273767445109368e-02 9.941561279418889008e-01 2.008941376217344421e-01
7.419558188219157469e-01 -6.606749502542995645e-01 -1.140621454417699715e-01 3.398454942616877528e+00 6.672166915535001630e-01 7.442998704836927271e-01 2.897566755675957256e-02 1.232089550964895475e+00 6.575294235775426543e-02 -9.760283246113907185e-02 9.930509743547210055e-01 6.742634747393529138e-02
7.232781117755615607e-01 -6.834138491799034432e-01 -9.906706705806062052e-02 3.567364344880114668e+00 6.894085234710701782e-01 7.228762032000098925e-01 4.653904395856071907e-02 1.333016087620394252e+00 3.980779812821891306e-02 -1.019583522632947353e-01 9.939918679807883128e-01 -3.566888023950948172e-02
7.164020725289192981e-01 -6.933888104499857929e-01 -7.733064088071837927e-02 3.619109157656724474e+00 6.972594830187007764e-01 7.154335357533880835e-01 4.454289236118027379e-02 1.365797670925107177e+00 2.443939067904730630e-02 -8.583014308597661235e-02 9.960099912757289786e-01 -2.246388634401959294e-02
7.150472937375871307e-01 -6.961434002070525651e-01 -6.396666371412776386e-02 3.637494754758547000e+00 6.985788186019907808e-01 7.149917475841889303e-01 2.782867383032303771e-02 1.441600702483067709e+00 2.636288905260024060e-02 -6.458457427800470829e-02 9.975639482489978560e-01 5.349365384690581149e-02
7.141771622009867038e-01 -6.975635620361352318e-01 -5.793149324853110599e-02 3.705983652198715728e+00 6.991062168375127284e-01 7.149522350821615468e-01 9.684995103897503510e-03 1.544893484433336406e+00 3.466235089670719610e-02 -4.741706939996045284e-02 9.982735812190127733e-01 1.421782764827480561e-01
7.233547396173893862e-01 -6.879153753183230302e-01 -5.941680800673884016e-02 3.795435388901889695e+00 6.896346656829140942e-01 7.240410263852554706e-01 1.298537636732736283e-02 1.626932739810623918e+00 3.408736659635517446e-02 -5.036892406669511019e-02 9.981487979890018014e-01 1.645249657561954904e-01
7.300291406372543257e-01 -6.810190919175440616e-01 -5.718785066983951559e-02 4.015971933631667490e+00 6.830878513549940578e-01 7.297123118194425162e-01 3.018160549643669754e-02 1.711569529521708821e+00 2.117642915247676741e-02 -6.109777756128723092e-02 9.979071201396558788e-01 1.101311424546698170e-01
7.192971031360996248e-01 -6.935754685423299870e-01 -3.955688127624247541e-02 4.135730018109016193e+00 6.946683556140084148e-01 7.175294908453023757e-01 5.086556276903579643e-02 1.815842977416617599e+00 -6.895877648632958018e-03 -6.406636561854080203e-02 9.979218144062622642e-01 7.404655493967772506e-03
7.112442055664343066e-01 -7.026971829411696735e-01 -1.866411355291604235e-02 4.136044840747629792e+00 7.023818992708330544e-01 7.093613571522308092e-01 5.887386989015389732e-02 1.864024511636727999e+00 -2.813090160071621271e-02 -5.498303434414780061e-02 9.980909368937487258e-01 1.288356425347370049e-02
6.926457557803232801e-01 -7.210821434204872649e-01 -1.680474455684028215e-02 4.176832504043434646e+00 7.206737816402191132e-01 6.909243270858295149e-01 5.703397844600555794e-02 1.948589138587301539e+00 -2.951537660085942413e-02 -5.161508191516816363e-02 9.982307978934530368e-01 8.168464301333795696e-02
6.642709958031032258e-01 -7.468762216918116703e-01 -3.033073698605649390e-02 4.326189506572051258e+00 7.471363118482234889e-01 6.621569114353034191e-01 5.775427392231442802e-02 2.053446970783101122e+00 -2.305158676940843518e-02 -6.102568401766175765e-02 9.978699766189926823e-01 1.201268836290061842e-01
6.478008864825359758e-01 -7.610145934526401090e-01 -3.479655190609476367e-02 4.393222545654579925e+00 7.612821275226727691e-01 6.449770355357619112e-01 6.673938826550190884e-02 2.119652548176087947e+00 -2.834667153288956964e-02 -6.972382794721923571e-02 9.971635041603723604e-01 7.718921378686405266e-02
6.399106888925059078e-01 -7.682100493656658369e-01 -1.917368756186341866e-02 4.508704125671487262e+00 7.669719010385787072e-01 6.369351327766233917e-01 7.789569726303197106e-02 2.196035065062705183e+00 -4.762786220677377863e-02 -6.455196889659101100e-02 9.967771215538537843e-01 8.381494112795742635e-02
6.352561910314024063e-01 -7.722933520536261476e-01 -3.542616271679482898e-03 4.579554431596272401e+00 7.704776911357615887e-01 6.334343120345008460e-01 7.158980234282524835e-02 2.294380460757649232e+00 -5.304431372334351968e-02 -4.820737195857772994e-02 9.974278671014094044e-01 8.616209520213344297e-02
6.422156256350519676e-01 -7.664541256108569067e-01 1.035198165936524611e-02 4.634055792244065941e+00 7.651838987928866187e-01 6.418325988443158714e-01 5.044319665593229030e-02 2.385517256491275440e+00 -4.530663547755816450e-02 -2.447423941307596759e-02 9.986732801005817617e-01 1.079786023474156309e-01
6.490342729638038932e-01 -7.604057338208117800e-01 2.318690343231314538e-02 4.709137204724895831e+00 7.594622108948719807e-01 6.494057246841292708e-01 3.859216203005524232e-02 2.486386078476621631e+00 -4.440340911483806746e-02 -7.438058880767789427e-03 9.989859921635870776e-01 1.373628281784358696e-01
6.733503043406501298e-01 -7.387389950985799869e-01 2.939497856937423742e-02 4.778814154103459444e+00 7.371007014576128613e-01 6.738757840095970231e-01 5.073444230644616471e-02 2.561204573698733888e+00 -5.728807515573328818e-02 -1.249499284478143568e-02 9.982794957319116591e-01 1.238416969479937679e-01
6.904297822001539409e-01 -7.230324890310042552e-01 2.303770076805972816e-02 4.936183731740391600e+00 7.206657502329916198e-01 6.902378039539820431e-01 6.490493381788152438e-02 2.672286806098262080e+00 -6.282986783503000106e-02 -2.820981741193842596e-02 9.976254878006163285e-01 8.098892605515337073e-02
6.823852383494497520e-01 -7.308152376627707891e-01 1.610822406947972144e-02 5.086294755951078272e+00 7.287634634074080520e-01 6.818586677207831848e-01 6.302834010568564294e-02 2.778098617324047837e+00 -5.704560355718989173e-02 -3.127052372357187748e-02 9.978817332033137477e-01 3.392770420320828650e-02
6.618260041715857689e-01 -7.494736408110239667e-01 1.660126295617958894e-02 5.105302952274970885e+00 7.477027688793097537e-01 6.615365899506082670e-01 5.753181351855862768e-02 2.844309601656692887e+00 -5.410092062511942523e-02 -2.566323997450348574e-02 9.982056343767679030e-01 5.722665319369482639e-02
6.416071835677495949e-01 -7.667946659408468868e-01 1.913536722734460530e-02 5.095546164432534830e+00 7.651502400022076600e-01 6.415798238216467997e-01 5.404109445180361321e-02 2.948497476295881103e+00 -5.371528850173076797e-02 -2.003172358160735383e-02 9.983553464731512728e-01 1.135419925660216822e-01
6.129901205143688525e-01 -7.900307902641797719e-01 9.719186505832026757e-03 5.203774964360773581e+00 7.881331891301913695e-01 6.122905853454156944e-01 6.281970462237310149e-02 3.059751665431636347e+00 -5.558046728171293221e-02 -3.084784485055301617e-02 9.979775659426531886e-01 1.285690053826133439e-01
5.951314841987896953e-01 -8.036108749853648758e-01 5.298879183552138161e-03 5.277751861656581944e+00 8.002275365433660914e-01 5.932060785877758535e-01 8.799112503115874562e-02 3.112783026623367810e+00 -7.385395231862149079e-02 -4.812597980061993769e-02 9.961071648146845314e-01 8.948315752848626237e-02
5.955146238176003415e-01 -8.033388029920957019e-01 3.016691334673471392e-03 5.351751276169657068e+00 7.992581918155622356e-01 5.928595859170859850e-01 9.850814282047708204e-02 3.179168156523324296e+00 -8.092388791389062974e-02 -5.625192435329008644e-02 9.951316723788122820e-01 6.902920205106208296e-02
6.011930153243321140e-01 -7.990614494980043947e-01 -8.231540037294277773e-03 5.453758681919152806e+00 7.964615160575412300e-01 5.983363080057331196e-01 8.742262842875167528e-02 3.296770779927733486e+00 -6.493082291608771872e-02 -5.911397845025165299e-02 9.961373026783119089e-01 9.142622059173177718e-02
6.128843242567799665e-01 -7.899701482023318011e-01 -1.788770609933310746e-02 5.510462890181018203e+00 7.889601402027035526e-01 6.105334397914760070e-01 6.921572124682702498e-02 3.424629692324231645e+00 -4.375731083648242564e-02 -5.653391765634183802e-02 9.974413335644284340e-01 1.033479600930853337e-01
6.380021413767762439e-01 -7.697609952215055396e-01 -2.052505381833175796e-02 5.607043318063199777e+00 7.694769629422656410e-01 6.362994026830959271e-01 5.502975237344410325e-02 3.479997192162305186e+00 -2.929967746913244436e-02 -5.090265593004755090e-02 9.982737342630386701e-01 1.142860975539631563e-01
6.527130240715981468e-01 -7.574242455414965658e-01 -1.655960365479878377e-02 5.688632439299366794e+00 7.570208885517930586e-01 6.511954195587170702e-01 5.351541686280887611e-02 3.579219580982617721e+00 -2.975033619243893507e-02 -4.746617544779747899e-02 9.984297069322385365e-01 1.092374620270225999e-01
6.799028091469657697e-01 -7.332613936611488414e-01 -7.739423762433847442e-03 5.738656930533550415e+00 7.320478337518517842e-01 6.780848824127576613e-01 6.562668163557941470e-02 3.660604972928910517e+00 -4.287352578556902216e-02 -5.028539359880133952e-02 9.978142311960317423e-01 1.451903574994503066e-01
6.867162261290238323e-01 -7.269255917571377790e-01 -9.391297339524096177e-05 5.858459114249704669e+00 7.248314022258384171e-01 6.847280643150335244e-01 7.594021521376118078e-02 3.784345879599924967e+00 -5.513858103394073118e-02 -5.221744907521323059e-02 9.971123682382246889e-01 1.214138764665415732e-01
6.852802893053699940e-01 -7.282749779336364915e-01 2.545899705390101270e-03 5.927659107674832839e+00 7.262280431527928792e-01 6.836080435902455177e-01 7.261454452919524627e-02 3.866872666176421891e+00 -5.462375333143942857e-02 -4.791241232163587216e-02 9.973568299848893925e-01 8.550600817197190340e-02
6.752884986682833324e-01 -7.375524276579267235e-01 1.363826321309560829e-03 5.972655700067104334e+00 7.363984141075744505e-01 6.743330572794703492e-01 5.470195206729017157e-02 3.924115280514805626e+00 -4.126523071770429874e-02 -3.593527954561424875e-02 9.985017959011356359e-01 8.338264726974227437e-02
6.655113042094376041e-01 -7.463657618723301690e-01 -5.731795023344731128e-03 6.041265423962975945e+00 7.461668278948886401e-01 6.651078457256375254e-01 2.943838486536548213e-02 3.995880175249668209e+00 -1.815954070821163349e-02 -2.386845321628159808e-02 9.995501628344267697e-01 1.311408434031128278e-01
6.285394495936625914e-01 -7.776802165469248740e-01 -1.231426392538052285e-02 6.090859474541912455e+00 7.777775044955440586e-01 6.284490997918632527e-01 1.067157305558826680e-02 4.103691949106140768e+00 -5.601831662614027707e-04 -1.628526212023997249e-02 9.998672294022318274e-01 1.593117689260316883e-01
6.304723641758407382e-01 -7.762093833341093818e-01 1.895055304711452775e-03 6.103948181710593168e+00 7.760753642394119245e-01 6.304055064174093337e-01 1.720251432999958183e-02 4.159109035208960137e+00 -1.454740633894077359e-02 -9.375004143545844632e-03 9.998502299175203722e-01 1.966057908910226748e-01
6.346771167655633761e-01 -7.727101771433106947e-01 1.019507691510426577e-02 6.272114828268254172e+00 7.721127814495423181e-01 6.346231067918832736e-01 3.309629961293591299e-02 4.274586492463972931e+00 -3.204387892254546844e-02 -1.313371481993422414e-02 9.994001677799668748e-01 1.597142565660821523e-01
6.473300816765289456e-01 -7.621960594653914844e-01 4.575182191737470205e-03 6.371652351353129795e+00 7.616859964526442317e-01 6.470960728592137778e-01 3.318305739568697815e-02 4.382944434101219144e+00 -2.825257801689526338e-02 -1.799553904756105022e-02 9.994388187426916925e-01 9.063387726258456678e-02
6.643638287014491661e-01 -7.474059689415707419e-01 -2.240692674929663231e-03 6.440082986130885701e+00 7.473269707799331529e-01 6.642431334930657405e-01 1.683622143482159730e-02 4.484838904352436373e+00 -1.109512767121743557e-02 -1.285990660250745446e-02 9.998557500680456123e-01 7.194081344616728990e-02
6.770340881060210592e-01 -7.359379085106221297e-01 -4.498706420700581896e-03 6.487300313707577537e+00 7.359481290528013808e-01 6.770371233451826232e-01 1.041612289323495203e-03 4.555421623477129422e+00 2.279229284161931636e-03 -4.016021599934575803e-03 9.999893382853534129e-01 1.140428692184823067e-01
6.988988000344582563e-01 -7.152172892762730383e-01 -2.167124983541635595e-03 6.542594711481069858e+00 7.151949790182797750e-01 6.988962154641035207e-01 -6.342081440320011636e-03 4.660582388936360232e+00 6.050561745549997046e-03 2.882556201226414531e-03 9.999775405339411671e-01 1.718311290786947165e-01
7.029767987905438664e-01 -7.111847405148586931e-01 6.315474725808406173e-03 6.683327828426823380e+00 7.112113978010953241e-01 7.029652305665168299e-01 -4.269924165124847418e-03 4.785751572544136856e+00 -1.402854237372476963e-03 7.493295228197537766e-03 9.999709408410885070e-01 1.817223416891683152e-01
6.985267539882042964e-01 -7.154353449638898299e-01 1.458221996482747182e-02 6.743308070295883638e+00 7.155575024182802002e-01 6.985310657108956267e-01 -5.640121427197088144e-03 4.856615037651350164e+00 -6.150991433556657340e-03 1.437419261038522592e-02 9.998777664750746474e-01 1.503418624245831114e-01
6.927972649149654050e-01 -7.210728525664105160e-01 9.267740721612289026e-03 6.831156382610573452e+00 7.211304274130265757e-01 6.927080273364112362e-01 -1.124702284177297312e-02 4.924037736494515372e+00 1.690084450263433860e-03 1.447515649094583898e-02 9.998938010904525608e-01 1.425802845238437200e-01
6.872666080249507647e-01 -7.264045206081399808e-01 -1.040160534141202882e-03 6.881501726822761178e+00 7.263941247134899637e-01 6.872632935707435609e-01 -4.554216948794870615e-03 5.028141084400805205e+00 4.023067933970991654e-03 2.374394733848976535e-03 9.999890885274931307e-01 1.832582978896304948e-01
6.776353614235488543e-01 -7.353622699135173857e-01 -7.255958655861939263e-03 7.014139140100192904e+00 7.353049244255036587e-01 6.773595222789539072e-01 2.259968348521093628e-02 5.137415675458363751e+00 -1.170406185820126004e-02 -2.064968681764186437e-02 9.997182629973070389e-01 1.693500445477991445e-01
6.699477847159451827e-01 -7.423415415019960495e-01 -9.949950484190941621e-03 7.087885465172659494e+00 7.417031359680850144e-01 6.686674358478417179e-01 5.253873172984678541e-02 5.232987868191745662e+00 -3.234847522381734813e-02 -4.257811641104777833e-02 9.985693166493657680e-01 1.458176441561866987e-01
6.737429084161188353e-01 -7.388289078933872878e-01 -1.422456396709125166e-02 7.169180245094306514e+00 7.377044319467579436e-01 6.713439898918036608e-01 7.134015925315090323e-02 5.295600312263478493e+00 -4.315859642180758932e-02 -5.855845026312036378e-02 9.973506121007201797e-01 1.337751171691221597e-01
6.663820816965970728e-01 -7.451866619658067403e-01 -2.513483682000473840e-02 7.294594294462800832e+00 7.449376174515687232e-01 6.639705838403501259e-01 6.489229461411179234e-02 5.400804331502749633e+00 -3.166808013268119365e-02 -6.196694782674898316e-02 9.975756763663331528e-01 1.007997355699973285e-01
6.708272760483877661e-01 -7.413010851100888532e-01 -2.152828195897422969e-02 7.307445654901530752e+00 7.414068747699728013e-01 6.696722275185589268e-01 4.306917382715271664e-02 5.492048579721457102e+00 -1.751033275874946948e-02 -4.485319280649324031e-02 9.988401170065914769e-01 1.156862213765393610e-01
6.879483905580672243e-01 -7.255896633750311686e-01 -1.570516895400284746e-02 7.374936176777329599e+00 7.257135642569438883e-01 6.874999035026866379e-01 2.614775969904582775e-02 5.602970387553117604e+00 -8.175242017671526668e-03 -2.938576334052457606e-02 9.995347129193898894e-01 1.913356132942347076e-01
7.163959408120320616e-01 -6.974727562250725432e-01 -1.756730804204543334e-02 7.447711860121567717e+00 6.976803981083107287e-01 7.159979261584933363e-01 2.426997800093374028e-02 5.703355694567467715e+00 -4.349492323541178165e-03 -2.964328019193183603e-02 9.995510781625870367e-01 2.775587008743558570e-01
7.233355949201119017e-01 -6.900561947766882254e-01 -2.465897751094060092e-02 7.629408118437779329e+00 6.903906670170546489e-01 7.221375882355461906e-01 4.333624987346287871e-02 5.796136762249008534e+00 -1.209727313546830885e-02 -4.837098001556472404e-02 9.987561785916619916e-01 2.748470258418203582e-01
7.163858080819653917e-01 -6.971786750599420213e-01 -2.707894053343248494e-02 7.684723339071396708e+00 6.973905777975772935e-01 7.143602354609153160e-01 5.775669650687081935e-02 5.876695537589711194e+00 -2.092261881100443768e-02 -6.026067568397619478e-02 9.979633735704933617e-01 1.559128080650208914e-01
7.133467381474797309e-01 -7.003215229641911455e-01 -2.619533636865245194e-02 7.766436645814422945e+00 7.005972528086840123e-01 7.117068578967313819e-01 5.135014877959569873e-02 5.947249842804718689e+00 -1.731821385928264748e-02 -5.498284183158969746e-02 9.983371006693313454e-01 1.130250336212196421e-01
7.010868106556532586e-01 -7.126029026647475728e-01 -2.596896298392825653e-02 7.796727773665648620e+00 7.130142740155418490e-01 7.000822499297120194e-01 3.867154488046838784e-02 6.063520693726998090e+00 -9.377045098221925903e-03 -4.562835135229661304e-02 9.989144731047284731e-01 1.776490232107301726e-01
6.954679934813772224e-01 -7.177503629056892764e-01 -3.403948577370632944e-02 7.886495747735599693e+00 7.185228781066398396e-01 6.941919801412672619e-01 4.268920642149687944e-02 6.161473067443691498e+00 -7.010255368945565030e-03 -5.414712602066425878e-02 9.985083600367923307e-01 2.890480308763583306e-01
6.872205722916380211e-01 -7.254207557774685622e-01 -3.863433843616126406e-02 7.993709801740818577e+00 7.262749448173837497e-01 6.849202616953472544e-01 5.838612548956395587e-02 6.229857064116419707e+00 -1.589306608743542085e-02 -6.818329858860869286e-02 9.975462135880808212e-01 2.605868999320873347e-01
6.881044483725821115e-01 -7.249662947594424089e-01 -3.059639836042507555e-02 8.121737736068679325e+00 7.250200677885052514e-01 6.852295978148745803e-01 6.932748071592062522e-02 6.280932217478318869e+00 -2.929452907652990018e-02 -6.988755068844890173e-02 9.971246465838430328e-01 1.667640572849188596e-01
6.877618884783858189e-01 -7.256396856372592241e-01 -2.075165981082449998e-02 8.215505748996729807e+00 7.255384713439877453e-01 6.861577068082189701e-01 5.274019328288201414e-02 6.381668382574869902e+00 -2.403146596597917004e-02 -5.132882246794608083e-02 9.983926284922080008e-01 1.304240539176239611e-01
6.966829795372997403e-01 -7.172135572641407109e-01 -1.541231000037348448e-02 8.252649587605827008e+00 7.173657102695187859e-01 6.963776966241856936e-01 2.108414982640293561e-02 6.451973487041130717e+00 -4.389049161166572177e-03 -2.574523103238117450e-02 9.996589014891780201e-01 1.816793414872354684e-01
7.068992595230854104e-01 -7.071966198360253308e-01 -1.289875103310014065e-02 8.349918990024267629e+00 7.071656362698295339e-01 7.070070123104930104e-01 -7.605749330450314871e-03 6.548789859647697220e+00 1.449826764826359082e-02 -3.745054911594849351e-03 9.998878811141319600e-01 2.644951781154427084e-01
7.349545119607340249e-01 -6.779582790532003855e-01 -1.464367480457752328e-02 8.412927941242591245e+00 6.780618695888744885e-01 7.349979080105895068e-01 3.190020328628612178e-03 6.618995866997063438e+00 8.600369654810079492e-03 -1.227383734941539517e-02 9.998876869721522453e-01 2.725235153992293102e-01
