1.000000000000000000e+00 0.000000000000000000e+00 0.000000000000000000e+00 0.000000000000000000e+00 0.000000000000000000e+00 1.000000000000000000e+00 0.000000000000000000e+00 0.000000000000000000e+00 0.000000000000000000e+00 0.000000000000000000e+00 1.000000000000000000e+00 0.000000000000000000e+00
9.999985869211177603e-01 -1.657619456682657118e-03 -2.800955273911653605e-04 1.276326907141604738e-02 1.657780389611017468e-03 9.999984603886982182e-01 5.753124480458877412e-04 -4.905845392962726592e-02 2.791414470453732160e-04 -5.757759719565435112e-04 9.999997952810203428e-01 -1.389142266222601931e-02
9.999938537152848195e-01 -3.500404326115644400e-03 -1.992516181246442228e-04 1.467613637834342018e-02 3.500469352857287636e-03 9.999938198908508991e-01 3.269471122891004478e-04 -9.670137686020381651e-02 1.981059396416282742e-04 -3.276425769618140503e-04 9.999999267021865146e-01 -2.140003327862235669e-02
9.999945072194145190e-01 -3.302170196014556688e-03 -2.849613954150204674e-04 1.341154193498691506e-02 3.302281037982699678e-03 9.999944716455313465e-01 3.893819728367743584e-04 -1.049144155182956673e-01 2.836740145018497891e-04 -3.903208566596697861e-04 9.999998835893344484e-01 -1.877904804737080130e-02
9.999979811770308702e-01 -1.997447103655748332e-03 2.187394128313115019e-04 -2.121991859536868572e-02 1.997463412672683021e-03 9.999980023028073317e-01 -7.436605126706452671e-05 -6.664973574421872993e-02 -2.185904336024868482e-04 7.480282510921214885e-05 9.999999733113794642e-01 -1.193619816387540833e-03
9.999994796685521825e-01 -8.636062377312161671e-04 5.429980581317663760e-04 -5.859603986706285461e-02 8.636471491242828482e-04 9.999996242357060972e-01 -7.511357006229956790e-05 -2.199343960600193618e-02 -5.429329855448404921e-04 7.558248970323241456e-05 9.999998497555189214e-01 1.063915202959679965e-02
9.999982976737452622e-01 1.558037474628802587e-03 9.885185072642300487e-04 -9.527043213137878497e-02 -1.558108810429458457e-03 9.999987835988655149e-01 7.139834930066991426e-05 2.103020444368399605e-02 -9.884060635253592852e-04 -7.293844715282632072e-05 9.999995088665976084e-01 1.885774515189507158e-02
9.999993362540732234e-01 5.992892821708839090e-04 9.840445971809263451e-04 -4.937920798156313074e-02 -6.004357529931037083e-04 9.999991409181885338e-01 1.165178008437150288e-03 -8.122905060592003346e-03 -9.833454731138335358e-04 -1.165768090613680157e-03 9.999988370075434396e-01 2.285352865552120818e-02
9.999987171928096386e-01 -1.501866331377240890e-03 5.567856478928767889e-04 -4.434610893257946024e-02 1.501168983035797069e-03 9.999980910396170097e-01 1.250763289458696383e-03 -1.449144326058645488e-02 -5.586630642840938231e-04 -1.249925855625738918e-03 9.999990627900288143e-01 1.810848619493990799e-02
9.999969030564415107e-01 -2.416405646147737254e-03 5.957023410387492527e-04 -7.649852019601006969e-02 2.415988063078525466e-03 9.999968359925417438e-01 7.007186200863315881e-04 -1.030135188627267877e-02 -5.973936766620367234e-04 -6.992772402552172983e-04 9.999995770659787508e-01 1.694265195553671180e-02
9.999993786939483931e-01 -6.845399048926146830e-04 8.797822661405636487e-04 -7.524784408041151895e-02 6.841122361959325621e-04 9.999996477433076292e-01 4.863164699473275098e-04 -4.676532207097646061e-03 -8.801148592614580846e-04 -4.857142979825068252e-04 9.999994947395999256e-01 2.530050134899530095e-02
9.999998448590261546e-01 1.654154570188286796e-04 5.319019178482371811e-04 -3.583899542232909380e-02 -1.656071939609308282e-04 9.999999213248769170e-01 3.604504087856179382e-04 6.181889216843895578e-03 -5.318422519316863767e-04 -3.605384396490677310e-04 9.999997935779050273e-01 1.130435918378595514e-02
9.999999666039079971e-01 -2.508463037435889730e-04 6.219577727701992528e-05 -7.190623689714845286e-03 2.508143159992956605e-04 9.999998365596808325e-01 5.137828243392278003e-04 1.161829038967415739e-03 -6.232464763413468351e-05 -5.137672075895535545e-04 9.999998660794383598e-01 -3.874262355047170328e-03
9.999996264263293355e-01 -8.623396810684228484e-04 5.930831513593347743e-05 -8.308374686413291105e-03 8.623138136201509299e-04 9.999995336803145785e-01 4.348034500839311075e-04 -3.122665632400655443e-03 -5.968323574777145382e-05 -4.347521452734059359e-04 9.999999037142371927e-01 -7.394819868155197429e-03
9.999995571006959905e-01 -9.398610403815155744e-04 4.959472388150307936e-05 -1.030060178003052232e-02 9.398481343327320763e-04 9.999995246426406359e-01 2.596150557577977256e-04 -9.347956187625770103e-03 -4.983870238268932958e-05 -2.595683292657574061e-04 9.999999650701925091e-01 -3.318607803882284851e-03
9.999999438330943180e-01 -3.443732352351403853e-05 3.333884805400858051e-04 -1.689299518023922725e-02 3.447045109892268145e-05 9.999999944695847631e-01 -9.936105083505133724e-05 -1.504056291620932580e-02 -3.333850569676558061e-04 9.937253730556395656e-05 9.999999394897495231e-01 6.590732976547621601e-03
9.999999551352521943e-01 -2.670566294731769241e-04 1.356843772297021574e-04 1.307501775381411310e-02 2.670826465405979440e-04 9.999999459465129803e-01 -1.917650410366561063e-04 -3.000784099406700323e-02 -1.356331577699783906e-04 1.918012713757306052e-04 9.999999724079590147e-01 2.217993165961905377e-03
9.999997527950511556e-01 -6.477036563316100615e-04 -2.736600265715358302e-04 3.897629758407905598e-02 6.477289088525958055e-04 9.999997859733320560e-01 9.219843089810216637e-05 -3.554966718003905318e-02 2.736002507401915046e-04 -9.237566561660151825e-05 9.999999583048186924e-01 -1.138968967883855800e-02
9.999997633550562481e-01 -5.527170612982163812e-04 -4.096262706097502228e-04 2.914253690179480910e-02 5.525763814729809601e-04 9.999997883444415869e-01 -3.434682150498294373e-04 -6.212659981932200370e-02 4.098160246525448381e-04 3.432417839674431980e-04 9.999998571179415929e-01 -2.949021665447948068e-02
9.999900452668882833e-01 4.455206011019206130e-03 -2.459807435098880155e-04 1.563561587540140269e-02 -4.455340564419468102e-03 9.999899241109065917e-01 -5.491967938180677619e-04 -7.666416217293529900e-02 2.435314801781465494e-04 5.502872546951850796e-04 9.999998189381613667e-01 -2.315080996521068010e-02
9.999822173014326632e-01 5.961639255242519309e-03 -1.547200720411415621e-04 -5.402714174140153987e-03 -5.961708069195315735e-03 9.999821284257131015e-01 -4.481808543802195759e-04 -6.680881481574060810e-02 1.520454143749591625e-04 4.490952804171366637e-04 9.999998875978042268e-01 -1.647724546333218659e-02
9.999855427237803740e-01 5.377061567021707185e-03 -3.939962932454783016e-05 -1.018201454632188321e-02 -5.377067675892675293e-03 9.999855312021576070e-01 -1.566191162747037995e-04 -7.904130676087317564e-02 3.855690862849445427e-05 1.568287064621617162e-04 9.999999869590607826e-01 -9.521681157632003525e-03
9.999906914475190645e-01 4.309432025225420904e-03 -2.140418948399196034e-04 2.506996833343789338e-02 -4.309416396757831391e-03 9.999907117265157686e-01 7.342353738767298072e-05 -8.716802651971805593e-02 2.143563205036870317e-04 -7.250045826960559972e-05 9.999999743975254152e-01 -1.300125663441185908e-02
9.999874348005054481e-01 5.003103751450551154e-03 -3.149507217528943058e-04 3.746736261461823536e-02 -5.003127149989130065e-03 9.999874815762984648e-01 -7.354871358053348331e-05 -7.438573480755808487e-02 3.145788072214851668e-04 7.512352793318534643e-05 9.999999476983134628e-01 -1.902931847607782639e-02
9.999821292041062293e-01 5.964586382692193926e-03 -4.061794007983223756e-04 6.875354681261804102e-02 -5.964736173890579883e-03 9.999821428785409250e-01 -3.685734895889963207e-04 -7.262581591695935201e-02 4.039737591864042427e-04 3.709896558524229432e-04 9.999998495859272474e-01 -2.408282294989063516e-02
9.999325744442222330e-01 1.160279192870208170e-02 -4.709403456051213855e-04 1.076105209054915995e-01 -1.160286818255863370e-02 9.999326717366484596e-01 -1.595103329277196497e-04 -7.787417209963425069e-02 4.690578728060712239e-04 1.649638366067745381e-04 9.999998763858146678e-01 -3.331877624978703267e-02
9.999101617156825883e-01 1.339095278234954389e-02 -5.923523431157470603e-04 7.756765024617917614e-02 -1.339084628414377934e-02 9.999103217806848409e-01 1.833909535376717454e-04 -3.428001899127502278e-02 5.947550016119422219e-04 -1.754423788363312204e-04 9.999998077432113996e-01 -5.496479060204270684e-02
9.999348187502620222e-01 1.139317814680653081e-02 -7.441388282738241843e-04 7.463013988638497742e-02 -1.139329577555220525e-02 9.999350824365097479e-01 -1.540261705706147670e-04 -2.125594524645528505e-02 7.423356729936126611e-04 1.624943247209211384e-04 9.999997112666297872e-01 -6.490270327075886581e-02
9.999567361261595400e-01 9.265171818826675731e-03 -8.261156611825192040e-04 9.629684348572277452e-02 -9.265276078002756405e-03 9.999570689090557796e-01 -1.224663560645389943e-04 -1.657776741671223436e-02 8.249455233049749793e-04 1.301152473687783577e-04 9.999996512673922089e-01 -6.220687491338498798e-02
9.999981224560723359e-01 -1.785043984475613923e-03 -7.541235334816877431e-04 1.308033747951514170e-01 1.785531946595483779e-03 9.999981967082866019e-01 6.468816295639163820e-04 -2.706169108086737066e-03 7.529674614154480616e-04 -6.482269266759519127e-04 9.999995064208049289e-01 -4.673199804624213888e-02
9.997164019283564240e-01 -2.380527765877091598e-02 -6.515143971835961898e-04 1.690635298744402881e-01 2.380580680969255833e-02 9.997162679049192979e-01 8.168527401646939311e-04 4.773115036134818051e-02 6.318841353527597992e-04 -8.321309081758523820e-04 9.999994541401465709e-01 -2.810638853641586957e-02
9.986161437576412947e-01 -5.258300838711753300e-02 -9.081054884455927630e-04 1.929976969288958732e-01 5.258448017133172947e-02 9.986150643549864814e-01 1.680978404712506636e-03 7.406060135327735550e-02 8.184569192316508250e-04 -1.726404427304519852e-03 9.999981748263467862e-01 -3.069013411824034893e-02
9.978499525966202377e-01 -6.552337913080769072e-02 -1.469316236605201602e-03 2.156164478909579074e-01 6.552725472864326384e-02 9.978469459815302312e-01 2.766095273220275496e-03 2.599717400091491881e-02 1.284908810078428786e-03 -2.856428296573547670e-03 9.999950949013381996e-01 -6.059445170512613166e-02
9.974574774950217826e-01 -7.125231085183589275e-02 -1.299533586116701249e-03 2.567991992893944864e-01 7.125425491007045253e-02 9.974570322349485263e-01 1.516575833782651036e-03 -3.559213737851610326e-02 1.188169381358541088e-03 -1.605317203004109818e-03 9.999980056031106956e-01 -4.183511631907548683e-02
9.969222964676129894e-01 -7.839013178728228282e-02 -9.602312811545016735e-04 2.752284031283961929e-01 7.838914462907330127e-02 9.969223086988516780e-01 -1.025876636639415015e-03 -7.000663438113752246e-02 1.037694590437059734e-03 9.474475837152559511e-04 9.999990127660192130e-01 -3.510780393145510742e-03
9.968692709944492192e-01 -7.903788196494286600e-02 -2.160963093397496454e-03 3.094621236897606709e-01 7.903092905275511948e-02 9.968672406505844075e-01 -3.133172632995783000e-03 -1.823522179390022480e-01 2.401832644805423043e-03 2.952580597634345879e-03 9.999927567076477564e-01 -4.053458582792687781e-02
9.964445775310520892e-01 -8.400981444964111811e-02 -6.368279602843068127e-03 3.811755030698255053e-01 8.382531347373378683e-02 9.961629452602617230e-01 -2.515359440380294381e-02 -1.797552259457964596e-01 8.456992964014017899e-03 2.453033971508815358e-02 9.996633141730614236e-01 -8.815416366637830736e-02
9.959397800996475647e-01 -8.954596320016605659e-02 -9.245263090914125279e-03 3.847165364163404599e-01 8.886451808513215478e-02 9.943519235523576860e-01 -5.802886827453570401e-02 -7.559197884189916561e-02 1.438929604125693297e-02 5.697168245962815764e-02 9.982720949506483921e-01 -2.897468383894663546e-02
9.987474625814191098e-01 -4.896062140574140159e-02 -1.031327003139658610e-02 4.523744879174594891e-01 4.818831181625674726e-02 9.967125333522196540e-01 -6.513073362783143583e-02 -5.422575436424578732e-02 1.346820669116926064e-02 6.455217587474475216e-02 9.978234432996450076e-01 2.800616401870504452e-02
9.991719210672982410e-01 -3.982153568455024800e-02 -8.349697384267025860e-03 6.890996347800545374e-01 3.928718700878589681e-02 9.976254782277996780e-01 -5.656785419026130052e-02 -7.140475663373997695e-02 1.058248967027272495e-02 5.619297541933573198e-02 9.983638417059687020e-01 -6.812192613366296889e-04
9.982917540503745135e-01 -5.808973549270956410e-02 -6.257509521649095956e-03 7.668718286118235694e-01 5.773923207933782248e-02 9.972569582705854696e-01 -4.631134050951250108e-02 -2.155769800083671278e-02 8.930558432419390125e-03 4.587092555515624032e-02 9.989074548299249345e-01 -4.306230103978973128e-02
9.982066849599255942e-01 -5.986069870755605926e-02 3.329437775852361501e-04 7.388823865284688264e-01 5.984435938078168371e-02 9.977697751016411098e-01 -2.956566494980971196e-02 -7.646909977047835344e-03 1.437620123566397696e-03 2.953256920526482407e-02 9.995627847236593366e-01 -1.564292387231733250e-02
9.978178756719466858e-01 -6.601318805828036707e-02 1.321359869830920864e-03 7.534006708433340638e-01 6.601806330892369401e-02 9.978101345567300662e-01 -4.068254271684135573e-03 -1.882718318651927306e-02 -1.049907835208267444e-03 4.146610454605556551e-03 9.999908516157911542e-01 -2.857599177625664774e-02
9.955234144609039770e-01 -9.449673388081643310e-02 -1.870440044820301023e-03 8.650792134248432852e-01 9.450884510290132046e-02 9.954913412595559619e-01 8.066453654864429515e-03 2.311840011182703797e-02 1.099753344578082185e-03 -8.207116613551461784e-03 9.999657163020503337e-01 5.891493759478501346e-02
9.853614947181678074e-01 -1.698267074810696775e-01 -1.488671061441584550e-02 9.309224721295442651e-01 1.699584715345965058e-01 9.854181378143789249e-01 8.075371202944802915e-03 1.260873525723480715e-01 1.329822094875564992e-02 -1.048728242114171059e-02 9.998565768284055633e-01 1.530988031734671628e-01
9.733755087242270676e-01 -2.271970550986435466e-01 -3.035814833543186778e-02 9.634400889892807962e-01 2.275736472101968222e-01 9.737141339215465985e-01 9.540466281122796099e-03 1.402459530567616852e-01 2.739259227055787851e-02 -1.619517075909663109e-02 9.994935529220699832e-01 1.294776722265267854e-01
9.629758083529710300e-01 -2.666351575870359314e-01 -3.979051728086222678e-02 1.146426105131622020e+00 2.675402473069833365e-01 9.633516555603259812e-01 1.938565965081286840e-02 1.079937017953188083e-01 3.316336228219726040e-02 -2.931348610649177344e-02 9.990199752429499425e-01 2.429654415771734244e-02
9.574403487580375183e-01 -2.866289964952786207e-01 -3.393813398224847233e-02 1.355521858137865854e+00 2.876243551912992524e-01 9.572946874192768130e-01 2.931060797080886973e-02 1.244836402129867181e-01 2.408752521279062392e-02 -3.782459262092149194e-02 9.989940396830125913e-01 -1.075229864695440990e-01
9.534056096105687494e-01 -3.007412226457856774e-01 -2.392614813583206906e-02 1.441257867559883277e+00 3.012479346306997097e-01 9.533041944908405840e-01 2.146612789739493071e-02 1.496789058695833785e-01 1.635314782656455829e-02 -2.767362946358182391e-02 9.994832388732063366e-01 -1.513180105984955337e-01
9.498280106718460791e-01 -3.125778112547815679e-01 -1.103911474411052758e-02 1.379383865953421662e+00 3.125429975614673062e-01 9.498915176879179079e-01 -4.793672896291497308e-03 2.054515985801508016e-01 1.198435724000838747e-02 1.102966778346805557e-03 9.999275767003477089e-01 3.503445560711010431e-02
9.550132017708728993e-01 -2.957926095668411137e-01 -2.136624836007351008e-02 1.362451291382873908e+00 2.954526048657399317e-01 9.551935342774691140e-01 -1.769379418232533419e-02 2.298048733034791236e-01 2.564259583963739847e-02 1.058509329934529709e-02 9.996151324777197145e-01 2.081497590845273193e-01
9.600413245323929923e-01 -2.778978602419661104e-01 -3.306712057354219136e-02 1.603348581544376650e+00 2.778163990523405125e-01 9.606077639946912772e-01 -7.125459333278946761e-03 2.622463806815795717e-01 3.374468265785258991e-02 -2.345852948548235017e-03 9.994277329383374209e-01 1.965201610150631717e-01
9.554082558133364378e-01 -2.919304473622660323e-01 -4.440358799224944364e-02 1.902905997214804579e+00 2.928322000499978817e-01 9.560425032098737175e-01 1.523268427023196508e-02 3.489306681062749882e-01 3.800483308207308619e-02 -2.755623267186164266e-02 9.988975356378341219e-01 6.721108264198777382e-03
9.456965044699852108e-01 -3.227551781100914674e-01 -3.856444523617900966e-02 2.008985029702447189e+00 3.238668697674119690e-01 9.457140389172278283e-01 2.711470563960287697e-02 3.718228263412912127e-01 2.771952561479636493e-02 -3.813202850606311339e-02 9.988881700679528297e-01 -1.219702226933562506e-01
9.235604327392703539e-01 -3.824186711445732301e-01 -2.814404090514430190e-02 2.005331197851663916e+00 3.831370910790151130e-01 9.232890843511173395e-01 2.726235788749500205e-02 3.823642283768428074e-01 1.555945108164746155e-02 -3.596146101167354420e-02 9.992320435233968956e-01 -8.480164774100673597e-02
8.983146613083158316e-01 -4.389835574485364544e-01 -1.800570932658348416e-02 1.983190213496454746e+00 4.393206069168194006e-01 8.979895704947066237e-01 2.474137467825349157e-02 4.015750226311018412e-01 5.307882512204382085e-03 -3.013581876371991541e-02 9.995317197621478300e-01 5.448751266058550480e-02
8.577852829920846744e-01 -5.138572626559571033e-01 -1.245479417396559013e-02 2.096655439303751756e+00 5.139574624871737774e-01 8.571084410784408636e-01 3.482595276270764734e-02 4.755564355854379199e-01 -7.220459537630119495e-03 -3.627442415547953852e-02 9.993157814806358230e-01 9.239276601289070356e-02
8.335213140193455938e-01 -5.524660781070981352e-01 -4.842686901410070410e-03 2.209154950974330678e+00 5.519969142555397612e-01 8.323802631970989019e-01 4.942169657438345853e-02 5.124369459791286996e-01 -2.327285388227178300e-02 -4.386718569602957030e-02 9.987662610897929394e-01 1.300739658097205265e-02
8.116653053523158468e-01 -5.840942808397225905e-01 5.770890542987107408e-03 2.343154264343583648e+00 5.830317667902321643e-01 8.107132950427279328e-01 5.308401034608518920e-02 5.750709340701556371e-01 -3.568460453462101584e-02 -3.972183695764991418e-02 9.985733747040913544e-01 1.395181796263718355e-02
8.089235879386449390e-01 -5.878794346344117239e-01 6.356037318476129294e-03 2.400954443247964587e+00 5.869487272363201891e-01 8.081677342147292054e-01 4.853972568829217904e-02 6.455983781224826634e-01 -3.367225077319974808e-02 -3.553426104698480248e-02 9.988010291442993571e-01 6.580827847806232367e-02
8.050279836044720305e-01 -5.931667486395059141e-01 -9.118877242025546365e-03 2.536164837550397788e+00 5.932136843433329920e-01 8.047656510620664339e-01 2.120781880478837811e-02 7.210678498714554463e-01 -5.241213745538345244e-03 -2.248233037488434061e-02 9.997335017390325262e-01 6.489061641788843038e-02
8.073494773615257358e-01 -5.891857526365853470e-01 -3.235692034375009518e-02 2.564999501892707201e+00 5.894848893056152672e-01 8.077793222146837371e-01 -3.631566230367089254e-04 7.556964162723092127e-01 2.635121789249780452e-02 -1.878072129729706566e-02 9.994763117868954438e-01 5.210806531575577077e-02
8.330625192364087273e-01 -5.498191494043238592e-01 -6.087480588711485785e-02 2.676553226228646221e+00 5.496832843023526927e-01 8.351224421592495784e-01 -2.046444625563749106e-02 8.114945662077788224e-01 6.208966099172272268e-02 -1.641370007879802348e-02 9.979356013529411262e-01 9.783619593937040171e-02
8.332318517742092201e-01 -5.474721562813885667e-01 -7.745269062808099458e-02 2.925544532466191061e+00 5.482853694781962828e-01 8.362016784706195471e-01 -1.224363259316604141e-02 9.051927260839207623e-01 7.146911784176465665e-02 -3.226439244005101237e-02 9.969208464945420456e-01 1.741887759481662856e-01
8.340147194431438704e-01 -5.468247071074590071e-01 -7.349957448186794640e-02 2.992479138466516364e+00 5.485741859114885433e-01 8.360902546802357893e-01 4.410054453858194140e-03 9.482721538523100069e-01 5.904075121237498114e-02 -4.399801956429506833e-02 9.972854977240460661e-01 8.747202025020311966e-02
8.160502925040150624e-01 -5.731801441686544818e-01 -7.434004597060679675e-02 3.080532410954708755e+00 5.748762651403512836e-01 8.182384902930133208e-01 1.747221019465446806e-03 9.961368687518413756e-01 5.982641458747080254e-02 -4.416214820194840074e-02 9.972314198739413715e-01 -5.982865114872049778e-03
7.931609583527564622e-01 -6.041961702492407715e-01 -7.643743847806151737e-02 3.025340106813379393e+00 6.053285971545964150e-01 7.959128474707347634e-01 -1.000143479083379777e-02 1.036971034802025127e+00 6.688036791006234105e-02 -3.833701980041540752e-02 9.970242170083117861e-01 6.650582081279846069e-02
7.694816997062976505e-01 -6.324422081748831692e-01 -8.896497701896560750e-02 3.100875062436296403e+00 6.340058573483896565e-01 7.732183154006312398e-01 -1.303877206424642471e-02 1.097653103048008560e+00 7.703561945646145159e-02 -4.637122003880973092e-02 9.959494079957432744e-01 2.095584980013758258e-01
7.456778543599396070e-01 -6.575038028918618327e-01 -1.079503899941836459e-01 3.185998729563273013e+00 6.614136478285472798e-01 7.500211196296009408e-01 5.536927796228816034e-04 1.171276950930433269e+00 8.060101725965389263e-02 -7.181273767445109368e-02 9.941561279418889008e-01 2.008941376217354413e-01
7.419558188219155248e-01 -6.606749502542996755e-01 -1.140621454417700131e-01 3.398454942616874419e+00 6.672166915535002740e-01 7.442998704836925050e-01 2.897566755675948236e-02 1.232089550964892144e+00 6.575294235775433482e-02 -9.760283246113904410e-02 9.930509743547210055e-01 6.742634747393526362e-02
7.232781117755613387e-01 -6.834138491799037762e-01 -9.906706705806068991e-02 3.567364344880112448e+00 6.894085234710705112e-01 7.228762032000096704e-01 4.653904395856074683e-02 1.333016087620394030e+00 3.980779812821892694e-02 -1.019583522632948186e-01 9.939918679807883128e-01 -3.566888023950957887e-02
7.164020725289195202e-01 -6.933888104499855709e-01 -7.733064088071836539e-02 3.619109157656723141e+00 6.972594830187005543e-01 7.154335357533883055e-01 4.454289236118030848e-02 1.365797670925108731e+00 2.443939067904727855e-02 -8.583014308597664010e-02 9.960099912757289786e-01 -2.246388634401985662e-02
7.150472937375873528e-01 -6.961434002070522320e-01 -6.396666371412773611e-02 3.637494754758547000e+00 6.985788186019904478e-01 7.149917475841891523e-01 2.782867383032301342e-02 1.441600702483067709e+00 2.636288905260025794e-02 -6.458457427800465278e-02 9.975639482489978560e-01 5.349365384690580455e-02
7.141771622009868148e-01 -6.975635620361350098e-01 -5.793149324853107129e-02 3.705983652198716616e+00 6.991062168375125063e-01 7.149522350821616579e-01 9.684995103897482693e-03 1.544893484433335074e+00 3.466235089670718916e-02 -4.741706939996040426e-02 9.982735812190127733e-01 1.421782764827483059e-01
7.233547396173893862e-01 -6.879153753183229192e-01 -5.941680800673884710e-02 3.795435388901887919e+00 6.896346656829139832e-01 7.240410263852554706e-01 1.298537636732736630e-02 1.626932739810625694e+00 3.408736659635518140e-02 -5.036892406669511713e-02 9.981487979890018014e-01 1.645249657561953516e-01
7.300291406372543257e-01 -6.810190919175440616e-01 -5.718785066983952947e-02 4.015971933631663937e+00 6.830878513549940578e-01 7.297123118194424052e-01 3.018160549643672183e-02 1.711569529521710820e+00 2.117642915247677435e-02 -6.109777756128725867e-02 9.979071201396558788e-01 1.101311424546687900e-01
7.192971031360995138e-01 -6.935754685423302091e-01 -3.955688127624251704e-02 4.135730018109013528e+00 6.946683556140086369e-01 7.175294908453022646e-01 5.086556276903584500e-02 1.815842977416619597e+00 -6.895877648632964957e-03 -6.406636561854087142e-02 9.979218144062622642e-01 7.404655493967290253e-03
7.112442055664345286e-01 -7.026971829411693404e-01 -1.866411355291603888e-02 4.136044840747628903e+00 7.023818992708327213e-01 7.093613571522310313e-01 5.887386989015386263e-02 1.864024511636726444e+00 -2.813090160071618148e-02 -5.498303434414776591e-02 9.980909368937487258e-01 1.288356425347345069e-02
6.926457557803233911e-01 -7.210821434204871538e-01 -1.680474455684024399e-02 4.176832504043438199e+00 7.206737816402190022e-01 6.909243270858296260e-01 5.703397844600553018e-02 1.948589138587299541e+00 -2.951537660085942760e-02 -5.161508191516812200e-02 9.982307978934530368e-01 8.168464301333830391e-02
6.642709958031032258e-01 -7.468762216918117813e-01 -3.033073698605646268e-02 4.326189506572052146e+00 7.471363118482235999e-01 6.621569114353034191e-01 5.775427392231442802e-02 2.053446970783102454e+00 -2.305158676940845947e-02 -6.102568401766172990e-02 9.978699766189926823e-01 1.201268836290056707e-01
6.478008864825359758e-01 -7.610145934526402201e-01 -3.479655190609479837e-02 4.393222545654575484e+00 7.612821275226728801e-01 6.449770355357619112e-01 6.673938826550195047e-02 2.119652548176089280e+00 -2.834667153288957658e-02 -6.972382794721927735e-02 9.971635041603723604e-01 7.718921378686377510e-02
6.399106888925059078e-01 -7.682100493656659479e-01 -1.917368756186345335e-02 4.508704125671484597e+00 7.669719010385788183e-01 6.369351327766233917e-01 7.789569726303198494e-02 2.196035065062706071e+00 -4.762786220677375781e-02 -6.455196889659105264e-02 9.967771215538537843e-01 8.381494112795712104e-02
6.352561910314027394e-01 -7.722933520536258145e-01 -3.542616271679489837e-03 4.579554431596274178e+00 7.704776911357612557e-01 6.334343120345011791e-01 7.158980234282522059e-02 2.294380460757649232e+00 -5.304431372334347805e-02 -4.820737195857772300e-02 9.974278671014094044e-01 8.616209520213344297e-02
6.422156256350519676e-01 -7.664541256108567957e-01 1.035198165936525652e-02 4.634055792244068606e+00 7.651838987928865077e-01 6.418325988443158714e-01 5.044319665593227642e-02 2.385517256491277216e+00 -4.530663547755815757e-02 -2.447423941307595371e-02 9.986732801005817617e-01 1.079786023474153395e-01
6.490342729638036712e-01 -7.604057338208118910e-01 2.318690343231318354e-02 4.709137204724896719e+00 7.594622108948720918e-01 6.494057246841291597e-01 3.859216203005524926e-02 2.486386078476623407e+00 -4.440340911483810216e-02 -7.438058880767758202e-03 9.989859921635870776e-01 1.373628281784355920e-01
6.733503043406501298e-01 -7.387389950985800979e-01 2.939497856937425477e-02 4.778814154103456779e+00 7.371007014576129723e-01 6.738757840095969120e-01 5.073444230644617858e-02 2.561204573698735221e+00 -5.728807515573330900e-02 -1.249499284478143221e-02 9.982794957319116591e-01 1.238416969479933516e-01
6.904297822001539409e-01 -7.230324890310042552e-01 2.303770076805972122e-02 4.936183731740390712e+00 7.206657502329916198e-01 6.902378039539820431e-01 6.490493381788152438e-02 2.672286806098261636e+00 -6.282986783502998718e-02 -2.820981741193842943e-02 9.976254878006163285e-01 8.098892605515371768e-02
6.823852383494498630e-01 -7.308152376627706781e-01 1.610822406947972144e-02 5.086294755951078272e+00 7.287634634074079409e-01 6.818586677207832958e-01 6.302834010568564294e-02 2.778098617324046948e+00 -5.704560355718989173e-02 -3.127052372357187748e-02 9.978817332033137477e-01 3.392770420320913305e-02
6.618260041715857689e-01 -7.494736408110239667e-01 1.660126295617956813e-02 5.105302952274970885e+00 7.477027688793097537e-01 6.615365899506082670e-01 5.753181351855861381e-02 2.844309601656691111e+00 -5.410092062511939748e-02 -2.566323997450349267e-02 9.982056343767679030e-01 5.722665319369488884e-02
6.416071835677493729e-01 -7.667946659408471088e-01 1.913536722734461570e-02 5.095546164432534830e+00 7.651502400022078820e-01 6.415798238216465776e-01 5.404109445180360627e-02 2.948497476295879771e+00 -5.371528850173076797e-02 -2.003172358160733302e-02 9.983553464731512728e-01 1.135419925660211271e-01
6.129901205143686305e-01 -7.900307902641798830e-01 9.719186505832002471e-03 5.203774964360771804e+00 7.881331891301914805e-01 6.122905853454154723e-01 6.281970462237312924e-02 3.059751665431636347e+00 -5.558046728171293915e-02 -3.084784485055304393e-02 9.979775659426531886e-01 1.285690053826127888e-01
5.951314841987895843e-01 -8.036108749853649869e-01 5.298879183552124283e-03 5.277751861656581056e+00 8.002275365433662024e-01 5.932060785877757425e-01 8.799112503115878725e-02 3.112783026623369587e+00 -7.385395231862151855e-02 -4.812597980061995850e-02 9.961071648146845314e-01 8.948315752848587379e-02
5.955146238176003415e-01 -8.033388029920959239e-01 3.016691334673464453e-03 5.351751276169657068e+00 7.992581918155624576e-01 5.928595859170858740e-01 9.850814282047704040e-02 3.179168156523322519e+00 -8.092388791389060199e-02 -5.625192435329007257e-02 9.951316723788122820e-01 6.902920205106258256e-02
6.011930153243323360e-01 -7.990614494980042837e-01 -8.231540037294250017e-03 5.453758681919151030e+00 7.964615160575411190e-01 5.983363080057331196e-01 8.742262842875161977e-02 3.296770779927730821e+00 -6.493082291608767709e-02 -5.911397845025160441e-02 9.961373026783119089e-01 9.142622059173192983e-02
6.128843242567799665e-01 -7.899701482023318011e-01 -1.788770609933308664e-02 5.510462890181019091e+00 7.889601402027035526e-01 6.105334397914760070e-01 6.921572124682706662e-02 3.424629692324232089e+00 -4.375731083648246728e-02 -5.653391765634183802e-02 9.974413335644284340e-01 1.033479600930857223e-01
6.380021413767762439e-01 -7.697609952215055396e-01 -2.052505381833175449e-02 5.607043318063199777e+00 7.694769629422656410e-01 6.362994026830959271e-01 5.502975237344411019e-02 3.479997192162306074e+00 -2.929967746913244783e-02 -5.090265593004755784e-02 9.982737342630386701e-01 1.142860975539625179e-01
6.527130240715981468e-01 -7.574242455414966768e-01 -1.655960365479881499e-02 5.688632439299365018e+00 7.570208885517931696e-01 6.511954195587170702e-01 5.351541686280887611e-02 3.579219580982618609e+00 -2.975033619243891772e-02 -4.746617544779749287e-02 9.984297069322385365e-01 1.092374620270222807e-01
6.799028091469657697e-01 -7.332613936611488414e-01 -7.739423762433875198e-03 5.738656930533548639e+00 7.320478337518517842e-01 6.780848824127576613e-01 6.562668163557941470e-02 3.660604972928910961e+00 -4.287352578556900135e-02 -5.028539359880136034e-02 9.978142311960317423e-01 1.451903574994502788e-01
6.867162261290238323e-01 -7.269255917571376679e-01 -9.391297339524443122e-05 5.858459114249709110e+00 7.248314022258383060e-01 6.847280643150335244e-01 7.594021521376118078e-02 3.784345879599927187e+00 -5.513858103394074506e-02 -5.221744907521323059e-02 9.971123682382246889e-01 1.214138764665412540e-01
6.852802893053697719e-01 -7.282749779336364915e-01 2.545899705390132495e-03 5.927659107674837280e+00 7.262280431527928792e-01 6.836080435902454067e-01 7.261454452919524627e-02 3.866872666176425888e+00 -5.462375333143946327e-02 -4.791241232163584440e-02 9.973568299848893925e-01 8.550600817197122339e-02
6.752884986682832213e-01 -7.375524276579268346e-01 1.363826321309571238e-03 5.972655700067103446e+00 7.363984141075745615e-01 6.743330572794701272e-01 5.470195206729017851e-02 3.924115280514806070e+00 -4.126523071770431261e-02 -3.593527954561424181e-02 9.985017959011356359e-01 8.338264726974262131e-02
6.655113042094378262e-01 -7.463657618723298359e-01 -5.731795023344718118e-03 6.041265423962976833e+00 7.461668278948883071e-01 6.651078457256376364e-01 2.943838486536545784e-02 3.995880175249666433e+00 -1.815954070821162308e-02 -2.386845321628157379e-02 9.995501628344267697e-01 1.311408434031128278e-01
6.285394495936629244e-01 -7.776802165469243189e-01 -1.231426392538047254e-02 6.090859474541913343e+00 7.777775044955435035e-01 6.284490997918636968e-01 1.067157305558825639e-02 4.103691949106138992e+00 -5.601831662614227200e-04 -1.628526212023992739e-02 9.998672294022318274e-01 1.593117689260331871e-01
6.304723641758407382e-01 -7.762093833341092708e-01 1.895055304711526500e-03 6.103948181710594945e+00 7.760753642394118135e-01 6.304055064174093337e-01 1.720251432999957836e-02 4.159109035208960137e+00 -1.454740633894081869e-02 -9.375004143545785651e-03 9.998502299175203722e-01 1.966057908910230634e-01
6.346771167655633761e-01 -7.727101771433108057e-01 1.019507691510426230e-02 6.272114828268250619e+00 7.721127814495424291e-01 6.346231067918832736e-01 3.309629961293591993e-02 4.274586492463975596e+00 -3.204387892254547537e-02 -1.313371481993422935e-02 9.994001677799668748e-01 1.597142565660810420e-01
6.473300816765288346e-01 -7.621960594653915955e-01 4.575182191737421633e-03 6.371652351353128019e+00 7.616859964526443427e-01 6.470960728592136668e-01 3.318305739568698509e-02 4.382944434101223585e+00 -2.825257801689524256e-02 -1.799553904756108838e-02 9.994388187426916925e-01 9.063387726258426147e-02
6.643638287014490551e-01 -7.474059689415708529e-01 -2.240692674929668435e-03 6.440082986130887477e+00 7.473269707799332640e-01 6.642431334930656295e-01 1.683622143482160077e-02 4.484838904352438149e+00 -1.109512767121743730e-02 -1.285990660250745966e-02 9.998557500680456123e-01 7.194081344616795604e-02
6.770340881060210592e-01 -7.359379085106221297e-01 -4.498706420700583630e-03 6.487300313707578425e+00 7.359481290528013808e-01 6.770371233451826232e-01 1.041612289323498889e-03 4.555421623477129422e+00 2.279229284161929034e-03 -4.016021599934579273e-03 9.999893382853534129e-01 1.140428692184830284e-01
6.988988000344581453e-01 -7.152172892762731493e-01 -2.167124983541640366e-03 6.542594711481068970e+00 7.151949790182798861e-01 6.988962154641034097e-01 -6.342081440320060208e-03 4.660582388936356679e+00 6.050561745550036077e-03 2.882556201226444022e-03 9.999775405339411671e-01 1.718311290786950774e-01
7.029767987905438664e-01 -7.111847405148586931e-01 6.315474725808387091e-03 6.683327828426820716e+00 7.112113978010953241e-01 7.029652305665168299e-01 -4.269924165124862163e-03 4.785751572544133303e+00 -1.402854237372452677e-03 7.493295228197533429e-03 9.999709408410885070e-01 1.817223416891686760e-01
6.985267539882042964e-01 -7.154353449638898299e-01 1.458221996482744059e-02 6.743308070295881862e+00 7.155575024182802002e-01 6.985310657108956267e-01 -5.640121427197092481e-03 4.856615037651351052e+00 -6.150991433556633053e-03 1.437419261038520857e-02 9.998777664750746474e-01 1.503418624245838608e-01
6.927972649149654050e-01 -7.210728525664105160e-01 9.267740721612294230e-03 6.831156382610575228e+00 7.211304274130265757e-01 6.927080273364112362e-01 -1.124702284177297833e-02 4.924037736494516260e+00 1.690084450263434294e-03 1.447515649094584418e-02 9.998938010904525608e-01 1.425802845238446359e-01
6.872666080249507647e-01 -7.264045206081399808e-01 -1.040160534141171657e-03 6.881501726822764731e+00 7.263941247134899637e-01 6.872632935707435609e-01 -4.554216948794863676e-03 5.028141084400805205e+00 4.023067933970965633e-03 2.374394733848993883e-03 9.999890885274931307e-01 1.832582978896301062e-01
6.776353614235488543e-01 -7.353622699135174967e-01 -7.255958655861934059e-03 7.014139140100191128e+00 7.353049244255037697e-01 6.773595222789537962e-01 2.259968348521095363e-02 5.137415675458361974e+00 -1.170406185820127912e-02 -2.064968681764187478e-02 9.997182629973070389e-01 1.693500445477984506e-01
6.699477847159447386e-01 -7.423415415019964936e-01 -9.949950484190939887e-03 7.087885465172657717e+00 7.417031359680854585e-01 6.686674358478412739e-01 5.253873172984683398e-02 5.232987868191745662e+00 -3.234847522381739671e-02 -4.257811641104779915e-02 9.985693166493657680e-01 1.458176441561865322e-01
6.737429084161188353e-01 -7.388289078933873988e-01 -1.422456396709127421e-02 7.169180245094305626e+00 7.377044319467580547e-01 6.713439898918036608e-01 7.134015925315097262e-02 5.295600312263483822e+00 -4.315859642180762401e-02 -5.855845026312041235e-02 9.973506121007201797e-01 1.337751171691218821e-01
6.663820816965971838e-01 -7.451866619658067403e-01 -2.513483682000474534e-02 7.294594294462801720e+00 7.449376174515687232e-01 6.639705838403502369e-01 6.489229461411183397e-02 5.400804331502751410e+00 -3.166808013268121447e-02 -6.196694782674902480e-02 9.975756763663331528e-01 1.007997355699971065e-01
6.708272760483877661e-01 -7.413010851100888532e-01 -2.152828195897422622e-02 7.307445654901530752e+00 7.414068747699728013e-01 6.696722275185589268e-01 4.306917382715273052e-02 5.492048579721455326e+00 -1.751033275874947295e-02 -4.485319280649325419e-02 9.988401170065914769e-01 1.156862213765395553e-01
6.879483905580670022e-01 -7.255896633750315017e-01 -1.570516895400283358e-02 7.374936176777330488e+00 7.257135642569442213e-01 6.874999035026865268e-01 2.614775969904583469e-02 5.602970387553117604e+00 -8.175242017671544015e-03 -2.938576334052456912e-02 9.995347129193898894e-01 1.913356132942345689e-01
7.163959408120320616e-01 -6.974727562250726542e-01 -1.756730804204544028e-02 7.447711860121565941e+00 6.976803981083108397e-01 7.159979261584933363e-01 2.426997800093377497e-02 5.703355694567473932e+00 -4.349492323541195513e-03 -2.964328019193186378e-02 9.995510781625870367e-01 2.775587008743551909e-01
7.233355949201120128e-01 -6.900561947766882254e-01 -2.465897751094062174e-02 7.629408118437778441e+00 6.903906670170546489e-01 7.221375882355463016e-01 4.333624987346289259e-02 5.796136762249012087e+00 -1.209727313546829670e-02 -4.837098001556475180e-02 9.987561785916618806e-01 2.748470258418198586e-01
7.163858080819652807e-01 -6.971786750599422433e-01 -2.707894053343250576e-02 7.684723339071396708e+00 6.973905777975775155e-01 7.143602354609152050e-01 5.775669650687080547e-02 5.876695537589709417e+00 -2.092261881100440993e-02 -6.026067568397619478e-02 9.979633735704933617e-01 1.559128080650205861e-01
7.133467381474796198e-01 -7.003215229641912565e-01 -2.619533636865244847e-02 7.766436645814421169e+00 7.005972528086841233e-01 7.117068578967313819e-01 5.135014877959564322e-02 5.947249842804716025e+00 -1.731821385928261625e-02 -5.498284183158965582e-02 9.983371006693313454e-01 1.130250336212203915e-01
7.010868106556532586e-01 -7.126029026647475728e-01 -2.596896298392824959e-02 7.796727773665646843e+00 7.130142740155418490e-01 7.000822499297120194e-01 3.867154488046836702e-02 6.063520693726998978e+00 -9.377045098221910291e-03 -4.562835135229660610e-02 9.989144731047284731e-01 1.776490232107305056e-01
6.954679934813774445e-01 -7.177503629056890544e-01 -3.403948577370632250e-02 7.886495747735600581e+00 7.185228781066396175e-01 6.941919801412674840e-01 4.268920642149689332e-02 6.161473067443692386e+00 -7.010255368945577173e-03 -5.414712602066425878e-02 9.985083600367923307e-01 2.890480308763575534e-01
6.872205722916380211e-01 -7.254207557774685622e-01 -3.863433843616128488e-02 7.993709801740822130e+00 7.262749448173837497e-01 6.849202616953472544e-01 5.838612548956401832e-02 6.229857064116420595e+00 -1.589306608743544513e-02 -6.818329858860874837e-02 9.975462135880808212e-01 2.605868999320875012e-01
6.881044483725820005e-01 -7.249662947594426310e-01 -3.059639836042509983e-02 8.121737736068677549e+00 7.250200677885054734e-01 6.852295978148744693e-01 6.932748071592068073e-02 6.280932217478317092e+00 -2.929452907652992447e-02 -6.988755068844892948e-02 9.971246465838430328e-01 1.667640572849195257e-01
6.877618884783855968e-01 -7.256396856372593351e-01 -2.075165981082449998e-02 8.215505748996729807e+00 7.255384713439878563e-01 6.861577068082189701e-01 5.274019328288202108e-02 6.381668382574870790e+00 -2.403146596597918391e-02 -5.132882246794608777e-02 9.983926284922080008e-01 1.304240539176243496e-01
6.966829795372997403e-01 -7.172135572641407109e-01 -1.541231000037347060e-02 8.252649587605828785e+00 7.173657102695187859e-01 6.963776966241856936e-01 2.108414982640291133e-02 6.451973487041132493e+00 -4.389049161166565238e-03 -2.574523103238114327e-02 9.996589014891780201e-01 1.816793414872365231e-01
7.068992595230856324e-01 -7.071966198360252198e-01 -1.289875103310014412e-02 8.349918990024265852e+00 7.071656362698294229e-01 7.070070123104930104e-01 -7.605749330450345229e-03 6.548789859647697220e+00 1.449826764826361511e-02 -3.745054911594829401e-03 9.998878811141319600e-01 2.644951781154433745e-01
7.349545119607339139e-01 -6.779582790532006076e-01 -1.464367480457754236e-02 8.412927941242589469e+00 6.780618695888747105e-01 7.349979080105893958e-01 3.190020328628603505e-03 6.618995866997064326e+00 8.600369654810098574e-03 -1.227383734941540211e-02 9.998876869721522453e-01 2.725235153992289217e-01
