1.000000000000000000e+00 0.000000000000000000e+00 0.000000000000000000e+00 0.000000000000000000e+00 0.000000000000000000e+00 1.000000000000000000e+00 0.000000000000000000e+00 0.000000000000000000e+00 0.000000000000000000e+00 0.000000000000000000e+00 1.000000000000000000e+00 0.000000000000000000e+00
9.999985926858503404e-01 -1.651841808864999532e-03 -2.933342075690397225e-04 1.258288226721083689e-02 1.652017846521920685e-03 9.999984548758449332e-01 6.009017869758109462e-04 -4.789372804463139233e-02 2.923411596365217192e-04 -6.013855346641229418e-04 9.999997764360175623e-01 -1.379158619960980936e-02
9.999940972721348409e-01 -3.431789579866930708e-03 -1.680510861650498207e-04 1.304535188536522228e-02 3.431847874331085853e-03 9.999940506979935195e-01 3.478344237199113074e-04 -9.604720649792437837e-02 1.668563918275446970e-04 -3.484090963108004715e-04 9.999999253850202496e-01 -1.904521498829188364e-02
9.999944533303306571e-01 -3.315705142432040942e-03 -3.152903130688572138e-04 1.232104046367624856e-02 3.315843091332006370e-03 9.999944066466422976e-01 4.380182911736931004e-04 -1.062592032037958933e-01 3.138362100382020088e-04 -4.390613148372760717e-04 9.999998543659869288e-01 -1.890675673984256941e-02
9.999984009390869844e-01 -1.774409259405114589e-03 2.226904782258409777e-04 -2.343481562049961470e-02 1.774424568257643121e-03 9.999984233568178782e-01 -6.856624468622099912e-05 -6.394274771509028676e-02 -2.225684625429628894e-04 6.896128250030013633e-05 9.999999728538101484e-01 -1.206766316274015399e-03
9.999996872110108459e-01 -6.069272269993007023e-04 5.071658718844072964e-04 -5.981866569231345659e-02 6.070063749913041712e-04 9.999998036160832049e-01 -1.559200297632279181e-04 -1.676524177113332403e-02 -5.070711401738889866e-04 1.562278339105712592e-04 9.999998592358514404e-01 1.120257697274038705e-02
9.999982656232577760e-01 1.543322434349064494e-03 1.042548003690773294e-03 -9.408838008052713975e-02 -1.543355940808900347e-03 9.999988085345609123e-01 3.133526169854746645e-05 2.351985759547238486e-02 -1.042498401118492797e-03 -3.294423000647298260e-05 9.999994560557327050e-01 2.096942221618050550e-02
9.999990538441878574e-01 8.092768161744461107e-04 1.112376628600380939e-03 -5.480424530894581481e-02 -8.103862713616057827e-04 9.999991743479379469e-01 9.972850813548728068e-04 8.289749634234899744e-04 -1.111568630468866628e-03 -9.981855925161981728e-04 9.999988840197285844e-01 2.425527275119902099e-02
9.999989709417628214e-01 -1.237621658920112430e-03 7.255398298697706468e-04 -5.137756240256861895e-02 1.236832217022578069e-03 9.999986437765814307e-01 1.087516006640009032e-03 -6.428779130680061307e-03 -7.268847792399023289e-04 -1.086617516486388171e-03 9.999991454500801735e-01 2.069625565280857130e-02
9.999969973523665789e-01 -2.363393027969094579e-03 6.478114280058091612e-04 -7.681176497049484186e-02 2.362988436671529992e-03 9.999970130717183991e-01 6.246065077475836591e-04 -9.011157908330690719e-03 -6.492856837051684234e-04 -6.230738613608100733e-04 9.999995951034501562e-01 1.821469103491949251e-02
9.999992987380507126e-01 -7.820737816923901704e-04 8.893165953947469813e-04 -7.300191658822738350e-02 7.815511266462101328e-04 9.999995217756748600e-01 5.878998708082617793e-04 -1.016322244388423099e-02 -8.897759511771376889e-04 -5.872044121493763926e-04 9.999994317447060688e-01 2.720694972730308692e-02
9.999998838535600898e-01 8.173426530225630620e-05 4.749867115210942630e-04 -3.517510944767091030e-02 -8.195687278464204334e-05 9.999998868204886815e-01 4.686598774901799239e-04 3.871479725545913866e-03 -4.749483521915670277e-04 -4.686987514824941564e-04 9.999997773727468120e-01 1.113071694224488858e-02
9.999999867228857031e-01 -1.528565020278476936e-04 5.647227892967366714e-05 -1.033982939370896650e-02 1.528298676836364444e-04 9.999998772411033965e-01 4.713393785383389475e-04 6.369431590691747302e-03 -5.654431928587035896e-05 -4.713307416293954842e-04 9.999998873250296461e-01 -4.279422908967166032e-03
9.999997224881302937e-01 -7.367661277135353036e-04 1.104506016888224650e-04 -1.004350040720832817e-02 7.367331956675293204e-04 9.999996842381684292e-01 2.979056255696801514e-04 4.517203352919470574e-03 -1.106700535869132229e-04 -2.978241702725873980e-04 9.999999495264501048e-01 -5.940226464997417147e-03
9.999997071259365544e-01 -7.650888619573373512e-04 1.967420903604754712e-05 -9.212272409717819216e-03 7.650846414889493846e-04 9.999996845021066338e-01 2.136379614491031129e-04 -6.100719361605473970e-03 -1.983765485367202096e-05 -2.136228464449183159e-04 9.999999769858731735e-01 -3.890221385652361304e-03
9.999999651835381753e-01 7.328608529795223011e-05 2.534996491152184651e-04 -1.405336226589932840e-02 -7.326993783089954713e-05 9.999999952864745412e-01 -6.370688351335560527e-05 -1.502195569293926503e-02 -2.535043167484406722e-04 6.368830739177649286e-05 9.999999658396798718e-01 4.882933500385286917e-03
9.999999276234389223e-01 -3.656951176170273655e-04 1.049771299071667647e-04 1.357233809108469164e-02 3.657067952676441489e-04 9.999999269418409220e-01 -1.112423157217444600e-04 -3.339237637739961295e-02 -1.049364414659990512e-04 1.112806985201629409e-04 9.999999883024746072e-01 1.687987181536532502e-03
9.999996412750520314e-01 -8.094664958344830689e-04 -2.494268616239798671e-04 3.843176846651766287e-02 8.094981237313631211e-04 9.999996643264161822e-01 1.267274343327933178e-04 -3.870251258600582167e-02 2.493241962857758683e-04 -1.269292994489938577e-04 9.999999608631983117e-01 -1.055995834706144852e-02
9.999998143635875358e-01 -4.735178927068210220e-04 -3.834756782170110727e-04 2.927022803605525830e-02 4.733928319536167802e-04 9.999998347628611395e-01 -3.261494705244210451e-04 -5.929356498903068373e-02 3.836300524625772899e-04 3.259678753419069548e-04 9.999998732864555651e-01 -2.831128376123609458e-02
9.999888788580484356e-01 4.714212353933010247e-03 -1.355068459624706747e-04 1.119869396576356549e-02 -4.714289762328394834e-03 9.999887213674328867e-01 -5.767234722686252627e-04 -7.113588587415618780e-02 1.327865207127728393e-04 5.773558769816695664e-04 9.999998245139501973e-01 -1.980448789195996678e-02
9.999816809823465213e-01 6.052393835842698536e-03 -7.892133002527499709e-05 -9.968342540344727123e-03 -6.052431247052422400e-03 9.999815673504713898e-01 -4.827372934056345420e-04 -6.633044126828482878e-02 7.599815907711865144e-05 4.832061160565385332e-04 9.999998803680574255e-01 -1.386760566068297347e-02
9.999848287110345568e-01 5.508347195518912935e-03 2.142280447912011938e-05 -1.265693572975684633e-02 -5.508342560728337299e-03 9.999848067678202002e-01 -2.107030114480613761e-04 -7.780991014231423974e-02 -2.258310433967503994e-05 2.105818106661062872e-04 9.999999775726519102e-01 -7.027187133766049296e-03
9.999901328642624154e-01 4.437559043774024978e-03 -2.055330821338681598e-04 2.390073061023620382e-02 -4.437550278877154183e-03 9.999901530972890029e-01 4.308112127255000898e-05 -8.430978544151705723e-02 2.057222332889234234e-04 -4.216863279933705965e-05 9.999999779500843289e-01 -1.258468008621391361e-02
9.999875756178594477e-01 4.974899689310971658e-03 -3.146156337853513174e-04 3.638407026016305529e-02 -4.974936191206658261e-03 9.999876182761021637e-01 -1.153446230855354908e-04 -7.190294382148809671e-02 3.140379103718878755e-04 1.169083827026985782e-04 9.999999438563088594e-01 -1.821090666680848236e-02
9.999815419450955867e-01 6.059535943448250521e-03 -4.447395406499124655e-04 6.959824224496960476e-02 -6.059699350429772861e-03 9.999815725081363516e-01 -3.669985521526859850e-04 -6.924326194484800578e-02 4.425075042976830638e-04 3.696867659788472286e-04 9.999998337593880571e-01 -2.459735880139779160e-02
9.999312388743472058e-01 1.171991659683443814e-02 -4.013454577529259508e-04 1.055811647073853776e-01 -1.171995270446046268e-02 9.999313151469598759e-01 -8.773298385518276819e-05 -7.541274487959774564e-02 4.002896681455676972e-04 9.243070101947034514e-05 9.999999156123700050e-01 -3.259136356260416978e-02
9.999078648378603162e-01 1.356577787190536843e-02 -4.811508302137970823e-04 8.025430539951404485e-02 -1.356571439347227168e-02 9.999079723562444011e-01 1.349496892488752169e-04 -3.106300760050693249e-02 4.829372485448343594e-04 -1.284101008945131206e-04 9.999998751412222386e-01 -4.970978249441833363e-02
9.999327974260726615e-01 1.157583198095149535e-02 -6.330447199093958014e-04 7.349194088210578291e-02 -1.157591299666233670e-02 9.999329891282991989e-01 -1.244638034786284427e-04 -1.898692638120560994e-02 6.315615269541103314e-04 1.317835097913415551e-04 9.999997918815504150e-01 -5.886210140862943585e-02
9.999548850749874207e-01 9.462453994414627909e-03 -8.305293928409170122e-04 9.456656529918291976e-02 -9.462606425042012145e-03 9.999552123733735920e-01 -1.797970136310686994e-04 -1.368973772335829731e-02 8.287908744307510454e-04 1.876478748711639453e-04 9.999996389469155700e-01 -6.110917399056423061e-02
9.999984318913186510e-01 -1.590956681354980607e-03 -7.778635753478391982e-04 1.226703780486778222e-01 1.591546290169836833e-03 9.999984462416182662e-01 7.579543229245046558e-04 -6.871012424137505625e-03 7.766564942415705476e-04 -7.591911402573537889e-04 9.999994102165773446e-01 -4.794788839275324066e-02
9.997196233632434925e-01 -2.367066480094784722e-02 -6.117927229492329221e-04 1.619359308132727882e-01 2.367119534722884541e-02 9.997194150654586942e-01 8.750154344409984044e-04 4.496588542904820379e-02 5.909088660838027803e-04 -8.892519656133240826e-04 9.999994300286644267e-01 -2.670317665827729586e-02
9.985985487634413404e-01 -5.291868270026751919e-02 -7.425825323128149068e-04 1.876117628877968513e-01 5.291985482401702356e-02 9.985973843256915616e-01 1.659211647761364358e-03 7.117167888627345951e-02 6.537376796930536227e-04 -1.696183703350741777e-03 9.999983477925804554e-01 -2.613005747696558675e-02
9.978389157469168547e-01 -6.569314332752432262e-02 -1.381716601425761687e-03 2.167675439789339409e-01 6.569677528515288634e-02 9.978357834269652171e-01 2.771827885477402484e-03 2.812188352361785770e-02 1.196636180897823034e-03 -2.856612056953473748e-03 9.999952039032020679e-01 -5.782491434323537571e-02
9.974865261089325141e-01 -7.084296804985580620e-02 -1.379894568821771585e-03 2.594274671331995852e-01 7.084502953766459721e-02 9.974861955179080697e-01 1.507163235052610788e-03 -2.808423605826965500e-02 1.269653866763103709e-03 -1.601133691098770469e-03 9.999979121728014286e-01 -4.426369281108048781e-02
9.969370977112413934e-01 -7.819991632041682628e-02 -1.093752516134974088e-03 2.782273281627357653e-01 7.819893095546547046e-02 9.969373537572722155e-01 -9.164501458951890191e-04 -7.181804143217754288e-02 1.162069063821796755e-03 8.281128711541880551e-04 9.999989819117635070e-01 -7.783235268176695587e-03
9.968476911142695185e-01 -7.930836430351755062e-02 -2.205464044228839637e-03 3.173625764383841141e-01 7.930077475414611110e-02 9.968451432744852569e-01 -3.338780235839650719e-03 -1.863553571325873570e-01 2.463299320429378301e-03 3.153360361834953076e-03 9.999919942053968613e-01 -4.431054662050058074e-02
9.960477560245835082e-01 -8.863866619940012626e-02 -5.661675792831552707e-03 3.812594171680915300e-01 8.842331923094655377e-02 9.956029259159547840e-01 -3.092136031567743748e-02 -1.817644027022901065e-01 8.377609120383336383e-03 3.029852738964645270e-02 9.995057853276512194e-01 -6.696471162547312783e-02
9.957119150665859619e-01 -9.194759611213237926e-02 -1.016964914007156481e-02 3.822515372091803143e-01 9.117153032841646132e-02 9.939969812268131255e-01 -6.047936317089620817e-02 -8.122439943412876340e-02 1.566953260332352993e-02 5.929284004989722467e-02 9.981176407953176177e-01 -8.940182375195893094e-03
9.987822001012125472e-01 -4.789047786737382628e-02 -1.185828362858240212e-02 4.614380122134990603e-01 4.703468772366360684e-02 9.968286240682457944e-01 -6.419059424047461604e-02 -5.784211701376178183e-02 1.489479478605782586e-02 6.355467227389645368e-02 9.978671999421760974e-01 9.427836398368853732e-03
9.992319304330066210e-01 -3.808691847439665129e-02 -9.216064466548668996e-03 7.013641730368095351e-01 3.754005527868951170e-02 9.978562142806105539e-01 -5.360708788249180651e-02 -7.410596836619451344e-02 1.123803598498659094e-02 5.321994234018791875e-02 9.985195763151102355e-01 -2.861258769610472430e-02
9.982994920012623341e-01 -5.785888839555829860e-02 -7.104456604964590020e-03 7.796523979063568754e-01 5.748025461083259430e-02 9.973212086050038394e-01 -4.523745347086122193e-02 -2.629333277824628945e-02 9.702814019414907759e-03 4.475216084486652313e-02 9.989509995489367356e-01 -6.887991956023716000e-02
9.981628688798440674e-01 -6.058735874674846950e-02 2.432070146500645317e-04 7.290098342471487136e-01 6.056512393637445563e-02 9.976705507929127803e-01 -3.139009148023826773e-02 -6.347001766391800401e-03 1.659202257343818810e-03 3.134715362929985788e-02 9.995071800678624330e-01 -9.545001076582307342e-03
9.977179802467509573e-01 -6.750194328929780274e-02 1.523005092697739477e-03 7.421557488825549775e-01 6.750926655935420018e-02 9.977039224287921337e-01 -5.420525695988224341e-03 -2.188754362267734260e-02 -1.153612136734782174e-03 5.510972906051170989e-03 9.999841490527071608e-01 -2.228621207664266413e-02
9.955428537877596407e-01 -9.429495959718711684e-02 -1.699078187787418127e-03 8.521866631422976290e-01 9.430570117320674628e-02 9.955103544498850043e-01 8.097463139407264435e-03 1.887257770350393368e-02 9.278999693922013181e-04 -8.221604322094093129e-03 9.999657715262146862e-01 5.576960383956925532e-02
9.855124644908503928e-01 -1.689276853450490945e-01 -1.512016723235913920e-02 9.433784285473341136e-01 1.690700469232992442e-01 9.855657874145496988e-01 8.683197066283773746e-03 1.104857502358854299e-01 1.343508714239747062e-02 -1.111376632391613412e-02 9.998479797607101593e-01 1.432092687911473983e-01
9.731797499410997920e-01 -2.279467735038808729e-01 -3.100714036716255284e-02 9.886459886282862319e-01 2.283163987435367082e-01 9.735462461580733917e-01 8.906663590047176476e-03 1.211210826636061472e-01 2.815663988051182037e-02 -1.574722326933750832e-02 9.994794788238249295e-01 1.143359925061932653e-01
9.629248003395446398e-01 -2.669340173459833765e-01 -3.901357807971994607e-02 1.151314209939235278e+00 2.678718017487662917e-01 9.632234222961604253e-01 2.110299902720444779e-02 8.999504870394058054e-02 3.194568388558625960e-02 -3.077123857771720331e-02 9.990158177714081322e-01 -5.031196091253062330e-03
9.574257069684499744e-01 -2.865379364133560647e-01 -3.510023692141121116e-02 1.347788987433171659e+00 2.875878974412124367e-01 9.572928986299462650e-01 2.972385368719887566e-02 1.184148903288360644e-01 2.508419584731311214e-02 -3.855278496621021567e-02 9.989416729169140474e-01 -1.383491499390872570e-01
9.530355420511932296e-01 -3.018277293705206588e-01 -2.496552363208236897e-02 1.435509923164276724e+00 3.023083513692824131e-01 9.530330066130180411e-01 1.837794870320302171e-02 1.552977062743120529e-01 1.824599352117614592e-02 -2.506212459443179358e-02 9.995193713136520941e-01 -1.424328234915082370e-01
9.494195102031119937e-01 -3.138206773718534293e-01 -1.091678064056026375e-02 1.376277800585763433e+00 3.137482817340143115e-01 9.494737103754000707e-01 -7.854235476770374258e-03 2.103809941508854586e-01 1.283001771770521209e-02 4.031843231332299902e-03 9.999095633533671146e-01 5.974068783267755256e-02
9.550035054385100919e-01 -2.958537665920700777e-01 -2.094882797300234509e-02 1.371086282999873784e+00 2.955142113088099487e-01 9.551715260432250831e-01 -1.785235981008364767e-02 2.271300130136798268e-01 2.529141187615979378e-02 1.085838982269373559e-02 9.996211481635274287e-01 2.121528751681765745e-01
9.601492004700469263e-01 -2.775724396940531524e-01 -3.266578575544806101e-02 1.603702430576104954e+00 2.775452752964736036e-01 9.606970774574413729e-01 -5.453945850079805133e-03 2.518725437647267862e-01 3.289578996367577973e-02 -3.829632752910400607e-03 9.994514500042728233e-01 1.979215247058772331e-01
9.549827043155644235e-01 -2.932240983104629217e-01 -4.502957503849266269e-02 1.901703917387479903e+00 2.942806641087700736e-01 9.555337378194606046e-01 1.881931509039220726e-02 3.100276569088404877e-01 3.750900145075204001e-02 -3.122345366525277818e-02 9.988083753910863560e-01 -3.078027646666608996e-02
9.453607142800036778e-01 -3.234600838268152367e-01 -4.082516462613375308e-02 2.025104842424125362e+00 3.247124946034265491e-01 9.453703836779974168e-01 2.892461776645647437e-02 3.563574879947432050e-01 2.923894225892887180e-02 -4.060063836032083012e-02 9.987475518970314603e-01 -1.638365529788680108e-01
9.233900119462256084e-01 -3.824717937692245218e-01 -3.265291424821226834e-02 2.022523227597427642e+00 3.833239536733130115e-01 9.232578177469662473e-01 2.564660814551318960e-02 3.999190429549099868e-01 2.033795413037244385e-02 -3.619846599044597435e-02 9.991376475149604808e-01 -1.058878939877624659e-01
8.982560139221359430e-01 -4.388973634452280614e-01 -2.247749571333165775e-02 2.001158986398372974e+00 4.393411850035822686e-01 8.980626924230539210e-01 2.151101200555974313e-02 4.358721974179968206e-01 1.074507386496346278e-02 -2.919768550215337544e-02 9.995159020990880272e-01 5.429662782816734035e-02
8.577517908890794907e-01 -5.138617205038825686e-01 -1.442211591156357733e-02 2.103502658671601910e+00 5.140542793344194950e-01 8.572247104102935777e-01 3.023232971438024122e-02 5.001331639339648971e-01 -3.172242826078306051e-03 -3.334558535665506362e-02 9.994388469599700953e-01 1.250394632853403243e-01
8.329996741119480852e-01 -5.532597740820148768e-01 -3.894266568461271505e-03 2.198202156740536317e+00 5.528013601570067603e-01 8.319775295400388959e-01 4.715979801713417879e-02 5.162753724874529215e-01 -2.285167691771433640e-02 -4.143685223531740763e-02 9.988797666080121429e-01 4.188903975446606198e-02
8.108509326740923617e-01 -5.852000054397561435e-01 7.856119580558422466e-03 2.314470406535789060e+00 5.838777425912229369e-01 8.097926421092533911e-01 5.764250595083685036e-02 5.360035580074914430e-01 -4.009422262785754254e-02 -4.215246634568482753e-02 9.983063772674417580e-01 -4.625127941248592667e-03
8.085002456179906094e-01 -5.884408721943804599e-01 8.043181383369837553e-03 2.391726382279601548e+00 5.874211391298701512e-01 8.077740057710109944e-01 4.937166094046972764e-02 6.185691546029313814e-01 -3.554937607068270333e-02 -3.519226522649065991e-02 9.987480895246876322e-01 2.220007110214983204e-02
8.048199898055298229e-01 -5.934484818477474555e-01 -9.147863249455118889e-03 2.545110336816268859e+00 5.934865442284613657e-01 8.045192613441377594e-01 2.285782023819383363e-02 7.059126435264545529e-01 -6.205306534376028513e-03 -2.382556439807345661e-02 9.996968723827877046e-01 6.105940670427965900e-02
8.073123507058933557e-01 -5.892034490003060787e-01 -3.295548640011895097e-02 2.567382107545816528e+00 5.894797620493895662e-01 8.077815223352180496e-01 -1.619354189981230333e-03 7.545421044504836416e-01 2.757496204747570193e-02 -1.811926764362482845e-02 9.994555085686100959e-01 8.577255249138800164e-02
8.324106387296890119e-01 -5.507122719431553071e-01 -6.171322435944567170e-02 2.671588062141921238e+00 5.505487297084440401e-01 8.345347807005645269e-01 -2.116119130576542620e-02 8.186108547732745544e-01 6.315555989815654914e-02 -1.636133650619167948e-02 9.978695715982532910e-01 1.085995241865990030e-01
8.327387399855472605e-01 -5.484858793239021368e-01 -7.556077758711293724e-02 2.905299670129090295e+00 5.492585522510103901e-01 8.355661778707916820e-01 -1.200854602025250122e-02 9.096990418705055426e-01 6.972254804872868306e-02 -3.150242182249472084e-02 9.970688861422315474e-01 1.484221684219039217e-01
8.334580287420890743e-01 -5.473449966923187304e-01 -7.590236439819628145e-02 3.002575329126781156e+00 5.492524839188914765e-01 8.356402166786476293e-01 5.209335676529654180e-03 9.508762326921952335e-01 6.057576441349110663e-02 -4.603132482504238704e-02 9.971016467244313564e-01 5.138146928756880116e-02
8.161882198749392803e-01 -5.726172835491238899e-01 -7.711184291793289625e-02 3.101890343590004040e+00 5.745458382002388564e-01 8.184648945239606510e-01 3.506599302328380213e-03 9.996145919609631392e-01 6.110539701337964341e-02 -4.716633346683100914e-02 9.970162824363165699e-01 6.346061867468465179e-03
7.934555739670221541e-01 -6.028452690326497887e-01 -8.370085869102933396e-02 3.054833305604332416e+00 6.044228532609752236e-01 7.966247939956876412e-01 -7.870962278524420985e-03 1.029523149680635852e+00 7.142315168434629213e-02 -4.434545293804627308e-02 9.964598407398034263e-01 5.588503137818992550e-02
7.699963606994609799e-01 -6.315977089554253299e-01 -9.049827927559456198e-02 3.103341110719931795e+00 6.331865214207313963e-01 7.738799958669057011e-01 -1.358606227542750663e-02 1.096431033415678158e+00 7.861573379864494893e-02 -4.684107214076015102e-02 9.958039367064205338e-01 1.921687341135693283e-01
7.460925209686600779e-01 -6.573704963262606560e-01 -1.058771963852242898e-01 3.169493618895667719e+00 6.610396252565365893e-01 7.503507672071385581e-01 -5.830886350140229712e-04 1.177250561425715158e+00 7.982834080279528621e-02 -6.955398415205560347e-02 9.943790420625568949e-01 1.947700262224278112e-01
7.414717457214083929e-01 -6.614219621590420317e-01 -1.128744358591887709e-01 3.386885561908161257e+00 6.678930450075670766e-01 7.436665277370282379e-01 2.964752863346183098e-02 1.217475705486001036e+00 6.433141322376811910e-02 -9.737085548168329663e-02 9.931668468970347163e-01 8.064946616596078977e-02
7.223836008642436912e-01 -6.843674807910729019e-01 -9.901052690542408441e-02 3.559705613167648774e+00 6.903887874379679435e-01 7.218858814843494009e-01 4.737189349705492325e-02 1.294440611487321036e+00 3.905451807846948425e-02 -1.025764366179900133e-01 9.939581577050484729e-01 -5.643836892201700706e-03
7.163239571207684619e-01 -6.933534614404508467e-01 -7.836431562509084403e-02 3.620518100798268080e+00 6.973144692391757271e-01 7.153775913208642034e-01 4.458063285379844365e-02 1.355151916743177809e+00 2.514993925499842131e-02 -8.657874649418249857e-02 9.959275080099785349e-01 -2.271320669623717869e-02
7.150313331879102341e-01 -6.962060886237084745e-01 -6.346081249713651784e-02 3.640493687689121405e+00 6.985673056977463879e-01 7.150620509268676983e-01 2.626752242700402737e-02 1.454963396161368605e+00 2.709080969094781674e-02 -6.311375038403854720e-02 9.976385831265499604e-01 7.707399019926158834e-02
7.140076967752673198e-01 -6.978194159529689244e-01 -5.693041071988898943e-02 3.704823870715293843e+00 6.993442390590403068e-01 7.147071605221413382e-01 1.055035512719330881e-02 1.540652665931657950e+00 3.332632954001669284e-02 -4.734698952874782235e-02 9.983224020034584534e-01 1.469222316678413798e-01
7.228495710824426324e-01 -6.883990895604542581e-01 -5.995991226033095534e-02 3.783359452821653424e+00 6.901004008107424204e-01 7.236195431967376024e-01 1.167019728185744731e-02 1.628809937478775449e+00 3.535441113611560715e-02 -4.981415658306947991e-02 9.981325640500543495e-01 1.609085281345283003e-01
7.301543672347976521e-01 -6.810470788601421521e-01 -5.522206428611341200e-02 3.998194348000399856e+00 6.830198697679095154e-01 7.297258542299724926e-01 3.136933487603743576e-02 1.709483169865360974e+00 1.893297415041569551e-02 -6.062222401400589600e-02 9.979812064590271037e-01 1.127531045848450680e-01
7.190188258520386899e-01 -6.940213636764698268e-01 -3.669161799388233336e-02 4.108847284478373219e+00 6.949292360785510603e-01 7.172511635094505067e-01 5.122621679980930709e-02 1.815109137153334551e+00 -9.234983142233737369e-03 -6.233069231921553599e-02 9.980128255094570244e-01 1.818949799049903240e-02
7.101436288267468644e-01 -7.038572455643332670e-01 -1.676318297249992928e-02 4.127986621473668905e+00 7.034828329676616754e-01 7.084022828033890162e-01 5.725477655829396689e-02 1.863364352845702010e+00 -2.842411223895229683e-02 -5.245172623982095189e-02 9.982188568935623785e-01 2.750905694095573395e-02
6.926033657814438804e-01 -7.211394568413294071e-01 -1.607673769170630401e-02 4.180173125083153529e+00 7.207002281507637331e-01 6.909149591924614864e-01 5.681285336538222791e-02 1.951185378908522061e+00 -2.986233165130466882e-02 -5.093528198284407588e-02 9.982553972795116248e-01 9.539048811003220107e-02
6.644830752732989732e-01 -7.465855607191468346e-01 -3.274512484350100561e-02 4.342418729218503692e+00 7.469959193161611610e-01 6.623151376502789400e-01 5.775599505069019951e-02 2.051809542680607557e+00 -2.143220008171287105e-02 -6.283835584234556682e-02 9.977935667434864042e-01 1.129764198798611646e-01
6.478285444210130084e-01 -7.609066662587697927e-01 -3.659538599764645267e-02 4.396969996620427423e+00 7.612578381686645468e-01 6.448429782383191533e-01 6.829375698778027137e-02 2.109662132278291136e+00 -2.836689725935523029e-02 -7.210116961395222901e-02 9.969938517765178920e-01 7.707143053219878137e-02
6.396661485347833187e-01 -7.684198342606897159e-01 -1.892555767872787509e-02 4.504172064225366867e+00 7.671069986675199681e-01 6.366254090818703748e-01 7.908818563256375667e-02 2.185820816978224279e+00 -4.872443959643062150e-02 -6.510796284722403238e-02 9.966879562630915901e-01 8.111533522939919083e-02
6.355854901335636908e-01 -7.720276814833446632e-01 -2.084167730563746268e-03 4.564826942282811828e+00 7.701805213449486320e-01 6.338733869818169442e-01 7.089777018371659634e-02 2.296718528848393337e+00 -5.341394267886305502e-02 -4.666677940089018067e-02 9.974814095650343937e-01 8.703302577632524017e-02
6.424407011440551596e-01 -7.663004439302313342e-01 7.319504482236175585e-03 4.642601215859174957e+00 7.650797138826478383e-01 6.419053182812359815e-01 5.109396997211274050e-02 2.395091048481016838e+00 -4.385176072611862708e-02 -2.722484149808540588e-02 9.986670271349822325e-01 8.672863635370516022e-02
6.490707247214226872e-01 -7.605312434605545624e-01 1.730381547376365695e-02 4.726368442848456475e+00 7.596555109977837228e-01 6.491953469588371828e-01 3.832631077590399615e-02 2.495966114028641769e+00 -4.038191328185559981e-02 -1.173154752528119543e-02 9.991154447171551878e-01 1.174369149844000648e-01
6.730799168649643782e-01 -7.391397575639507833e-01 2.521595331048810326e-02 4.794381411421334782e+00 7.376418201635338567e-01 6.733952690379603201e-01 4.922760184207419787e-02 2.568793917983005048e+00 -5.336638135457019705e-02 -1.453376845821774052e-02 9.984692278260364207e-01 1.231181307571947714e-01
6.901726117374318292e-01 -7.231377545403849805e-01 2.708420140639412194e-02 4.913630779464047471e+00 7.207408125095151608e-01 6.902710107864926670e-01 6.370724331594923573e-02 2.675953317673593457e+00 -6.476455196059008323e-02 -2.444830517814488083e-02 9.976010390848940590e-01 1.095072978304447997e-01
6.820600302257715519e-01 -7.309007067513340061e-01 2.404728755639629761e-02 5.035017912604101475e+00 7.286578831805887724e-01 6.820225205678197566e-01 6.247376022860542943e-02 2.797142678266655746e+00 -6.206290717653365624e-02 -2.508860914276158163e-02 9.977568627897673847e-01 8.179029113396169004e-02
6.608898386962203109e-01 -7.502563757927770416e-01 1.843886358676328704e-02 5.085786437432894047e+00 7.484562343905544202e-01 6.607105529429946333e-01 5.722613416677496678e-02 2.855991640460009418e+00 -5.511702377664660923e-02 -2.401948817209820577e-02 9.981909526127528132e-01 6.882679471779955260e-02
6.402749318138822865e-01 -7.679365579311728807e-01 1.792915735752273823e-02 5.094463120392830113e+00 7.662986372501324750e-01 6.401789466906601112e-01 5.438119861336995764e-02 2.943395795354982969e+00 -5.323917955151280523e-02 -2.107982938401978257e-02 9.983592692782605749e-01 1.139050654673999102e-01
6.121943934818450117e-01 -7.906143627699312448e-01 1.212245731242076602e-02 5.189695944883274237e+00 7.886522344409699903e-01 6.116361453238645662e-01 6.268076933661329009e-02 3.044184816283528772e+00 -5.697084956941769057e-02 -2.881241252064748251e-02 9.979600027977467702e-01 1.231877109262975722e-01
5.938746131073364687e-01 -8.044918888014378489e-01 1.028322708620883763e-02 5.247068767043572279e+00 8.010506714342569001e-01 5.924297739429935650e-01 8.570171958939759582e-02 3.109654041785493650e+00 -7.503842816409282690e-02 -4.265868960186841585e-02 9.962677704814673074e-01 1.108587313770812710e-01
5.952166877518187960e-01 -8.035543181022899439e-01 4.189568106363991684e-03 5.335066306934844960e+00 7.996444704662089009e-01 5.928188538872907198e-01 9.557472117969152692e-02 3.204941049706429901e+00 -7.928313486846096103e-02 -5.353750400348404603e-02 9.954134418373635773e-01 9.693657041609370084e-02
6.014721300567162920e-01 -7.988289077491017576e-01 -1.018100728876537506e-02 5.445772998358402006e+00 7.962098035840428079e-01 5.983589823068045099e-01 8.953478078057416911e-02 3.297072398172276486e+00 -6.543107397633750322e-02 -6.195889312392868081e-02 9.959316593628102510e-01 9.682342819597852812e-02
6.123166568854306879e-01 -7.903934872840595594e-01 -1.861308570852577074e-02 5.512394669871112818e+00 7.893465171899584076e-01 6.098348135183084828e-01 7.094769919576297823e-02 3.408308505616323814e+00 -4.472569173006046839e-02 -5.813463236344575125e-02 9.973063606631789035e-01 9.454540542441873530e-02
6.369593433046085718e-01 -7.706217064544187423e-01 -2.061505562062525970e-02 5.600573055051564886e+00 7.703448917444934985e-01 6.352629400264826476e-01 5.486114100229764340e-02 3.487066935919956645e+00 -2.918120525485922573e-02 -5.082501913614232564e-02 9.982811601396094359e-01 1.166525095762334790e-01
6.520512394151214419e-01 -7.579990369662624738e-01 -1.632914986833644902e-02 5.681854382883377852e+00 7.576145668661474764e-01 6.505903187789292552e-01 5.246336991988610060e-02 3.593334796981399570e+00 -2.914359705704852935e-02 -4.658000718494786224e-02 9.984893357874317088e-01 1.214717044285702902e-01
6.797499283015095983e-01 -7.334024086991262070e-01 -7.806528576295500982e-03 5.731963457717725419e+00 7.321865432344352165e-01 6.779231492770703138e-01 6.575005384536100617e-02 3.656036957854397418e+00 -4.292902142492130424e-02 -5.040942956014318743e-02 9.978055865402436497e-01 1.434030851943176865e-01
6.860013601973073971e-01 -7.275961662873990932e-01 -2.439797393943485965e-03 5.850308269901317360e+00 7.255614022809242503e-01 6.838243742358078858e-01 7.710302666656276838e-02 3.771414641717361516e+00 -5.443147368557062216e-02 -5.466300398702230584e-02 9.970201455675465896e-01 9.889985715826339618e-02
6.840600516445889401e-01 -7.294229684643713796e-01 1.994698129341596071e-03 5.914130983235708960e+00 7.274073317296747554e-01 6.823679580254404797e-01 7.247443415512604126e-02 3.866945035851737433e+00 -5.422563498860363818e-02 -4.812590712719733155e-02 9.973682758005024684e-01 6.778436534436835248e-02
6.748900457980552270e-01 -7.379178511647935812e-01 8.191550722999110801e-04 5.983152169219002836e+00 7.367520525026204359e-01 6.738853781001753473e-01 5.545187387239162297e-02 3.929226770973668348e+00 -4.147094423659589135e-02 -3.682040351649146920e-02 9.984610251126520009e-01 9.869611553002086146e-02
6.658228431233288447e-01 -7.460911724331333872e-01 -5.282422978099486112e-03 6.050663916347176041e+00 7.458965637528496284e-01 6.654465208286388656e-01 2.862244047510993997e-02 4.009158337576299580e+00 -1.783978017965078336e-02 -2.299761584191944638e-02 9.995763362088606607e-01 1.509138201883779840e-01
6.274985328471903712e-01 -7.785219523657612717e-01 -1.221314698294600695e-02 6.103445838536216250e+00 7.786174199056875578e-01 6.274353836763382208e-01 8.930438417936144638e-03 4.123119527598778866e+00 7.104182105263957825e-04 -1.511320599772746597e-02 9.998855366042836978e-01 1.716142104913092881e-01
6.305418284788258942e-01 -7.761504489604664769e-01 -2.735528659207111732e-03 6.132626994688414435e+00 7.760431624849113419e-01 6.303869369093912933e-01 1.921769326461220465e-02 4.145937578589612649e+00 -1.319137972300787019e-02 -1.424044776197299148e-02 9.998115808233779545e-01 1.664242561994795644e-01
6.353334329362549937e-01 -7.722209910285189327e-01 5.115663042597504845e-03 6.288066232501867248e+00 7.716376972696392667e-01 6.350868135184830621e-01 3.521368267233598859e-02 4.272029894292960428e+00 -3.044163507175259506e-02 -1.842499144834580313e-02 9.993667127457701582e-01 1.431239137904244119e-01
6.466040483716084530e-01 -7.628226553874097871e-01 2.191131476611013484e-03 6.367669297767529990e+00 7.623745764086733434e-01 6.463176860668076174e-01 3.253388883830754530e-02 4.385783471730371197e+00 -2.623375449954794963e-02 -1.936608130078451562e-02 9.994682311208840098e-01 1.042011579808146959e-01
6.639428929732442697e-01 -7.477791637823095749e-01 -2.481347083517090012e-03 6.436137911569257852e+00 7.477175942343871062e-01 6.638369349775994355e-01 1.545713530661127835e-02 4.496938599374119327e+00 -9.911313871510205736e-03 -1.211800200429827973e-02 9.998774524334290703e-01 8.939715476422066542e-02
6.761847042412900688e-01 -7.367250447239278577e-01 -3.233299652894709459e-03 6.487635098503863773e+00 7.367077871539525757e-01 6.761915246580366690e-01 -5.163170282520812213e-03 4.587132960995572439e+00 5.990166679274575717e-03 1.109259737944049643e-03 9.999814435508231902e-01 1.227017521927124821e-01
6.981635915166448658e-01 -7.159371218083183663e-01 -1.279491071061038786e-03 6.548112354694092474e+00 7.159076581735652756e-01 6.981491546585938401e-01 -7.998926048705452818e-03 4.668865705136528099e+00 6.620003702522247145e-03 4.668561482102949467e-03 9.999671895040689318e-01 1.832471003169544033e-01
7.027424099663843737e-01 -7.114353523757328546e-01 3.583939823031937703e-03 6.701149609852478761e+00 7.114443794022551337e-01 7.027336053130510685e-01 -3.517809071133227994e-03 4.776479995242532972e+00 -1.586121695203472279e-05 5.021887467661757462e-03 9.999873901178374380e-01 1.783934915625923767e-01
6.981608013707660820e-01 -7.158672353529620391e-01 1.027602926409972202e-02 6.767805418709239795e+00 7.159253184007310367e-01 6.981685615739702255e-01 -3.405598705837039556e-03 4.847954374370147868e+00 -4.736444039739341402e-03 9.734525044410255804e-03 9.999414008430784762e-01 1.288276167871985622e-01
6.925449430641246185e-01 -7.213379967713967611e-01 7.279852343070899665e-03 6.837928654494359826e+00 7.213638960366722808e-01 6.924439670559137117e-01 -1.246924146296644713e-02 4.943399381548135629e+00 3.953647822137753079e-03 1.388693276779224238e-02 9.998957554501375355e-01 1.251612666991230582e-01
6.866230376521346157e-01 -7.270060241541012047e-01 -3.323403225896758711e-03 6.894045657751128431e+00 7.269727964325665148e-01 6.866257515120373078e-01 -7.458592866245589148e-03 5.031086475393457214e+00 7.704376183032237563e-03 2.705217953628908257e-03 9.999666616360035620e-01 1.743251775623588518e-01
6.759350869383117244e-01 -7.369199495764505725e-01 -7.793982418416865038e-03 7.002977462699603528e+00 7.368888599930268901e-01 6.756828285309794957e-01 2.115474524905219117e-02 5.128258144937718477e+00 -1.032309371623756425e-02 -2.004253338818882957e-02 9.997458329953213818e-01 1.587735539695181997e-01
6.698418708512881015e-01 -7.424387467289378373e-01 -9.827278871094526427e-03 7.078945232595670767e+00 7.417727353137867352e-01 6.685365763740201972e-01 5.321705737079781423e-02 5.236721414612804715e+00 -3.294051000742283242e-02 -4.293662079935870596e-02 9.985346110149527776e-01 1.470783163748115574e-01
6.733231052070561828e-01 -7.391933679148035008e-01 -1.513805882857874145e-02 7.168824893411135157e+00 7.381071428823444691e-01 6.708659058298400701e-01 7.167134728167487423e-02 5.308200276586458877e+00 -4.282337703159284914e-02 -5.943148345681773664e-02 9.973134197200657081e-01 1.440055834335042806e-01
6.660826725655158986e-01 -7.454827090275786272e-01 -2.427764092498019971e-02 7.276020329914631546e+00 7.452329523609224626e-01 6.638007732212563017e-01 6.321692958603371271e-02 5.417210978767918128e+00 -3.101161110621221406e-02 -6.020019943293272030e-02 9.977044732609111621e-01 1.121571724813343607e-01
6.711761781923133441e-01 -7.409659398927603835e-01 -2.218138286938508424e-02 7.304693324004318811e+00 7.411120790057375007e-01 6.700376072489721002e-01 4.245575607459743661e-02 5.502106024707577703e+00 -1.659590850039574517e-02 -4.493418287796563382e-02 9.988520886648513120e-01 1.198712799285845676e-01
6.874642875699696898e-01 -7.260110739743163011e-01 -1.734283086966837556e-02 7.378941432330716310e+00 7.261828667113238156e-01 6.869992802838412738e-01 2.627609149793421264e-02 5.592247424940580913e+00 -7.162221082716054357e-03 -3.065794115957610685e-02 9.995042737442487724e-01 1.818865330519893742e-01
7.168654386583617200e-01 -6.968657576634679218e-01 -2.195583415121063128e-02 7.463437229564967801e+00 6.971945039819217316e-01 7.162721918390541065e-01 2.956299740349913052e-02 5.676626637615092008e+00 -4.875087133250161076e-03 -3.650017800227804698e-02 9.993217552576573182e-01 2.414029865510866624e-01
7.236055102308074360e-01 -6.896150432139062092e-01 -2.874295977618539916e-02 7.641387329153879193e+00 6.901215690709295858e-01 7.222005171898409071e-01 4.646108989041017323e-02 5.794462156642278927e+00 -1.128208609661249424e-02 -5.345563715651333037e-02 9.985064894078053976e-01 2.322729839375500815e-01
7.157687846171348900e-01 -6.978819639593595303e-01 -2.521529987798831751e-02 7.668535357757311210e+00 6.980391854786044403e-01 7.139416187808290681e-01 5.503326729330163675e-02 5.892911212448206371e+00 -2.040447264881470324e-02 -5.699236223246615524e-02 9.981660824447438074e-01 1.665308766781982974e-01
7.129371426015580493e-01 -7.008455102944212145e-01 -2.315602295900703531e-02 7.756588553250180595e+00 7.009734435579523248e-01 7.114001101029069352e-01 5.045904053862212968e-02 5.953847504878085672e+00 -1.889079473267445478e-02 -5.220588133270361031e-02 9.984576524964109412e-01 1.474331751167003435e-01
7.018249235767883842e-01 -7.118970551885227538e-01 -2.538423645384292604e-02 7.795620380803998550e+00 7.122636615215939271e-01 7.007415877891739475e-01 4.051794193391272669e-02 6.054192974826130502e+00 -1.105681338757029397e-02 -4.651677070280113568e-02 9.988563144522316639e-01 1.943968573476764217e-01
6.953352140839541562e-01 -7.177550493446651636e-01 -3.655993975732143436e-02 7.895082386156047960e+00 7.186648576826890622e-01 6.940287694912179450e-01 4.295217631769267241e-02 6.155125770239770588e+00 -5.455491429919407179e-03 -5.614050461781767976e-02 9.984079734029145392e-01 2.665134675603982872e-01
6.860310002694981479e-01 -7.264611670926114373e-01 -4.019501680149757672e-02 7.988113552274896279e+00 7.274309471473695554e-01 6.837612302833728783e-01 5.757427458204868176e-02 6.227768479797109791e+00 -1.434168056793273284e-02 -6.873683632383141562e-02 9.975317356007668002e-01 2.400511449710901468e-01
6.872194773331141704e-01 -7.258419646171481165e-01 -2.971249526243402092e-02 8.094822939429583641e+00 7.259795337024650408e-01 6.847283268359245501e-01 6.403776287181461857e-02 6.301291760099678285e+00 -2.613630844539820489e-02 -6.557866138610890516e-02 9.975050538978000869e-01 1.765430657969872530e-01
6.871899009594347740e-01 -7.262037149007213310e-01 -1.995506160737239507e-02 8.207637921504753464e+00 7.260876088115922888e-01 6.856614412659387536e-01 5.162530669526056715e-02 6.392306934399914375e+00 -2.380807320272574149e-02 -4.996551236110158278e-02 9.984671367776037920e-01 1.556584790879994018e-01
6.968479084194010298e-01 -7.170592551262118253e-01 -1.513331323101812544e-02 8.261261242561394269e+00 7.172020288405194233e-01 6.965315028511813722e-01 2.156653340056255419e-02 6.458038181621018836e+00 -4.923652967943231359e-03 -2.588223664440444244e-02 9.996528734854586151e-01 1.987435089811753763e-01
7.069194821441681098e-01 -7.071604035967601343e-01 -1.374806713281609589e-02 8.354104646836661985e+00 7.071446299912799160e-01 7.070361262698668936e-01 -6.810904770789310420e-03 6.554445344352880731e+00 1.453678229585483699e-02 -4.907110572230890394e-03 9.998822941858280799e-01 2.522402652532411693e-01
7.345323431040504669e-01 -6.784278002096859606e-01 -1.406971345550894238e-02 8.406881448869173212e+00 6.785050759547890387e-01 7.345950157516412116e-01 1.012292661289021511e-03 6.621963711810932018e+00 9.648773894103948243e-03 -1.028993369719587159e-02 9.999005042637231222e-01 2.647957361922813058e-01
