1.000000000000000000e+00 0.000000000000000000e+00 0.000000000000000000e+00 0.000000000000000000e+00 0.000000000000000000e+00 1.000000000000000000e+00 0.000000000000000000e+00 0.000000000000000000e+00 0.000000000000000000e+00 0.000000000000000000e+00 1.000000000000000000e+00 0.000000000000000000e+00
9.999985926858503404e-01 -1.651841808864999098e-03 -2.933342075690403730e-04 1.258288226721082127e-02 1.652017846521920252e-03 9.999984548758449332e-01 6.009017869758107293e-04 -4.789372804463142008e-02 2.923411596365223697e-04 -6.013855346641227249e-04 9.999997764360175623e-01 -1.379158619960984232e-02
9.999940972721348409e-01 -3.431789579866931141e-03 -1.680510861650523144e-04 1.304535188536550157e-02 3.431847874331086286e-03 9.999940506979935195e-01 3.478344237199116869e-04 -9.604720649792443388e-02 1.668563918275471907e-04 -3.484090963108009593e-04 9.999999253850202496e-01 -1.904521498829200160e-02
9.999944533303306571e-01 -3.315705142432038340e-03 -3.152903130688619843e-04 1.232104046367651744e-02 3.315843091332003768e-03 9.999944066466422976e-01 4.380182911736922331e-04 -1.062592032037956713e-01 3.138362100382068877e-04 -4.390613148372753127e-04 9.999998543659869288e-01 -1.890675673984259370e-02
9.999984009390869844e-01 -1.774409259405113288e-03 2.226904782258189684e-04 -2.343481562049918449e-02 1.774424568257641820e-03 9.999984233568178782e-01 -6.856624468621630995e-05 -6.394274771508964839e-02 -2.225684625429408801e-04 6.896128250029542005e-05 9.999999728538101484e-01 -1.206766316274025808e-03
9.999996872110108459e-01 -6.069272269992915950e-04 5.071658718844075132e-04 -5.981866569231189534e-02 6.070063749912950639e-04 9.999998036160832049e-01 -1.559200297632192987e-04 -1.676524177113295280e-02 -5.070711401738892034e-04 1.562278339105626398e-04 9.999998592358514404e-01 1.120257697274060216e-02
9.999982656232577760e-01 1.543322434349074903e-03 1.042548003690800399e-03 -9.408838008052552992e-02 -1.543355940808910755e-03 9.999988085345609123e-01 3.133526169855159997e-05 2.351985759547243690e-02 -1.042498401118519902e-03 -3.294423000647717033e-05 9.999994560557327050e-01 2.096942221618055061e-02
9.999990538441878574e-01 8.092768161744517486e-04 1.112376628600412164e-03 -5.480424530894512092e-02 -8.103862713616114205e-04 9.999991743479379469e-01 9.972850813548734573e-04 8.289749634235177300e-04 -1.111568630468897853e-03 -9.981855925161988233e-04 9.999988840197285844e-01 2.425527275119913895e-02
9.999989709417628214e-01 -1.237621658920116767e-03 7.255398298697725984e-04 -5.137756240256877160e-02 1.236832217022582406e-03 9.999986437765814307e-01 1.087516006640008815e-03 -6.428779130679979775e-03 -7.268847792399042804e-04 -1.086617516486387955e-03 9.999991454500801735e-01 2.069625565280844987e-02
9.999969973523665789e-01 -2.363393027969104554e-03 6.478114280057989697e-04 -7.681176497049574392e-02 2.362988436671539967e-03 9.999970130717183991e-01 6.246065077475762865e-04 -9.011157908330558880e-03 -6.492856837051582319e-04 -6.230738613608027008e-04 9.999995951034501562e-01 1.821469103491916638e-02
9.999992987380507126e-01 -7.820737816923849662e-04 8.893165953947374403e-04 -7.300191658822513530e-02 7.815511266462049286e-04 9.999995217756748600e-01 5.878998708082586351e-04 -1.016322244388361343e-02 -8.897759511771281479e-04 -5.872044121493732484e-04 9.999994317447060688e-01 2.720694972730335059e-02
9.999998838535600898e-01 8.173426530226324510e-05 4.749867115210825537e-04 -3.517510944766963354e-02 -8.195687278464898224e-05 9.999998868204886815e-01 4.686598774901818754e-04 3.871479725546907863e-03 -4.749483521915553183e-04 -4.686987514824961080e-04 9.999997773727468120e-01 1.113071694224532227e-02
9.999999867228857031e-01 -1.528565020278498349e-04 5.647227892963787492e-05 -1.033982939370955458e-02 1.528298676836385857e-04 9.999998772411033965e-01 4.713393785383412785e-04 6.369431590692488029e-03 -5.654431928583458029e-05 -4.713307416293978152e-04 9.999998873250296461e-01 -4.279422908967089705e-03
9.999997224881302937e-01 -7.367661277135538435e-04 1.104506016888183180e-04 -1.004350040720933084e-02 7.367331956675478603e-04 9.999996842381684292e-01 2.979056255696755978e-04 4.517203352918931943e-03 -1.106700535869091029e-04 -2.978241702725828444e-04 9.999999495264501048e-01 -5.940226464997548986e-03
9.999997071259365544e-01 -7.650888619573533974e-04 1.967420903604795708e-05 -9.212272409720301605e-03 7.650846414889654308e-04 9.999996845021066338e-01 2.136379614490988032e-04 -6.100719361607309307e-03 -1.983765485367243092e-05 -2.136228464449140062e-04 9.999999769858731735e-01 -3.890221385652739908e-03
9.999999651835381753e-01 7.328608529794615857e-05 2.534996491152016599e-04 -1.405336226590088618e-02 -7.326993783089347559e-05 9.999999952864745412e-01 -6.370688351336418402e-05 -1.502195569294005606e-02 -2.535043167484238671e-04 6.368830739178507161e-05 9.999999658396798718e-01 4.882933500385282580e-03
9.999999276234389223e-01 -3.656951176170223782e-04 1.049771299071549605e-04 1.357233809108562492e-02 3.657067952676391616e-04 9.999999269418409220e-01 -1.112423157217426982e-04 -3.339237637739843334e-02 -1.049364414659872469e-04 1.112806985201611790e-04 9.999999883024746072e-01 1.687987181536617504e-03
9.999996412750520314e-01 -8.094664958344722269e-04 -2.494268616239516778e-04 3.843176846652000822e-02 8.094981237313522791e-04 9.999996643264161822e-01 1.267274343328047019e-04 -3.870251258600476696e-02 2.493241962857476791e-04 -1.269292994490051876e-04 9.999999608631983117e-01 -1.055995834706120393e-02
9.999998143635875358e-01 -4.735178927068280693e-04 -3.834756782169766493e-04 2.927022803605697915e-02 4.733928319536238275e-04 9.999998347628611395e-01 -3.261494705244481502e-04 -5.929356498903035760e-02 3.836300524625429749e-04 3.259678753419340599e-04 9.999998732864555651e-01 -2.831128376123587947e-02
9.999888788580484356e-01 4.714212353932991165e-03 -1.355068459624512946e-04 1.119869396576537481e-02 -4.714289762328375752e-03 9.999887213674328867e-01 -5.767234722686534519e-04 -7.113588587415621556e-02 1.327865207127533508e-04 5.773558769816977557e-04 9.999998245139501973e-01 -1.980448789195969270e-02
9.999816809823465213e-01 6.052393835842696801e-03 -7.892133002528167848e-05 -9.968342540344199768e-03 -6.052431247052420665e-03 9.999815673504713898e-01 -4.827372934056351926e-04 -6.633044126828493980e-02 7.599815907712533284e-05 4.832061160565392921e-04 9.999998803680574255e-01 -1.386760566068320592e-02
9.999848287110345568e-01 5.508347195518909466e-03 2.142280447912223358e-05 -1.265693572975757145e-02 -5.508342560728333830e-03 9.999848067678202002e-01 -2.107030114480648998e-04 -7.780991014231468383e-02 -2.258310433967717447e-05 2.105818106661098109e-04 9.999999775726519102e-01 -7.027187133766157716e-03
9.999901328642624154e-01 4.437559043774027580e-03 -2.055330821338724424e-04 2.390073061023639117e-02 -4.437550278877156786e-03 9.999901530972890029e-01 4.308112127257308894e-05 -8.430978544151518372e-02 2.057222332889278144e-04 -4.216863279936011250e-05 9.999999779500843289e-01 -1.258468008621405586e-02
9.999875756178594477e-01 4.974899689310987271e-03 -3.146156337853559253e-04 3.638407026016388102e-02 -4.974936191206673873e-03 9.999876182761021637e-01 -1.153446230854861325e-04 -7.190294382148472441e-02 3.140379103718928086e-04 1.169083827026492470e-04 9.999999438563088594e-01 -1.821090666680863501e-02
9.999815419450955867e-01 6.059535943448255725e-03 -4.447395406499044966e-04 6.959824224497104805e-02 -6.059699350429778066e-03 9.999815725081363516e-01 -3.669985521526633794e-04 -6.924326194484567432e-02 4.425075042976752034e-04 3.696867659788246230e-04 9.999998337593880571e-01 -2.459735880139788181e-02
9.999312388743472058e-01 1.171991659683443640e-02 -4.013454577529188493e-04 1.055811647073857801e-01 -1.171995270446046095e-02 9.999313151469598759e-01 -8.773298385519516876e-05 -7.541274487959878647e-02 4.002896681455604872e-04 9.243070101948263728e-05 9.999999156123700050e-01 -3.259136356260414202e-02
9.999078648378603162e-01 1.356577787190536323e-02 -4.811508302137952934e-04 8.025430539951380893e-02 -1.356571439347226647e-02 9.999079723562444011e-01 1.349496892488762198e-04 -3.106300760050756393e-02 4.829372485448325705e-04 -1.284101008945141777e-04 9.999998751412222386e-01 -4.970978249441843078e-02
9.999327974260726615e-01 1.157583198095148494e-02 -6.330447199093931993e-04 7.349194088210586617e-02 -1.157591299666232629e-02 9.999329891282991989e-01 -1.244638034786473891e-04 -1.898692638120742793e-02 6.315615269541075124e-04 1.317835097913604473e-04 9.999997918815504150e-01 -5.886210140862954687e-02
9.999548850749874207e-01 9.462453994414620970e-03 -8.305293928409164701e-04 9.456656529918454346e-02 -9.462606425042005207e-03 9.999552123733735920e-01 -1.797970136310897600e-04 -1.368973772335818628e-02 8.287908744307502865e-04 1.876478748711850060e-04 9.999996389469155700e-01 -6.110917399056363386e-02
9.999984318913186510e-01 -1.590956681354985811e-03 -7.778635753478644601e-04 1.226703780486787243e-01 1.591546290169842037e-03 9.999984462416182662e-01 7.579543229244669255e-04 -6.871012424137028576e-03 7.766564942415958095e-04 -7.591911402573162755e-04 9.999994102165773446e-01 -4.794788839275276882e-02
9.997196233632434925e-01 -2.367066480094786110e-02 -6.117927229492396441e-04 1.619359308132725106e-01 2.367119534722885929e-02 9.997194150654586942e-01 8.750154344409925497e-04 4.496588542904885605e-02 5.909088660838095024e-04 -8.892519656133184448e-04 9.999994300286644267e-01 -2.670317665827696280e-02
9.985985487634413404e-01 -5.291868270026753307e-02 -7.425825323127891028e-04 1.876117628877961574e-01 5.291985482401703744e-02 9.985973843256915616e-01 1.659211647761382573e-03 7.117167888627418115e-02 6.537376796930267344e-04 -1.696183703350758690e-03 9.999983477925804554e-01 -2.613005747696512185e-02
9.978389157469168547e-01 -6.569314332752432262e-02 -1.381716601425738485e-03 2.167675439789321368e-01 6.569677528515288634e-02 9.978357834269652171e-01 2.771827885477415494e-03 2.812188352361837118e-02 1.196636180897798964e-03 -2.856612056953485891e-03 9.999952039032020679e-01 -5.782491434323534796e-02
9.974865261089325141e-01 -7.084296804985580620e-02 -1.379894568821765513e-03 2.594274671331966986e-01 7.084502953766459721e-02 9.974861955179080697e-01 1.507163235052587803e-03 -2.808423605827137237e-02 1.269653866763099373e-03 -1.601133691098747050e-03 9.999979121728014286e-01 -4.426369281108034903e-02
9.969370977112413934e-01 -7.819991632041684015e-02 -1.093752516134971920e-03 2.782273281627360983e-01 7.819893095546548434e-02 9.969373537572722155e-01 -9.164501458952221957e-04 -7.181804143217827840e-02 1.162069063821797189e-03 8.281128711542212317e-04 9.999989819117635070e-01 -7.783235268176830896e-03
9.968476911142695185e-01 -7.930836430351755062e-02 -2.205464044228827494e-03 3.173625764383875003e-01 7.930077475414611110e-02 9.968451432744852569e-01 -3.338780235839674138e-03 -1.863553571325873293e-01 2.463299320429367893e-03 3.153360361834977362e-03 9.999919942053968613e-01 -4.431054662050075421e-02
9.960477560245835082e-01 -8.863866619940014013e-02 -5.661675792831511074e-03 3.812594171680933064e-01 8.842331923094656765e-02 9.956029259159547840e-01 -3.092136031567746871e-02 -1.817644027022919384e-01 8.377609120383298219e-03 3.029852738964648393e-02 9.995057853276512194e-01 -6.696471162547308620e-02
9.957119150665859619e-01 -9.194759611213240702e-02 -1.016964914007153706e-02 3.822515372091784269e-01 9.117153032841648908e-02 9.939969812268131255e-01 -6.047936317089622205e-02 -8.122439943413078955e-02 1.566953260332350564e-02 5.929284004989723855e-02 9.981176407953176177e-01 -8.940182375196073505e-03
9.987822001012125472e-01 -4.789047786737386792e-02 -1.185828362858239692e-02 4.614380122135000040e-01 4.703468772366364847e-02 9.968286240682457944e-01 -6.419059424047462992e-02 -5.784211701376183040e-02 1.489479478605782413e-02 6.355467227389646756e-02 9.978671999421760974e-01 9.427836398368201476e-03
9.992319304330066210e-01 -3.808691847439667905e-02 -9.216064466548651649e-03 7.013641730368106453e-01 3.754005527868953945e-02 9.978562142806105539e-01 -5.360708788249181345e-02 -7.410596836619089134e-02 1.123803598498657706e-02 5.321994234018792569e-02 9.985195763151102355e-01 -2.861258769610462369e-02
9.982994920012623341e-01 -5.785888839555830554e-02 -7.104456604964551857e-03 7.796523979063592069e-01 5.748025461083260124e-02 9.973212086050038394e-01 -4.523745347086122887e-02 -2.629333277824529719e-02 9.702814019414869595e-03 4.475216084486653007e-02 9.989509995489367356e-01 -6.887991956023645224e-02
9.981628688798440674e-01 -6.058735874674846950e-02 2.432070146501016114e-04 7.290098342471480475e-01 6.056512393637445563e-02 9.976705507929127803e-01 -3.139009148023829548e-02 -6.347001766393044198e-03 1.659202257343783248e-03 3.134715362929988564e-02 9.995071800678624330e-01 -9.545001076582598776e-03
9.977179802467509573e-01 -6.750194328929780274e-02 1.523005092697755957e-03 7.421557488825529791e-01 6.750926655935420018e-02 9.977039224287921337e-01 -5.420525695988230412e-03 -2.188754362268001061e-02 -1.153612136734798220e-03 5.510972906051177060e-03 9.999841490527071608e-01 -2.228621207664301801e-02
9.955428537877596407e-01 -9.429495959718713072e-02 -1.699078187787413791e-03 8.521866631422994054e-01 9.430570117320676016e-02 9.955103544498850043e-01 8.097463139407243618e-03 1.887257770350248345e-02 9.278999693921987160e-04 -8.221604322094072312e-03 9.999657715262146862e-01 5.576960383956919981e-02
9.855124644908503928e-01 -1.689276853450490667e-01 -1.512016723235912012e-02 9.433784285473362230e-01 1.690700469232992165e-01 9.855657874145498099e-01 8.683197066283756399e-03 1.104857502358857629e-01 1.343508714239745501e-02 -1.111376632391611330e-02 9.998479797607101593e-01 1.432092687911478701e-01
9.731797499410997920e-01 -2.279467735038808729e-01 -3.100714036716251121e-02 9.886459886282884524e-01 2.283163987435367082e-01 9.735462461580733917e-01 8.906663590047173007e-03 1.211210826636078264e-01 2.815663988051178568e-02 -1.574722326933749444e-02 9.994794788238249295e-01 1.143359925061935012e-01
9.629248003395446398e-01 -2.669340173459833765e-01 -3.901357807971993913e-02 1.151314209939235056e+00 2.678718017487662917e-01 9.632234222961604253e-01 2.110299902720445125e-02 8.999504870394166300e-02 3.194568388558623878e-02 -3.077123857771720677e-02 9.990158177714081322e-01 -5.031196091253409275e-03
9.574257069684499744e-01 -2.865379364133560647e-01 -3.510023692141117646e-02 1.347788987433172769e+00 2.875878974412124367e-01 9.572928986299462650e-01 2.972385368719884444e-02 1.184148903288332055e-01 2.508419584731308438e-02 -3.855278496621017403e-02 9.989416729169140474e-01 -1.383491499390871737e-01
9.530355420511932296e-01 -3.018277293705207143e-01 -2.496552363208235162e-02 1.435509923164276502e+00 3.023083513692824686e-01 9.530330066130180411e-01 1.837794870320300783e-02 1.552977062743110537e-01 1.824599352117612858e-02 -2.506212459443177970e-02 9.995193713136520941e-01 -1.424328234915079872e-01
9.494195102031119937e-01 -3.138206773718534293e-01 -1.091678064056024466e-02 1.376277800585764099e+00 3.137482817340143115e-01 9.494737103754000707e-01 -7.854235476770346502e-03 2.103809941508875681e-01 1.283001771770518259e-02 4.031843231332279953e-03 9.999095633533671146e-01 5.974068783267758032e-02
9.550035054385102029e-01 -2.958537665920700221e-01 -2.094882797300233121e-02 1.371086282999874895e+00 2.955142113088098932e-01 9.551715260432250831e-01 -1.785235981008361991e-02 2.271300130136827689e-01 2.529141187615976602e-02 1.085838982269371478e-02 9.996211481635274287e-01 2.121528751681766023e-01
9.601492004700469263e-01 -2.775724396940531524e-01 -3.266578575544804020e-02 1.603702430576106508e+00 2.775452752964736036e-01 9.606970774574413729e-01 -5.453945850079813806e-03 2.518725437647266752e-01 3.289578996367575892e-02 -3.829632752910386729e-03 9.994514500042728233e-01 1.979215247058772331e-01
9.549827043155644235e-01 -2.932240983104629217e-01 -4.502957503849264187e-02 1.901703917387481013e+00 2.942806641087700736e-01 9.555337378194606046e-01 1.881931509039219338e-02 3.100276569088417089e-01 3.750900145075201919e-02 -3.122345366525275737e-02 9.988083753910863560e-01 -3.078027646666658956e-02
9.453607142800036778e-01 -3.234600838268152367e-01 -4.082516462613373920e-02 2.025104842424125362e+00 3.247124946034265491e-01 9.453703836779974168e-01 2.892461776645646743e-02 3.563574879947427609e-01 2.923894225892886833e-02 -4.060063836032082318e-02 9.987475518970314603e-01 -1.638365529788679276e-01
9.233900119462256084e-01 -3.824717937692245218e-01 -3.265291424821228916e-02 2.022523227597427198e+00 3.833239536733130115e-01 9.232578177469662473e-01 2.564660814551314102e-02 3.999190429549072112e-01 2.033795413037248201e-02 -3.619846599044593272e-02 9.991376475149604808e-01 -1.058878939877627712e-01
8.982560139221359430e-01 -4.388973634452280614e-01 -2.247749571333165775e-02 2.001158986398373418e+00 4.393411850035822686e-01 8.980626924230539210e-01 2.151101200555970844e-02 4.358721974179952663e-01 1.074507386496347666e-02 -2.919768550215334768e-02 9.995159020990880272e-01 5.429662782816738892e-02
8.577517908890794907e-01 -5.138617205038825686e-01 -1.442211591156357386e-02 2.103502658671602799e+00 5.140542793344194950e-01 8.572247104102935777e-01 3.023232971438023428e-02 5.001331639339650081e-01 -3.172242826078306051e-03 -3.334558535665505669e-02 9.994388469599700953e-01 1.250394632853400190e-01
8.329996741119480852e-01 -5.532597740820148768e-01 -3.894266568461288852e-03 2.198202156740538094e+00 5.528013601570067603e-01 8.319775295400388959e-01 4.715979801713417879e-02 5.162753724874540318e-01 -2.285167691771432252e-02 -4.143685223531742151e-02 9.988797666080121429e-01 4.188903975446647832e-02
8.108509326740923617e-01 -5.852000054397561435e-01 7.856119580558439813e-03 2.314470406535789060e+00 5.838777425912229369e-01 8.097926421092533911e-01 5.764250595083680873e-02 5.360035580074898887e-01 -4.009422262785752866e-02 -4.215246634568477202e-02 9.983063772674417580e-01 -4.625127941248488583e-03
8.085002456179906094e-01 -5.884408721943804599e-01 8.043181383369844492e-03 2.391726382279600216e+00 5.874211391298701512e-01 8.077740057710109944e-01 4.937166094046973458e-02 6.185691546029303822e-01 -3.554937607068271027e-02 -3.519226522649065297e-02 9.987480895246876322e-01 2.220007110214971408e-02
8.048199898055298229e-01 -5.934484818477474555e-01 -9.147863249455106746e-03 2.545110336816269303e+00 5.934865442284613657e-01 8.045192613441377594e-01 2.285782023819386832e-02 7.059126435264553301e-01 -6.205306534376058870e-03 -2.382556439807347742e-02 9.996968723827877046e-01 6.105940670427992961e-02
8.073123507058933557e-01 -5.892034490003060787e-01 -3.295548640011895097e-02 2.567382107545818304e+00 5.894797620493895662e-01 8.077815223352180496e-01 -1.619354189981232067e-03 7.545421044504828645e-01 2.757496204747570193e-02 -1.811926764362482845e-02 9.994555085686100959e-01 8.577255249138870941e-02
8.324106387296890119e-01 -5.507122719431553071e-01 -6.171322435944561619e-02 2.671588062141923015e+00 5.505487297084440401e-01 8.345347807005645269e-01 -2.116119130576545743e-02 8.186108547732721119e-01 6.315555989815652138e-02 -1.636133650619162744e-02 9.978695715982532910e-01 1.085995241865987948e-01
8.327387399855471495e-01 -5.484858793239021368e-01 -7.556077758711295111e-02 2.905299670129088963e+00 5.492585522510103901e-01 8.355661778707916820e-01 -1.200854602025250295e-02 9.096990418705049875e-01 6.972254804872869693e-02 -3.150242182249472778e-02 9.970688861422315474e-01 1.484221684219036441e-01
8.334580287420890743e-01 -5.473449966923187304e-01 -7.590236439819630920e-02 3.002575329126782933e+00 5.492524839188914765e-01 8.356402166786476293e-01 5.209335676529647241e-03 9.508762326921963437e-01 6.057576441349113439e-02 -4.603132482504239398e-02 9.971016467244313564e-01 5.138146928756867626e-02
8.161882198749392803e-01 -5.726172835491238899e-01 -7.711184291793289625e-02 3.101890343590005372e+00 5.745458382002388564e-01 8.184648945239606510e-01 3.506599302328373274e-03 9.996145919609642494e-01 6.110539701337965035e-02 -4.716633346683099526e-02 9.970162824363165699e-01 6.346061867468326401e-03
7.934555739670221541e-01 -6.028452690326497887e-01 -8.370085869102932008e-02 3.054833305604331972e+00 6.044228532609752236e-01 7.966247939956876412e-01 -7.870962278524372413e-03 1.029523149680639182e+00 7.142315168434625050e-02 -4.434545293804630084e-02 9.964598407398034263e-01 5.588503137818989774e-02
7.699963606994609799e-01 -6.315977089554253299e-01 -9.049827927559456198e-02 3.103341110719930906e+00 6.331865214207313963e-01 7.738799958669057011e-01 -1.358606227542747194e-02 1.096431033415680156e+00 7.861573379864492117e-02 -4.684107214076017878e-02 9.958039367064205338e-01 1.921687341135688010e-01
7.460925209686600779e-01 -6.573704963262606560e-01 -1.058771963852242620e-01 3.169493618895669940e+00 6.610396252565365893e-01 7.503507672071385581e-01 -5.830886350140368490e-04 1.177250561425716491e+00 7.982834080279528621e-02 -6.955398415205557572e-02 9.943790420625568949e-01 1.947700262224276169e-01
7.414717457214083929e-01 -6.614219621590419207e-01 -1.128744358591887292e-01 3.386885561908165698e+00 6.678930450075669656e-01 7.436665277370282379e-01 2.964752863346180323e-02 1.217475705486001925e+00 6.433141322376810523e-02 -9.737085548168324112e-02 9.931668468970347163e-01 8.064946616596119222e-02
7.223836008642436912e-01 -6.843674807910729019e-01 -9.901052690542411217e-02 3.559705613167649219e+00 6.903887874379679435e-01 7.218858814843494009e-01 4.737189349705488162e-02 1.294440611487321036e+00 3.905451807846951895e-02 -1.025764366179899995e-01 9.939581577050484729e-01 -5.643836892201728461e-03
7.163239571207684619e-01 -6.933534614404507357e-01 -7.836431562509087179e-02 3.620518100798266303e+00 6.973144692391758381e-01 7.153775913208642034e-01 4.458063285379842977e-02 1.355151916743175811e+00 2.514993925499846295e-02 -8.657874649418251245e-02 9.959275080099785349e-01 -2.271320669623751176e-02
7.150313331879102341e-01 -6.962060886237084745e-01 -6.346081249713651784e-02 3.640493687689120517e+00 6.985673056977463879e-01 7.150620509268676983e-01 2.626752242700404472e-02 1.454963396161368827e+00 2.709080969094780633e-02 -6.311375038403856108e-02 9.976385831265499604e-01 7.707399019926147732e-02
7.140076967752673198e-01 -6.978194159529689244e-01 -5.693041071988894086e-02 3.704823870715297396e+00 6.993442390590403068e-01 7.147071605221413382e-01 1.055035512719334004e-02 1.540652665931661724e+00 3.332632954001664427e-02 -4.734698952874781541e-02 9.983224020034584534e-01 1.469222316678417406e-01
7.228495710824426324e-01 -6.883990895604542581e-01 -5.995991226033092064e-02 3.783359452821657865e+00 6.901004008107424204e-01 7.236195431967376024e-01 1.167019728185742997e-02 1.628809937478778114e+00 3.535441113611558633e-02 -4.981415658306943828e-02 9.981325640500543495e-01 1.609085281345286333e-01
7.301543672347976521e-01 -6.810470788601420411e-01 -5.522206428611334261e-02 3.998194348000403409e+00 6.830198697679094044e-01 7.297258542299724926e-01 3.136933487603736637e-02 1.709483169865358088e+00 1.893297415041568857e-02 -6.062222401400578498e-02 9.979812064590271037e-01 1.127531045848453178e-01
7.190188258520386899e-01 -6.940213636764698268e-01 -3.669161799388233336e-02 4.108847284478371442e+00 6.949292360785510603e-01 7.172511635094505067e-01 5.122621679980929321e-02 1.815109137153334107e+00 -9.234983142233732165e-03 -6.233069231921552211e-02 9.980128255094570244e-01 1.818949799049839056e-02
7.101436288267468644e-01 -7.038572455643332670e-01 -1.676318297249994316e-02 4.127986621473666240e+00 7.034828329676616754e-01 7.084022828033890162e-01 5.725477655829397383e-02 1.863364352845703120e+00 -2.842411223895228989e-02 -5.245172623982097271e-02 9.982188568935623785e-01 2.750905694095526210e-02
6.926033657814438804e-01 -7.211394568413294071e-01 -1.607673769170631442e-02 4.180173125083154417e+00 7.207002281507637331e-01 6.909149591924614864e-01 5.681285336538222097e-02 1.951185378908522061e+00 -2.986233165130465148e-02 -5.093528198284408282e-02 9.982553972795116248e-01 9.539048811003295048e-02
6.644830752732989732e-01 -7.465855607191468346e-01 -3.274512484350101948e-02 4.342418729218504581e+00 7.469959193161611610e-01 6.623151376502789400e-01 5.775599505069022727e-02 2.051809542680610221e+00 -2.143220008171287799e-02 -6.283835584234559457e-02 9.977935667434864042e-01 1.129764198798614006e-01
6.478285444210130084e-01 -7.609066662587697927e-01 -3.659538599764650124e-02 4.396969996620425647e+00 7.612578381686645468e-01 6.448429782383191533e-01 6.829375698778025749e-02 2.109662132278292024e+00 -2.836689725935519213e-02 -7.210116961395227064e-02 9.969938517765178920e-01 7.707143053219853157e-02
6.396661485347834297e-01 -7.684198342606893828e-01 -1.892555767872782999e-02 4.504172064225369532e+00 7.671069986675196350e-01 6.366254090818705969e-01 7.908818563256367340e-02 2.185820816978222503e+00 -4.872443959643057987e-02 -6.510796284722394911e-02 9.966879562630915901e-01 8.111533522939973206e-02
6.355854901335636908e-01 -7.720276814833445522e-01 -2.084167730563704635e-03 4.564826942282815381e+00 7.701805213449485210e-01 6.338733869818169442e-01 7.089777018371651307e-02 2.296718528848390228e+00 -5.341394267886302727e-02 -4.666677940089009047e-02 9.974814095650343937e-01 8.703302577632632264e-02
6.424407011440551596e-01 -7.663004439302313342e-01 7.319504482236182524e-03 4.642601215859177621e+00 7.650797138826478383e-01 6.419053182812358704e-01 5.109396997211271274e-02 2.395091048481014617e+00 -4.385176072611862708e-02 -2.722484149808536771e-02 9.986670271349822325e-01 8.672863635370596513e-02
6.490707247214226872e-01 -7.605312434605545624e-01 1.730381547376367429e-02 4.726368442848458251e+00 7.596555109977837228e-01 6.491953469588371828e-01 3.832631077590398921e-02 2.495966114028643990e+00 -4.038191328185560675e-02 -1.173154752528117635e-02 9.991154447171551878e-01 1.174369149843997318e-01
6.730799168649646003e-01 -7.391397575639505613e-01 2.521595331048807204e-02 4.794381411421334782e+00 7.376418201635336347e-01 6.733952690379605421e-01 4.922760184207420481e-02 2.568793917983007713e+00 -5.336638135457017623e-02 -1.453376845821777869e-02 9.984692278260364207e-01 1.231181307571943273e-01
6.901726117374320513e-01 -7.231377545403849805e-01 2.708420140639414969e-02 4.913630779464048359e+00 7.207408125095151608e-01 6.902710107864928890e-01 6.370724331594923573e-02 2.675953317673592124e+00 -6.476455196059011099e-02 -2.444830517814487736e-02 9.976010390848940590e-01 1.095072978304445499e-01
6.820600302257716629e-01 -7.309007067513338951e-01 2.404728755639629761e-02 5.035017912604099699e+00 7.286578831805886614e-01 6.820225205678198677e-01 6.247376022860538086e-02 2.797142678266654414e+00 -6.206290717653362848e-02 -2.508860914276155735e-02 9.977568627897673847e-01 8.179029113396202311e-02
6.608898386962203109e-01 -7.502563757927770416e-01 1.843886358676329051e-02 5.085786437432893159e+00 7.484562343905544202e-01 6.607105529429946333e-01 5.722613416677492515e-02 2.855991640460008529e+00 -5.511702377664658148e-02 -2.401948817209817802e-02 9.981909526127528132e-01 6.882679471780035751e-02
6.402749318138822865e-01 -7.679365579311728807e-01 1.792915735752271394e-02 5.094463120392831890e+00 7.662986372501324750e-01 6.401789466906601112e-01 5.438119861336994376e-02 2.943395795354983857e+00 -5.323917955151277054e-02 -2.107982938401978604e-02 9.983592692782605749e-01 1.139050654673999935e-01
6.121943934818450117e-01 -7.906143627699312448e-01 1.212245731242075908e-02 5.189695944883276901e+00 7.886522344409699903e-01 6.116361453238645662e-01 6.268076933661331784e-02 3.044184816283530992e+00 -5.697084956941771139e-02 -2.881241252064749986e-02 9.979600027977467702e-01 1.231877109262968506e-01
5.938746131073365797e-01 -8.044918888014377378e-01 1.028322708620884457e-02 5.247068767043573168e+00 8.010506714342567891e-01 5.924297739429937870e-01 8.570171958939762358e-02 3.109654041785494982e+00 -7.503842816409284078e-02 -4.265868960186843667e-02 9.962677704814673074e-01 1.108587313770814375e-01
5.952166877518190180e-01 -8.035543181022896109e-01 4.189568106363998623e-03 5.335066306934842295e+00 7.996444704662085678e-01 5.928188538872909419e-01 9.557472117969145753e-02 3.204941049706430345e+00 -7.928313486846089164e-02 -5.353750400348402522e-02 9.954134418373635773e-01 9.693657041609433922e-02
6.014721300567162920e-01 -7.988289077491017576e-01 -1.018100728876537159e-02 5.445772998358403783e+00 7.962098035840428079e-01 5.983589823068045099e-01 8.953478078057414136e-02 3.297072398172277374e+00 -6.543107397633748934e-02 -6.195889312392866000e-02 9.959316593628102510e-01 9.682342819597920813e-02
6.123166568854305769e-01 -7.903934872840596704e-01 -1.861308570852573605e-02 5.512394669871114594e+00 7.893465171899585187e-01 6.098348135183084828e-01 7.094769919576297823e-02 3.408308505616322481e+00 -4.472569173006049614e-02 -5.813463236344571655e-02 9.973063606631789035e-01 9.454540542441847162e-02
6.369593433046085718e-01 -7.706217064544187423e-01 -2.061505562062523542e-02 5.600573055051565774e+00 7.703448917444934985e-01 6.352629400264826476e-01 5.486114100229765034e-02 3.487066935919954869e+00 -2.918120525485924308e-02 -5.082501913614230482e-02 9.982811601396094359e-01 1.166525095762333819e-01
6.520512394151215529e-01 -7.579990369662623628e-01 -1.632914986833643167e-02 5.681854382883379628e+00 7.576145668661473653e-01 6.505903187789293662e-01 5.246336991988607978e-02 3.593334796981399570e+00 -2.914359705704851894e-02 -4.658000718494784143e-02 9.984893357874317088e-01 1.214717044285699710e-01
6.797499283015095983e-01 -7.334024086991260960e-01 -7.806528576295494043e-03 5.731963457717727195e+00 7.321865432344351055e-01 6.779231492770703138e-01 6.575005384536099229e-02 3.656036957854395641e+00 -4.292902142492130424e-02 -5.040942956014315968e-02 9.978055865402436497e-01 1.434030851943176588e-01
6.860013601973073971e-01 -7.275961662873992042e-01 -2.439797393943482495e-03 5.850308269901317360e+00 7.255614022809243613e-01 6.838243742358077748e-01 7.710302666656274062e-02 3.771414641717357519e+00 -5.443147368557060828e-02 -5.466300398702227809e-02 9.970201455675465896e-01 9.889985715826335455e-02
6.840600516445888291e-01 -7.294229684643714906e-01 1.994698129341575255e-03 5.914130983235708960e+00 7.274073317296748664e-01 6.823679580254403687e-01 7.247443415512599962e-02 3.866945035851732548e+00 -5.422563498860360348e-02 -4.812590712719731767e-02 9.973682758005024684e-01 6.778436534436821370e-02
6.748900457980552270e-01 -7.379178511647935812e-01 8.191550722998972023e-04 5.983152169219005501e+00 7.367520525026204359e-01 6.738853781001753473e-01 5.545187387239159521e-02 3.929226770973667016e+00 -4.147094423659586360e-02 -3.682040351649145532e-02 9.984610251126520009e-01 9.869611553002130555e-02
6.658228431233288447e-01 -7.460911724331332762e-01 -5.282422978099469632e-03 6.050663916347177818e+00 7.458965637528495174e-01 6.654465208286388656e-01 2.862244047510991221e-02 4.009158337576298692e+00 -1.783978017965077295e-02 -2.299761584191941169e-02 9.995763362088606607e-01 1.509138201883779840e-01
6.274985328471902601e-01 -7.785219523657613827e-01 -1.221314698294598267e-02 6.103445838536218027e+00 7.786174199056876688e-01 6.274353836763381098e-01 8.930438417936141168e-03 4.123119527598779754e+00 7.104182105263810373e-04 -1.511320599772744515e-02 9.998855366042836978e-01 1.716142104913090383e-01
6.305418284788258942e-01 -7.761504489604664769e-01 -2.735528659207127344e-03 6.132626994688412658e+00 7.760431624849113419e-01 6.303869369093912933e-01 1.921769326461222546e-02 4.145937578589615313e+00 -1.319137972300787540e-02 -1.424044776197301923e-02 9.998115808233779545e-01 1.664242561994794534e-01
6.353334329362549937e-01 -7.722209910285188217e-01 5.115663042597504845e-03 6.288066232501868136e+00 7.716376972696391556e-01 6.350868135184830621e-01 3.521368267233596083e-02 4.272029894292959540e+00 -3.044163507175257424e-02 -1.842499144834578231e-02 9.993667127457701582e-01 1.431239137904247172e-01
6.466040483716084530e-01 -7.628226553874097871e-01 2.191131476611032566e-03 6.367669297767534431e+00 7.623745764086733434e-01 6.463176860668076174e-01 3.253388883830753142e-02 4.385783471730369421e+00 -2.623375449954795657e-02 -1.936608130078449133e-02 9.994682311208840098e-01 1.042011579808153898e-01
6.639428929732444917e-01 -7.477791637823093529e-01 -2.481347083517103022e-03 6.436137911569259629e+00 7.477175942343868842e-01 6.638369349775996575e-01 1.545713530661125927e-02 4.496938599374120216e+00 -9.911313871510179715e-03 -1.211800200429827799e-02 9.998774524334290703e-01 8.939715476422070706e-02
6.761847042412900688e-01 -7.367250447239278577e-01 -3.233299652894702086e-03 6.487635098503864661e+00 7.367077871539525757e-01 6.761915246580366690e-01 -5.163170282520808743e-03 4.587132960995575104e+00 5.990166679274567044e-03 1.109259737944051378e-03 9.999814435508231902e-01 1.227017521927125654e-01
6.981635915166446438e-01 -7.159371218083183663e-01 -1.279491071060993249e-03 6.548112354694094250e+00 7.159076581735652756e-01 6.981491546585937291e-01 -7.998926048705445879e-03 4.668865705136528099e+00 6.620003702522211583e-03 4.668561482102975488e-03 9.999671895040689318e-01 1.832471003169546808e-01
7.027424099663842627e-01 -7.114353523757329656e-01 3.583939823031957218e-03 6.701149609852477873e+00 7.114443794022552447e-01 7.027336053130510685e-01 -3.517809071133215851e-03 4.776479995242532972e+00 -1.586121695205705735e-05 5.021887467661762666e-03 9.999873901178374380e-01 1.783934915625917383e-01
6.981608013707660820e-01 -7.158672353529620391e-01 1.027602926409973416e-02 6.767805418709238907e+00 7.159253184007310367e-01 6.981685615739702255e-01 -3.405598705837052566e-03 4.847954374370145203e+00 -4.736444039739339668e-03 9.734525044410271416e-03 9.999414008430784762e-01 1.288276167871975908e-01
6.925449430641246185e-01 -7.213379967713966501e-01 7.279852343070909206e-03 6.837928654494360714e+00 7.213638960366721697e-01 6.924439670559138227e-01 -1.246924146296643499e-02 4.943399381548138294e+00 3.953647822137736599e-03 1.388693276779224064e-02 9.998957554501375355e-01 1.251612666991223644e-01
6.866230376521347267e-01 -7.270060241541010937e-01 -3.323403225896756543e-03 6.894045657751129319e+00 7.269727964325664038e-01 6.866257515120373078e-01 -7.458592866245587413e-03 5.031086475393459878e+00 7.704376183032234093e-03 2.705217953628910859e-03 9.999666616360035620e-01 1.743251775623583799e-01
6.759350869383118354e-01 -7.369199495764504615e-01 -7.793982418416865905e-03 7.002977462699601752e+00 7.368888599930267791e-01 6.756828285309794957e-01 2.115474524905219117e-02 5.128258144937718477e+00 -1.032309371623755904e-02 -2.004253338818882957e-02 9.997458329953213818e-01 1.587735539695184495e-01
6.698418708512881015e-01 -7.424387467289379483e-01 -9.827278871094516019e-03 7.078945232595669879e+00 7.417727353137868462e-01 6.685365763740200862e-01 5.321705737079778648e-02 5.236721414612802050e+00 -3.294051000742282548e-02 -4.293662079935867820e-02 9.985346110149527776e-01 1.470783163748123346e-01
6.733231052070561828e-01 -7.391933679148036118e-01 -1.513805882857872584e-02 7.168824893411133381e+00 7.381071428823445801e-01 6.708659058298400701e-01 7.167134728167486035e-02 5.308200276586457989e+00 -4.282337703159284914e-02 -5.943148345681772277e-02 9.973134197200657081e-01 1.440055834335041696e-01
6.660826725655161207e-01 -7.454827090275782941e-01 -2.427764092498017195e-02 7.276020329914631546e+00 7.452329523609221296e-01 6.638007732212565237e-01 6.321692958603365720e-02 5.417210978767919016e+00 -3.101161110621219325e-02 -6.020019943293266479e-02 9.977044732609111621e-01 1.121571724813338888e-01
6.711761781923134551e-01 -7.409659398927603835e-01 -2.218138286938504261e-02 7.304693324004319699e+00 7.411120790057375007e-01 6.700376072489722112e-01 4.245575607459739498e-02 5.502106024707576815e+00 -1.659590850039573129e-02 -4.493418287796557831e-02 9.988520886648513120e-01 1.198712799285850117e-01
6.874642875699698008e-01 -7.260110739743161901e-01 -1.734283086966836862e-02 7.378941432330718087e+00 7.261828667113237046e-01 6.869992802838413848e-01 2.627609149793421264e-02 5.592247424940581801e+00 -7.162221082716056092e-03 -3.065794115957609992e-02 9.995042737442487724e-01 1.818865330519902623e-01
7.168654386583617200e-01 -6.968657576634679218e-01 -2.195583415121066251e-02 7.463437229564967801e+00 6.971945039819217316e-01 7.162721918390541065e-01 2.956299740349912705e-02 5.676626637615093784e+00 -4.875087133250135055e-03 -3.650017800227806086e-02 9.993217552576573182e-01 2.414029865510866901e-01
7.236055102308074360e-01 -6.896150432139062092e-01 -2.874295977618542691e-02 7.641387329153878305e+00 6.901215690709295858e-01 7.222005171898409071e-01 4.646108989041016629e-02 5.794462156642278039e+00 -1.128208609661246996e-02 -5.345563715651335118e-02 9.985064894078053976e-01 2.322729839375499428e-01
7.157687846171348900e-01 -6.978819639593595303e-01 -2.521529987798834527e-02 7.668535357757311210e+00 6.980391854786044403e-01 7.139416187808290681e-01 5.503326729330165756e-02 5.892911212448206371e+00 -2.040447264881469630e-02 -5.699236223246618993e-02 9.981660824447438074e-01 1.665308766781978256e-01
7.129371426015580493e-01 -7.008455102944212145e-01 -2.315602295900704571e-02 7.756588553250181484e+00 7.009734435579523248e-01 7.114001101029069352e-01 5.045904053862212274e-02 5.953847504878085672e+00 -1.889079473267444437e-02 -5.220588133270361725e-02 9.984576524964109412e-01 1.474331751166993998e-01
7.018249235767883842e-01 -7.118970551885227538e-01 -2.538423645384291910e-02 7.795620380804001215e+00 7.122636615215939271e-01 7.007415877891739475e-01 4.051794193391270588e-02 6.054192974826129614e+00 -1.105681338757027836e-02 -4.651677070280111487e-02 9.988563144522316639e-01 1.943968573476763384e-01
6.953352140839541562e-01 -7.177550493446651636e-01 -3.655993975732141354e-02 7.895082386156045295e+00 7.186648576826890622e-01 6.940287694912179450e-01 4.295217631769265160e-02 6.155125770239768812e+00 -5.455491429919398505e-03 -5.614050461781764506e-02 9.984079734029145392e-01 2.665134675603985093e-01
6.860310002694981479e-01 -7.264611670926114373e-01 -4.019501680149756284e-02 7.988113552274893614e+00 7.274309471473695554e-01 6.837612302833728783e-01 5.757427458204865400e-02 6.227768479797108903e+00 -1.434168056793272590e-02 -6.873683632383138786e-02 9.975317356007668002e-01 2.400511449710901191e-01
6.872194773331141704e-01 -7.258419646171481165e-01 -2.971249526243404174e-02 8.094822939429583641e+00 7.259795337024650408e-01 6.847283268359245501e-01 6.403776287181460469e-02 6.301291760099676509e+00 -2.613630844539817713e-02 -6.557866138610889128e-02 9.975050538978000869e-01 1.765430657969875305e-01
6.871899009594348851e-01 -7.262037149007212200e-01 -1.995506160737239507e-02 8.207637921504753464e+00 7.260876088115921778e-01 6.856614412659389757e-01 5.162530669526056021e-02 6.392306934399915264e+00 -2.380807320272573455e-02 -4.996551236110158972e-02 9.984671367776037920e-01 1.556584790879993463e-01
6.968479084194012518e-01 -7.170592551262118253e-01 -1.513331323101811329e-02 8.261261242561399598e+00 7.172020288405194233e-01 6.965315028511813722e-01 2.156653340056256113e-02 6.458038181621020613e+00 -4.923652967943239166e-03 -2.588223664440444244e-02 9.996528734854586151e-01 1.987435089811748767e-01
7.069194821441681098e-01 -7.071604035967602453e-01 -1.374806713281610630e-02 8.354104646836663761e+00 7.071446299912800271e-01 7.070361262698668936e-01 -6.810904770789308685e-03 6.554445344352880731e+00 1.453678229585484392e-02 -4.907110572230897333e-03 9.998822941858280799e-01 2.522402652532410028e-01
7.345323431040504669e-01 -6.784278002096859606e-01 -1.406971345550895799e-02 8.406881448869171436e+00 6.785050759547890387e-01 7.345950157516412116e-01 1.012292661288992021e-03 6.621963711810932907e+00 9.648773894103981202e-03 -1.028993369719586118e-02 9.999005042637231222e-01 2.647957361922817499e-01
