1.000000000000000000e+00 0.000000000000000000e+00 0.000000000000000000e+00 0.000000000000000000e+00 0.000000000000000000e+00 1.000000000000000000e+00 0.000000000000000000e+00 0.000000000000000000e+00 0.000000000000000000e+00 0.000000000000000000e+00 1.000000000000000000e+00 0.000000000000000000e+00
9.999985221735259167e-01 -1.689810088672116231e-03 -3.165321919235858676e-04 1.258135428407365641e-02 1.689996673567810718e-03 9.999983978283806252e-01 5.901287275079653135e-04 -4.782752189127242176e-02 3.155344793073332080e-04 -5.906627937515366569e-04 9.999997757777030483e-01 -1.456562226321371500e-02
9.999941117375678035e-01 -3.419442133484830795e-03 -2.896647866365208656e-04 1.314752260276807333e-02 3.419551408266025862e-03 9.999940820279017428e-01 3.775941477391447335e-04 -9.631609193858103879e-02 2.883719110702591599e-04 -3.785824479947779678e-04 9.999998867584790618e-01 -2.258536539494043760e-02
9.999938648136077468e-01 -3.486708295503564582e-03 -3.364526801266058014e-04 1.357590043308211543e-02 3.486883146657896847e-03 9.999937853380020947e-01 5.205106102169323925e-04 -1.064860516972233606e-01 3.346357205243794832e-04 -5.216805879673009922e-04 9.999998079341309021e-01 -1.882473623685185921e-02
9.999982479305520311e-01 -1.856925905407082146e-03 2.365629049349109712e-04 -2.248226403827754266e-02 1.856937444201568017e-03 9.999982747108207004e-01 -4.856655483570703695e-05 -6.396938811542826619e-02 -2.364723123016800629e-04 4.900575225981285501e-05 9.999999708396404285e-01 -8.662295770153587149e-05
9.999997334282449968e-01 -5.368741271005380037e-04 4.948834312821315338e-04 -5.970665953905979206e-02 5.369399395004395255e-04 9.999998470215312185e-01 -1.328623932531790470e-04 -1.717733505660316157e-02 -4.948120251942196134e-04 1.331280805154701219e-04 9.999998687189782798e-01 1.147692366208222930e-02
9.999981470970447095e-01 1.644198731553547050e-03 1.001205777270144535e-03 -9.464124792548535281e-02 -1.644260846208617970e-03 9.999986463282812821e-01 6.121988706417483890e-05 2.407736812520445274e-02 -1.001103764305542399e-03 -6.286601708822835176e-05 9.999994969194319072e-01 1.993935869932613250e-02
9.999991644648452693e-01 6.985459799895865109e-04 1.087705440402116260e-03 -5.408648625730470838e-02 -6.996270464017487374e-04 9.999992614085005949e-01 9.938332099293338551e-04 1.750677113997178846e-04 -1.087010398838547925e-03 -9.945933676913727879e-04 9.999989145956238445e-01 2.287381400638852438e-02
9.999988992374710950e-01 -1.377190823409498279e-03 5.521496917805461925e-04 -4.751068921772598486e-02 1.376558416951896785e-03 9.999983980575390952e-01 1.144101953641850833e-03 -8.638345790707692429e-03 -5.537244539801105701e-04 -1.143340627951653201e-03 9.999991930803932005e-01 1.670848760025010413e-02
9.999971307781019281e-01 -2.334135437099228976e-03 5.387460673302543225e-04 -7.555362811181215443e-02 2.333764668652328709e-03 9.999970402241717959e-01 6.878120146332505512e-04 -9.087193256520843115e-03 -5.403499191600847143e-04 -6.865527346106456387e-04 9.999996183335808642e-01 1.597751423794661896e-02
9.999993610424638968e-01 -6.845164356398273026e-04 8.996398797335083009e-04 -7.540986793549994682e-02 6.840478978506180910e-04 9.999996303132056008e-01 5.210104850184230215e-04 -5.795233045724747234e-03 -8.999961873886609242e-04 -5.203947553462929783e-04 9.999994595979346812e-01 2.654397078434552262e-02
9.999998416009444613e-01 2.028186037157271582e-04 5.250359034162594210e-04 -3.730690221668048201e-02 -2.029962010586903597e-04 9.999999221977420305e-01 3.382263329928074922e-04 8.042148000000269581e-03 -5.249672639746831397e-04 -3.383328597118887547e-04 9.999998049701048775e-01 1.162162799033019181e-02
9.999999813020293837e-01 -1.874589409790995372e-04 4.748774936124783931e-05 -1.057070808279064224e-02 1.874380134635550356e-04 9.999998854949608829e-01 4.403147241724116251e-04 7.786974541291418264e-03 -4.757028485555209678e-05 -4.403058149300157148e-04 9.999999019339238515e-01 -3.885580996052561634e-03
9.999997061472071236e-01 -7.625093386304708596e-04 7.927804228638260227e-05 -9.768771790442602743e-03 7.624824013754611697e-04 9.999996517619479386e-01 3.392588546633885059e-04 4.290969318688313099e-03 -7.953670272364550108e-05 -3.391983068591677150e-04 9.999999393092089406e-01 -5.923904686644427750e-03
9.999995849433277462e-01 -9.110151196901634246e-04 -1.283058522539175158e-05 -9.199470648918796692e-03 9.110182738472200580e-04 9.999995542685140570e-01 2.480090277008350510e-04 -8.422008363678533394e-03 1.260463953234081835e-05 -2.480206136606378218e-04 9.999999691634486876e-01 -4.495942675592420716e-03
9.999999664985899095e-01 -1.211003132614090979e-04 2.287739784309759559e-04 -1.304830462394727941e-02 1.211079447651246309e-04 9.999999921104979483e-01 -3.334470949052817477e-05 -1.742325253536274390e-02 -2.287699385712982684e-04 3.337241471977690343e-05 9.999999732752982151e-01 4.354408437945661223e-03
9.999999374169197264e-01 -3.471346530561643493e-04 6.829120940137399455e-05 1.462133512483162687e-02 3.471415676763609718e-04 9.999999346189425431e-01 -1.012661966202106482e-04 -3.377921413163073594e-02 -6.825605193039244580e-05 1.012898970001502492e-04 9.999999925407340173e-01 7.791070285899769771e-04
9.999996998577238561e-01 -7.207222781427446512e-04 -2.843305468954141109e-04 3.837206867937277555e-02 7.207530041952716010e-04 9.999997344280140421e-01 1.079768883850814389e-04 -3.650175587217265039e-02 2.842526500362024117e-04 -1.081817880725117483e-04 9.999999537485647627e-01 -1.143282445742690133e-02
9.999997652078760346e-01 -5.304374991141998707e-04 -4.338435804949075680e-04 3.072965382697252779e-02 5.303031821021455183e-04 9.999998114463735099e-01 -3.096542468080528635e-04 -5.942827508819901322e-02 4.340077509163940413e-04 3.094241054724034727e-04 9.999998579469874249e-01 -2.953956779240246924e-02
9.999893211920044545e-01 4.616034495705933528e-03 -2.229966112289588219e-04 1.429737492489382977e-02 -4.616159581981824599e-03 9.999891865902695853e-01 -5.637137967147639065e-04 -7.217033254556717847e-02 2.203920775438923956e-04 5.647371648670383671e-04 9.999998162496165355e-01 -2.230480562034950487e-02
9.999817917852694693e-01 6.033004531787472362e-03 -1.376744038444549306e-04 -9.388571007325390363e-03 -6.033068446973439101e-03 9.999816910564599537e-01 -4.686544321079913586e-04 -6.592977063162965001e-02 1.348444888588182656e-04 4.694764978492469375e-04 9.999998807043837257e-01 -1.536511855860666319e-02
9.999849460228831255e-01 5.487040664094670200e-03 1.060009751209303538e-05 -1.358931001953382275e-02 -5.487038879452829643e-03 9.999849330263957947e-01 -1.616308452238499039e-04 -7.825198728506346790e-02 -1.148681282101887411e-05 1.615702488896297037e-04 9.999999868815537818e-01 -7.635743267196916893e-03
9.999905754751555742e-01 4.335441379806706692e-03 -2.300193674809695445e-04 2.570384665809558739e-02 -4.335414639058889248e-03 9.999905952449333890e-01 1.166258598393237942e-04 -8.838726289058164431e-02 2.305228287838607807e-04 -1.156275313629661695e-04 9.999999667447491136e-01 -1.294441857553342914e-02
9.999876830902282299e-01 4.948094399052962652e-03 -3.873366176894408350e-04 3.769537218891295949e-02 -4.948114956478811069e-03 9.999877566452877176e-01 -5.213350440889821211e-05 -7.396585706927248649e-02 3.870739138886687193e-04 5.404944839640936192e-05 9.999999236262182567e-01 -2.058253138845740279e-02
9.999814845175998279e-01 6.065143576888606600e-03 -4.946264943469031112e-04 6.902031632617650070e-02 -6.065314717028601893e-03 9.999815462145439371e-01 -3.452357938362345374e-04 -6.885819057055220238e-02 4.925234619581976342e-04 3.482294669845644374e-04 9.999998180784223090e-01 -2.570613458470295473e-02
9.999315867239433331e-01 1.168895767529404273e-02 -4.360506877290462385e-04 1.051653115230936630e-01 -1.168904189038753524e-02 9.999316625580284557e-01 -1.910853783617820273e-04 -7.347830730202775662e-02 4.337873002404384537e-04 1.961693203402388713e-04 9.999998866730814839e-01 -3.313616235217238526e-02
9.999093251307293873e-01 1.345512927515156790e-02 -5.486463326272423375e-04 8.319875056673006752e-02 -1.345510204778891175e-02 9.999094745972393339e-01 5.328748830349654147e-05 -3.108007929635861477e-02 5.493136562408797293e-04 -4.590056407381617743e-05 9.999998480738111484e-01 -5.158274140449638917e-02
9.999334197076513719e-01 1.151775983430380033e-02 -7.052376630125538727e-04 7.585582205600460703e-02 -1.151788054787596972e-02 9.999336530106088805e-01 -1.673455826017632782e-04 -1.984202051092201144e-02 7.032634263870689685e-04 1.754572838443921746e-04 9.999997373176128246e-01 -6.190782151259015958e-02
9.999566306068955468e-01 9.272715273193003760e-03 -8.681340720456894077e-04 9.596732050594523888e-02 -9.272772630107742331e-03 9.999570049934071170e-01 -6.206742646577426213e-05 -1.539313917466250681e-02 8.675212130421814478e-04 7.011474450168614424e-05 9.999996212453620137e-01 -6.255915800997494114e-02
9.999978166874491370e-01 -1.924523328276658710e-03 -8.141439023247524880e-04 1.335906257727267343e-01 1.925189673456132551e-03 9.999978118727619325e-01 8.184707748948885598e-04 -9.949712939425581909e-03 8.125669547745062275e-04 -8.200363693508361642e-04 9.999993336374264352e-01 -4.751649771870342098e-02
9.997131052838892362e-01 -2.394284438523388431e-02 -6.688246317010842828e-04 1.744869520331767399e-01 2.394341661512170566e-02 9.997129444645530549e-01 8.610869922161445891e-04 3.873130243770817049e-02 6.480157700315308843e-04 -8.768538977072404955e-04 9.999994056012252441e-01 -2.656173474902747203e-02
9.986110314666492016e-01 -5.267954704681478834e-02 -9.344281981310412558e-04 1.983804070703144018e-01 5.268112376808498781e-02 9.986098491563454305e-01 1.751675333124735542e-03 6.569102671491822143e-02 8.408517388609852965e-04 -1.798469038764508553e-03 9.999980292367929291e-01 -3.282659116649602749e-02
9.979661893829151476e-01 -6.372730819224002585e-02 -1.521525259302523598e-03 2.209297914114173589e-01 6.373210584003423385e-02 9.979614337632402021e-01 3.345953737357665846e-03 2.709042185824452748e-02 1.305194904262963092e-03 -3.436118709986507244e-03 9.999932447544197522e-01 -7.284291950187887776e-02
9.977333110322323950e-01 -6.727486439041832633e-02 -1.527310678764961594e-03 2.223885438194873054e-01 6.727756219890684841e-02 9.977326931546363076e-01 1.789590726538601824e-03 -2.557563757327272619e-03 1.403453323365766057e-03 -1.888288020169602002e-03 9.999972323397310348e-01 -6.044741598263485283e-02
9.969723851942542403e-01 -7.774772686963971058e-02 -1.163669490679259365e-03 2.608597024794619412e-01 7.774665003295669341e-02 9.969727016324079205e-01 -9.437205256976966342e-04 -6.468508103054815273e-02 1.233518841602926526e-03 8.503918988157386713e-04 9.999988776318130546e-01 -9.222098230318123702e-03
9.966777425888440067e-01 -8.141762510322161916e-02 -2.155864225167527810e-03 3.261366857119016305e-01 8.141022761508293071e-02 9.966751430395621725e-01 -3.321759583200849242e-03 -2.019780843322450392e-01 2.419146061420800794e-03 3.135214445529378897e-03 9.999921590506167801e-01 -3.500988325983623445e-02
9.959502275906415569e-01 -8.988781279478946784e-02 -1.823533141533018823e-03 3.807771189655030919e-01 8.975620400418735101e-02 9.952544360148336544e-01 -3.758232876704178937e-02 -1.726456058722756204e-01 5.193072780934886168e-03 3.726645547626175614e-02 9.992918709222684548e-01 -6.175411509998081361e-02
9.957577682126104168e-01 -9.160864685338236668e-02 -8.621071043299469161e-03 3.892556063533974542e-01 9.088125543888365965e-02 9.938318988136025656e-01 -6.355119440578305134e-02 -7.315626273340121444e-02 1.438973433019930318e-02 6.249810174910539612e-02 9.979413423762264479e-01 -1.143446664058314632e-02
9.987521178848675074e-01 -4.818967753385264979e-02 -1.311342821976593277e-02 4.742929301390624852e-01 4.727922871552820566e-02 9.969180662257620673e-01 -6.260226645059947803e-02 -7.843301276854433568e-02 1.608979653558210293e-02 6.190415342988203617e-02 9.979524007865170354e-01 3.695838720930995358e-03
9.992002419118289902e-01 -3.848107837849148311e-02 -1.086660803428502603e-02 7.080370530359949566e-01 3.786666395076285913e-02 9.979291668871300702e-01 -5.199513089894521045e-02 -8.791151549819828381e-02 1.284493380996528517e-02 5.154206517774434504e-02 9.985882150279117297e-01 -3.984634071405314393e-02
9.982995413176828370e-01 -5.794236571558613463e-02 -6.380286841935558367e-03 7.672234933033470483e-01 5.759160178186856910e-02 9.972921375175555214e-01 -4.573401195897731919e-02 -3.037453371915063011e-02 9.012946749137100422e-03 4.528879222220963396e-02 9.989332770960984709e-01 -6.216804237968570623e-02
9.981529668200641581e-01 -6.073239950449071251e-02 1.493478734656477919e-03 7.253164772797292548e-01 6.074791871169091945e-02 9.975668767532128722e-01 -3.420550799269047454e-02 8.793507309965802043e-03 5.875376598375252855e-04 3.423305500926197148e-02 9.994137045009093834e-01 -7.745051746751052679e-03
9.976981535092730446e-01 -6.775884640020836402e-02 2.670808622878600904e-03 7.571936995677717164e-01 6.777830945851361089e-02 9.976680582184616064e-01 -8.034076023432834904e-03 -1.122173682530324540e-02 -2.120200729421035327e-03 8.196605707077994282e-03 9.999641595596062693e-01 -8.773836602833588738e-03
9.955513622716921640e-01 -9.420614313066111301e-02 -1.639413133796112799e-03 8.662982017644097477e-01 9.421645186268898242e-02 9.955182901813681706e-01 8.160521599189479725e-03 1.053461902550027231e-02 8.632944940634894662e-04 -8.278678083524015213e-03 9.999653585058864147e-01 6.671224061228615831e-02
9.852660456758595142e-01 -1.686447796863727588e-01 -2.845623873230273757e-02 1.003457768074311529e+00 1.691315810055466495e-01 9.854692062307592870e-01 1.565093854953734584e-02 7.476993870250371599e-02 2.540329791226368303e-02 -2.023318698208416769e-02 9.994725061749967221e-01 8.125092623190435792e-02
9.728852372114222824e-01 -2.265659084190986272e-01 -4.649950922647781704e-02 1.056905493146262032e+00 2.276291693352986423e-01 9.735636708526350658e-01 1.894043462183254284e-02 9.447947988792507190e-02 4.097897611942767637e-02 -2.901151388967118661e-02 9.987387323910256187e-01 5.071114411043228798e-03
9.630212129320754322e-01 -2.666756867310769996e-01 -3.839559283749401780e-02 1.150738813896253987e+00 2.676825378385493392e-01 9.632095777622352584e-01 2.394510896634426816e-02 8.816669698592569104e-02 3.059742438748299168e-02 -3.333747761311559726e-02 9.989756804883926922e-01 -4.545302941964701748e-02
9.569717226414730105e-01 -2.888725397854174370e-01 -2.752776457567859825e-02 1.322828417120845756e+00 2.896003892403244406e-01 9.567482433527207952e-01 2.764802693386036320e-02 1.167414305172014416e-01 1.835038464076788750e-02 -3.443043129856673129e-02 9.992386145381545459e-01 -8.291346803878303640e-02
9.527152566410287404e-01 -3.034623336363642121e-01 -1.562855807138479464e-02 1.402857899177882173e+00 3.036906743356097005e-01 9.526494793963705687e-01 1.519683280841336095e-02 1.505311722546563424e-01 1.027687136249788927e-02 -1.922450180879042500e-02 9.997623739895408201e-01 -4.863036601763121025e-02
9.498853165986262947e-01 -3.124124320962969881e-01 -1.078691716869209158e-02 1.384455545632311102e+00 3.123415605868253841e-01 9.499380953463517629e-01 -7.769462010465194232e-03 2.116659223088428188e-01 1.267418007265544433e-02 4.010895339221623446e-03 9.999116350348483673e-01 8.333712012238451983e-02
9.552480218855247118e-01 -2.947422295485764288e-01 -2.506461259478030140e-02 1.392816020343028427e+00 2.943615209964346446e-01 9.555282729904225336e-01 -1.780490024139749772e-02 2.411700466212076399e-01 2.919780197990389653e-02 9.630038248878139071e-03 9.995272636215919437e-01 1.910615197236177898e-01
9.599261823260828441e-01 -2.766415512178976299e-01 -4.484614392149394169e-02 1.663185040741570475e+00 2.766751794657497654e-01 9.609473024516772544e-01 -5.579155710315432046e-03 2.734920440526070196e-01 4.463820731690713861e-02 -7.052237276220322051e-03 9.989783262898813687e-01 1.168995002657651772e-01
9.549366600171885766e-01 -2.929202457318797470e-01 -4.789264030716595261e-02 1.915030190925843367e+00 2.940403345591014461e-01 9.556206656413054334e-01 1.815007029297745905e-02 3.159145797384028675e-01 4.045067375938369431e-02 -3.141453548349086577e-02 9.986875737450469082e-01 -4.746643574335940308e-02
9.450422422012512147e-01 -3.248760010816422739e-01 -3.675247442598124359e-02 2.006925937962984019e+00 3.259874911263613839e-01 9.449042903907800550e-01 2.979996023884848300e-02 3.366487175008546773e-01 2.504627885279806301e-02 -4.014306817244088499e-02 9.988799817762545885e-01 -1.368067761493765855e-01
9.228823329217010762e-01 -3.844862270931237447e-01 -2.141356478247658651e-02 1.979848512665636440e+00 3.849296550768306346e-01 9.226540224780743760e-01 2.321024445070046446e-02 3.840833262242293600e-01 1.083329236338792349e-02 -2.966304065202949106e-02 9.995012475209049674e-01 -2.617557193922104286e-02
8.980921626941367197e-01 -4.394902126836230383e-01 -1.669791192550793696e-02 1.968626531113554456e+00 4.397439536570005303e-01 8.979597726809223079e-01 1.713189624461120344e-02 4.568301782029771108e-01 7.464752472657229174e-03 -2.272882755731367097e-02 9.997137979783973227e-01 9.870928606452861187e-02
8.581411291952039111e-01 -5.132230781095958871e-01 -1.399551639961981939e-02 2.107190540865718109e+00 5.133938136238038741e-01 8.575477681696023202e-01 3.222758818374078099e-02 5.034641955165313210e-01 -4.538118154832841700e-03 -3.484103045326863296e-02 9.993825634263223678e-01 9.204818194141130283e-02
8.331593163062912533e-01 -5.529615682221548090e-01 -8.891440902834731042e-03 2.246872950513480571e+00 5.526470812044855796e-01 8.318696661662012826e-01 5.073521606040169024e-02 5.009939435895398585e-01 -2.065810466127193309e-02 -4.718434678819003608e-02 9.986725590152037979e-01 -1.536098883648821800e-02
8.111377521671200297e-01 -5.848497016441536189e-01 2.524578383852307123e-03 2.358033114567844812e+00 5.838745214057619037e-01 8.100200326671322948e-01 5.438832532014987314e-02 5.535857092067770768e-01 -3.385395490137360630e-02 -4.264238694869732643e-02 9.985166681497377184e-01 -1.511901244595685589e-02
8.081656993674763978e-01 -5.889397124964080854e-01 4.268185858886599723e-03 2.410187330180589615e+00 5.880690727856167088e-01 8.073259798547052224e-01 4.898497611212161706e-02 6.261852165388875902e-01 -3.229501507884393469e-02 -3.707798937763977232e-02 9.987903957812013234e-01 3.995393805444968915e-02
8.046927652298488942e-01 -5.936193858460333539e-01 -9.250855880276086934e-03 2.546488768026491822e+00 5.936566765926808431e-01 8.043792496492440103e-01 2.336178654667830923e-02 7.142870770962322924e-01 -6.426812870515522143e-03 -2.429089297447861034e-02 9.996842744561054150e-01 7.692271955090664026e-02
8.068375607319852039e-01 -5.899496460700272005e-01 -3.118598553693188030e-02 2.557454891171186517e+00 5.902421470143549564e-01 8.072262145960609203e-01 2.153062910295409221e-04 7.424959553218594133e-01 2.504712518323549963e-02 -1.858100026274182165e-02 9.995135756703313890e-01 7.335499915961639361e-02
8.321401156534266041e-01 -5.512256221614565410e-01 -6.077122175024072398e-02 2.674124220159596721e+00 5.510151525982854848e-01 8.342133751805000941e-01 -2.168746820277330650e-02 7.932507949349356657e-01 6.265085416329145562e-02 -1.543885172780734560e-02 9.979160848137165196e-01 9.196361204545902557e-02
8.323740638499920186e-01 -5.490049908147327518e-01 -7.580856079866338249e-02 2.913274568486664329e+00 5.496752314903308179e-01 8.352677775914320035e-01 -1.359704392584710347e-02 9.013458215199526835e-01 7.078529307632172585e-02 -3.035226149704990661e-02 9.970296798521666171e-01 1.323902738794781597e-01
8.334250953738128187e-01 -5.476957757425808815e-01 -7.370174784144316316e-02 2.993635804437978720e+00 5.494263160197168094e-01 8.355330510092725538e-01 3.904348362880748213e-03 9.553363216336804298e-01 5.944185113329981951e-02 -4.374766170744470717e-02 9.972726850911828311e-01 6.439323029423060785e-02
8.164323435510587590e-01 -5.722259619275903431e-01 -7.743175640375178637e-02 3.085246670547499459e+00 5.742040787204264474e-01 8.187020196392766902e-01 4.083995518574721345e-03 9.946706619195242460e-01 6.105656708784369668e-02 -4.779593638180275328e-02 9.969892898526213632e-01 2.537935315072906844e-03
7.930901981353177810e-01 -6.029448347529506869e-01 -8.640291584442827411e-02 3.063759156074857160e+00 6.045589858992042043e-01 7.965090599966121454e-01 -9.041565784716803361e-03 1.033331632387320065e+00 7.427227066818595236e-02 -4.506488198198725648e-02 9.962192460606958955e-01 3.796452542497354837e-02
7.688192542765661663e-01 -6.320188764134545556e-01 -9.730927042527448556e-02 3.147219758940020373e+00 6.340168574103345334e-01 7.732139807413255239e-01 -1.275791933179750218e-02 1.086588347348670380e+00 8.330413419001678199e-02 -5.188718380513178408e-02 9.951724179174300522e-01 1.524566798672650492e-01
7.447928235655090212e-01 -6.571864309302293261e-01 -1.157136334513067522e-01 3.220485331750688296e+00 6.619157074216599490e-01 7.495710025786413988e-01 3.302780909125301034e-03 1.168455987562245335e+00 8.456504144030085879e-02 -7.905255906317806835e-02 9.932771248104744766e-01 1.388966408851163570e-01
7.416863267155542339e-01 -6.611022394130592339e-01 -1.133367628187178927e-01 3.387193303797813471e+00 6.676303048081975167e-01 7.438947931923054480e-01 2.983810924121138575e-02 1.219196949360165760e+00 6.458458689889919058e-02 -9.779757514588649503e-02 9.931084862343505515e-01 7.500495154760089545e-02
7.233218485342336468e-01 -6.837747807671771261e-01 -9.621617649760372259e-02 3.538873578708769951e+00 6.894284181474267248e-01 7.229421635377815125e-01 4.520049148016476448e-02 1.330679540426068730e+00 3.865177465209235913e-02 -9.902866941502520837e-02 9.943336275869048002e-01 9.314890631627242845e-03
7.170340789206883780e-01 -6.929716892195297850e-01 -7.518222932709205109e-02 3.611002184426290285e+00 6.966216851466465743e-01 7.161529055614475059e-01 4.293301339695225483e-02 1.377394211435117422e+00 2.409060916221333545e-02 -8.315800500329371958e-02 9.962451449086543454e-01 -9.716305180902870542e-04
7.148862088743737075e-01 -6.963374193088330832e-01 -6.365459002726844839e-02 3.641199163434519992e+00 6.987016620707914294e-01 7.149430976915989167e-01 2.592979912483634949e-02 1.448839832749024392e+00 2.745352037059908129e-02 -6.301242364371560656e-02 9.976350729028155007e-01 7.659957871679805297e-02
7.137723756258083085e-01 -6.976554865804890371e-01 -6.169131087625730203e-02 3.730942712878349887e+00 6.994279320459243499e-01 7.146196111878871937e-01 1.092607796213831972e-02 1.531759310795404838e+00 3.646318235497010563e-02 -5.094735861469113641e-02 9.980354718058542796e-01 1.336214247067117888e-01
7.228704976694233508e-01 -6.881608251191050352e-01 -6.239328786458298026e-02 3.787778513829433980e+00 6.900050178276130319e-01 7.237018006615147936e-01 1.219750351492130888e-02 1.627165533255341856e+00 3.676029069356952228e-02 -5.186889714148067154e-02 9.979771032130200226e-01 1.468229535808919795e-01
7.306574729826236236e-01 -6.806433209756365121e-01 -5.351940569460275632e-02 3.990181790307639531e+00 6.825037954611844482e-01 7.302327421517939010e-01 3.080116021434047002e-02 1.709451873600901450e+00 1.811701840051276047e-02 -5.903229540453623636e-02 9.980916599909784859e-01 1.143377463509090142e-01
7.188433880094314832e-01 -6.943984084234547938e-01 -3.278770949753671143e-02 4.104744098726146539e+00 6.950809507732117476e-01 7.171857487066664039e-01 5.007068727575397088e-02 1.808083659457870862e+00 -1.125412756858453628e-02 -5.878309477248739451e-02 9.982073393747608048e-01 4.319406693511698703e-02
7.106885997674763367e-01 -7.033184422514587864e-01 -1.627522502226320597e-02 4.141303002825960533e+00 7.029276078510277026e-01 7.089750200195409358e-01 5.698420052192928326e-02 1.875983309096035390e+00 -2.853931115804647298e-02 -5.193832666993567632e-02 9.982424144171351266e-01 5.047089337188404717e-02
6.924212371376869957e-01 -7.212851535385390589e-01 -1.733659844379095011e-02 4.186457385084740856e+00 7.208538748539087271e-01 6.905961149036262681e-01 5.870857848834960813e-02 1.943609352366429066e+00 -3.037303851807232613e-02 -5.314822071249097890e-02 9.981246140469014483e-01 9.036136709621880869e-02
6.632286539927128022e-01 -7.476633348121992650e-01 -3.357514408778603660e-02 4.342546515339829938e+00 7.480470930000269192e-01 6.608236287012971832e-01 6.113655538431360392e-02 2.021758754295028382e+00 -2.352231232730694899e-02 -6.566330426921464236e-02 9.975645499391130322e-01 1.005459008661014203e-01
6.472947471641813388e-01 -7.613352772293301429e-01 -3.712284929524728438e-02 4.401427872511716188e+00 7.616388523734226590e-01 6.440833782138138952e-01 7.115378039132531918e-02 2.083250773889364638e+00 -3.026167293713935558e-02 -7.433167262224225913e-02 9.967743142739109441e-01 6.011738546946179818e-02
6.404223678300371425e-01 -7.677698659092160316e-01 -1.971354318009212181e-02 4.516608927290536535e+00 7.666172663665142828e-01 6.374874084188217882e-01 7.686202583973025804e-02 2.195295925369480372e+00 -4.644521171985090124e-02 -6.433690316761400685e-02 9.968468313633239708e-01 7.201631986954193376e-02
6.352492509094301854e-01 -7.722971052809066705e-01 -3.945933823584019118e-03 4.580430380359818976e+00 7.705571634935306502e-01 6.334577645691028547e-01 7.051892154535085999e-02 2.295305799362759913e+00 -5.196197655798068249e-02 -4.783765966105910095e-02 9.975026372448047018e-01 9.748447797452822194e-02
6.418522558847350457e-01 -7.668042524094217383e-01 6.076191447349037905e-03 4.646839326071620313e+00 7.655786278905402087e-01 6.412383075736999283e-01 5.198843541841753624e-02 2.378877899671864693e+00 -4.376124007514703429e-02 -2.871709224216744891e-02 9.986292016961251239e-01 9.021828045615108704e-02
6.498243432917981677e-01 -7.598993030731353571e-01 1.677414839407032066e-02 4.725836925934769006e+00 7.588655143529294822e-01 6.498735679631713058e-01 4.227856180951787557e-02 2.484134600889583488e+00 -4.302852532038529271e-02 -1.474431591429311086e-02 9.989650400073930570e-01 1.197166735417529992e-01
6.740677384128732630e-01 -7.381318697407572849e-01 2.817848299621453223e-02 4.778433084555362420e+00 7.364609260219703302e-01 6.745108686250442798e-01 5.157899329717677978e-02 2.552861523655769904e+00 -5.707879180410378728e-02 -1.401538368015421004e-02 9.982712960645927502e-01 1.354293028702049928e-01
6.910913479021184580e-01 -7.222040709959601790e-01 2.853118805264330191e-02 4.899885296305948046e+00 7.198177375136153300e-01 6.912971872793745032e-01 6.301288455867935789e-02 2.670589592762508069e+00 -6.523169180400791023e-02 -2.301040409222912184e-02 9.976048053652805114e-01 1.206729044466404444e-01
6.824750774400651920e-01 -7.305423402786963560e-01 2.314428079034540689e-02 5.045841566654426735e+00 7.283485136163245777e-01 6.823914416846543762e-01 6.205129352745038240e-02 2.798482720108124155e+00 -6.112455632614217926e-02 -2.549135884303599386e-02 9.978045796839518644e-01 8.109286646879296234e-02
6.603310333275663746e-01 -7.507922080250557517e-01 1.655254643279583521e-02 5.100469085305777028e+00 7.490108629816196739e-01 6.600372355494736887e-01 5.773711824933877579e-02 2.849902888026832670e+00 -5.427387548423166092e-02 -2.572757386677003433e-02 9.981945894377769468e-01 5.013560598452522499e-02
6.403938614756303771e-01 -7.678752446229681894e-01 1.622685673653443197e-02 5.100126959154479778e+00 7.660738392674568686e-01 6.401196757418238237e-01 5.811775561909817561e-02 2.904503177326078323e+00 -5.501431608545234719e-02 -2.478728350181137047e-02 9.981778476815896806e-01 9.650774863403321913e-02
6.128520340751315576e-01 -7.901548251096535136e-01 8.230230003266655880e-03 5.205376422610298981e+00 7.880251735630339205e-01 6.119057533930765125e-01 6.773237627162967400e-02 3.018016816611511999e+00 -5.855518901791798014e-02 -3.502429614402252644e-02 9.976695788279261734e-01 1.403996564243481238e-01
5.939716945015279803e-01 -8.044554810054205252e-01 7.000372227329493269e-03 5.259727736710499535e+00 8.011091699968402313e-01 5.922525893089622961e-01 8.637689623854022392e-02 3.116584336677452605e+00 -7.363235618909259872e-02 -4.569736903988353555e-02 9.962379367324230017e-01 1.167551387344695213e-01
5.952818770099125301e-01 -8.035096160610143423e-01 3.432754147438620007e-03 5.340400029411370042e+00 7.997069542056843838e-01 5.928693923602459392e-01 9.473474018257641016e-02 3.209847423589256454e+00 -7.815544957725598096e-02 -5.364867659014540408e-02 9.954966324410660095e-01 8.666926413015568764e-02
6.017215091977046182e-01 -7.986554744923538562e-01 -8.981003965582261273e-03 5.453202458200799185e+00 7.960847459258931780e-01 5.987986025744691521e-01 8.768871568776175074e-02 3.321537026452705543e+00 -6.465526021092804498e-02 -5.991382660334843707e-02 9.961074393401552207e-01 9.720354820325435852e-02
6.131184362517803077e-01 -7.898396444894500990e-01 -1.546347700068876653e-02 5.498052589659982559e+00 7.886911332316078882e-01 6.108698893652159123e-01 6.931287491347624952e-02 3.433386489806477648e+00 -4.529988399558948498e-02 -5.469290867843994153e-02 9.974751156045337241e-01 1.138223498344012596e-01
6.368288043020625677e-01 -7.707666102623804694e-01 -1.918088933926193410e-02 5.606902308477373253e+00 7.704129522217522119e-01 6.351677044890406965e-01 5.500791055009065372e-02 3.481518477336834394e+00 -3.021517930063229510e-02 -4.980782748486856787e-02 9.983016694672348645e-01 1.190058642098212049e-01
6.521766086755866887e-01 -7.578802228888390502e-01 -1.682970143449640313e-02 5.683412371066990154e+00 7.575026177095225410e-01 6.506738231695831098e-01 5.304111617508578541e-02 3.577445295380138113e+00 -2.924816677386043659e-02 -4.734071815933598576e-02 9.984505000972890842e-01 1.277075230296344788e-01
6.804548014393523303e-01 -7.327309421390622024e-01 -9.307503969052770276e-03 5.746187719400083438e+00 7.315556182456184331e-01 6.785167938053486836e-01 6.664336379101025443e-02 3.639375293025597813e+00 -4.251635698649096351e-02 -5.215675369606635053e-02 9.977334475863205432e-01 1.482053830560024210e-01
6.864625593207136500e-01 -7.271627404384150006e-01 -1.871782292379997603e-03 5.870382673257728001e+00 7.250908012418181281e-01 6.843077630738113593e-01 7.724128009953459828e-02 3.770347652484548284e+00 -5.488610575868905356e-02 -5.438045894446669193e-02 9.970106725003675674e-01 9.554107915441166499e-02
6.844072523584933121e-01 -7.290988424335543838e-01 1.261301371096042179e-03 5.930470176250208780e+00 7.270349249900095456e-01 6.825979132229501589e-01 7.402909366218857201e-02 3.848688306613400556e+00 -5.483548817936226977e-02 -4.974903844020342469e-02 9.972552844735425026e-01 5.995565125796611244e-02
6.755558452512229195e-01 -7.373081452134736535e-01 -9.994742482374169290e-04 5.975880553599148826e+00 7.361932973101504851e-01 6.744585907659038648e-01 5.590204233907129783e-02 3.910474276165956553e+00 -4.054292715769271249e-02 -3.850075770602745528e-02 9.984357579301473828e-01 8.259537283172013744e-02
6.655424762454706933e-01 -7.463091481216019840e-01 -8.710209128138194506e-03 6.057331466397819497e+00 7.462068420405256752e-01 6.651242186808472567e-01 2.802003954491359694e-02 4.002323801619390053e+00 -1.511824080219836483e-02 -2.514814415023836763e-02 9.995694121174605318e-01 1.338841187250751907e-01
6.272876208739961434e-01 -7.786733680884083686e-01 -1.334265820951327508e-02 6.114544407060252595e+00 7.787875191663182761e-01 6.271846342977041022e-01 1.137692803996868778e-02 4.087479092440933215e+00 -4.906006656890246273e-04 -1.752770180911756778e-02 9.998462576717870309e-01 1.611096115078188840e-01
6.305754018326360510e-01 -7.761277504361245860e-01 -6.144970060789154559e-04 6.142862665402692990e+00 7.760005425577911620e-01 6.304573069511685279e-01 1.862101130159179302e-02 4.128317234836404559e+00 -1.406486948476801634e-02 -1.221880169414867913e-02 9.998264251016450999e-01 1.828590390319535797e-01
6.348823089712541945e-01 -7.725440198250881352e-01 1.000955482641027218e-02 6.264360758299879706e+00 7.719270568056233461e-01 6.348129645591801262e-01 3.378045291278845841e-02 4.265301610821199851e+00 -3.245108205802885865e-02 -1.371996574628046688e-02 9.993791521805845957e-01 1.536398662273654736e-01
6.466372996384729399e-01 -7.627888730005462081e-01 3.652114842179515070e-03 6.353781797211432547e+00 7.622450021351622196e-01 6.463436452103430430e-01 3.496353838175904338e-02 4.379890308910286301e+00 -2.903031925815442379e-02 -1.982492175931179629e-02 9.993819155062827475e-01 8.411130615277889744e-02
6.640112930343744502e-01 -7.477200153828302831e-01 -1.944561317694205177e-03 6.424474051353949555e+00 7.476240985428830310e-01 6.638794242045484850e-01 1.795320015425220031e-02 4.485459986784695374e+00 -1.213301284758721947e-02 -1.337492855073242268e-02 9.998369373480373579e-01 8.213976918370299862e-02
6.755786936938421583e-01 -7.372725705406707464e-01 -4.752405209303429100e-03 6.514003384426977128e+00 7.372470236871279115e-01 6.755950796807077552e-01 -6.173684126163063099e-03 4.591696232738951444e+00 7.762389541456737700e-03 6.671128613174952780e-04 9.999696496739473028e-01 1.226450761315775323e-01
6.977127658932626986e-01 -7.163714243833509965e-01 -2.979704103116577896e-03 6.565825131149044758e+00 7.163152662020595418e-01 6.977008789081255991e-01 -1.029188887919439861e-02 4.676324963903133458e+00 9.451757267614244867e-03 5.046374718341514048e-03 9.999425975458572369e-01 1.844065462933395239e-01
7.029084571649246715e-01 -7.112782645354137623e-01 1.712088057149811424e-03 6.702557388260678373e+00 7.112802326228896410e-01 7.029051022058702136e-01 -2.201811273305384533e-03 4.771880054524731740e+00 3.626650705148250697e-04 2.765446156647815342e-03 9.999961103832361031e-01 1.654369554423724409e-01
6.982818465758688919e-01 -7.157545447125970295e-01 9.894163221696653313e-03 6.765099635824636692e+00 7.157992044412677668e-01 6.983045295041669931e-01 -1.510958375354854149e-03 4.836834554714026346e+00 -5.827663669332515048e-03 8.137308967144577312e-03 9.999499100149619180e-01 1.102593140889967238e-01
6.923776493312852054e-01 -7.214910472556514964e-01 7.991209947633012844e-03 6.836510556591806953e+00 7.215328623921986040e-01 6.923040487030404089e-01 -1.026803961322873306e-02 4.920822230138175435e+00 1.875951653028567253e-03 1.287528171814048862e-02 9.999153503802579168e-01 1.301098660468104073e-01
6.859603431524368133e-01 -7.276347600020511841e-01 -2.462449785998604111e-03 6.880640895976190663e+00 7.276135945087662815e-01 6.859607725631833297e-01 -6.022922094242632793e-03 5.016100074907765993e+00 6.071631430156936189e-03 2.339773766459283481e-03 9.999788301511678412e-01 1.914535752617438358e-01
6.764507572921449885e-01 -7.364321232192527766e-01 -9.060951918354761409e-03 6.998886173588400261e+00 7.364049905515874794e-01 6.761388908248853191e-01 2.332145374564063844e-02 5.135617463488929779e+00 -1.104820571856772460e-02 -2.244834525921676760e-02 9.996869554743240682e-01 1.574521349937913761e-01
6.695228915760302879e-01 -7.426959188770932974e-01 -1.191090840286661637e-02 7.091331815633111546e+00 7.420266144673678399e-01 6.680200438674033236e-01 5.608675791565177066e-02 5.228211003292373427e+00 -3.369868065321848793e-02 -4.638957937622201905e-02 9.983548496639507164e-01 1.304535487619163936e-01
6.730802999569969192e-01 -7.393706200202829759e-01 -1.714631332449126008e-02 7.175995019949027665e+00 7.384071595774488461e-01 6.705426472863108556e-01 7.160603923573992391e-02 5.302306418426306678e+00 -4.144606729912080068e-02 -6.085757488668687432e-02 9.972856055736230019e-01 1.285721811942331927e-01
6.656911239031403360e-01 -7.457644276799684224e-01 -2.628204641467550215e-02 7.291844457998098328e+00 7.456227071111132254e-01 6.633214529460951248e-01 6.365083425829251573e-02 5.403771622807926889e+00 -3.003508276780877603e-02 -6.196828599090552919e-02 9.976260949546579271e-01 1.080897312680372535e-01
6.695739677576449944e-01 -7.423810680758683445e-01 -2.326051297407901591e-02 7.316625758387847789e+00 7.425218063340407459e-01 6.682757538465009528e-01 4.548498586703247915e-02 5.471574249507409782e+00 -1.822275554677436904e-02 -4.772700057015888397e-02 9.986941797151210887e-01 1.309714970410472135e-01
6.880211364873282109e-01 -7.254823233094879198e-01 -1.738718816120211896e-02 7.392069429681137116e+00 7.256511390844665454e-01 6.875361704972438037e-01 2.691539714366198224e-02 5.591428673968339425e+00 -7.572324088513522969e-03 -3.113539502644237580e-02 9.994864916968342339e-01 1.749884293959133585e-01
7.167551752472847149e-01 -6.970104268596315489e-01 -2.094000012388981188e-02 7.466500452013429268e+00 6.973178432894098222e-01 7.162895730050544696e-01 2.602062709549318037e-02 5.697463689786803620e+00 -3.137544651518168332e-03 -3.325225485874527820e-02 9.994420660350297192e-01 2.417038942448454242e-01
7.230654923150896529e-01 -6.902227830068889958e-01 -2.772730858489734496e-02 7.631037911205827307e+00 6.907126574964850274e-01 7.218545735123302887e-01 4.291852133374633033e-02 5.810233918627884186e+00 -9.608256724323084932e-03 -5.018450475552051898e-02 9.986937452919001368e-01 2.242742610811284676e-01
7.152584322862081123e-01 -6.983404815694561618e-01 -2.694340076560713948e-02 7.675629067039462683e+00 6.985479101740287300e-01 7.132552827254243777e-01 5.742576822100023404e-02 5.875084179371511617e+00 -2.088521570329172211e-02 -5.989552124837997649e-02 9.979861393323115060e-01 1.604076550485876718e-01
7.136852237965878309e-01 -7.000124925364583639e-01 -2.521728826240679511e-02 7.781275249605127620e+00 7.002627421703671029e-01 7.121466551438894177e-01 4.979190190591540471e-02 5.949373063975445852e+00 -1.689654587341839903e-02 -5.319447208371457653e-02 9.984412125294520601e-01 1.452565215164021151e-01
7.015975570379300308e-01 -7.120740901235572684e-01 -2.667129792710921932e-02 7.816731790332807961e+00 7.125046615407558681e-01 7.005183537106700609e-01 4.013905077584110914e-02 6.043593864534157589e+00 -9.898244344404961634e-03 -4.716488406855917637e-02 9.988380741990654510e-01 1.954819780563295528e-01
6.947426323340545329e-01 -7.183023412596670765e-01 -3.707318921309063486e-02 7.896207594132611085e+00 7.192408876228463255e-01 6.934423421664235310e-01 4.278158087594338688e-02 6.154205105225523553e+00 -5.021990546475368911e-03 -5.638674162979818993e-02 9.983963716777648489e-01 2.695233234505025610e-01
6.859060088418758028e-01 -7.265091672987863403e-01 -4.144124594450260268e-02 7.982431271355932445e+00 7.275417736830248616e-01 6.835032635552575897e-01 5.921364923284441056e-02 6.232189484201855478e+00 -1.469403214801259794e-02 -7.076523539236098670e-02 9.973847637091198814e-01 2.244968617370912689e-01
6.878447483238623317e-01 -7.251133774672187116e-01 -3.286627483249787707e-02 8.112878158023008268e+00 7.254180945148316351e-01 6.851471092280774222e-01 6.589405790266540663e-02 6.300142437281703423e+00 -2.526242968824073121e-02 -6.916667213688827698e-02 9.972852055012922934e-01 1.478726100257960474e-01
6.877031427755184723e-01 -7.256365236548382169e-01 -2.271613864185869497e-02 8.229661929739521042e+00 7.256596998982339786e-01 6.861051844444306935e-01 5.174626384656815653e-02 6.378945870353341263e+00 -2.196331851701204679e-02 -5.207025462387396969e-02 9.984018736075794820e-01 1.307740624070001523e-01
6.971784239424732021e-01 -7.166901275547931105e-01 -1.724836962102616403e-02 8.285396935287526077e+00 7.168859343334600398e-01 6.968276449147658980e-01 2.248978517868149146e-02 6.451038882226566962e+00 -4.099066226750075481e-03 -2.804450655717616314e-02 9.995982709609061434e-01 1.746264145282982461e-01
7.071151054351069165e-01 -7.069530345185751630e-01 -1.433996689243232682e-02 8.347446360133172760e+00 7.069523446374753606e-01 7.072358473771658272e-01 -5.986534580086335690e-03 6.551605721894897094e+00 1.437393742417229954e-02 -5.904504185840140675e-03 9.998792560870763957e-01 2.448204841442627455e-01
7.349391690809330413e-01 -6.779453534268985448e-01 -1.595354247512259516e-02 8.411246572680543210e+00 6.780784780444121251e-01 7.349750687770847390e-01 4.607156291390587279e-03 6.608307104077010052e+00 8.602055777631623101e-03 -1.420373341756860433e-02 9.998621197912246350e-01 2.536657441303743488e-01
