1.000000000000000000e+00 0.000000000000000000e+00 0.000000000000000000e+00 0.000000000000000000e+00 0.000000000000000000e+00 1.000000000000000000e+00 0.000000000000000000e+00 0.000000000000000000e+00 0.000000000000000000e+00 0.000000000000000000e+00 1.000000000000000000e+00 0.000000000000000000e+00
9.999984190850336185e-01 -1.743797149227345814e-03 -3.478490128072042002e-04 1.439313373576179937e-02 1.744023657215550138e-03 9.999982666825353306e-01 6.519305238973126856e-04 -4.854362909645516810e-02 3.467115752853688025e-04 -6.525361501580652368e-04 9.999997269937909161e-01 -1.332317086311216210e-02
9.999928670009785581e-01 -3.754515917877878674e-03 -4.117734639896809216e-04 1.479338258149727470e-02 3.754671815903961804e-03 9.999928795693043826e-01 3.784841416758021699e-04 -9.876255645920080373e-02 4.103495072506821700e-04 -3.800275161685691622e-04 9.999998435961722221e-01 -2.342590600827460651e-02
9.999944981554742540e-01 -3.300838204313636271e-03 -3.288250753788468650e-04 1.340031922945716589e-02 3.300899918828241724e-03 9.999945344712253270e-01 1.873163187815711614e-04 -1.073022507438579631e-01 3.282049773146098999e-04 -1.884007068609348280e-04 9.999999283933307392e-01 -1.853128660201145556e-02
9.999982845964330291e-01 -1.810717446487686115e-03 3.900083592778735755e-04 -2.164882406608831938e-02 1.810827473628518446e-03 9.999983207035477717e-01 -2.819467062511139474e-04 -6.457603417743154606e-02 -3.894971785182308388e-04 2.826524604506535070e-04 9.999998841997606025e-01 3.960048324829133076e-03
9.999996083147452142e-01 -7.334957109436644231e-04 4.953326136929195279e-04 -5.680422740315888008e-02 7.335728015096297603e-04 9.999997188499419876e-01 -1.554701962854548771e-04 -1.851707539695538612e-02 -4.952184377079714992e-04 1.558334979231772415e-04 9.999998652373008889e-01 1.208526756465917902e-02
9.999985475001468282e-01 1.491049596265058095e-03 8.256928593496911739e-04 -9.423275744413787958e-02 -1.491187058122826151e-03 9.999988744201961932e-01 1.658900189655221314e-04 2.172627632640642889e-02 -8.254445797206815547e-04 -1.671210405161406554e-04 9.999996453558389620e-01 1.604543754189038940e-02
9.999992962176700306e-01 7.968820179122466148e-04 8.789443748719299315e-04 -5.520405978357750820e-02 -7.977852609748850056e-04 9.999991536094081646e-01 1.027773878230953944e-03 3.167665664456642549e-05 -8.781246164196380814e-04 -1.028474363769348770e-03 9.999990855684024460e-01 1.849950677153883519e-02
9.999990147055023426e-01 -1.297808900495728019e-03 5.350514762348936807e-04 -4.864959813205831096e-02 1.297246434907895450e-03 9.999986070659098170e-01 1.050246603002374501e-03 -5.962390912464483883e-03 -5.364137503325442681e-04 -1.049551474580137471e-03 9.999993053507540974e-01 1.636455067195190932e-02
9.999967707597847699e-01 -2.453573583554578483e-03 6.621530582546311140e-04 -7.668486676189747997e-02 2.453205632575016643e-03 9.999968363569844421e-01 5.559299837503069467e-04 -4.191026083484997167e-03 -6.635149785611687591e-04 -5.543037909067095046e-04 9.999996262475204789e-01 1.889335046332505860e-02
9.999990817341786187e-01 -9.686857829289729008e-04 9.477228780598105336e-04 -7.715957825392658065e-02 9.681365483327887631e-04 9.999993632611408056e-01 5.798180203599873073e-04 -1.018656754405320754e-02 -9.482839360808349846e-04 -5.788999627769756719e-04 9.999993828160144149e-01 2.820892304698602998e-02
9.999998876114850610e-01 -1.646897345996255698e-05 4.738204197067536860e-04 -3.787052491037055241e-02 1.624888093453615497e-05 9.999998919849271140e-01 4.645063056861175330e-04 1.919187993795694325e-03 -4.738280184690268492e-04 -4.644985544293594483e-04 9.999997798640266611e-01 1.059870987810548892e-02
9.999999803870709414e-01 -1.879308966021732278e-04 -6.251268473423894146e-05 -7.412576088559014002e-03 1.879546735351340480e-04 9.999999099214418319e-01 3.805655646450072636e-04 8.091757980367108444e-03 6.244115907540677163e-05 -3.805773067322529312e-04 9.999999256310048157e-01 -6.039307452811410598e-03
9.999995953066364018e-01 -8.982247485605454563e-04 5.078252220707223091e-05 -6.325059474775334561e-03 8.982143057599535326e-04 9.999995755338848547e-01 2.052878734258041364e-04 4.822818509092108297e-03 -5.096689530010273765e-05 -2.052421767592351354e-04 9.999999776390119388e-01 -5.749826273310904706e-03
9.999995791070107609e-01 -9.174882712523146043e-04 1.036021925156281103e-06 -6.754321710280523396e-03 9.174881332703200675e-04 9.999995711520733854e-01 1.261395840301297790e-04 -5.370152700208976303e-03 -1.151753069748716181e-06 -1.261385804010410887e-04 9.999999920438659151e-01 -3.438724438267432102e-03
9.999999535398791384e-01 -1.494585748147513710e-04 2.656734346791743981e-04 -1.457277272779602603e-02 1.494771276365245512e-04 9.999999863912479858e-01 -6.981469944419314909e-05 -1.616298628524459949e-02 -2.656629966582104482e-04 6.985440830249896055e-05 9.999999622717662406e-01 5.441745112225560878e-03
9.999999193595922042e-01 -3.865313598372301790e-04 1.089693397778234644e-04 1.303821110387139506e-02 3.865381812686876327e-04 9.999999233356456907e-01 -6.258543964688425805e-05 -3.482538722311449841e-02 -1.089451401886666593e-04 6.262755541038065969e-05 9.999999921043728479e-01 2.184409216413477420e-03
9.999996310055054849e-01 -8.117847898953505902e-04 -2.810592600787418615e-04 3.835104804348463126e-02 8.117971227812733823e-04 9.999996695348106757e-01 4.376871932506810951e-05 -3.895461683674571879e-02 2.810236364178190344e-04 -4.399686627331460715e-05 9.999999595449949874e-01 -1.189523152105743768e-02
9.999997430822716860e-01 -5.615410718252295029e-04 -4.455412610264703312e-04 2.810491375029831873e-02 5.613866544289574040e-04 9.999997823451919343e-01 -3.466332253629338263e-04 -6.203765976757704553e-02 4.457358128451732781e-04 3.463830153887752900e-04 9.999998406691832376e-01 -3.017468918993922167e-02
9.999891749914456840e-01 4.646016252509075489e-03 -2.538363826960370918e-04 8.136216807622713432e-03 -4.646177818912718485e-03 9.999890018729368224e-01 -6.396599430202259224e-04 -7.118370318132047347e-02 2.508617204798959137e-04 6.408323876667861843e-04 9.999997632010960702e-01 -2.319112123508608458e-02
9.999820525677350913e-01 5.988278388605044501e-03 -1.872547995509400026e-04 -1.010003032014266180e-02 -5.988372392862658690e-03 9.999819417458354343e-01 -5.055475378632086868e-04 -6.545756246707690185e-02 1.842240586607774109e-04 5.066598160550781285e-04 9.999998546786529330e-01 -1.572990789846941129e-02
9.999853558085309846e-01 5.411636258298287323e-03 -4.859520017380535879e-05 -1.459809745761545506e-02 -5.411644109746154181e-03 9.999853436756108715e-01 -1.629171566609754508e-04 -7.744409848870542623e-02 4.771283955470245129e-05 1.631777507997222521e-04 9.999999855482532007e-01 -8.442983915278166884e-03
9.999906915448398825e-01 4.307009699009363944e-03 -2.578587319325709453e-04 2.092007144122194628e-02 -4.306987641967495624e-03 9.999907211847939292e-01 8.603352678920044461e-05 -8.579779406657096763e-02 2.582268865433691159e-04 -8.492213157816707431e-05 9.999999630535526540e-01 -1.388387483779118803e-02
9.999882786640478249e-01 4.829837989804062516e-03 -3.394105284442835080e-04 3.665455540953253821e-02 -4.829862834455407421e-03 9.999883335222693459e-01 -7.241791797930530379e-05 -7.715066057984878989e-02 3.390568019075129551e-04 7.405637544151562855e-05 9.999999397780673371e-01 -1.879346749879521467e-02
9.999825249535141403e-01 5.886815553813710272e-03 -5.433141170040277053e-04 6.238838773069180915e-02 -5.886995766392452006e-03 9.999826168113158387e-01 -3.306902470599971011e-04 -7.237624033630415954e-02 5.413579599823297546e-04 3.338829561391813108e-04 9.999997977268448857e-01 -2.873830569284118938e-02
9.999321509937747487e-01 1.163784617469940975e-02 -5.039299324634230644e-04 1.016849084744907289e-01 -1.163795970749119911e-02 9.999322517983254555e-01 -2.229515129200268053e-04 -7.097882548760960086e-02 5.013011167049488768e-04 2.288011021308468504e-04 9.999998481736115385e-01 -3.624120681699990326e-02
9.999083376268930179e-01 1.352942689113186166e-02 -5.205307108385426014e-04 7.864075023242544926e-02 -1.352943161691799907e-02 9.999084730360208173e-01 -5.558452182721387244e-06 -2.452387877911862968e-02 5.204078655704876466e-04 1.260042733859929566e-05 9.999998645084321458e-01 -5.092253605734627792e-02
9.999342553888311835e-01 1.144672830182336121e-02 -6.762478598521536087e-04 7.339093874979371601e-02 -1.144683242228689696e-02 9.999344715719432619e-01 -1.502984850135336112e-04 -2.295797622525640527e-02 6.744831204707951505e-04 1.580294996257348961e-04 9.999997600495699190e-01 -5.909379266154126537e-02
9.999571860057100414e-01 9.207737842499348624e-03 -9.185419781856535033e-04 9.655276486711231176e-02 -9.207836866498460282e-03 9.999576016012049484e-01 -1.036349643157666604e-04 -2.035575891243671803e-02 9.175487898938159553e-04 1.120883119791604840e-04 9.999995727701229686e-01 -6.248519375408867482e-02
9.999976612779274410e-01 -1.923336069065939482e-03 -9.890485533853472788e-04 1.306906855121013344e-01 1.924052978452042793e-03 9.999978866246470588e-01 7.244076031707276028e-04 -6.342033462419009726e-03 9.876531838826276694e-04 -7.263088907976512996e-04 9.999992485080093640e-01 -5.172877316592147667e-02
9.997079544999337708e-01 -2.415114336862371133e-02 -8.532195184326923964e-04 1.755463547846748407e-01 2.415205147648988651e-02 9.997077234422407921e-01 1.070560324855511112e-03 3.325197145051447811e-02 8.271148864784860994e-04 -1.090854674260020038e-03 9.999990629580830515e-01 -3.359761643524876440e-02
9.986154159583072731e-01 -5.259644976900840208e-02 -9.297753024772979638e-04 2.089282631612071062e-01 5.259810696695529919e-02 9.986140327744497114e-01 1.858141394755433856e-03 5.680512794707069657e-02 8.307550238479689255e-04 -1.904473062647980830e-03 9.999978414118922965e-01 -3.174549975997492668e-02
9.979138598586774211e-01 -6.454630017793680508e-02 -1.305157191911618473e-03 2.255221590613406268e-01 6.455006753690606391e-02 9.979096968461994566e-01 3.086376728020070927e-03 1.730475095763608223e-02 1.103214818968178360e-03 -3.164186098520678416e-03 9.999943854059367698e-01 -5.914285437797978107e-02
9.974992273208210802e-01 -7.066550172398679275e-02 -1.295515519812194712e-03 2.529898002861687978e-01 7.066732287012571223e-02 9.974989311816552240e-01 1.418368719680985091e-03 -2.960859319623350763e-02 1.192045609136045074e-03 -1.506372315459632120e-03 9.999981549331543595e-01 -4.458429482961403373e-02
9.969062575422974470e-01 -7.859152951630050954e-02 -1.133649548585356423e-03 2.639218978611265753e-01 7.859041289297251376e-02 9.969064905135778254e-01 -9.980847729107152413e-04 -6.728397209262822198e-02 1.208583601842512078e-03 9.059029695731199124e-04 9.999988593320929819e-01 -9.969723323335323573e-03
9.968467365911948264e-01 -7.930936495383140994e-02 -2.570676585059090188e-03 3.155603385828801843e-01 7.929832841121640941e-02 9.968423182252053039e-01 -4.143393124651471859e-03 -1.833069772953788423e-01 2.891169083927736579e-03 3.926477558642173585e-03 9.999881118869912155e-01 -5.888923014743956130e-02
9.964913173021925363e-01 -8.342306839821775344e-02 -6.756197182382493900e-03 3.791129002333165077e-01 8.322462344274883517e-02 9.962000620189670475e-01 -2.567291347351843486e-02 -1.854337983614002816e-01 8.872237268784666231e-03 2.502055339980284801e-02 9.996475655516867675e-01 -1.005133840928851274e-01
9.960175508322666182e-01 -8.842925428290349110e-02 -1.137125415522888087e-02 3.869617713950112559e-01 8.764280451441805453e-02 9.945103748565398138e-01 -5.716513902329058844e-02 -7.524506246809609111e-02 1.636390084731375455e-02 5.594087315795343712e-02 9.982999756883624842e-01 -3.793728917640708242e-02
9.987513582678498869e-01 -4.845018968016694128e-02 -1.217799154544167185e-02 4.671883814362930432e-01 4.755788371422499383e-02 9.967397634988427457e-01 -6.517738531803302093e-02 -4.795210241714466248e-02 1.529614509441046440e-02 6.451684260894155476e-02 9.977993811207861441e-01 1.124225302044388336e-02
9.991630121040563361e-01 -3.984267258345256663e-02 -9.264808932580588519e-03 7.067353709656490901e-01 3.924718653929978179e-02 9.975790367011410087e-01 -5.740839558089858713e-02 -6.640686819496330329e-02 1.152968307885493884e-02 5.699672776424386661e-02 9.983077879252819642e-01 -1.666884079772654181e-02
9.983001442114854962e-01 -5.785143260437255325e-02 -7.073458344324472929e-03 7.692001625017886868e-01 5.746455038194091952e-02 9.972765741796348893e-01 -4.623050986018435726e-02 -3.336393268638225551e-02 9.728695530672498010e-03 4.574545155699055732e-02 9.989057543858271826e-01 -5.465986965444585843e-02
9.982330024550379877e-01 -5.939893439461839397e-02 1.624623766890170677e-03 7.224447990095707040e-01 5.942074711387268504e-02 9.977526937998471013e-01 -3.096347570247583517e-02 -5.307794060851573140e-03 2.182247220548004345e-04 3.100529967493364028e-02 9.995191962989196099e-01 -1.124217857016705790e-02
9.978754536533698261e-01 -6.512144010969471430e-02 1.943459318007112859e-03 7.432994153725801523e-01 6.513005354693372773e-02 9.978654399601867286e-01 -4.758135983400940683e-03 -5.232543398823490816e-03 -1.629454219931064261e-03 4.874604712428726519e-03 9.999867914666886737e-01 -2.983908585222194015e-02
9.955929751329288813e-01 -9.375317789236216337e-02 -2.229237772493741949e-03 8.645501312097213509e-01 9.376810028837993805e-02 9.955622816536700004e-01 7.955294893778575363e-03 2.594648089650029160e-02 1.473510865769791069e-03 -8.129267102374647738e-03 9.999658713086695405e-01 5.766963362654543152e-02
9.855085763605332394e-01 -1.671317395785807125e-01 -2.897977821296224624e-02 9.795392198200554290e-01 1.675162732624415896e-01 9.858036886539711663e-01 1.137478037094393109e-02 1.243965452536699851e-01 2.666728542799201920e-02 -1.606452805599022787e-02 9.995152759344102522e-01 7.726113859201784451e-02
9.730782103981614473e-01 -2.255031975845204761e-01 -4.761411899288111454e-02 1.047488668327829719e+00 2.265411640392262504e-01 9.738427101669192565e-01 1.759195414108478961e-02 1.090181461197871904e-01 4.240162077166265836e-02 -2.790490519436283207e-02 9.987108784938860673e-01 -8.754345071834049308e-03
9.626418506089507998e-01 -2.674177936184229387e-01 -4.252518209754072021e-02 1.159434064522729013e+00 2.684748476595950062e-01 9.630497728669642488e-01 2.136331329747051533e-02 9.289287709503586676e-02 3.524093685377420460e-02 -3.198216123314960579e-02 9.988669669843552867e-01 -3.880917973877198723e-02
9.571181283564998976e-01 -2.879429326584603266e-01 -3.183953365544062858e-02 1.334325038394084340e+00 2.888086402205132797e-01 9.570046262701712436e-01 2.705022424062231146e-02 1.321010229838974204e-01 2.268166010962773677e-02 -3.508579241709113006e-02 9.991268835664147696e-01 -1.012488776941511959e-01
9.531331168789454189e-01 -3.019362547846472511e-01 -1.928106727458716793e-02 1.412660181184188124e+00 3.022979004535089054e-01 9.530066254406476256e-01 1.985827907018875016e-02 1.555625526789400637e-01 1.237905044932728453e-02 -2.475620958163148727e-02 9.996168712047247551e-01 -1.021045509131705831e-01
9.500329859264337040e-01 -3.119671504103127546e-01 -1.066877296477816706e-02 1.383626731193202231e+00 3.119173963126004034e-01 9.500897112026814861e-01 -6.089215415255182923e-03 2.048999857508845834e-01 1.203592660632477399e-02 2.457179617880281969e-03 9.999245465229127383e-01 5.565903092286163256e-02
9.552208858025524885e-01 -2.949777040622994506e-01 -2.326399434150379364e-02 1.380800878013981992e+00 2.945695823350211184e-01 9.554323165724378786e-01 -1.943835414833264968e-02 2.358304276164892022e-01 2.796105308385609528e-02 1.171505677149296647e-02 9.995403628444838873e-01 2.100832455328292547e-01
9.599506055077343669e-01 -2.764450260310579721e-01 -4.553001831782964998e-02 1.653487867418347301e+00 2.763906711794578697e-01 9.610152354252993190e-01 -7.610135703476553562e-03 2.883901651476388772e-01 4.585882543527470406e-02 -5.278717945129603531e-03 9.989339834376207428e-01 1.406197538226857113e-01
9.551940650412618083e-01 -2.922167525143943845e-01 -4.704962975296320821e-02 1.889970982677029232e+00 2.933759627369888490e-01 9.557916082504444022e-01 1.982286775857664690e-02 3.300514254708225570e-01 3.917706724723910711e-02 -3.273791606028464418e-02 9.986958427138540317e-01 -5.012240320794926485e-02
9.453697024464077225e-01 -3.238077443918046527e-01 -3.774480584507379499e-02 1.998595206137608438e+00 3.250376319478111564e-01 9.451300027676621252e-01 3.286054908485629145e-02 3.294182797493475090e-01 2.503324817417597326e-02 -4.333384982078884728e-02 9.987469719331114604e-01 -1.914992252008803075e-01
9.238950576140959603e-01 -3.821345578214492833e-01 -1.977630488366790076e-02 1.968192465001881386e+00 3.825536348673414522e-01 9.235729150449252245e-01 2.580284955589439225e-02 3.928193667188847882e-01 8.404699044651270379e-03 -3.140462249454280957e-02 9.994714156592694465e-01 -4.517695486365791435e-02
8.991430867751790679e-01 -4.373924577481143605e-01 -1.515082207231095018e-02 1.969775336387308506e+00 4.376260670413159581e-01 8.989417510962822710e-01 1.967621868905329932e-02 4.448900237030503635e-01 5.013476872637007142e-03 -2.432213068408705173e-02 9.996916019496381312e-01 1.060776200124614738e-01
8.586112239773882049e-01 -5.124535828069743948e-01 -1.334509379310020068e-02 2.108176713491810350e+00 5.126132138750710832e-01 8.581035168449125949e-01 2.976654731512258512e-02 5.111323014257483921e-01 -3.802501902943395198e-03 -3.239876304256360251e-02 9.994677889419898431e-01 1.464143662097591725e-01
8.336355369998549314e-01 -5.522194973182308342e-01 -1.026733814403677988e-02 2.232298916157705815e+00 5.519847247142199986e-01 8.323504357619956329e-01 5.005612618833803901e-02 5.146244598760769673e-01 -1.909594546311718655e-02 -4.739597945413163288e-02 9.986936296975430505e-01 -3.589202101086041985e-03
8.114200626518095483e-01 -5.844616434364637847e-01 -1.438498412041001873e-03 2.362640481966457262e+00 5.835280114281709007e-01 8.099797829441358621e-01 5.854751147961019531e-02 5.515186326841785558e-01 -3.305362014693774553e-02 -4.834602955071370944e-02 9.982835867737500646e-01 -4.696433165704394508e-02
8.080022955281365160e-01 -5.891743073657284002e-01 2.434329759150543476e-03 2.423409621026692662e+00 5.883202987629866376e-01 8.070403559235395097e-01 5.064671730958209689e-02 6.123840216908542633e-01 -3.180434694648100191e-02 -3.949049823591586211e-02 9.987136647029453140e-01 6.019086935715359243e-03
8.049779479409582272e-01 -5.932120483242659947e-01 -1.048661297525209715e-02 2.552213694921447118e+00 5.932903114165728464e-01 8.047094134313749203e-01 2.119826205514410006e-02 7.118617098585013903e-01 -4.136388278449634401e-03 -2.328573936685696816e-02 9.997202931991271413e-01 5.254237272943219905e-02
8.076039796473997168e-01 -5.888530982947619563e-01 -3.205995455926137494e-02 2.572398764200615418e+00 5.891260678127558936e-01 8.080403333228849405e-01 -1.138396644947048744e-03 7.559999038489209067e-01 2.657608475984753540e-02 -1.796798130287680095e-02 9.994852992249244616e-01 5.968809553156718961e-02
8.334120187271021329e-01 -5.495286733658976130e-01 -5.867405039651875376e-02 2.667375125022990456e+00 5.493647499887978070e-01 8.353350730574204963e-01 -2.033930160796364878e-02 8.110620940699828640e-01 6.018952160436388810e-02 -1.528243661432126393e-02 9.980699718056680325e-01 1.105554281027415209e-01
8.331771897221447176e-01 -5.478112651080959683e-01 -7.562134848954218946e-02 2.906220627811475055e+00 5.486302208420064108e-01 8.359882044171074167e-01 -1.134031985051403048e-02 9.069652332795062888e-01 6.943091030341325132e-02 -3.203966129858632633e-02 9.970721181531009281e-01 1.623415797181260167e-01
8.342625127854164102e-01 -5.466182134537811432e-01 -7.221210758286690512e-02 2.966620312840492435e+00 5.484185304555730944e-01 8.361803997175761838e-01 6.281288172363057309e-03 9.557336301753636132e-01 5.694888246412481425e-02 -4.484270117590052201e-02 9.973695187528723860e-01 7.506180233323735129e-02
8.171347155820951613e-01 -5.717216415289143594e-01 -7.365610088819675438e-02 3.062408910671348572e+00 5.736336406656319387e-01 8.190897424602556764e-01 6.036563019196257429e-03 9.899899232184254938e-01 5.687972298861206089e-02 -4.718430251551571086e-02 9.972654304190349261e-01 3.483960002113226095e-02
7.935641470670244946e-01 -6.029090316745931988e-01 -8.219880786842621856e-02 3.034570260335778258e+00 6.043892087394840962e-01 7.966458252051212829e-01 -8.313455509697271345e-03 1.037641148958314385e+00 7.049559453644101137e-02 -4.308281221619442158e-02 9.965812773891038479e-01 7.524858671273004784e-02
7.694030631187962488e-01 -6.313619064927167290e-01 -9.695911248199279298e-02 3.122677893171851071e+00 6.333130855530073600e-01 7.737855818053182011e-01 -1.305408202572671747e-02 1.099646963296699420e+00 8.326741337848120317e-02 -5.136162400165379671e-02 9.952027539397033662e-01 1.575723654918694538e-01
7.449608047686320234e-01 -6.568396934654894270e-01 -1.165976691303647339e-01 3.228340505434225793e+00 6.616691700401553522e-01 7.497869358359184888e-01 3.668823811008525837e-03 1.167128221422958356e+00 8.501357995546471313e-02 -7.988221290090831428e-02 9.931724539500729199e-01 1.336811716563655050e-01
7.413443599869823375e-01 -6.607195059698093287e-01 -1.177211720401331735e-01 3.414317639827545214e+00 6.677980509354718430e-01 7.436761136657712434e-01 3.148969878801141653e-02 1.226065823204836036e+00 6.674056549263289451e-02 -1.019586798364214841e-01 9.925472908248441639e-01 4.594891335900729012e-02
7.235300785545288882e-01 -6.835050544170450104e-01 -9.656638138208183120e-02 3.547691837903035772e+00 6.892929521446581331e-01 7.229045430363323366e-01 4.779380484051798383e-02 1.314573258317889071e+00 3.714096862737016613e-02 -1.011427814714619400e-01 9.941783975754234781e-01 -1.440107650683623841e-02
7.173861084404872246e-01 -6.927975201686433770e-01 -7.340822477618981490e-02 3.593770954511838589e+00 6.963433723305467726e-01 7.163068314953833227e-01 4.483782961257355010e-02 1.362474502792281328e+00 2.151927572979830602e-02 -8.328336689413259886e-02 9.962935318322819755e-01 8.705235558917098770e-03
7.152725900891669930e-01 -6.958670013214414141e-01 -6.445338112961639110e-02 3.646043949339006662e+00 6.982841162642692279e-01 7.153480243575059960e-01 2.600955633688849938e-02 1.459043337440514509e+00 2.800740688038075299e-02 -6.361069501049462782e-02 9.975817082525715307e-01 7.306656273480006958e-02
7.139052970144090793e-01 -6.973137621380262052e-01 -6.397455765912581083e-02 3.739368897298930960e+00 6.991402628840174271e-01 7.149243869443246968e-01 9.274360719130070319e-03 1.538660915935968099e+00 3.926983205000315891e-02 -5.134820430349926884e-02 9.979084337781551906e-01 1.258314484850210357e-01
7.229812300420878080e-01 -6.879104664736814811e-01 -6.385398282638105050e-02 3.799597003071242707e+00 6.898627565332302591e-01 7.238227445851173059e-01 1.303884847834119523e-02 1.620404627208031911e+00 3.724940476306672771e-02 -5.347732731943630191e-02 9.978740688621822175e-01 1.400422527454259491e-01
7.305542889808911422e-01 -6.806692147839338292e-01 -5.458801056136396851e-02 3.993522362273069781e+00 6.826172005846454782e-01 7.300708855220373605e-01 3.209765690903746554e-02 1.706452989760164574e+00 1.800523028474267789e-02 -6.071179587601777811e-02 9.979929305981591892e-01 9.834407721958302040e-02
7.195372799560955102e-01 -6.935981463906285560e-01 -3.446322789391326191e-02 4.109539925623129974e+00 6.943649127688816813e-01 7.177646466642465528e-01 5.168442622698530414e-02 1.813784080379773345e+00 -1.111173563611612958e-02 -6.111892769374765305e-02 9.980686379246266338e-01 3.272848127974434945e-02
7.107890324150301087e-01 -7.031792249712481846e-01 -1.783056273200540887e-02 4.138016487872535620e+00 7.028519145570312210e-01 7.089963939666168447e-01 5.764806628022805385e-02 1.869288541492093225e+00 -2.789511788863453107e-02 -5.350785840574007884e-02 9.981777254010482103e-01 4.215986516112617266e-02
6.926384465129367118e-01 -7.210887912941289501e-01 -1.682074558745343465e-02 4.181061050276016822e+00 7.206471128658838987e-01 6.908572087070646850e-01 5.817263871915531737e-02 1.933660992092937070e+00 -3.032690439546599157e-02 -5.241442785584392305e-02 9.981648193671889269e-01 9.048939169603500976e-02
6.647749891897662966e-01 -7.462826898947922949e-01 -3.370994676856042815e-02 4.341037928788638034e+00 7.467384534030621079e-01 6.625367912878226129e-01 5.853787149563129122e-02 2.041073699768748195e+00 -2.135172023395008611e-02 -6.408702640495458902e-02 9.977158699196990721e-01 1.026553564683078679e-01
6.482639917074373148e-01 -7.604447149203340528e-01 -3.843998706128411158e-02 4.405073044476497834e+00 7.609313491080370584e-01 6.452251898589578261e-01 6.832229735667946779e-02 2.118842186837512465e+00 -2.715288198630947183e-02 -7.354107642130192080e-02 9.969224799745634025e-01 6.157011011888621765e-02
6.399179133626385907e-01 -7.681802723847702685e-01 -2.010306634487689717e-02 4.517759727946097037e+00 7.669872179297775316e-01 6.368770999131858623e-01 7.821871348027761850e-02 2.191534019715735138e+00 -4.728289003377841859e-02 -6.547235084392422078e-02 9.967335148298284153e-01 7.315967267574642607e-02
6.358884693101609642e-01 -7.717699724617470558e-01 -4.118762529549836043e-03 4.567821241539468780e+00 7.699332524501087960e-01 6.339880032983453706e-01 7.253963361759144246e-02 2.289421907552950053e+00 -5.337266500726441099e-02 -4.929828881585606587e-02 9.973570260191937376e-01 9.004328871739565587e-02
6.427991070725123102e-01 -7.659958966363102917e-01 7.719733357820848796e-03 4.648490471092605603e+00 7.647590383821605275e-01 6.422773637918509637e-01 5.121914850310956002e-02 2.377410546797567026e+00 -4.419186757282492217e-02 -2.701988706351947378e-02 9.986576012545543835e-01 9.103771417528540300e-02
6.499823657449540493e-01 -7.597502109080104260e-01 1.739371282465003443e-02 4.725846526927955260e+00 7.589309124083599700e-01 6.501258176147822754e-01 3.688212930031513348e-02 2.490331003365851448e+00 -3.932930728613326377e-02 -1.077210731214947245e-02 9.991682377319889286e-01 1.132131918628625222e-01
6.732527341706464608e-01 -7.389801097966792742e-01 2.528148050721850185e-02 4.783583474659282686e+00 7.375248938633640616e-01 6.735829482414976699e-01 4.840498703775675954e-02 2.562946984196859734e+00 -5.279949681183052079e-02 -1.394306864286940645e-02 9.985077886392462743e-01 1.186393233691101917e-01
6.916254969552149134e-01 -7.218681550069078190e-01 2.367569953295686758e-02 4.912702813730553508e+00 7.195342225386028856e-01 6.914918627584532018e-01 6.410543139713593963e-02 2.685734461827248953e+00 -6.264722306072620372e-02 -2.730147479106890054e-02 9.976622449090735145e-01 9.490043274321251221e-02
6.828306053496076000e-01 -7.303244094939381759e-01 1.919951289014953932e-02 5.061181123916995261e+00 7.281722839742629239e-01 6.824786159186888579e-01 6.315111768936534919e-02 2.800961449985639895e+00 -5.922405971895022825e-02 -2.914096276792017132e-02 9.978192797492765331e-01 4.876726992013172279e-02
6.620177338685278023e-01 -7.492887276473259028e-01 1.728938009966008230e-02 5.091244505156658384e+00 7.475060999940299489e-01 6.617678434097672424e-01 5.742779728059322492e-02 2.859332397796913838e+00 -5.447155693840806390e-02 -2.509430312714822781e-02 9.981999426143384202e-01 4.460360251891085093e-02
6.410802463361542358e-01 -7.672286843117058774e-01 1.939751857595406123e-02 5.074261153971619365e+00 7.654863306245515142e-01 6.410335568859983901e-01 5.573738936338223232e-02 2.936876048830899588e+00 -5.519778423574307757e-02 -2.088360398528258527e-02 9.982570208618871677e-01 1.174445690077877413e-01
6.130177022780195495e-01 -7.899528154568754568e-01 1.355898394176919056e-02 5.182949914905274902e+00 7.877266784618944806e-01 6.124307089039114915e-01 6.644777521364991779e-02 3.028429612031752871e+00 -6.079454525834278311e-02 -3.005288909919000620e-02 9.976977734382407315e-01 1.575618475024134213e-01
5.939955819277058513e-01 -8.044345195626562139e-01 7.372407094329853916e-03 5.257492326259174398e+00 8.009830765272557551e-01 5.922494881558304503e-01 8.755943636233186333e-02 3.102815386799771868e+00 -7.480213745140268378e-02 -4.610474503947754876e-02 9.961320157075297388e-01 1.050189794094232021e-01
5.954970579827982835e-01 -8.033574863181700554e-01 5.577080808054357686e-05 5.348279699741097737e+00 7.996507717309200292e-01 5.927560757336507447e-01 9.591078120308743626e-02 3.193481470712851156e+00 -7.708370258346261550e-02 -5.706999086554878642e-02 9.953899331109544724e-01 6.931347964598408296e-02
6.024203476355994846e-01 -7.980877767868702621e-01 -1.206753073309219451e-02 5.460159384900356017e+00 7.956899480251974355e-01 5.992800503526498623e-01 8.798254293315270480e-02 3.298867530424893779e+00 -6.298596166021556975e-02 -6.260448700146052647e-02 9.960489178956131173e-01 6.864888920540454520e-02
6.130741544314810554e-01 -7.898651964646725698e-01 -1.590762653411310207e-02 5.509318091427997111e+00 7.888041781338437364e-01 6.108832508420554142e-01 6.789420004119547936e-02 3.432375831336250016e+00 -4.390956304401029409e-02 -5.417218155535896001e-02 9.975656996001903698e-01 1.093575536458530617e-01
6.369422222029138547e-01 -7.706720769801824744e-01 -1.921341558041120973e-02 5.600963265045619366e+00 7.703284000096410900e-01 6.352935081234917236e-01 5.473860314927121024e-02 3.485335273631767095e+00 -2.997935479292880567e-02 -4.966596721295870459e-02 9.983158468075126191e-01 1.154791737282502978e-01
6.526227642869337764e-01 -7.575163573382380777e-01 -1.589011955550198585e-02 5.678935867609912869e+00 7.570527471602278569e-01 6.510812669843013545e-01 5.444558567293654450e-02 3.583740285548547178e+00 -3.089766255938158901e-02 -4.756208728729016677e-02 9.983902955764557552e-01 1.278524730747890581e-01
6.802842029294823289e-01 -7.329281473671984681e-01 -5.452892946415117265e-03 5.718790159394563588e+00 7.315839064908622458e-01 6.785451770307227015e-01 6.604112727622363233e-02 3.650799200086443097e+00 -4.470336685494911977e-02 -4.891598435308513321e-02 9.978020021359952363e-01 1.680791968828844185e-01
6.873584651038324722e-01 -7.263183183612529348e-01 2.021459500753872152e-04 5.842991202873633938e+00 7.241825737983296207e-01 6.853585570734125332e-01 7.644114110265977369e-02 3.784004615003755845e+00 -5.565914351596100429e-02 -5.239607484470119869e-02 9.970740750234849958e-01 1.278267147604030818e-01
6.852776595606697718e-01 -7.282817441846378692e-01 -4.799942003801231649e-04 5.936851902749239684e+00 7.262891284473218523e-01 6.833536853839743408e-01 7.437635761026309411e-02 3.859669169273065581e+00 -5.383893764071007171e-02 -5.131707083926235341e-02 9.972301274200443544e-01 5.113743456387831454e-02
6.759029524455705262e-01 -7.369855331307889612e-01 -2.742778023757847655e-03 5.985908428692173544e+00 7.359149507445129634e-01 6.747107534585363720e-01 5.652065496891587465e-02 3.919031534971640252e+00 -3.980432320818866332e-02 -4.022092892190453489e-02 9.983976626227633044e-01 5.452372666879930913e-02
6.656847391734304065e-01 -7.461751186079951248e-01 -9.301634369640661426e-03 6.064473941662806844e+00 7.460980629428123345e-01 6.652754643706811910e-01 2.731733843839438333e-02 4.010402992821729740e+00 -1.419536912465468870e-02 -2.512466669866607674e-02 9.995835345876280531e-01 1.284427688112065313e-01
6.289401327769619243e-01 -7.773563579805667922e-01 -1.230455564766342984e-02 6.098665457726060168e+00 7.774519169826122900e-01 6.288941102196254906e-01 7.791977356684435738e-03 4.124500952660045350e+00 1.681119436225904373e-03 -1.446688764920335026e-02 9.998939358747939155e-01 1.948641598769315086e-01
6.309561398826450951e-01 -7.758179479219974306e-01 9.280228947259293315e-04 6.103623354758930475e+00 7.756714453640692897e-01 6.308593791584353738e-01 1.871503605792458266e-02 4.143576539512832113e+00 -1.510491281695684751e-02 -1.108852604878960216e-02 9.998244276866100622e-01 2.056559493016013040e-01
6.345095747248261642e-01 -7.728556071445791265e-01 9.581758069597066940e-03 6.251989365144318356e+00 7.722619785406759085e-01 6.344342600166923418e-01 3.323561670125423084e-02 4.274076439255775739e+00 -3.176532831501613363e-02 -1.368868957410503823e-02 9.994016128137791499e-01 1.532152241671987380e-01
6.463381152712199818e-01 -7.630385572608702205e-01 4.381880977029939048e-03 6.361668120407942162e+00 7.624518655436398618e-01 6.460474028123682766e-01 3.591526205413211881e-02 4.375605128648690112e+00 -3.023563256607416511e-02 -1.987242946001305591e-02 9.993452321748906853e-01 7.746191261933815797e-02
6.643179467304267671e-01 -7.474494749508291402e-01 -9.736773591246103074e-04 6.432949968136203012e+00 7.473635635073905270e-01 6.642206403239832024e-01 1.608244101909005533e-02 4.487478557201750817e+00 -1.137407549669982448e-02 -1.141154517703693236e-02 9.998701950969774987e-01 6.709645387592322319e-02
6.762945894723243478e-01 -7.366240812504759594e-01 -3.254408141664185891e-03 6.484932374445894432e+00 7.366004430863676289e-01 6.763001054229863529e-01 -6.160734519882296242e-03 4.583850536123613040e+00 6.739101974833301700e-03 1.769272943838053839e-03 9.999757267943172323e-01 1.163729156799455100e-01
6.980772922412932235e-01 -7.160208118791522303e-01 -1.513609257266982852e-03 6.547363649191547452e+00 7.159934769099711716e-01 6.980665269413171004e-01 -7.514318762073857010e-03 4.658627953581648384e+00 6.437008578105458609e-03 4.161840939672758859e-03 9.999706215687330646e-01 1.792400455289331340e-01
7.037729378816175441e-01 -7.104138519823540721e-01 3.976281814826195145e-03 6.701303726457726206e+00 7.104235903881807035e-01 7.037716074059796600e-01 -1.961333518342109252e-03 4.780704638047347466e+00 -1.405035744531876046e-03 4.205177855653371988e-03 9.999901711285761330e-01 1.720791666063136161e-01
6.997452222646912690e-01 -7.143231562516823008e-01 9.952505230971849665e-03 6.771844472576476370e+00 7.143703431836438966e-01 6.997653142274686822e-01 -1.875575595675567017e-03 4.849701074978435500e+00 -5.624650871009941391e-03 8.422199639456600523e-03 9.999487136127593878e-01 1.162253824058721574e-01
6.935863418159092797e-01 -7.203420971762108937e-01 6.726773535861769147e-03 6.851207063395316155e+00 7.203628530013765907e-01 6.934950664608383608e-01 -1.191439508302855749e-02 4.925820796142907909e+00 3.917456080375262585e-03 1.310937947637477730e-02 9.999063944728040498e-01 1.191944987980112780e-01
6.865489621892819638e-01 -7.270750802252609057e-01 -3.514289721994905136e-03 6.880949050926160382e+00 7.270509423687584460e-01 6.865559228380631041e-01 -6.155649167699792437e-03 5.026567998876720011e+00 6.888375535648420117e-03 1.671086893552372731e-03 9.999748785599936740e-01 1.693347524069437338e-01
6.765768590352669865e-01 -7.363252145935028636e-01 -8.302540081476380077e-03 6.989017088756100726e+00 7.362598320321536161e-01 6.762339739652173387e-01 2.508131159239126301e-02 5.114457799447796660e+00 -1.285354246725173462e-02 -2.308226178349293001e-02 9.996509368959751729e-01 1.528901040344608497e-01
6.693185687286860031e-01 -7.428705414466676427e-01 -1.249048460701092378e-02 7.074648103034277824e+00 7.422300915277426636e-01 6.677996358178771574e-01 5.601908275069555909e-02 5.210655427923316374e+00 -3.327378526260420244e-02 -4.676542582127694858e-02 9.983515664143832735e-01 1.344221551062977082e-01
6.733516700930297638e-01 -7.391087433968740461e-01 -1.777058854460147885e-02 7.170572647434469538e+00 7.382336594429673715e-01 6.708619372528752400e-01 7.039407084949855786e-02 5.316156479722014438e+00 -4.010726179100828487e-02 -6.051881178289333918e-02 9.973609582152362929e-01 1.231462935975774498e-01
6.667300452560833701e-01 -7.448451797347196424e-01 -2.601355375134987991e-02 7.286943945551461077e+00 7.447189786954279134e-01 6.644278612265830386e-01 6.268380968565433198e-02 5.418043056358968990e+00 -2.940560360985599447e-02 -6.116596645048393011e-02 9.976943595232551365e-01 1.043247242176271183e-01
6.704917758469097766e-01 -7.416093562047058052e-01 -2.136214669219740903e-02 7.301954921300227497e+00 7.417444977120238869e-01 6.694371878287177502e-01 4.085280487207004069e-02 5.509372363639087666e+00 -1.599620691272315987e-02 -4.323672445525606617e-02 9.989367883018352989e-01 1.137173794599963261e-01
6.880025342539977107e-01 -7.255508945944288968e-01 -1.511331245294801444e-02 7.363726327336880928e+00 7.256532792263388210e-01 6.875447853152272248e-01 2.663618842663216871e-02 5.586745388590242278e+00 -8.934831175664651945e-03 -2.929278988184392737e-02 9.995309406180483691e-01 1.857356753457468646e-01
7.162319860145487382e-01 -6.976237202901768297e-01 -1.824519383696159708e-02 7.426663041928907028e+00 6.978257617164725923e-01 7.156823006682613286e-01 2.894910698120340201e-02 5.677938254521357031e+00 -7.137821409930389036e-03 -3.346624267343736858e-02 9.994143595660623935e-01 2.599086035190100175e-01
7.232188393252454439e-01 -6.899872384297425221e-01 -2.953169905614088514e-02 7.643116334098294828e+00 6.905273105774154541e-01 7.217649496927467379e-01 4.719524066840053572e-02 5.784873861665668748e+00 -1.124916849221989194e-02 -5.452493190389482575e-02 9.984490412680605553e-01 2.204960864930414766e-01
7.158479356471845190e-01 -6.976228066034324549e-01 -2.973470592446565350e-02 7.693645181317333659e+00 6.980108960650419636e-01 7.138186114790139314e-01 5.695418229287214917e-02 5.878627188791229585e+00 -1.850735000321809473e-02 -6.152568254739274045e-02 9.979338998064630761e-01 1.445542901124619306e-01
7.138713860678405076e-01 -6.998174954122440283e-01 -2.535975687016884389e-02 7.770696917980330909e+00 7.000923319471703543e-01 7.123839281829864589e-01 4.878386634278488593e-02 5.965394399622278243e+00 -1.607391994359701898e-02 -5.257957760872190162e-02 9.984873645250275098e-01 1.503792195451962577e-01
7.018089336286721380e-01 -7.119103049529815763e-01 -2.545463377734842256e-02 7.796793869701207136e+00 7.122875959232455312e-01 7.007567921365305263e-01 3.982836888955839511e-02 6.052607449613262247e+00 -1.051671873112049529e-02 -4.608292499692450556e-02 9.988822566503312572e-01 1.990518506783354458e-01
6.947757404632355360e-01 -7.182155388109777716e-01 -3.811968355351035703e-02 7.895879995334425416e+00 7.192107723829020971e-01 6.934342695809720958e-01 4.341403758109928235e-02 6.150897855803381553e+00 -4.747141471683001546e-03 -5.757910715841897675e-02 9.983296605163481940e-01 2.725687884532254635e-01
6.861902903503569462e-01 -7.262227155328224715e-01 -4.175467486433116771e-02 7.977235005446162930e+00 7.273196409075488589e-01 6.839991296526579667e-01 5.613671333913793082e-02 6.240885398471559320e+00 -1.220759513610413308e-02 -6.888946275403461106e-02 9.975496060559863043e-01 2.359546489643734590e-01
6.873082586948024986e-01 -7.257221719275078753e-01 -3.057264631560818041e-02 8.090668469858337986e+00 7.258500508200468326e-01 6.846256296743179481e-01 6.655412021489792718e-02 6.282266297441645442e+00 -2.736898343844672288e-02 -6.793435335575356837e-02 9.973143247641044207e-01 1.679392209278778580e-01
6.873638389852601005e-01 -7.260168705139992129e-01 -2.074744766240814095e-02 8.205548206579839743e+00 7.259089973047966327e-01 6.857479746814472144e-01 5.297020721347257821e-02 6.362225835578345645e+00 -2.422974385729771349e-02 -5.147056391134967324e-02 9.983805389545898912e-01 1.447255798060883558e-01
6.979401373699291034e-01 -7.159446621847773695e-01 -1.740130274346105010e-02 8.286176880905223641e+00 7.161498241227699513e-01 6.976262039925034131e-01 2.114495003389210009e-02 6.448189879051358098e+00 -2.999009331483804344e-03 -2.721984923057164246e-02 9.996249725526541452e-01 1.828823655586901964e-01
7.078185267275328707e-01 -7.062269330563436531e-01 -1.537700384000944241e-02 8.373240503636388610e+00 7.062139724447794586e-01 7.079619969833430559e-01 -7.185815967668537224e-03 6.554831894017178584e+00 1.596115111854747373e-02 -5.773201294581368354e-03 9.998559455250456418e-01 2.420616298855113591e-01
7.349111339076557226e-01 -6.779738623158566568e-01 -1.603331765678577686e-02 8.418147425717519283e+00 6.781082779226217383e-01 7.349474628576748714e-01 4.624959662849608202e-03 6.608815530801963156e+00 8.648044367368677710e-03 -1.427125977573134342e-02 9.998607615428428685e-01 2.492268579093884495e-01
