1.000000000000000000e+00 0.000000000000000000e+00 0.000000000000000000e+00 0.000000000000000000e+00 0.000000000000000000e+00 1.000000000000000000e+00 0.000000000000000000e+00 0.000000000000000000e+00 0.000000000000000000e+00 0.000000000000000000e+00 1.000000000000000000e+00 0.000000000000000000e+00
9.999985869211177603e-01 -1.657619456682656251e-03 -2.800955273911656315e-04 1.276326907141609769e-02 1.657780389611016600e-03 9.999984603886982182e-01 5.753124480458876328e-04 -4.905845392962721735e-02 2.791414470453734871e-04 -5.757759719565434028e-04 9.999997952810203428e-01 -1.389142266222602798e-02
9.999938537152848195e-01 -3.500404326115645268e-03 -1.992516181246451986e-04 1.467613637834359192e-02 3.500469352857288503e-03 9.999938198908508991e-01 3.269471122890999057e-04 -9.670137686020376100e-02 1.981059396416292499e-04 -3.276425769618135082e-04 9.999999267021865146e-01 -2.140003327862234628e-02
9.999945072194145190e-01 -3.302170196014559723e-03 -2.849613954150206842e-04 1.341154193498672598e-02 3.302281037982702713e-03 9.999944716455313465e-01 3.893819728367721900e-04 -1.049144155182956395e-01 2.836740145018500059e-04 -3.903208566596676177e-04 9.999998835893344484e-01 -1.877904804737078048e-02
9.999979811770308702e-01 -1.997447103655759608e-03 2.187394128313044546e-04 -2.121991859536897715e-02 1.997463412672694297e-03 9.999980023028073317e-01 -7.436605126706646472e-05 -6.664973574421795277e-02 -2.185904336024798009e-04 7.480282510921408686e-05 9.999999733113794642e-01 -1.193619816387580732e-03
9.999994796685521825e-01 -8.636062377312244071e-04 5.429980581317596540e-04 -5.859603986706356932e-02 8.636471491242910881e-04 9.999996242357060972e-01 -7.511357006230038106e-05 -2.199343960600202638e-02 -5.429329855448337700e-04 7.558248970323322772e-05 9.999998497555189214e-01 1.063915202959654464e-02
9.999982976737452622e-01 1.558037474628804321e-03 9.885185072642311329e-04 -9.527043213137936783e-02 -1.558108810429460192e-03 9.999987835988655149e-01 7.139834930066003447e-05 2.103020444368299338e-02 -9.884060635253603695e-04 -7.293844715281644093e-05 9.999995088665976084e-01 1.885774515189482872e-02
9.999993362540732234e-01 5.992892821709012562e-04 9.840445971809354524e-04 -4.937920798156120172e-02 -6.004357529931210555e-04 9.999991409181885338e-01 1.165178008437182163e-03 -8.122905060590907000e-03 -9.833454731138426431e-04 -1.165768090613712466e-03 9.999988370075434396e-01 2.285352865552145452e-02
9.999987171928096386e-01 -1.501866331377220073e-03 5.567856478928800415e-04 -4.434610893257751041e-02 1.501168983035776252e-03 9.999980910396170097e-01 1.250763289458720453e-03 -1.449144326058466811e-02 -5.586630642840970757e-04 -1.249925855625762987e-03 9.999990627900288143e-01 1.810848619494039372e-02
9.999969030564415107e-01 -2.416405646147730315e-03 5.957023410387568422e-04 -7.649852019600938968e-02 2.415988063078518527e-03 9.999968359925417438e-01 7.007186200863359249e-04 -1.030135188627226937e-02 -5.973936766620443128e-04 -6.992772402552216351e-04 9.999995770659787508e-01 1.694265195553661812e-02
9.999993786939483931e-01 -6.845399048926237903e-04 8.797822661405644076e-04 -7.524784408041221284e-02 6.841122361959416694e-04 9.999996477433076292e-01 4.863164699473288108e-04 -4.676532207097908005e-03 -8.801148592614588435e-04 -4.857142979825081262e-04 9.999994947395999256e-01 2.530050134899499564e-02
9.999998448590261546e-01 1.654154570188094892e-04 5.319019178482411927e-04 -3.583899542232985014e-02 -1.656071939609116378e-04 9.999999213248769170e-01 3.604504087856191309e-04 6.181889216843722973e-03 -5.318422519316903883e-04 -3.605384396490689237e-04 9.999997935779050273e-01 1.130435918378565330e-02
9.999999666039079971e-01 -2.508463037435896235e-04 6.219577727704529561e-05 -7.190623689713290106e-03 2.508143159992963110e-04 9.999998365596808325e-01 5.137828243392199941e-04 1.161829038966832872e-03 -6.232464763416002674e-05 -5.137672075895457482e-04 9.999998660794383598e-01 -3.874262355046809506e-03
9.999996264263293355e-01 -8.623396810683985622e-04 5.930831513595095342e-05 -8.308374686410470444e-03 8.623138136201266438e-04 9.999995336803145785e-01 4.348034500839304027e-04 -3.122665632400916085e-03 -5.968323574778891625e-05 -4.347521452734052312e-04 9.999999037142371927e-01 -7.394819868154640582e-03
9.999995571006959905e-01 -9.398610403814936735e-04 4.959472388149187142e-05 -1.030060178002999323e-02 9.398481343327101754e-04 9.999995246426406359e-01 2.596150557578052608e-04 -9.347956187625095295e-03 -4.983870238267812164e-05 -2.595683292657649413e-04 9.999999650701925091e-01 -3.318607803882470467e-03
9.999999438330943180e-01 -3.443732352352488733e-05 3.333884805400740415e-04 -1.689299518024110075e-02 3.447045109893353025e-05 9.999999944695847631e-01 -9.936105083504321927e-05 -1.504056291620870997e-02 -3.333850569676440425e-04 9.937253730555586570e-05 9.999999394897495231e-01 6.590732976547140215e-03
9.999999551352521943e-01 -2.670566294731990418e-04 1.356843772296889843e-04 1.307501775381454678e-02 2.670826465406200617e-04 9.999999459465129803e-01 -1.917650410366424183e-04 -3.000784099406581668e-02 -1.356331577699652175e-04 1.918012713757169172e-04 9.999999724079590147e-01 2.217993165961992114e-03
9.999997527950511556e-01 -6.477036563316095194e-04 -2.736600265715446664e-04 3.897629758408054784e-02 6.477289088525952634e-04 9.999997859733320560e-01 9.219843089811218168e-05 -3.554966718003765846e-02 2.736002507402003408e-04 -9.237566561661156067e-05 9.999999583048186924e-01 -1.138968967883813473e-02
9.999997633550562481e-01 -5.527170612981952393e-04 -4.096262706097627995e-04 2.914253690179544748e-02 5.525763814729598182e-04 9.999997883444415869e-01 -3.434682150498407673e-04 -6.212659981932251024e-02 4.098160246525574149e-04 3.432417839674545279e-04 9.999998571179415929e-01 -2.949021665447915802e-02
9.999900452668882833e-01 4.455206011019209600e-03 -2.459807435098915933e-04 1.563561587540065329e-02 -4.455340564419471572e-03 9.999899241109065917e-01 -5.491967938180881449e-04 -7.666416217293660351e-02 2.435314801781500460e-04 5.502872546952054626e-04 9.999998189381613667e-01 -2.315080996521081194e-02
9.999822173014326632e-01 5.961639255242489818e-03 -1.547200720411713777e-04 -5.402714174142072591e-03 -5.961708069195286244e-03 9.999821284257131015e-01 -4.481808543802236959e-04 -6.680881481574102443e-02 1.520454143749889781e-04 4.490952804171408921e-04 9.999998875978042268e-01 -1.647724546333302620e-02
9.999855427237803740e-01 5.377061567021697644e-03 -3.939962932455561608e-05 -1.018201454632339589e-02 -5.377067675892665752e-03 9.999855312021576070e-01 -1.566191162746834978e-04 -7.904130676087313401e-02 3.855690862850234861e-05 1.568287064621414688e-04 9.999999869590607826e-01 -9.521681157632603740e-03
9.999906914475190645e-01 4.309432025225432179e-03 -2.140418948399120411e-04 2.506996833343761236e-02 -4.309416396757842667e-03 9.999907117265157686e-01 7.342353738768429708e-05 -8.716802651971859717e-02 2.143563205036795236e-04 -7.250045826961694318e-05 9.999999743975254152e-01 -1.300125663441170296e-02
9.999874348005054481e-01 5.003103751450560695e-03 -3.149507217528943600e-04 3.746736261461947048e-02 -5.003127149989139606e-03 9.999874815762984648e-01 -7.354871358056764923e-05 -7.438573480756084655e-02 3.145788072214850042e-04 7.512352793321951236e-05 9.999999476983134628e-01 -1.902931847607750374e-02
9.999821292041062293e-01 5.964586382692198263e-03 -4.061794007983165751e-04 6.875354681262008105e-02 -5.964736173890584220e-03 9.999821428785409250e-01 -3.685734895890347015e-04 -7.262581591696097572e-02 4.039737591863982254e-04 3.709896558524613240e-04 9.999998495859272474e-01 -2.408282294989029515e-02
9.999325744442222330e-01 1.160279192870208691e-02 -4.709403456051221987e-04 1.076105209054923767e-01 -1.160286818255863890e-02 9.999326717366484596e-01 -1.595103329277285131e-04 -7.787417209963345965e-02 4.690578728060719287e-04 1.649638366067834015e-04 9.999998763858146678e-01 -3.331877624978662328e-02
9.999101617156825883e-01 1.339095278234954910e-02 -5.923523431157265689e-04 7.756765024617805204e-02 -1.339084628414378454e-02 9.999103217806848409e-01 1.833909535376639121e-04 -3.428001899127604973e-02 5.947550016119217305e-04 -1.754423788363236581e-04 9.999998077432113996e-01 -5.496479060204268602e-02
9.999348187502620222e-01 1.139317814680653081e-02 -7.441388282738165948e-04 7.463013988638596274e-02 -1.139329577555220525e-02 9.999350824365097479e-01 -1.540261705706243080e-04 -2.125594524645676997e-02 7.423356729936050717e-04 1.624943247209306252e-04 9.999997112666297872e-01 -6.490270327075892132e-02
9.999567361261595400e-01 9.265171818826673997e-03 -8.261156611824939421e-04 9.629684348572441210e-02 -9.265276078002754670e-03 9.999570689090557796e-01 -1.224663560645579950e-04 -1.657776741671355275e-02 8.249455233049495005e-04 1.301152473687970873e-04 9.999996512673922089e-01 -6.220687491338477981e-02
9.999981224560723359e-01 -1.785043984475594842e-03 -7.541235334816272446e-04 1.308033747951536929e-01 1.785531946595464697e-03 9.999981967082866019e-01 6.468816295639439207e-04 -2.706169108084863564e-03 7.529674614153875631e-04 -6.482269266759792346e-04 9.999995064208049289e-01 -4.673199804624150744e-02
9.997164019283564240e-01 -2.380527765877092292e-02 -6.515143971836112602e-04 1.690635298744392057e-01 2.380580680969256527e-02 9.997162679049192979e-01 8.168527401647072668e-04 4.773115036134873562e-02 6.318841353527744360e-04 -8.321309081758661514e-04 9.999994541401465709e-01 -2.810638853641602222e-02
9.986161437576412947e-01 -5.258300838711753994e-02 -9.081054884456065323e-04 1.929976969288943467e-01 5.258448017133173641e-02 9.986150643549864814e-01 1.680978404712506636e-03 7.406060135327738325e-02 8.184569192316645944e-04 -1.726404427304520720e-03 9.999981748263467862e-01 -3.069013411824062648e-02
9.978499525966202377e-01 -6.552337913080766296e-02 -1.469316236605197482e-03 2.156164478909597393e-01 6.552725472864323608e-02 9.978469459815302312e-01 2.766095273220273761e-03 2.599717400091466901e-02 1.284908810078424666e-03 -2.856428296573545935e-03 9.999950949013381996e-01 -6.059445170512554185e-02
9.974574774950217826e-01 -7.125231085183586499e-02 -1.299533586116765217e-03 2.567991992893953190e-01 7.125425491007042478e-02 9.974570322349485263e-01 1.516575833782647350e-03 -3.559213737851610326e-02 1.188169381358605056e-03 -1.605317203004110902e-03 9.999980056031106956e-01 -4.183511631907499417e-02
9.969222964676129894e-01 -7.839013178728228282e-02 -9.602312811545371269e-04 2.752284031283952492e-01 7.838914462907330127e-02 9.969223086988516780e-01 -1.025876636639423255e-03 -7.000663438113756409e-02 1.037694590437095729e-03 9.474475837152614805e-04 9.999990127660192130e-01 -3.510780393145375433e-03
9.968692709944492192e-01 -7.903788196494286600e-02 -2.160963093397498622e-03 3.094621236897610039e-01 7.903092905275511948e-02 9.968672406505844075e-01 -3.133172632995786903e-03 -1.823522179390013598e-01 2.401832644805426079e-03 2.952580597634348915e-03 9.999927567076477564e-01 -4.053458582792679454e-02
9.964445775310520892e-01 -8.400981444964111811e-02 -6.368279602843054249e-03 3.811755030698252833e-01 8.382531347373378683e-02 9.961629452602617230e-01 -2.515359440380290218e-02 -1.797552259457942392e-01 8.456992964014000552e-03 2.453033971508811195e-02 9.996633141730614236e-01 -8.815416366637858492e-02
9.959397800996475647e-01 -8.954596320016605659e-02 -9.245263090914128748e-03 3.847165364163394052e-01 8.886451808513215478e-02 9.943519235523576860e-01 -5.802886827453566931e-02 -7.559197884189712557e-02 1.438929604125693297e-02 5.697168245962812294e-02 9.982720949506483921e-01 -2.897468383894730160e-02
9.987474625814191098e-01 -4.896062140574139465e-02 -1.031327003139655835e-02 4.523744879174604883e-01 4.818831181625674032e-02 9.967125333522196540e-01 -6.513073362783146358e-02 -5.422575436424934003e-02 1.346820669116923289e-02 6.455217587474477992e-02 9.978234432996450076e-01 2.800616401870508268e-02
9.991719210672982410e-01 -3.982153568455017861e-02 -8.349697384267003308e-03 6.890996347800596444e-01 3.928718700878582742e-02 9.976254782277996780e-01 -5.656785419026130746e-02 -7.140475663374105941e-02 1.058248967027269893e-02 5.619297541933573892e-02 9.983638417059687020e-01 -6.812192613360468219e-04
9.982917540503745135e-01 -5.808973549270950165e-02 -6.257509521649072537e-03 7.668718286118285654e-01 5.773923207933776003e-02 9.972569582705855806e-01 -4.631134050951245251e-02 -2.155769800083303517e-02 8.930558432419362369e-03 4.587092555515619174e-02 9.989074548299249345e-01 -4.306230103978919699e-02
9.982066849599255942e-01 -5.986069870755604538e-02 3.329437775852137071e-04 7.388823865284696035e-01 5.984435938078166983e-02 9.977697751016411098e-01 -2.956566494980962870e-02 -7.646909977042915668e-03 1.437620123566414609e-03 2.953256920526474080e-02 9.995627847236593366e-01 -1.564292387231726311e-02
9.978178756719466858e-01 -6.601318805828038094e-02 1.321359869830924117e-03 7.534006708433345079e-01 6.601806330892370789e-02 9.978101345567300662e-01 -4.068254271684109552e-03 -1.882718318651844733e-02 -1.049907835208271998e-03 4.146610454605530530e-03 9.999908516157911542e-01 -2.857599177625687673e-02
9.955234144609039770e-01 -9.449673388081644698e-02 -1.870440044820294301e-03 8.650792134248457277e-01 9.450884510290133433e-02 9.954913412595559619e-01 8.066453654864367065e-03 2.311840011182365179e-02 1.099753344578081535e-03 -8.207116613551399334e-03 9.999657163020503337e-01 5.891493759478520775e-02
9.853614947181678074e-01 -1.698267074810696220e-01 -1.488671061441583510e-02 9.309224721295487059e-01 1.699584715345964503e-01 9.854181378143790360e-01 8.075371202944795976e-03 1.260873525723485711e-01 1.329822094875564298e-02 -1.048728242114170019e-02 9.998565768284055633e-01 1.530988031734680510e-01
9.733755087242270676e-01 -2.271970550986434079e-01 -3.035814833543186431e-02 9.634400889892833497e-01 2.275736472101966834e-01 9.737141339215467095e-01 9.540466281122822120e-03 1.402459530567619073e-01 2.739259227055786811e-02 -1.619517075909665538e-02 9.994935529220699832e-01 1.294776722265277291e-01
9.629758083529710300e-01 -2.666351575870359314e-01 -3.979051728086225453e-02 1.146426105131621132e+00 2.675402473069833365e-01 9.633516555603259812e-01 1.938565965081289963e-02 1.079937017953211675e-01 3.316336228219727428e-02 -2.931348610649181161e-02 9.990199752429499425e-01 2.429654415771798082e-02
9.574403487580375183e-01 -2.866289964952786762e-01 -3.393813398224846539e-02 1.355521858137865410e+00 2.876243551912993079e-01 9.572946874192768130e-01 2.931060797080888361e-02 1.244836402129871900e-01 2.408752521279061351e-02 -3.782459262092150581e-02 9.989940396830125913e-01 -1.075229864695441268e-01
9.534056096105687494e-01 -3.007412226457857329e-01 -2.392614813583205172e-02 1.441257867559883499e+00 3.012479346306997652e-01 9.533041944908405840e-01 2.146612789739497235e-02 1.496789058695856545e-01 1.635314782656452706e-02 -2.767362946358186554e-02 9.994832388732063366e-01 -1.513180105984961166e-01
9.498280106718460791e-01 -3.125778112547815124e-01 -1.103911474411053105e-02 1.379383865953423438e+00 3.125429975614672506e-01 9.498915176879179079e-01 -4.793672896291446134e-03 2.054515985801528555e-01 1.198435724000837359e-02 1.102966778346756334e-03 9.999275767003477089e-01 3.503445560710979900e-02
9.550132017708728993e-01 -2.957926095668410582e-01 -2.136624836007352049e-02 1.362451291382875462e+00 2.954526048657398762e-01 9.551935342774691140e-01 -1.769379418232533419e-02 2.298048733034780411e-01 2.564259583963740194e-02 1.058509329934529709e-02 9.996151324777197145e-01 2.081497590845274304e-01
9.600413245323929923e-01 -2.778978602419661104e-01 -3.306712057354221912e-02 1.603348581544376428e+00 2.778163990523405125e-01 9.606077639946912772e-01 -7.125459333278939822e-03 2.622463806815802934e-01 3.374468265785260379e-02 -2.345852948548247160e-03 9.994277329383374209e-01 1.965201610150640321e-01
9.554082558133364378e-01 -2.919304473622660878e-01 -4.440358799224947139e-02 1.902905997214802358e+00 2.928322000499979372e-01 9.560425032098737175e-01 1.523268427023198937e-02 3.489306681062782078e-01 3.800483308207310007e-02 -2.755623267186167388e-02 9.988975356378341219e-01 6.721108264199499027e-03
9.456965044699852108e-01 -3.227551781100915229e-01 -3.856444523617901660e-02 2.008985029702446301e+00 3.238668697674120245e-01 9.457140389172278283e-01 2.711470563960289085e-02 3.718228263412918233e-01 2.771952561479636840e-02 -3.813202850606313421e-02 9.988881700679528297e-01 -1.219702226933565559e-01
9.235604327392703539e-01 -3.824186711445732301e-01 -2.814404090514428108e-02 2.005331197851664360e+00 3.831370910790151130e-01 9.232890843511173395e-01 2.726235788749500899e-02 3.823642283768429184e-01 1.555945108164744073e-02 -3.596146101167353726e-02 9.992320435233968956e-01 -8.480164774100684699e-02
8.983146613083158316e-01 -4.389835574485363989e-01 -1.800570932658344947e-02 1.983190213496456744e+00 4.393206069168193451e-01 8.979895704947067347e-01 2.474137467825349851e-02 4.015750226310994542e-01 5.307882512204346523e-03 -3.013581876371990848e-02 9.995317197621478300e-01 5.448751266058533826e-02
8.577852829920846744e-01 -5.138572626559571033e-01 -1.245479417396561442e-02 2.096655439303750867e+00 5.139574624871737774e-01 8.571084410784408636e-01 3.482595276270766815e-02 4.755564355854363101e-01 -7.220459537630112556e-03 -3.627442415547957322e-02 9.993157814806358230e-01 9.239276601289034274e-02
8.335213140193455938e-01 -5.524660781070981352e-01 -4.842686901410101635e-03 2.209154950974329346e+00 5.519969142555397612e-01 8.323802631970989019e-01 4.942169657438343772e-02 5.124369459791284775e-01 -2.327285388227174831e-02 -4.386718569602957724e-02 9.987662610897929394e-01 1.300739658097241347e-02
8.116653053523158468e-01 -5.840942808397225905e-01 5.770890542987076183e-03 2.343154264343582316e+00 5.830317667902321643e-01 8.107132950427279328e-01 5.308401034608515451e-02 5.750709340701548600e-01 -3.568460453462096726e-02 -3.972183695764990724e-02 9.985733747040913544e-01 1.395181796263825214e-02
8.089235879386449390e-01 -5.878794346344118349e-01 6.356037318476137968e-03 2.400954443247964587e+00 5.869487272363203001e-01 8.081677342147292054e-01 4.853972568829224149e-02 6.455983781224871043e-01 -3.367225077319979665e-02 -3.553426104698485105e-02 9.988010291442993571e-01 6.580827847806181019e-02
8.050279836044720305e-01 -5.931667486395059141e-01 -9.118877242025502997e-03 2.536164837550400453e+00 5.932136843433329920e-01 8.047656510620664339e-01 2.120781880478841627e-02 7.210678498714558904e-01 -5.241213745538401622e-03 -2.248233037488434408e-02 9.997335017390325262e-01 6.489061641788720913e-02
8.073494773615257358e-01 -5.891857526365852360e-01 -3.235692034375006049e-02 2.564999501892710754e+00 5.894848893056151562e-01 8.077793222146837371e-01 -3.631566230366863740e-04 7.556964162723084355e-01 2.635121789249776983e-02 -1.878072129729706219e-02 9.994763117868954438e-01 5.210806531575606221e-02
8.330625192364087273e-01 -5.498191494043238592e-01 -6.087480588711485091e-02 2.676553226228647997e+00 5.496832843023526927e-01 8.351224421592495784e-01 -2.046444625563751188e-02 8.114945662077786004e-01 6.208966099172272962e-02 -1.641370007879800266e-02 9.979356013529411262e-01 9.783619593937155356e-02
8.332318517742092201e-01 -5.474721562813885667e-01 -7.745269062808100846e-02 2.925544532466191061e+00 5.482853694781962828e-01 8.362016784706195471e-01 -1.224363259316605008e-02 9.051927260839202072e-01 7.146911784176467053e-02 -3.226439244005101237e-02 9.969208464945420456e-01 1.741887759481670073e-01
8.340147194431438704e-01 -5.468247071074590071e-01 -7.349957448186797415e-02 2.992479138466517696e+00 5.485741859114885433e-01 8.360902546802357893e-01 4.410054453858166384e-03 9.482721538523082305e-01 5.904075121237500889e-02 -4.399801956429505445e-02 9.972854977240460661e-01 8.747202025020357763e-02
8.160502925040150624e-01 -5.731801441686544818e-01 -7.434004597060679675e-02 3.080532410954711420e+00 5.748762651403512836e-01 8.182384902930133208e-01 1.747221019465481501e-03 9.961368687518423748e-01 5.982641458747078173e-02 -4.416214820194842849e-02 9.972314198739413715e-01 -5.982865114871921408e-03
7.931609583527564622e-01 -6.041961702492407715e-01 -7.643743847806153124e-02 3.025340106813378505e+00 6.053285971545964150e-01 7.959128474707347634e-01 -1.000143479083373879e-02 1.036971034802028901e+00 6.688036791006232717e-02 -3.833701980041546997e-02 9.970242170083117861e-01 6.650582081279816926e-02
7.694816997062975394e-01 -6.324422081748832802e-01 -8.896497701896563526e-02 3.100875062436293295e+00 6.340058573483897675e-01 7.732183154006312398e-01 -1.303877206424647328e-02 1.097653103048005674e+00 7.703561945646150710e-02 -4.637122003880971705e-02 9.959494079957432744e-01 2.095584980013756315e-01
7.456778543599398290e-01 -6.575038028918617217e-01 -1.079503899941836043e-01 3.185998729563271237e+00 6.614136478285471687e-01 7.500211196296010518e-01 5.536927796228399701e-04 1.171276950930429495e+00 8.060101725965387875e-02 -7.181273767445103817e-02 9.941561279418889008e-01 2.008941376217351082e-01
7.419558188219157469e-01 -6.606749502542995645e-01 -1.140621454417699715e-01 3.398454942616876195e+00 6.672166915535001630e-01 7.442998704836927271e-01 2.897566755675953787e-02 1.232089550964894809e+00 6.575294235775429319e-02 -9.760283246113904410e-02 9.930509743547210055e-01 6.742634747393538852e-02
7.232781117755615607e-01 -6.834138491799035542e-01 -9.906706705806066215e-02 3.567364344880112892e+00 6.894085234710702892e-01 7.228762032000097815e-01 4.653904395856075377e-02 1.333016087620394696e+00 3.980779812821892694e-02 -1.019583522632947770e-01 9.939918679807883128e-01 -3.566888023950977316e-02
7.164020725289192981e-01 -6.933888104499857929e-01 -7.733064088071840703e-02 3.619109157656723585e+00 6.972594830187007764e-01 7.154335357533880835e-01 4.454289236118030848e-02 1.365797670925108065e+00 2.443939067904729937e-02 -8.583014308597666786e-02 9.960099912757289786e-01 -2.246388634401991213e-02
7.150472937375872418e-01 -6.961434002070523430e-01 -6.396666371412774998e-02 3.637494754758547000e+00 6.985788186019905588e-01 7.149917475841889303e-01 2.782867383032304465e-02 1.441600702483067709e+00 2.636288905260022672e-02 -6.458457427800469441e-02 9.975639482489978560e-01 5.349365384690578373e-02
7.141771622009868148e-01 -6.975635620361350098e-01 -5.793149324853106436e-02 3.705983652198716616e+00 6.991062168375125063e-01 7.149522350821616579e-01 9.684995103897486163e-03 1.544893484433336406e+00 3.466235089670718222e-02 -4.741706939996040426e-02 9.982735812190127733e-01 1.421782764827482781e-01
7.233547396173893862e-01 -6.879153753183230302e-01 -5.941680800673884710e-02 3.795435388901889251e+00 6.896346656829140942e-01 7.240410263852554706e-01 1.298537636732734549e-02 1.626932739810621253e+00 3.408736659635519528e-02 -5.036892406669510325e-02 9.981487979890018014e-01 1.645249657561962398e-01
7.300291406372543257e-01 -6.810190919175440616e-01 -5.718785066983950865e-02 4.015971933631667490e+00 6.830878513549940578e-01 7.297123118194425162e-01 3.018160549643669061e-02 1.711569529521709043e+00 2.117642915247677088e-02 -6.109777756128722398e-02 9.979071201396558788e-01 1.101311424546700390e-01
7.192971031360996248e-01 -6.935754685423299870e-01 -3.955688127624244765e-02 4.135730018109016193e+00 6.946683556140084148e-01 7.175294908453023757e-01 5.086556276903582419e-02 1.815842977416622483e+00 -6.895877648632989243e-03 -6.406636561854080203e-02 9.979218144062622642e-01 7.404655493967682300e-03
7.112442055664343066e-01 -7.026971829411696735e-01 -1.866411355291604929e-02 4.136044840747628903e+00 7.023818992708330544e-01 7.093613571522308092e-01 5.887386989015389732e-02 1.864024511636727777e+00 -2.813090160071621271e-02 -5.498303434414780061e-02 9.980909368937487258e-01 1.288356425347339518e-02
6.926457557803231690e-01 -7.210821434204873759e-01 -1.680474455684027868e-02 4.176832504043434646e+00 7.206737816402192243e-01 6.909243270858294039e-01 5.703397844600557182e-02 1.948589138587299763e+00 -2.951537660085944148e-02 -5.161508191516816363e-02 9.982307978934530368e-01 8.168464301333736022e-02
6.642709958031032258e-01 -7.468762216918116703e-01 -3.033073698605648350e-02 4.326189506572048593e+00 7.471363118482234889e-01 6.621569114353034191e-01 5.775427392231443496e-02 2.053446970783100678e+00 -2.305158676940844559e-02 -6.102568401766175071e-02 9.978699766189926823e-01 1.201268836290052267e-01
6.478008864825359758e-01 -7.610145934526402201e-01 -3.479655190609479837e-02 4.393222545654578148e+00 7.612821275226728801e-01 6.449770355357619112e-01 6.673938826550197823e-02 2.119652548176090612e+00 -2.834667153288959046e-02 -6.972382794721930510e-02 9.971635041603723604e-01 7.718921378686349755e-02
6.399106888925059078e-01 -7.682100493656659479e-01 -1.917368756186342560e-02 4.508704125671484597e+00 7.669719010385788183e-01 6.369351327766233917e-01 7.789569726303198494e-02 2.196035065062706959e+00 -4.762786220677377169e-02 -6.455196889659102488e-02 9.967771215538537843e-01 8.381494112795753737e-02
6.352561910314024063e-01 -7.722933520536261476e-01 -3.542616271679458612e-03 4.579554431596271513e+00 7.704776911357615887e-01 6.334343120345008460e-01 7.158980234282520672e-02 2.294380460757649232e+00 -5.304431372334349193e-02 -4.820737195857768137e-02 9.974278671014094044e-01 8.616209520213347073e-02
6.422156256350517456e-01 -7.664541256108570177e-01 1.035198165936529469e-02 4.634055792244069494e+00 7.651838987928867297e-01 6.418325988443156493e-01 5.044319665593231805e-02 2.385517256491277660e+00 -4.530663547755822002e-02 -2.447423941307594331e-02 9.986732801005817617e-01 1.079786023474161583e-01
6.490342729638036712e-01 -7.604057338208118910e-01 2.318690343231315926e-02 4.709137204724894943e+00 7.594622108948720918e-01 6.494057246841291597e-01 3.859216203005527701e-02 2.486386078476622963e+00 -4.440340911483809522e-02 -7.438058880767792896e-03 9.989859921635870776e-01 1.373628281784361194e-01
6.733503043406501298e-01 -7.387389950985799869e-01 2.939497856937421660e-02 4.778814154103457668e+00 7.371007014576128613e-01 6.738757840095970231e-01 5.073444230644616471e-02 2.561204573698733444e+00 -5.728807515573326736e-02 -1.249499284478145303e-02 9.982794957319116591e-01 1.238416969479941843e-01
6.904297822001539409e-01 -7.230324890310042552e-01 2.303770076805973163e-02 4.936183731740391600e+00 7.206657502329916198e-01 6.902378039539820431e-01 6.490493381788149663e-02 2.672286806098261636e+00 -6.282986783502997330e-02 -2.820981741193840167e-02 9.976254878006163285e-01 8.098892605515436993e-02
6.823852383494498630e-01 -7.308152376627706781e-01 1.610822406947977695e-02 5.086294755951080937e+00 7.287634634074079409e-01 6.818586677207832958e-01 6.302834010568567069e-02 2.778098617324048281e+00 -5.704560355718994724e-02 -3.127052372357184973e-02 9.978817332033137477e-01 3.392770420320885549e-02
6.618260041715857689e-01 -7.494736408110239667e-01 1.660126295617962364e-02 5.105302952274972661e+00 7.477027688793097537e-01 6.615365899506082670e-01 5.753181351855865544e-02 2.844309601656694664e+00 -5.410092062511946687e-02 -2.566323997450347880e-02 9.982056343767679030e-01 5.722665319369381332e-02
6.416071835677495949e-01 -7.667946659408467758e-01 1.913536722734462611e-02 5.095546164432535718e+00 7.651502400022075490e-01 6.415798238216467997e-01 5.404109445180359239e-02 2.948497476295880659e+00 -5.371528850173075409e-02 -2.003172358160731914e-02 9.983553464731512728e-01 1.135419925660209051e-01
6.129901205143688525e-01 -7.900307902641797719e-01 9.719186505832026757e-03 5.203774964360775357e+00 7.881331891301913695e-01 6.122905853454156944e-01 6.281970462237310149e-02 3.059751665431635903e+00 -5.558046728171293221e-02 -3.084784485055301617e-02 9.979775659426531886e-01 1.285690053826132329e-01
5.951314841987896953e-01 -8.036108749853648758e-01 5.298879183552158978e-03 5.277751861656581056e+00 8.002275365433660914e-01 5.932060785877758535e-01 8.799112503115877337e-02 3.112783026623370031e+00 -7.385395231862151855e-02 -4.812597980061992381e-02 9.961071648146845314e-01 8.948315752848581828e-02
5.955146238176003415e-01 -8.033388029920958129e-01 3.016691334673485270e-03 5.351751276169657956e+00 7.992581918155623466e-01 5.928595859170858740e-01 9.850814282047706816e-02 3.179168156523322075e+00 -8.092388791389062974e-02 -5.625192435329005175e-02 9.951316723788122820e-01 6.902920205106198581e-02
6.011930153243323360e-01 -7.990614494980042837e-01 -8.231540037294263895e-03 5.453758681919152806e+00 7.964615160575411190e-01 5.983363080057331196e-01 8.742262842875164752e-02 3.296770779927732598e+00 -6.493082291608769097e-02 -5.911397845025163217e-02 9.961373026783119089e-01 9.142622059173169391e-02
6.128843242567800775e-01 -7.899701482023316901e-01 -1.788770609933308664e-02 5.510462890181019091e+00 7.889601402027034416e-01 6.105334397914761180e-01 6.921572124682702498e-02 3.424629692324231200e+00 -4.375731083648242564e-02 -5.653391765634181720e-02 9.974413335644284340e-01 1.033479600930859721e-01
6.380021413767764660e-01 -7.697609952215054285e-01 -2.052505381833174061e-02 5.607043318063200665e+00 7.694769629422655299e-01 6.362994026830960381e-01 5.502975237344411019e-02 3.479997192162305630e+00 -2.929967746913244783e-02 -5.090265593004754396e-02 9.982737342630386701e-01 1.142860975539629897e-01
6.527130240715982579e-01 -7.574242455414964548e-01 -1.655960365479880805e-02 5.688632439299368571e+00 7.570208885517929476e-01 6.511954195587171812e-01 5.351541686280891080e-02 3.579219580982618609e+00 -2.975033619243893854e-02 -4.746617544779751369e-02 9.984297069322385365e-01 1.092374620270227525e-01
6.799028091469657697e-01 -7.332613936611488414e-01 -7.739423762433882137e-03 5.738656930533551304e+00 7.320478337518517842e-01 6.780848824127576613e-01 6.562668163557944245e-02 3.660604972928911849e+00 -4.287352578556901522e-02 -5.028539359880138115e-02 9.978142311960316313e-01 1.451903574994503621e-01
6.867162261290237213e-01 -7.269255917571377790e-01 -9.391297339525137011e-05 5.858459114249704669e+00 7.248314022258384171e-01 6.847280643150334134e-01 7.594021521376113915e-02 3.784345879599926299e+00 -5.513858103394071730e-02 -5.221744907521320284e-02 9.971123682382246889e-01 1.214138764665416842e-01
6.852802893053699940e-01 -7.282749779336364915e-01 2.545899705390129025e-03 5.927659107674832839e+00 7.262280431527928792e-01 6.836080435902455177e-01 7.261454452919523239e-02 3.866872666176423223e+00 -5.462375333143944245e-02 -4.791241232163583053e-02 9.973568299848893925e-01 8.550600817197180625e-02
6.752884986682834434e-01 -7.375524276579265015e-01 1.363826321309605932e-03 5.972655700067105222e+00 7.363984141075742285e-01 6.743330572794703492e-01 5.470195206729015769e-02 3.924115280514805182e+00 -4.126523071770431261e-02 -3.593527954561420712e-02 9.985017959011356359e-01 8.338264726974245478e-02
6.655113042094376041e-01 -7.463657618723300580e-01 -5.731795023344718985e-03 6.041265423962978609e+00 7.461668278948885291e-01 6.651078457256375254e-01 2.943838486536549254e-02 3.995880175249666433e+00 -1.815954070821165084e-02 -2.386845321628159461e-02 9.995501628344267697e-01 1.311408434031127446e-01
6.285394495936628134e-01 -7.776802165469245409e-01 -1.231426392538052458e-02 6.090859474541911567e+00 7.777775044955437256e-01 6.284490997918634747e-01 1.067157305558827547e-02 4.103691949106138104e+00 -5.601831662614071075e-04 -1.628526212023997943e-02 9.998672294022318274e-01 1.593117689260318826e-01
6.304723641758406272e-01 -7.762093833341094928e-01 1.895055304711470122e-03 6.103948181710594056e+00 7.760753642394120355e-01 6.304055064174092227e-01 1.720251432999958877e-02 4.159109035208962801e+00 -1.454740633894079094e-02 -9.375004143545834223e-03 9.998502299175203722e-01 1.966057908910228136e-01
6.346771167655633761e-01 -7.727101771433106947e-01 1.019507691510426403e-02 6.272114828268252396e+00 7.721127814495423181e-01 6.346231067918832736e-01 3.309629961293591299e-02 4.274586492463975596e+00 -3.204387892254546844e-02 -1.313371481993422241e-02 9.994001677799668748e-01 1.597142565660819580e-01
6.473300816765288346e-01 -7.621960594653917065e-01 4.575182191737468471e-03 6.371652351353130683e+00 7.616859964526444537e-01 6.470960728592136668e-01 3.318305739568699203e-02 4.382944434101220033e+00 -2.825257801689527726e-02 -1.799553904756105716e-02 9.994388187426916925e-01 9.063387726258501087e-02
6.643638287014491661e-01 -7.474059689415707419e-01 -2.240692674929664965e-03 6.440082986130886589e+00 7.473269707799331529e-01 6.642431334930657405e-01 1.683622143482161465e-02 4.484838904352439037e+00 -1.109512767121744771e-02 -1.285990660250746834e-02 9.998557500680456123e-01 7.194081344616780338e-02
6.770340881060209481e-01 -7.359379085106223517e-01 -4.498706420700583630e-03 6.487300313707577537e+00 7.359481290528016029e-01 6.770371233451824011e-01 1.041612289323489565e-03 4.555421623477130311e+00 2.279229284161935539e-03 -4.016021599934572334e-03 9.999893382853534129e-01 1.140428692184825010e-01
6.988988000344582563e-01 -7.152172892762731493e-01 -2.167124983541616947e-03 6.542594711481068970e+00 7.151949790182798861e-01 6.988962154641035207e-01 -6.342081440320046330e-03 4.660582388936356679e+00 6.050561745550008322e-03 2.882556201226452695e-03 9.999775405339411671e-01 1.718311290786946055e-01
7.029767987905439774e-01 -7.111847405148586931e-01 6.315474725808399234e-03 6.683327828426821604e+00 7.112113978010953241e-01 7.029652305665169409e-01 -4.269924165124837877e-03 4.785751572544136856e+00 -1.402854237372480432e-03 7.493295228197524756e-03 9.999709408410885070e-01 1.817223416891680654e-01
6.985267539882042964e-01 -7.154353449638898299e-01 1.458221996482742672e-02 6.743308070295882750e+00 7.155575024182802002e-01 6.985310657108956267e-01 -5.640121427197074266e-03 4.856615037651351940e+00 -6.150991433556635656e-03 1.437419261038518428e-02 9.998777664750746474e-01 1.503418624245832502e-01
6.927972649149654050e-01 -7.210728525664104049e-01 9.267740721612295965e-03 6.831156382610576117e+00 7.211304274130264647e-01 6.927080273364112362e-01 -1.124702284177299914e-02 4.924037736494515372e+00 1.690084450263449039e-03 1.447515649094586153e-02 9.998938010904525608e-01 1.425802845238445249e-01
6.872666080249506537e-01 -7.264045206081403139e-01 -1.040160534141166887e-03 6.881501726822764731e+00 7.263941247134902968e-01 6.872632935707434498e-01 -4.554216948794869747e-03 5.028141084400805205e+00 4.023067933970966500e-03 2.374394733849001689e-03 9.999890885274931307e-01 1.832582978896308834e-01
6.776353614235488543e-01 -7.353622699135174967e-01 -7.255958655861940998e-03 7.014139140100188463e+00 7.353049244255037697e-01 6.773595222789537962e-01 2.259968348521098139e-02 5.137415675458365527e+00 -1.170406185820129299e-02 -2.064968681764189559e-02 9.997182629973070389e-01 1.693500445477985339e-01
6.699477847159450716e-01 -7.423415415019961605e-01 -9.949950484190946826e-03 7.087885465172655941e+00 7.417031359680851255e-01 6.686674358478416069e-01 5.253873172984683398e-02 5.232987868191747438e+00 -3.234847522381738283e-02 -4.257811641104781303e-02 9.985693166493657680e-01 1.458176441561858661e-01
6.737429084161188353e-01 -7.388289078933872878e-01 -1.422456396709127595e-02 7.169180245094305626e+00 7.377044319467579436e-01 6.713439898918036608e-01 7.134015925315097262e-02 5.295600312263482046e+00 -4.315859642180761707e-02 -5.855845026312041929e-02 9.973506121007201797e-01 1.337751171691220486e-01
6.663820816965968508e-01 -7.451866619658069624e-01 -2.513483682000476269e-02 7.294594294462802608e+00 7.449376174515689453e-01 6.639705838403500149e-01 6.489229461411184785e-02 5.400804331502749633e+00 -3.166808013268122834e-02 -6.196694782674903867e-02 9.975756763663331528e-01 1.007997355699976061e-01
6.708272760483876551e-01 -7.413010851100889642e-01 -2.152828195897419847e-02 7.307445654901532528e+00 7.414068747699729123e-01 6.696722275185587048e-01 4.306917382715272358e-02 5.492048579721455326e+00 -1.751033275874950071e-02 -4.485319280649321949e-02 9.988401170065914769e-01 1.156862213765399716e-01
6.879483905580670022e-01 -7.255896633750315017e-01 -1.570516895400281623e-02 7.374936176777331376e+00 7.257135642569442213e-01 6.874999035026865268e-01 2.614775969904583469e-02 5.602970387553116716e+00 -8.175242017671554423e-03 -2.938576334052455524e-02 9.995347129193898894e-01 1.913356132942346521e-01
7.163959408120320616e-01 -6.974727562250726542e-01 -1.756730804204543681e-02 7.447711860121565053e+00 6.976803981083108397e-01 7.159979261584933363e-01 2.426997800093373681e-02 5.703355694567465939e+00 -4.349492323541166890e-03 -2.964328019193183256e-02 9.995510781625870367e-01 2.775587008743551354e-01
7.233355949201120128e-01 -6.900561947766882254e-01 -2.465897751094062174e-02 7.629408118437778441e+00 6.903906670170546489e-01 7.221375882355463016e-01 4.333624987346287177e-02 5.796136762249009422e+00 -1.209727313546828109e-02 -4.837098001556474486e-02 9.987561785916619916e-01 2.748470258418207468e-01
7.163858080819651697e-01 -6.971786750599423543e-01 -2.707894053343249882e-02 7.684723339071398485e+00 6.973905777975776266e-01 7.143602354609150940e-01 5.775669650687080547e-02 5.876695537589711194e+00 -2.092261881100442381e-02 -6.026067568397619478e-02 9.979633735704933617e-01 1.559128080650215575e-01
7.133467381474796198e-01 -7.003215229641912565e-01 -2.619533636865245887e-02 7.766436645814422057e+00 7.005972528086841233e-01 7.117068578967313819e-01 5.135014877959567792e-02 5.947249842804718689e+00 -1.731821385928264054e-02 -5.498284183158969052e-02 9.983371006693313454e-01 1.130250336212203499e-01
7.010868106556532586e-01 -7.126029026647475728e-01 -2.596896298392823571e-02 7.796727773665648620e+00 7.130142740155418490e-01 7.000822499297120194e-01 3.867154488046838090e-02 6.063520693726998090e+00 -9.377045098221936312e-03 -4.562835135229660610e-02 9.989144731047284731e-01 1.776490232107297840e-01
6.954679934813772224e-01 -7.177503629056892764e-01 -3.403948577370633638e-02 7.886495747735603246e+00 7.185228781066398396e-01 6.941919801412672619e-01 4.268920642149690026e-02 6.161473067443691498e+00 -7.010255368945582377e-03 -5.414712602066427960e-02 9.985083600367923307e-01 2.890480308763581085e-01
6.872205722916380211e-01 -7.254207557774685622e-01 -3.863433843616127100e-02 7.993709801740821241e+00 7.262749448173837497e-01 6.849202616953472544e-01 5.838612548956396975e-02 6.229857064116418819e+00 -1.589306608743542432e-02 -6.818329858860870674e-02 9.975462135880808212e-01 2.605868999320876123e-01
6.881044483725821115e-01 -7.249662947594424089e-01 -3.059639836042511024e-02 8.121737736068679325e+00 7.250200677885052514e-01 6.852295978148745803e-01 6.932748071592065298e-02 6.280932217478317980e+00 -2.929452907652988630e-02 -6.988755068844892948e-02 9.971246465838430328e-01 1.667640572849200531e-01
6.877618884783858189e-01 -7.256396856372592241e-01 -2.075165981082451386e-02 8.215505748996728030e+00 7.255384713439877453e-01 6.861577068082189701e-01 5.274019328288202108e-02 6.381668382574870790e+00 -2.403146596597916310e-02 -5.132882246794610165e-02 9.983926284922080008e-01 1.304240539176247382e-01
6.966829795372996292e-01 -7.172135572641408219e-01 -1.541231000037347060e-02 8.252649587605825232e+00 7.173657102695188970e-01 6.963776966241856936e-01 2.108414982640291480e-02 6.451973487041131605e+00 -4.389049161166573045e-03 -2.574523103238114674e-02 9.996589014891780201e-01 1.816793414872358570e-01
7.068992595230854104e-01 -7.071966198360253308e-01 -1.289875103310013892e-02 8.349918990024264076e+00 7.071656362698295339e-01 7.070070123104930104e-01 -7.605749330450306198e-03 6.548789859647697220e+00 1.449826764826358215e-02 -3.745054911594854988e-03 9.998878811141319600e-01 2.644951781154426529e-01
7.349545119607340249e-01 -6.779582790532004966e-01 -1.464367480457752155e-02 8.412927941242591245e+00 6.780618695888745995e-01 7.349979080105895068e-01 3.190020328628631260e-03 6.618995866997061661e+00 8.600369654810067349e-03 -1.227383734941540731e-02 9.998876869721522453e-01 2.725235153992288661e-01
