1.000000000000000000e+00 0.000000000000000000e+00 0.000000000000000000e+00 0.000000000000000000e+00 0.000000000000000000e+00 1.000000000000000000e+00 0.000000000000000000e+00 0.000000000000000000e+00 0.000000000000000000e+00 0.000000000000000000e+00 1.000000000000000000e+00 0.000000000000000000e+00
9.999979668879990236e-01 -1.915471675928649828e-03 -6.302286308693245921e-04 3.127344632342308334e-02 1.915699275634504895e-03 9.999980999821659333e-01 3.607330639655069535e-04 -5.658796143383502258e-02 6.295364594570894380e-04 -3.619396590864259848e-04 9.999997363417298946e-01 -2.048641303215422912e-02
9.999879705176885070e-01 -4.867095259175671478e-03 -6.084436314818686018e-04 4.495403354373056493e-02 4.867347699810655771e-03 9.999880686502393701e-01 4.141057030498508196e-04 -1.251424052480997196e-01 6.064208800239803210e-04 -4.170622282827786387e-04 9.999997291563703650e-01 -2.772564137927122085e-02
9.999852355402290005e-01 -5.401989453279056053e-03 -5.892465523321302034e-04 5.146607697217204375e-02 5.402402484826802562e-03 9.999851607757097582e-01 7.016236668119017706e-04 -1.460503949107987975e-01 5.854476447220890913e-04 -7.047966547559933936e-04 9.999995802562772207e-01 -1.880233230674342379e-02
9.999928473114878535e-01 -3.781073637554816479e-03 -9.385100281704745096e-05 -1.721620234073996392e-03 3.781078124908985282e-03 9.999928505617481367e-01 4.768230987907796594e-05 -9.779963756722494239e-02 9.367004151023642657e-05 -4.803682679612016683e-05 9.999999944591932977e-01 -4.920265712813377823e-03
9.999994597312871214e-01 -7.987916419643153413e-04 6.651834683060362744e-04 -7.290352093226215580e-02 7.991104474435104226e-04 9.999995659203575471e-01 -4.791467304867452130e-04 -1.978578464959940275e-02 -6.648004411598468309e-04 4.796780266777479393e-04 9.999996639746255855e-01 1.380492544354560563e-02
9.999832901527933027e-01 5.665839608634560924e-03 1.147901007748759966e-03 -1.355509221960841393e-01 -5.665641531476447827e-03 9.999839346826882025e-01 -1.757343620395170536e-04 5.419306115145685471e-02 -1.148878249063869450e-03 1.692278299216533571e-04 9.999993257201278407e-01 1.969010196674113311e-02
9.999940528767152781e-01 3.264840328422366315e-03 1.111318510197201572e-03 -8.424190564341020593e-02 -3.265834693814439506e-03 9.999942674145739785e-01 8.941262450760345233e-04 2.877882807969991963e-02 -1.108392960045281482e-03 -8.977503101435031123e-04 9.999989827541959642e-01 2.147345655643315143e-02
9.999973665998013184e-01 -2.174234695364774157e-03 7.345045623647618272e-04 -6.143810054198202419e-02 2.173562669820613448e-03 9.999972196538478020e-01 9.144998055504143918e-04 -2.406364075484847785e-04 -7.364908573939602096e-04 -9.129009056088757765e-04 9.999993120963401871e-01 1.528751067481529460e-02
9.999923159718859811e-01 -3.898170749556934163e-03 4.150445650501039213e-04 -9.788790336133015857e-02 3.898003712001873837e-03 9.999923217476799353e-01 4.025080693425365846e-04 -3.139533904349851856e-04 -4.166104234155810636e-04 -4.008871312040040947e-04 9.999998328626176214e-01 5.853696970817270570e-03
9.999991060792005060e-01 -1.211843804014295020e-03 5.650445951776108698e-04 -1.017482456639013377e-01 1.211575112232248560e-03 9.999991529337975971e-01 4.756232067415874960e-04 1.797033780877098624e-03 -5.656204975835666575e-04 -4.749381876032917867e-04 9.999997272535481319e-01 1.157662034772318459e-02
9.999996346515102053e-01 8.089852652165204243e-04 2.761153506751762429e-04 -5.248970771512818240e-02 -8.090513716311327442e-04 9.999996440645043672e-01 2.393882677123724721e-04 1.684297774116954791e-02 -2.759215908146770650e-04 -2.396115717554225279e-04 9.999999332267829333e-01 1.977846861640637430e-03
9.999999915666266670e-01 1.268080338711102990e-04 -2.804405903781543278e-05 -7.777880159248757447e-03 -1.268048352769533447e-04 9.999999854590269077e-01 1.140284162482579211e-04 1.999368767577674316e-02 2.805851834929740546e-05 -1.140248591643269136e-04 9.999999931055254532e-01 -6.320116641649621211e-03
9.999986164300903591e-01 -1.663046140366188780e-03 3.762233535559478167e-05 -8.214849339520408078e-03 1.663037118414832215e-03 9.999985886933622226e-01 2.385766681065119008e-04 -1.356634485228439685e-03 -3.801904626601912901e-05 -2.385137706788349700e-04 9.999999708328661807e-01 -7.883517615148858543e-03
9.999979188754211101e-01 -2.039047581891318978e-03 -6.730368112313158584e-05 -6.994480664669552004e-03 2.039075635330470527e-03 9.999978331281456079e-01 4.194157447643646224e-04 -3.057994810070895075e-02 6.644832662451032762e-05 -4.195521092042956281e-04 9.999999097803197179e-01 -6.234828729649334426e-03
9.999997560678094422e-01 -6.374734539156269282e-04 2.854678917861360084e-04 -2.114712519472649460e-02 6.374944358493904928e-04 9.999997941055055461e-01 -7.341519388646482690e-05 -2.823688062550009509e-02 -2.854210327726521088e-04 7.359716017076306657e-05 9.999999565591450867e-01 4.717219066721345389e-03
9.999999280998728146e-01 -3.748620760419656421e-04 5.725969936572691279e-05 2.339668827175026694e-02 3.748788261997400089e-04 9.999998868671435837e-01 -2.927995316460593159e-04 -3.206402361666622208e-02 -5.714993344747661326e-05 2.928209760426224895e-04 9.999999554948795222e-01 1.956658034412216141e-03
9.999987739124492903e-01 -1.503714945060152927e-03 -4.370525851318914014e-04 7.386126238532085553e-02 1.503754785751075041e-03 9.999988652338712702e-01 9.084334937576173065e-05 -6.276057125119451074e-02 4.369154866773056743e-04 -9.150045791037896849e-05 9.999999003662568553e-01 -1.220812901960330148e-02
9.999980512125955512e-01 -1.867809444266373912e-03 -6.394207465412108217e-04 7.246792080312572382e-02 1.867848185252723829e-03 9.999982537703046015e-01 5.999581943093027967e-05 -1.095157648311558818e-01 6.393075692075657216e-04 -6.119004339287299635e-05 9.999997937707839624e-01 -3.006036638546484563e-02
9.999921311386769096e-01 3.934888287050540556e-03 -5.042964361805851378e-04 3.658892895788887906e-02 -3.935092287313131029e-03 9.999921758159464602e-01 -4.041727100416971563e-04 -9.779704574832910613e-02 5.027021160097623967e-04 4.061539826792250193e-04 9.999997911647406923e-01 -2.776438742897409384e-02
9.999812810250531259e-01 6.112050983058962307e-03 -2.836058431410076741e-04 -1.902512517122042016e-02 -6.112222103334082231e-03 9.999811362825515859e-01 -6.064816703638851395e-04 -6.610757924200608149e-02 2.798936463909610728e-04 6.082037795517730456e-04 9.999997758738294884e-01 -2.146755042056868942e-02
9.999477365709562582e-01 1.021899802906688082e-02 -3.101707648931259628e-04 -3.051447916260895121e-02 -1.021906887636550923e-02 9.999477580285400791e-01 -2.276949632013934739e-04 -6.272008870548451132e-02 3.078277465806952612e-04 2.308527194917184332e-04 9.999999259745474545e-01 -1.917999202581042312e-02
9.999400876709100272e-01 1.092441562086709714e-02 -6.915287667912464482e-04 1.180800665308553987e-02 -1.092435228767404953e-02 9.999403229422527684e-01 9.529553028441411892e-05 -7.196692771026766411e-02 6.925285463687345239e-04 -8.773531704175454324e-05 9.999997563533336020e-01 -3.010110584943379020e-02
9.999462760338234668e-01 1.033670074820589209e-02 -7.730871428873027857e-04 5.225512152048707865e-02 -1.033665005801706442e-02 9.999465729879741804e-01 6.953548799375265676e-05 -7.959426793081687823e-02 7.737646066819945994e-04 -6.154062101116933802e-05 9.999996987504973234e-01 -3.107699552729590101e-02
9.999500411639180575e-01 9.969799293877113291e-03 -7.199154939652299473e-04 8.835073116808306315e-02 -9.969965305793746999e-03 9.999502728087393821e-01 -2.273797020184220379e-04 -8.714405315408209340e-02 7.176127645971448884e-04 2.345458748910972163e-04 9.999997150100357057e-01 -3.203175730584186670e-02
9.999425115245734741e-01 1.070320457582302209e-02 -6.442497468671374216e-04 1.152640086453611129e-01 -1.070327149472318287e-02 9.999427132973461863e-01 -1.005129426075687026e-04 -1.003558737922780608e-01 6.431370293362069718e-04 1.074027442228632127e-04 9.999997874196834280e-01 -3.796928294886572908e-02
9.999400482900863141e-01 1.092652118158002686e-02 -7.148150028444627763e-04 1.002546396060458034e-01 -1.092634026385793516e-02 9.999402728606240354e-01 2.565148321900510863e-04 -5.881294384961995719e-02 7.175751237364738936e-04 -2.486891417404539181e-04 9.999997116197847369e-01 -5.507423398139694309e-02
9.999452103294093064e-01 1.042446444765532908e-02 -9.523026057670682656e-04 9.404334330600527814e-02 -1.042435669698301738e-02 9.999456579503310794e-01 1.180412364633169349e-04 -3.768861674489336344e-02 9.534813723644349143e-04 -1.081076269768726822e-04 9.999995395929007769e-01 -6.778084028724185028e-02
9.999588750183516783e-01 8.992039419648741386e-03 -1.179618204335372957e-03 1.228588649383778042e-01 -8.991926538305048885e-03 9.999595667144899336e-01 1.009618705050855747e-04 -2.698190246820253435e-02 1.180478361615187226e-03 -9.035067821338288864e-05 9.999992991535507914e-01 -6.823542225872052114e-02
9.999955517850154241e-01 -2.620772394987721295e-03 -1.424065390448156412e-03 1.822877386390447663e-01 2.621713914518450459e-03 9.999963457092158059e-01 6.596850498023318788e-04 -1.899736533514582992e-02 1.422331302131216082e-03 -6.634156074307303794e-04 9.999987684259410425e-01 -5.914115085022429719e-02
9.996869084608736022e-01 -2.497796158927539922e-02 -1.478677377104138137e-03 2.155457873968130433e-01 2.498009102573046231e-02 9.996869123199335627e-01 1.439579307854316334e-03 1.514267036054519483e-02 1.442256664778273061e-03 -1.476066083230875370e-03 9.999978705600481854e-01 -5.216623456691660277e-02
9.985248229500655048e-01 -5.427897343817545545e-02 -1.403921307700881516e-03 2.281008888348546593e-01 5.428306348537820930e-02 9.985208963349414546e-01 3.060817065342872137e-03 1.073368669174604856e-02 1.235706754360347669e-03 -3.132510967728432787e-03 9.999943301858537081e-01 -5.409462190134567416e-02
9.979723879203357129e-01 -6.363540298531480954e-02 -1.283914124710029128e-03 2.421474658279645642e-01 6.364596786346884971e-02 9.979065845677140834e-01 1.147341497210315441e-02 -5.734792575900747591e-02 5.511109737001028061e-04 -1.153186729443146478e-02 9.999333539358502554e-01 -1.848446720429728629e-01
9.977752339117580416e-01 -6.662857635709039383e-02 -2.283726114030188749e-03 2.827991533250265310e-01 6.665336851325771861e-02 9.976855597080981353e-01 1.344813800400716623e-02 -9.020298809221784231e-02 1.382410276435527829e-03 -1.357043708088765711e-02 9.999069617615737871e-01 -2.577638310796316334e-01
9.970601741247893113e-01 -7.657558506341209659e-02 -2.681221072752239688e-03 2.845813813050842023e-01 7.659817336575515390e-02 9.970149394598750714e-01 9.691766136846883747e-03 -1.128771520739094425e-01 1.931064803301800210e-03 -9.868650668543881357e-03 9.999494390831507040e-01 -2.220646113864154225e-01
9.970480819974280040e-01 -7.670558874062453902e-02 -3.372660849294987617e-03 2.965770855814403584e-01 7.667031372664771804e-02 9.970105305276646401e-01 -9.574184560685936388e-03 -1.482235770247518625e-01 4.096971846084292504e-03 9.287339387512272629e-03 9.999484787471770719e-01 -1.305884150095577567e-01
9.962817325399723201e-01 -8.609371391269432516e-02 -3.252972774275575320e-03 3.753446735613374940e-01 8.585951035460662184e-02 9.952802928541135685e-01 -4.522480666511654451e-02 -1.262894267377337176e-01 7.131191262210907766e-03 4.477735008851143478e-02 9.989715386487407756e-01 3.005857023792024574e-04
9.957763497976044320e-01 -9.135310569634579048e-02 -9.169038302417751446e-03 4.152653268231714101e-01 9.053275732428918421e-02 9.936057075414672646e-01 -6.746493750298454550e-02 -6.261036873703478001e-02 1.527354035645611327e-02 6.634989088651555011e-02 9.976795131425357788e-01 4.526251312805985860e-02
9.987712628980823792e-01 -4.778652772752001870e-02 -1.313058173565227402e-02 5.065145823033950778e-01 4.683643384644569502e-02 9.967833145652472693e-01 -6.503362414064590979e-02 -5.062827066143238408e-02 1.619607586785146158e-02 6.433872529096491821e-02 9.977966804687298241e-01 -5.845887887997773535e-02
9.992736499353707114e-01 -3.667852542079030193e-02 -1.033722969652033086e-02 7.168812024638168134e-01 3.609263672980194543e-02 9.979903278269002254e-01 -5.208288718808553458e-02 -7.710323775676998503e-02 1.222677875536864328e-02 5.167195890338136671e-02 9.985892621815810610e-01 -1.144103246151652042e-01
9.983264387681527463e-01 -5.742286119227929531e-02 -6.851034154780625586e-03 7.857481353086938070e-01 5.707831358308756986e-02 9.974494410587995130e-01 -4.285648900690832569e-02 -7.649234722458818359e-02 9.294502407792819970e-03 4.239372057251825782e-02 9.990577484214867576e-01 -1.022591719312418712e-01
9.981596463333686220e-01 -6.063942243459378295e-02 -4.252980641675663948e-04 7.353262323993692284e-01 6.059824669243411149e-02 9.976958514088659635e-01 -3.050968009240700995e-02 -3.829758406640279556e-02 2.274407493699987133e-03 3.042775917377095463e-02 9.995343808705209332e-01 -4.099038398733524657e-02
9.977500299186419230e-01 -6.704351515985791654e-02 2.118309678580526916e-04 7.449613230805963715e-01 6.704094224449437533e-02 9.976723536625420330e-01 -1.246542419711523658e-02 1.483820402311947229e-02 6.243879558517973546e-04 1.245157871330205765e-02 9.999222811435032332e-01 3.384465218059955205e-02
9.956292172109256766e-01 -9.337334509314071385e-02 -1.969838083857919971e-03 8.566307234396240977e-01 9.337952174670074990e-02 9.956250536002106966e-01 3.319271295773309430e-03 4.694048771031228418e-02 1.651288683666780194e-03 -3.488706020110564961e-03 9.999925510602508671e-01 1.125937847791398244e-01
9.855285999327755286e-01 -1.688418010453255624e-01 -1.502747265224417192e-02 9.442034138020058975e-01 1.689913058664207213e-01 9.855736808731346832e-01 9.298285419485068093e-03 1.058176576337945402e-01 1.324074227923330641e-02 -1.170323843861512808e-02 9.998438462849805752e-01 1.361210290647644483e-01
9.733505006916846058e-01 -2.271564653963498437e-01 -3.144428456625764090e-02 9.845118126387850666e-01 2.276276381533797466e-01 9.736709412094758376e-01 1.227015048674704768e-02 1.069717451863218816e-01 2.782914213483591095e-02 -1.910074534907755389e-02 9.994301878446282261e-01 6.226257672324379822e-02
9.632524298034270682e-01 -2.659818675536975707e-01 -3.739522175948521709e-02 1.157318432162664390e+00 2.669714824221842697e-01 9.633932080945852849e-01 2.448987894058379799e-02 6.821562924609456124e-02 2.951243892149846282e-02 -3.357339318374520654e-02 9.990004220314596672e-01 -4.514223325954377919e-02
9.568128561896275253e-01 -2.886942866617977499e-01 -3.412868411004162106e-02 1.377077232628127978e+00 2.897082670345987321e-01 9.566511070929237803e-01 2.979562568050593205e-02 1.005381905507449353e-01 2.404741653602039675e-02 -3.839619963901329952e-02 9.989731996461287400e-01 -1.391920062055369556e-01
9.528014446316918074e-01 -3.025024206225169765e-01 -2.572338673812198453e-02 1.458439675997211582e+00 3.029677381348461207e-01 9.528564186218414500e-01 1.658900661924279929e-02 1.600282841561659064e-01 1.949247950406758287e-02 -2.359938576903595348e-02 9.995314463457903864e-01 -1.456999682783520766e-01
9.500780777939299426e-01 -3.117901745453880991e-01 -1.177001071994142507e-02 1.371486363216015691e+00 3.117110455926665469e-01 9.501424755595546667e-01 -8.093218957104086203e-03 2.083168042197858782e-01 1.370657327407716862e-02 4.020347561781007634e-03 9.998979781230507013e-01 4.914327259774403656e-02
9.555280904787578633e-01 -2.941483699272600116e-01 -2.104292696262932694e-02 1.359925486045358234e+00 2.938051695366413751e-01 9.556968889410575319e-01 -1.794376833135456761e-02 2.283530547080695194e-01 2.538879003741908308e-02 1.096325396584996517e-02 9.996175350617435562e-01 2.029510697384385720e-01
9.606890342335552280e-01 -2.757587566498188592e-01 -3.215101295985717950e-02 1.600531113207251499e+00 2.757562667505819576e-01 9.612165877374688749e-01 -4.599217989908635160e-03 2.664810929269257334e-01 3.217236160403574158e-02 -4.447425017104872716e-03 9.994724406203187028e-01 1.751885241482402378e-01
9.558114008150054852e-01 -2.905412810693505654e-01 -4.483670445781529762e-02 1.919903712342805990e+00 2.916221320082570956e-01 9.563312882718540964e-01 1.967229511914030810e-02 3.139992771956470752e-01 3.716312951051752717e-02 -3.187837930128391978e-02 9.988006161081940393e-01 -5.149696254718447164e-02
9.460813309370024182e-01 -3.217463644025901903e-01 -3.754187323756945360e-02 2.028761911044759003e+00 3.229060844126515617e-01 9.459420183643927338e-01 3.041970647439599246e-02 3.405711156933106110e-01 2.572500537919578112e-02 -4.090201567666917198e-02 9.988319424266656199e-01 -1.566907371433003127e-01
9.234001865848627810e-01 -3.830844019928164590e-01 -2.405070404056371125e-02 1.992397807185059211e+00 3.835896821954543068e-01 9.232443583841331014e-01 2.188173724960477962e-02 3.984606107800078290e-01 1.382212459178814266e-02 -2.943120217858275628e-02 9.994712368097905530e-01 -3.727000517604153740e-02
8.983929494995323006e-01 -4.387511281386539674e-01 -1.968643813871134157e-02 1.985996724129536206e+00 4.390756005380294646e-01 8.982853704603384060e-01 1.720494780874035068e-02 4.466685783349766958e-01 1.013534911582535808e-02 -2.410063845608920868e-02 9.996581585343607967e-01 7.291497262177623617e-02
8.582661385290326628e-01 -5.129799022542904652e-01 -1.519392436607424138e-02 2.122264415900530388e+00 5.131953408701677155e-01 8.576936048560395154e-01 3.149956028588905832e-02 4.894777003441248553e-01 -3.126909595060265584e-03 -3.483245716613549148e-02 9.993882740777748630e-01 8.570927614122850202e-02
8.334676305792199091e-01 -5.525108341433755399e-01 -7.967868651796147783e-03 2.242513800339883900e+00 5.522030694421762309e-01 8.323059799618350851e-01 4.835830661229081201e-02 5.082280872086000212e-01 -2.008678359767753288e-02 -4.470496475740336900e-02 9.987982715497356612e-01 2.490632336438661221e-03
8.120662575649553183e-01 -5.835495577891548491e-01 4.278659665096110759e-03 2.341076187320463298e+00 5.824663154661037234e-01 8.109649940094171283e-01 5.539647857623783422e-02 5.651241655673306941e-01 -3.579643378591297609e-02 -4.249343590942071536e-02 9.984552685187367826e-01 -2.194556928641115678e-02
8.083048596079301928e-01 -5.887343027906227766e-01 5.930822189504497688e-03 2.410529174985224454e+00 5.878245180160756034e-01 8.075427648083159937e-01 4.834272463265886638e-02 6.305678426048869634e-01 -3.325041283010645582e-02 -3.558937655228162217e-02 9.988131989132138511e-01 4.810707141708375073e-03
8.047825850241007162e-01 -5.935320039299516459e-01 -6.689630245534383853e-03 2.547160448078165551e+00 5.935081392515919596e-01 8.044856955383925534e-01 2.347028581465516323e-02 6.956151621581887490e-01 -8.548653931407600159e-03 -2.285882728848094569e-02 9.997021529090334147e-01 5.576705133133701142e-02
8.075730908143773368e-01 -5.889352316875027249e-01 -3.132085359151332710e-02 2.569306799473279668e+00 5.892068144929063500e-01 8.079819672981787271e-01 -6.857667874377391254e-04 7.364616013623404012e-01 2.571055712417240693e-02 -1.790065356774533240e-02 9.995091464585065255e-01 7.739648323323292112e-02
8.330386596778608377e-01 -5.498594503283664725e-01 -6.083729420922549813e-02 2.673462720956354399e+00 5.496584810893858641e-01 8.351127936095047444e-01 -2.149828170431021881e-02 7.932426930584224323e-01 6.262703608364604546e-02 -1.553083495229531062e-02 9.979161525484304684e-01 9.192920563011970636e-02
8.334010440626159477e-01 -5.473517210246513498e-01 -7.647740350387113861e-02 2.919821974955399302e+00 5.484622269597024813e-01 8.361415830329476107e-01 -7.512570902171817819e-03 8.605274998043239698e-01 6.805795584459978231e-02 -3.568398260436449199e-02 9.970430121272331192e-01 1.001177077929688297e-01
8.324848876563639699e-01 -5.478972789593608006e-01 -8.232547317021240985e-02 3.050548935881362667e+00 5.501577450786512280e-01 8.350402476853889810e-01 5.851519076097759509e-03 9.282309827875577790e-01 6.553905212729826957e-02 -5.016329788254138278e-02 9.965883183099241149e-01 -2.276359743586706119e-02
8.154411670113399513e-01 -5.733675844602994509e-01 -7.940602139224214873e-02 3.096913718271043781e+00 5.753686472907695304e-01 8.178891514728817702e-01 2.873259083261088531e-03 9.811437453081606197e-01 6.329788983824038984e-02 -4.803070885517662925e-02 9.968382156342598943e-01 -2.497247647725386877e-02
7.934929364969190990e-01 -6.035071903020351458e-01 -7.840938070945022154e-02 3.022850518721183377e+00 6.044820264651243891e-01 7.965071625772293107e-01 -1.333490321629256931e-02 1.050721706578449988e+00 7.050134332133622950e-02 -3.681590983412569990e-02 9.968320567542822142e-01 1.035536820136602615e-01
7.713635402740148805e-01 -6.298933629140628376e-01 -9.073389715399127198e-02 3.104094462074504346e+00 6.314129789697335848e-01 7.753113888058319469e-01 -1.448793900245588101e-02 1.112806224328942939e+00 7.947288043417724546e-02 -4.611509237532671751e-02 9.957697823948615801e-01 1.949699888690958893e-01
7.470160014980883334e-01 -6.559809779033057842e-01 -1.079631887952114677e-01 3.192959914312587522e+00 6.600271634648416930e-01 7.512380805464455857e-01 2.343037653798216158e-03 1.171782782286070912e+00 7.956907058878537331e-02 -7.300892387862242816e-02 9.941521312353167605e-01 1.734942605161006735e-01
7.420385138758585075e-01 -6.606037772999192592e-01 -1.139363565416505603e-01 3.408565355424765464e+00 6.672325085354379182e-01 7.442250406781680816e-01 3.049374331048979037e-02 1.216265957266730480e+00 6.465000756700846340e-02 -9.864957295730128473e-02 9.930199586498389408e-01 5.941186170253254240e-02
7.228752512173159950e-01 -6.836981120343939011e-01 -1.000413053598751822e-01 3.565081559461993344e+00 6.897466728305372552e-01 7.226250559076388136e-01 4.541537067651840731e-02 1.313287598058213712e+00 4.124195068987515644e-02 -1.018328050045134714e-01 9.939462668214045227e-01 -5.550445121715447128e-02
7.181009013002912500e-01 -6.917951361955979594e-01 -7.583261229723908814e-02 3.594956828491822964e+00 6.955212228302288802e-01 7.171716090292852286e-01 4.376199030081883573e-02 1.363854024352589844e+00 2.411066453775951440e-02 -8.416871591309899037e-02 9.961597779056770019e-01 -1.445550488792399224e-02
7.152469643846397496e-01 -6.959383142177264503e-01 -6.396594986668301119e-02 3.644641180646354339e+00 6.983470391486470419e-01 7.152561588248069757e-01 2.683356434580773039e-02 1.440893208069440989e+00 2.707753406194955345e-02 -6.386305713768775094e-02 9.975912575209109345e-01 6.633731714245225120e-02
7.148546683291989723e-01 -6.966810884939849124e-01 -6.015200830219348538e-02 3.722323819985799531e+00 6.982907545872001354e-01 7.157623764756373408e-01 8.616407603330860504e-03 1.542057921297378176e+00 3.705165618416388085e-02 -4.816307046674248027e-02 9.981520392291076682e-01 1.304132696265665192e-01
7.244483122511782280e-01 -6.866435640271337792e-01 -6.078864085118834693e-02 3.801585803982622913e+00 6.884662357250561637e-01 7.251336329901855171e-01 1.398057842244879168e-02 1.613684030316774765e+00 3.448021378980672957e-02 -5.197913318409828898e-02 9.980527463869026672e-01 1.360744687005951414e-01
7.315171509200399935e-01 -6.796184951032805399e-01 -5.478466047517070725e-02 4.012315659160003101e+00 6.815908888770904062e-01 7.310002603482228523e-01 3.274873387732971791e-02 1.687755109439234458e+00 1.779095583619014209e-02 -6.129698593228403297e-02 9.979610019464949522e-01 7.795662351947425794e-02
7.189270520929518238e-01 -6.941750561820601018e-01 -3.556522379476568380e-02 4.124709695125845066e+00 6.949896378692974608e-01 7.170364146830146002e-01 5.336837333881033762e-02 1.769362510688819778e+00 -1.154543300361600931e-02 -6.308542932533171832e-02 9.979413467652282765e-01 1.194081412370776030e-02
7.106834090761365852e-01 -7.033094197862013175e-01 -1.688052439699065654e-02 4.122738664961026700e+00 7.029582373935066020e-01 7.089677501223465850e-01 5.669608246671224705e-02 1.857759861846417948e+00 -2.790714146119416955e-02 -5.215926884509147765e-02 9.982487676571458746e-01 4.261442834180632910e-02
6.927353218670830870e-01 -7.210255458570850040e-01 -1.548986956696812162e-02 4.192590903359854515e+00 7.205709565249739379e-01 6.910881105607599162e-01 5.634465417626672440e-02 1.933953895334860063e+00 -2.992107034170277124e-02 -5.019348227660291178e-02 9.982912119650033667e-01 1.045209664563608587e-01
6.636852548566829491e-01 -7.473367239509205451e-01 -3.177583232781293343e-02 4.336912113973000693e+00 7.476936609963857894e-01 6.615648642324130080e-01 5.732468681964707213e-02 2.041767676526632158e+00 -2.181906944948608026e-02 -6.180413778586675566e-02 9.978497766502251176e-01 1.210339658954319303e-01
6.469628869548720296e-01 -7.617721234393094454e-01 -3.379726103966283757e-02 4.397614366684349463e+00 7.619780095287725930e-01 6.441932785012421947e-01 6.636665524486451417e-02 2.109211820359020439e+00 -2.878429949794230822e-02 -6.868953256928286843e-02 9.972227495488790172e-01 6.912106193119745001e-02
6.395710799866868301e-01 -7.685167782564329420e-01 -1.818777564782612932e-02 4.514776687286046197e+00 7.672821261281613792e-01 6.367337438497953084e-01 7.647403721048938452e-02 2.195947662204267292e+00 -4.719081021672741350e-02 -6.286573773826080458e-02 9.969056758037407873e-01 6.370427112382884283e-02
6.359587125899053284e-01 -7.716915723608281930e-01 -6.973738471070394657e-03 4.599409827374879356e+00 7.699697403943879248e-01 6.338791169387821833e-01 7.310173722907296889e-02 2.275372874412656898e+00 -5.199148736080730360e-02 -5.185925429643522405e-02 9.973001067812179432e-01 4.920921084791928662e-02
6.431584891653752134e-01 -7.657206786594474845e-01 4.358909017995123841e-03 4.673324502923584589e+00 7.645395321984385095e-01 6.424632976576239995e-01 5.215567916041481678e-02 2.372164599133787632e+00 -4.273712110454792878e-02 -3.021180954869289934e-02 9.986294533226469650e-01 6.032501766329849413e-02
6.502212151532118511e-01 -7.595307933935606659e-01 1.803732939292240420e-02 4.731288606084220305e+00 7.586896099601947441e-01 6.503859186853688801e-01 3.725899239426963550e-02 2.492894928500418494e+00 -4.003057710211070652e-02 -1.054185290814642524e-02 9.991428437586564737e-01 9.788782817070636189e-02
6.752301404877734115e-01 -7.371278269715503262e-01 2.658616333850858868e-02 4.775328242055386418e+00 7.355412209531807521e-01 6.755971932034910976e-01 5.047320887628116426e-02 2.562708220700919082e+00 -5.516674410880026413e-02 -1.452581287793275333e-02 9.983714895291578850e-01 1.111451950523228011e-01
6.915221123477842680e-01 -7.219457529813788632e-01 2.432072955748893275e-02 4.921461051755996685e+00 7.194776233307715874e-01 6.913790689134555745e-01 6.593127175072413526e-02 2.664428949964004367e+00 -6.441364498584910281e-02 -2.809471161114398402e-02 9.975277286968636803e-01 1.007023575198189164e-01
6.830089139751507332e-01 -7.300966930506485042e-01 2.139257410860985129e-02 5.061986974119414562e+00 7.277101944995740812e-01 6.827082669869133369e-01 6.593402011949268948e-02 2.768866432902314934e+00 -6.274309724485466200e-02 -2.946592921040741900e-02 9.975946384999720973e-01 5.380236776797382714e-02
6.619664729110752432e-01 -7.492522324794220756e-01 2.052999917858937262e-02 5.085182973661312111e+00 7.472409280795794251e-01 6.618348140142211733e-01 6.004726772743422536e-02 2.830726590529697440e+00 -5.857801758714345497e-02 -2.440842238579454815e-02 9.979843910463714884e-01 6.755324712801702436e-02
6.409269031236424219e-01 -7.673460207480649053e-01 1.981891254452216103e-02 5.081334961818657625e+00 7.656446394636184927e-01 6.409221436280516659e-01 5.483695713520883586e-02 2.931009432482311272e+00 -5.478130076004673887e-02 -1.997223696368167697e-02 9.982986120583879908e-01 1.033442801963926350e-01
6.131405599159966968e-01 -7.899142156197742626e-01 9.704934193234319301e-03 5.207247105505540041e+00 7.881065625874978942e-01 6.124892926695408857e-01 6.119568915931684894e-02 3.048251814951246086e+00 -5.428351308101181383e-02 -2.987303678842105625e-02 9.980786050610549465e-01 1.216934954908099886e-01
5.942598076848942812e-01 -8.042521679245085986e-01 5.807870439378283456e-03 5.266037941042905679e+00 8.011350872949437596e-01 5.925630197369496921e-01 8.397404090044827130e-02 3.113844778001462199e+00 -7.097783368936583237e-02 -4.524950860457479379e-02 9.964510169074088930e-01 9.449096927952868596e-02
5.948279972351118161e-01 -8.038497284679161359e-01 2.295157363554699292e-03 5.346132698592085397e+00 8.001968815597552132e-01 5.923921640064955252e-01 9.357603734794774086e-02 3.191538651568098572e+00 -7.658070545058295875e-02 -5.382506911987240683e-02 9.956094904564399828e-01 7.817662075917228282e-02
6.019541681156617141e-01 -7.984799649119700415e-01 -8.995839169365200949e-03 5.448509974038809212e+00 7.959068150933188424e-01 5.990256930266375512e-01 8.775283916755265146e-02 3.283611414403879714e+00 -6.468014514664802150e-02 -5.998303700327280163e-02 9.961016585146681424e-01 8.671263853639925301e-02
6.123119882580021489e-01 -7.904538496188916463e-01 -1.602312885197249015e-02 5.492853138544711022e+00 7.893511907032967345e-01 6.100606627698321738e-01 6.892521654750723148e-02 3.402549219873191255e+00 -4.470712214871205153e-02 -5.485161222341433662e-02 9.974931447712672705e-01 9.913492214880322007e-02
6.369538808978827404e-01 -7.706730903785469211e-01 -1.878141037051782314e-02 5.598124349390308119e+00 7.702713287341832471e-01 6.352587576438231132e-01 5.593202094419708059e-02 3.453295138535020570e+00 -3.117424801340800550e-02 -5.009289972846872607e-02 9.982579164011633477e-01 1.110588035531448053e-01
6.522627553535651490e-01 -7.578094924060599924e-01 -1.667546694532741000e-02 5.695276827141223741e+00 7.573794908275405247e-01 6.506922366433052218e-01 5.455199396858345651e-02 3.552733517633182014e+00 -3.048942197534408247e-02 -4.821189056034287657e-02 9.983716786629150963e-01 1.030857428219599248e-01
6.809788982955393699e-01 -7.322499957053382191e-01 -8.813845115820319320e-03 5.753126875534136708e+00 7.311358659471361987e-01 6.791650177079431305e-01 6.461597517255843193e-02 3.647761703002052158e+00 -4.132899226844097273e-02 -5.044623386637998863e-02 9.978712802194347198e-01 1.323968113923628398e-01
6.874384618975750705e-01 -7.262425524268520949e-01 -3.408055567856761725e-04 5.867245531193844066e+00 7.242135695229809933e-01 6.854826847872553808e-01 7.502129414798734686e-02 3.767486966403807980e+00 -5.425003984034411364e-02 -5.181933906745099516e-02 9.971818737201021410e-01 1.264915270591573659e-01
6.848208465838951930e-01 -7.287071641401980937e-01 2.505397147668758651e-03 5.927143185309907913e+00 7.266520153550173333e-01 6.831396984658503202e-01 7.278049849017789730e-02 3.854719397085043742e+00 -5.474720691148313861e-02 -4.802105070422331423e-02 9.973448360645648103e-01 7.960586155153642762e-02
6.748506047290798726e-01 -7.379533554421257024e-01 1.227390933246984978e-03 5.971247078152137178e+00 7.369107489265128708e-01 6.739837122964065230e-01 5.204328655764030309e-02 3.915553453429857278e+00 -3.923275944107548763e-02 -3.421696583366770628e-02 9.986440756524700424e-01 7.882408848360511477e-02
6.660780178396291662e-01 -7.458564474455546822e-01 -6.183361118935097947e-03 6.044102334789375419e+00 7.457067987958698740e-01 6.657188988323547996e-01 2.719775665478861224e-02 3.996296680590808670e+00 -1.616924180184906024e-02 -2.272680226810612145e-02 9.996109483585200461e-01 1.326729433833793437e-01
6.287438647139651504e-01 -7.775115579853373315e-01 -1.252716183981141679e-02 6.124958028493376005e+00 7.776116430723625239e-01 6.286381184203633232e-01 1.158657098567145854e-02 4.093294588853643390e+00 -1.133641410650690871e-03 -1.702625232160292351e-02 9.998544001948649340e-01 1.573173077135668896e-01
6.323016328302126787e-01 -7.747150624004255359e-01 -3.349210377380553924e-03 6.169601367395374680e+00 7.745964451712086252e-01 6.321150833734526797e-01 2.075737218194798062e-02 4.129285950357994395e+00 -1.396396248827354129e-02 -1.571920677635964270e-02 9.997789327096006096e-01 1.487457437461554843e-01
6.361740460376500428e-01 -7.715155721379315379e-01 6.804784843485902138e-03 6.283091154162179670e+00 7.709762272855139598e-01 6.360186277963592039e-01 3.280186056661905936e-02 4.263480160940357422e+00 -2.963511614084712170e-02 -1.562136500810848601e-02 9.994387088994511892e-01 1.411807807714063334e-01
6.469546677778792443e-01 -7.625132397246884297e-01 4.818411042422804727e-03 6.358008336939367844e+00 7.620103466239039891e-01 6.467350751790692520e-01 3.277154514577065858e-02 4.385269969681474755e+00 -2.810497248765043976e-02 -1.753002503373678189e-02 9.994512538107023225e-01 1.002752047944540925e-01
6.636128938164331803e-01 -7.480761179434818331e-01 -2.211858704333682230e-04 6.428877397805104366e+00 7.479781659939670480e-01 6.635211579435784657e-01 1.638096937041300105e-02 4.475078657609469879e+00 -1.210745046989893277e-02 -1.103606468912865513e-02 9.998657984546207578e-01 7.565251679191244139e-02
6.766987183894982438e-01 -7.362449603754867011e-01 -4.711990206748713737e-03 6.501503758064607119e+00 7.362407728354779524e-01 6.767134511162302690e-01 -2.903358913320963110e-03 4.574500841088577907e+00 5.326250522528610913e-03 -1.504460055740854422e-03 9.999846837103616437e-01 1.067817599354095315e-01
6.985698429804571008e-01 -7.155320934690803103e-01 -3.741349223863923209e-03 6.567935996488682093e+00 7.154858683754974358e-01 6.985710350864102747e-01 -8.858955540118559208e-03 4.661099919943842096e+00 8.952465203504896690e-03 3.511716682299200008e-03 9.999537595372715026e-01 1.702090182276274621e-01
7.030143449557989532e-01 -7.111737324034139718e-01 1.659254581551154002e-03 6.719809892336607859e+00 7.111737185612758694e-01 7.030050416120621204e-01 -3.981644854868372600e-03 4.757955595968454965e+00 1.665176896393215497e-03 3.979171700293483889e-03 9.999906966459654045e-01 1.417391468862673476e-01
6.990335554690325637e-01 -7.150246813949630020e-01 9.580883276331747522e-03 6.783962170691322235e+00 7.150710379415043949e-01 6.990479951662031954e-01 -2.304593537181807029e-03 4.821462447579798472e+00 -5.049655986572801868e-03 8.462000363010096712e-03 9.999514465834197230e-01 7.890598098545592576e-02
6.937091601001953434e-01 -7.202296652008284283e-01 6.068818483387984283e-03 6.854389848297462784e+00 7.202375215888912052e-01 6.936083853714072323e-01 -1.285769178200606502e-02 4.939370456030474088e+00 5.051107658034776834e-03 1.329048935037082865e-02 9.998989194934929658e-01 9.595683614892475122e-02
6.882227109739402771e-01 -7.254994811331526572e-01 -5.454545551577616794e-05 6.884492213364963753e+00 7.254732893038470243e-01 6.881984998847452406e-01 -8.445783743571702584e-03 5.059120614250184111e+00 6.164949824385573124e-03 5.773008913270944592e-03 9.999643322447806515e-01 1.917135752023129136e-01
6.772555669196043127e-01 -7.357189468956926159e-01 -6.521369112260209759e-03 7.006839114004645097e+00 7.356545254220203667e-01 6.770018920878604352e-01 2.192845948896102182e-02 5.130237643511465606e+00 -1.171820389425976688e-02 -1.964864596225147919e-02 9.997382729541480773e-01 1.748382791455716789e-01
6.702011170556276820e-01 -7.421074377458792837e-01 -1.034473487503360066e-02 7.087727874335199019e+00 7.414093237704691974e-01 6.688057262263992220e-01 5.487362930401499389e-02 5.200202917357287902e+00 -3.380351052190334882e-02 -4.444605054473072664e-02 9.984397183943409804e-01 1.348654979655830033e-01
6.736991335047204377e-01 -7.388149876573081309e-01 -1.678962560393911646e-02 7.182900272897897231e+00 7.378018903763342573e-01 6.711318029557994391e-01 7.232201337356247706e-02 5.280047200632624005e+00 -4.216453571541572271e-02 -6.111069525238302380e-02 9.972400086507128281e-01 9.855469894055479685e-02
6.666127654263999114e-01 -7.449300100782298983e-01 -2.658384952213865837e-02 7.304592480958590706e+00 7.447930099323296638e-01 6.641985382369313129e-01 6.421584041234935925e-02 5.412198796473947304e+00 -3.017935265223836705e-02 -6.260656426263834506e-02 9.975818887613787656e-01 7.748077024709260074e-02
6.716594000408329102e-01 -7.405166379132995802e-01 -2.255569352451251841e-02 7.324797239807790739e+00 7.406940559799554125e-01 6.705531030152678262e-01 4.160350312844599691e-02 5.510190732232623567e+00 -1.568329597856901042e-02 -4.465025207296093729e-02 9.988795669233953012e-01 1.252821058772013718e-01
6.883790384172390198e-01 -7.252036890808903902e-01 -1.462562173805196514e-02 7.370991855967221618e+00 7.253026061862788421e-01 6.879597338812089014e-01 2.544668971571658472e-02 5.592045868366672501e+00 -8.392194417976967663e-03 -2.812496936111061330e-02 9.995691857851999318e-01 1.946602602797728176e-01
7.172900144058675931e-01 -6.965531697262803412e-01 -1.757034370472109960e-02 7.444193716917667736e+00 6.967520378982023921e-01 7.168350146528041922e-01 2.615644189135972464e-02 5.687023644391534738e+00 -5.624314921159324215e-03 -3.100392736389592785e-02 9.995034384981783537e-01 2.356117056132983056e-01
7.236699256059071494e-01 -6.896245169375896378e-01 -2.683028908038016802e-02 7.637055161619566768e+00 6.900470060529126926e-01 7.223596207076652398e-01 4.507446958633391787e-02 5.802021563166793072e+00 -1.170334187111318237e-02 -5.113319870371847709e-02 9.986232661916975006e-01 2.344191275627312832e-01
7.168885214641340653e-01 -6.965677377769347034e-01 -2.939786525058130096e-02 7.717205328786013396e+00 6.969755229755177917e-01 7.149923361871738381e-01 5.487330468097351838e-02 5.892423651459770539e+00 -1.720372535154133381e-02 -5.982763476798175911e-02 9.980604620723624310e-01 1.521220061622665654e-01
7.132739242537498026e-01 -7.003682383833019776e-01 -2.691913155223276191e-02 7.787649274123279675e+00 7.007044199219766289e-01 7.116909331484465584e-01 5.009322884482107774e-02 5.921931638645184570e+00 -1.592560458702461587e-02 -5.459254837579730069e-02 9.983817049507537345e-01 1.215993313311628382e-01
7.018398344442926540e-01 -7.118427124744628465e-01 -2.647261763043103414e-02 7.796941235267780712e+00 7.122262157612055944e-01 7.005992954957057650e-01 4.352521950999439088e-02 6.003224563566717187e+00 -1.243641305523364091e-02 -4.940222513126122511e-02 9.987015348853729435e-01 1.710539690551812764e-01
6.949987479580492789e-01 -7.181315363253698569e-01 -3.555048342439190434e-02 7.881865721384939683e+00 7.189756488684307945e-01 6.936247153659260700e-01 4.425800004244521968e-02 6.135415814781624455e+00 -7.124371618804557077e-03 -5.631918650426527562e-02 9.983873960344926690e-01 2.573482688380046013e-01
6.868261981545822348e-01 -7.257810009027632070e-01 -3.888074404002307000e-02 7.993154105115109154e+00 7.266671125304426937e-01 6.845936881137399954e-01 5.732704214850439794e-02 6.228317410839765422e+00 -1.498936607037070108e-02 -6.762707241490355237e-02 9.975980643432492689e-01 2.387004869391257666e-01
6.881032687985881857e-01 -7.249765007010084972e-01 -3.038033739145651682e-02 8.125110697994637476e+00 7.251392382443804241e-01 6.855388767656691584e-01 6.488091862192149617e-02 6.275661379417130092e+00 -2.621023897368637487e-02 -6.667474690004740467e-02 9.974304494543752009e-01 1.545233046664750975e-01
6.876250771269833972e-01 -7.256974749273398251e-01 -2.312851465601047790e-02 8.234370325492118781e+00 7.257621327606652573e-01 6.860671254590757773e-01 5.080576753688031272e-02 6.358499954792696585e+00 -2.100190364707223839e-02 -5.172111994537537810e-02 9.984407072003801398e-01 1.381444806414224291e-01
6.963548461460635775e-01 -7.174619610285210003e-01 -1.839192012816977251e-02 8.284298247010447369e+00 7.176927890026935097e-01 6.960270410958185883e-01 2.152716137661685875e-02 6.435540019026745107e+00 -2.643645669764332559e-03 -2.819029160027645975e-02 9.995990789296796963e-01 1.758829140040407690e-01
7.069812468879521639e-01 -7.070707945719040266e-01 -1.511317346598162019e-02 8.371537049692902244e+00 7.070690970464393876e-01 7.071157519224376964e-01 -6.372235486737961099e-03 6.535419740876022843e+00 1.519238462813892084e-02 -6.181006926220169312e-03 9.998654842541013776e-01 2.108574395030210491e-01
7.355383197374496529e-01 -6.773562522901602767e-01 -1.311059423664933873e-02 8.427199990519833150e+00 6.774168803905181724e-01 7.355992841344454192e-01 2.516800942983718481e-04 6.618414222853582274e+00 9.473666649606461015e-03 -9.066458201528487804e-03 9.999140207917338596e-01 2.407863258765592651e-01
