1.000000000000000000e+00 0.000000000000000000e+00 0.000000000000000000e+00 0.000000000000000000e+00 0.000000000000000000e+00 1.000000000000000000e+00 0.000000000000000000e+00 0.000000000000000000e+00 0.000000000000000000e+00 0.000000000000000000e+00 1.000000000000000000e+00 0.000000000000000000e+00
9.999984190850336185e-01 -1.743797149227345597e-03 -3.478490128072039291e-04 1.439313373576180111e-02 1.744023657215549921e-03 9.999982666825353306e-01 6.519305238973129024e-04 -4.854362909645512647e-02 3.467115752853685315e-04 -6.525361501580654536e-04 9.999997269937909161e-01 -1.332317086311215516e-02
9.999928670009785581e-01 -3.754515917877879975e-03 -4.117734639896814095e-04 1.479338258149731633e-02 3.754671815903963105e-03 9.999928795693043826e-01 3.784841416758023868e-04 -9.876255645920076209e-02 4.103495072506826579e-04 -3.800275161685693790e-04 9.999998435961722221e-01 -2.342590600827460304e-02
9.999944981554742540e-01 -3.300838204313622827e-03 -3.288250753788461061e-04 1.340031922945866469e-02 3.300899918828228280e-03 9.999945344712253270e-01 1.873163187815762572e-04 -1.073022507438574635e-01 3.282049773146091410e-04 -1.884007068609399238e-04 9.999999283933307392e-01 -1.853128660201137229e-02
9.999982845964330291e-01 -1.810717446487674189e-03 3.900083592778865859e-04 -2.164882406608728549e-02 1.810827473628506519e-03 9.999983207035477717e-01 -2.819467062511044064e-04 -6.457603417743096319e-02 -3.894971785182438492e-04 2.826524604506439661e-04 9.999998841997606025e-01 3.960048324829542471e-03
9.999996083147452142e-01 -7.334957109436605199e-04 4.953326136929336225e-04 -5.680422740315842212e-02 7.335728015096258572e-04 9.999997188499419876e-01 -1.554701962854455530e-04 -1.851707539695535143e-02 -4.952184377079855938e-04 1.558334979231679174e-04 9.999998652373008889e-01 1.208526756465928310e-02
9.999985475001468282e-01 1.491049596265047470e-03 8.256928593496931255e-04 -9.423275744413800448e-02 -1.491187058122815526e-03 9.999988744201961932e-01 1.658900189655261430e-04 2.172627632640668910e-02 -8.254445797206835063e-04 -1.671210405161446669e-04 9.999996453558389620e-01 1.604543754189037205e-02
9.999992962176700306e-01 7.968820179122565895e-04 8.789443748718991402e-04 -5.520405978357649512e-02 -7.977852609748949803e-04 9.999991536094081646e-01 1.027773878230950474e-03 3.167665664293578542e-05 -8.781246164196072901e-04 -1.028474363769345300e-03 9.999990855684024460e-01 1.849950677153894621e-02
9.999990147055023426e-01 -1.297808900495721948e-03 5.350514762348960660e-04 -4.864959813205746442e-02 1.297246434907889379e-03 9.999986070659098170e-01 1.050246603002353684e-03 -5.962390912466551673e-03 -5.364137503325466533e-04 -1.049551474580116654e-03 9.999993053507540974e-01 1.636455067195206892e-02
9.999967707597847699e-01 -2.453573583554574580e-03 6.621530582546612548e-04 -7.668486676189736895e-02 2.453205632575012739e-03 9.999968363569844421e-01 5.559299837502769143e-04 -4.191026083487725019e-03 -6.635149785611988999e-04 -5.543037909066794722e-04 9.999996262475204789e-01 1.889335046332498921e-02
9.999990817341786187e-01 -9.686857829289729008e-04 9.477228780598454449e-04 -7.715957825392419367e-02 9.681365483327887631e-04 9.999993632611408056e-01 5.798180203599849220e-04 -1.018656754405342785e-02 -9.482839360808698959e-04 -5.788999627769732866e-04 9.999993828160144149e-01 2.820892304698624856e-02
9.999998876114850610e-01 -1.646897345997025143e-05 4.738204197067651786e-04 -3.787052491036981688e-02 1.624888093454383587e-05 9.999998919849271140e-01 4.645063056861368318e-04 1.919187993797845382e-03 -4.738280184690383417e-04 -4.644985544293787471e-04 9.999997798640266611e-01 1.059870987810550627e-02
9.999999803870709414e-01 -1.879308966021833109e-04 -6.251268473425333424e-05 -7.412576088559494521e-03 1.879546735351441311e-04 9.999999099214418319e-01 3.805655646450283513e-04 8.091757980367698250e-03 6.244115907542116442e-05 -3.805773067322740190e-04 9.999999256310048157e-01 -6.039307452811563254e-03
9.999995953066364018e-01 -8.982247485605367827e-04 5.078252220708068769e-05 -6.325059474774408219e-03 8.982143057599448590e-04 9.999995755338848547e-01 2.052878734257993388e-04 4.822818509090763886e-03 -5.096689530011118088e-05 -2.052421767592303378e-04 9.999999776390119388e-01 -5.749826273311053892e-03
9.999995791070107609e-01 -9.174882712522795846e-04 1.036021925161783217e-06 -6.754321710279356794e-03 9.174881332702850478e-04 9.999995711520733854e-01 1.261395840301636603e-04 -5.370152700207150506e-03 -1.151753069754244977e-06 -1.261385804010749158e-04 9.999999920438659151e-01 -3.438724438267414321e-03
9.999999535398791384e-01 -1.494585748147277896e-04 2.656734346791882759e-04 -1.457277272779528184e-02 1.494771276365009156e-04 9.999999863912479858e-01 -6.981469944415577122e-05 -1.616298628524235476e-02 -2.656629966582243259e-04 6.985440830246155558e-05 9.999999622717662406e-01 5.441745112225223474e-03
9.999999193595922042e-01 -3.865313598372378768e-04 1.089693397778042605e-04 1.303821110387151302e-02 3.865381812686953305e-04 9.999999233356456907e-01 -6.258543964687158644e-05 -3.482538722311373514e-02 -1.089451401886474554e-04 6.262755541036796097e-05 9.999999921043728479e-01 2.184409216413120067e-03
9.999996310055054849e-01 -8.117847898953666364e-04 -2.810592600787760139e-04 3.835104804348405533e-02 8.117971227812894285e-04 9.999996695348106757e-01 4.376871932505232759e-05 -3.895461683674620451e-02 2.810236364178531868e-04 -4.399686627329885233e-05 9.999999595449949874e-01 -1.189523152105747238e-02
9.999997430822716860e-01 -5.615410718252433807e-04 -4.455412610264754270e-04 2.810491375029786076e-02 5.613866544289712818e-04 9.999997823451919343e-01 -3.466332253629557814e-04 -6.203765976757772554e-02 4.457358128451783738e-04 3.463830153887972451e-04 9.999998406691832376e-01 -3.017468918993890248e-02
9.999891749914456840e-01 4.646016252509087632e-03 -2.538363826960314540e-04 8.136216807624763875e-03 -4.646177818912730628e-03 9.999890018729368224e-01 -6.396599430202267898e-04 -7.118370318131990448e-02 2.508617204798902758e-04 6.408323876667870516e-04 9.999997632010960702e-01 -2.319112123508546355e-02
9.999820525677350913e-01 5.988278388605072257e-03 -1.872547995509201617e-04 -1.010003032013992268e-02 -5.988372392862686446e-03 9.999819417458354343e-01 -5.055475378631870027e-04 -6.545756246707606918e-02 1.842240586607576784e-04 5.066598160550562276e-04 9.999998546786529330e-01 -1.572990789846866536e-02
9.999853558085309846e-01 5.411636258298315079e-03 -4.859520017380458630e-05 -1.459809745761424422e-02 -5.411644109746181937e-03 9.999853436756108715e-01 -1.629171566609589439e-04 -7.744409848870442703e-02 4.771283955470177366e-05 1.631777507997057451e-04 9.999999855482532007e-01 -8.442983915278187701e-03
9.999906915448398825e-01 4.307009699009373485e-03 -2.578587319325518633e-04 2.092007144122204343e-02 -4.306987641967505165e-03 9.999907211847939292e-01 8.603352678920071566e-05 -8.579779406657157825e-02 2.582268865433500339e-04 -8.492213157816742668e-05 9.999999630535526540e-01 -1.388387483779145518e-02
9.999882786640478249e-01 4.829837989804046036e-03 -3.394105284442896879e-04 3.665455540953205249e-02 -4.829862834455390941e-03 9.999883335222693459e-01 -7.241791797931709448e-05 -7.715066057985030257e-02 3.390568019075190266e-04 7.405637544152744636e-05 9.999999397780673371e-01 -1.879346749879496140e-02
9.999825249535142513e-01 5.886815553813692925e-03 -5.433141170040538346e-04 6.238838773069251692e-02 -5.886995766392434659e-03 9.999826168113158387e-01 -3.306902470600071842e-04 -7.237624033630409015e-02 5.413579599823558838e-04 3.338829561391915023e-04 9.999997977268448857e-01 -2.873830569284045733e-02
9.999321509937747487e-01 1.163784617469941322e-02 -5.039299324634205707e-04 1.016849084744925191e-01 -1.163795970749120258e-02 9.999322517983254555e-01 -2.229515129200492212e-04 -7.097882548760954535e-02 5.013011167049461663e-04 2.288011021308692121e-04 9.999998481736115385e-01 -3.624120681699917468e-02
9.999083376268930179e-01 1.352942689113187553e-02 -5.205307108385316510e-04 7.864075023242719786e-02 -1.352943161691801295e-02 9.999084730360208173e-01 -5.558452182725260725e-06 -2.452387877911844927e-02 5.204078655704766961e-04 1.260042733860302939e-05 9.999998645084321458e-01 -5.092253605734638200e-02
9.999342553888311835e-01 1.144672830182337335e-02 -6.762478598521224921e-04 7.339093874979465970e-02 -1.144683242228690910e-02 9.999344715719432619e-01 -1.502984850135092709e-04 -2.295797622525641221e-02 6.744831204707644676e-04 1.580294996257102305e-04 9.999997600495699190e-01 -5.909379266154175803e-02
9.999571860057100414e-01 9.207737842499346889e-03 -9.185419781856235793e-04 9.655276486711233952e-02 -9.207836866498458547e-03 9.999576016012049484e-01 -1.036349643157529859e-04 -2.035575891243723498e-02 9.175487898937862482e-04 1.120883119791465384e-04 9.999995727701229686e-01 -6.248519375408893156e-02
9.999976612779274410e-01 -1.923336069065944686e-03 -9.890485533853626745e-04 1.306906855121011402e-01 1.924052978452047997e-03 9.999978866246470588e-01 7.244076031707143756e-04 -6.342033462418687068e-03 9.876531838826434987e-04 -7.263088907976380723e-04 9.999992485080093640e-01 -5.172877316592111585e-02
9.997079544999337708e-01 -2.415114336862370439e-02 -8.532195184327247056e-04 1.755463547846734806e-01 2.415205147648987957e-02 9.997077234422407921e-01 1.070560324855492247e-03 3.325197145051429076e-02 8.271148864785188423e-04 -1.090854674260001607e-03 9.999990629580830515e-01 -3.359761643524860480e-02
9.986154159583072731e-01 -5.259644976900840901e-02 -9.297753024773154195e-04 2.089282631612067731e-01 5.259810696695530613e-02 9.986140327744497114e-01 1.858141394755417810e-03 5.680512794706927410e-02 8.307550238479872486e-04 -1.904473062647965651e-03 9.999978414118922965e-01 -3.174549975997513485e-02
9.979138598586774211e-01 -6.454630017793684671e-02 -1.305157191911599174e-03 2.255221590613402105e-01 6.455006753690610555e-02 9.979096968461994566e-01 3.086376728020058784e-03 1.730475095763417404e-02 1.103214818968159495e-03 -3.164186098520664538e-03 9.999943854059367698e-01 -5.914285437798000311e-02
9.974992273208210802e-01 -7.066550172398682050e-02 -1.295515519812199048e-03 2.529898002861686868e-01 7.066732287012573999e-02 9.974989311816551130e-01 1.418368719681011112e-03 -2.960859319623319538e-02 1.192045609136047676e-03 -1.506372315459658141e-03 9.999981549331543595e-01 -4.458429482961426271e-02
9.969062575422974470e-01 -7.859152951630050954e-02 -1.133649548585362278e-03 2.639218978611281852e-01 7.859041289297251376e-02 9.969064905135778254e-01 -9.980847729107174097e-04 -6.728397209262851342e-02 1.208583601842517933e-03 9.059029695731215387e-04 9.999988593320929819e-01 -9.969723323335351328e-03
9.968467365911948264e-01 -7.930936495383136831e-02 -2.570676585059023401e-03 3.155603385828848473e-01 7.929832841121636777e-02 9.968423182252053039e-01 -4.143393124651481400e-03 -1.833069772953793142e-01 2.891169083927670660e-03 3.926477558642188330e-03 9.999881118869912155e-01 -5.888923014743906170e-02
9.964913173021925363e-01 -8.342306839821772568e-02 -6.756197182382447930e-03 3.791129002333193942e-01 8.322462344274880741e-02 9.962000620189670475e-01 -2.567291347351844874e-02 -1.854337983614005314e-01 8.872237268784621128e-03 2.502055339980286883e-02 9.996475655516867675e-01 -1.005133840928847944e-01
9.960175508322666182e-01 -8.842925428290347722e-02 -1.137125415522886526e-02 3.869617713950128657e-01 8.764280451441804065e-02 9.945103748565398138e-01 -5.716513902329060925e-02 -7.524506246809724297e-02 1.636390084731373720e-02 5.594087315795345794e-02 9.982999756883624842e-01 -3.793728917640695752e-02
9.987513582678498869e-01 -4.845018968016698985e-02 -1.217799154544170308e-02 4.671883814362906007e-01 4.755788371422504240e-02 9.967397634988427457e-01 -6.517738531803299318e-02 -4.795210241714471799e-02 1.529614509441049909e-02 6.451684260894152700e-02 9.977993811207861441e-01 1.124225302044307845e-02
9.991630121040563361e-01 -3.984267258345263601e-02 -9.264808932580616274e-03 7.067353709656490901e-01 3.924718653929985118e-02 9.975790367011410087e-01 -5.740839558089853162e-02 -6.640686819496147142e-02 1.152968307885496660e-02 5.699672776424381110e-02 9.983077879252819642e-01 -1.666884079772669447e-02
9.983001442114854962e-01 -5.785143260437254631e-02 -7.073458344324481603e-03 7.692001625017910182e-01 5.746455038194091258e-02 9.972765741796348893e-01 -4.623050986018434338e-02 -3.336393268638038895e-02 9.728695530672506683e-03 4.574545155699054344e-02 9.989057543858271826e-01 -5.465986965444563639e-02
9.982330024550379877e-01 -5.939893439461835234e-02 1.624623766890145957e-03 7.224447990095711480e-01 5.942074711387264341e-02 9.977526937998471013e-01 -3.096347570247585251e-02 -5.307794060852908877e-03 2.182247220548246122e-04 3.100529967493365069e-02 9.995191962989196099e-01 -1.124217857016730771e-02
9.978754536533698261e-01 -6.512144010969470043e-02 1.943459318007098331e-03 7.432994153725793751e-01 6.513005354693371385e-02 9.978654399601867286e-01 -4.758135983400937213e-03 -5.232543398825294928e-03 -1.629454219931050166e-03 4.874604712428723050e-03 9.999867914666886737e-01 -2.983908585222248833e-02
9.955929751329288813e-01 -9.375317789236216337e-02 -2.229237772493707255e-03 8.645501312097232383e-01 9.376810028837993805e-02 9.955622816536700004e-01 7.955294893778587506e-03 2.594648089649960465e-02 1.473510865769755507e-03 -8.129267102374656412e-03 9.999658713086695405e-01 5.766963362654565356e-02
9.855085763605332394e-01 -1.671317395785807125e-01 -2.897977821296222889e-02 9.795392198200578715e-01 1.675162732624415896e-01 9.858036886539711663e-01 1.137478037094393282e-02 1.243965452536714977e-01 2.666728542799200186e-02 -1.606452805599022440e-02 9.995152759344102522e-01 7.726113859201773348e-02
9.730782103981614473e-01 -2.255031975845204761e-01 -4.761411899288112148e-02 1.047488668327829275e+00 2.265411640392262504e-01 9.738427101669192565e-01 1.759195414108479308e-02 1.090181461197870377e-01 4.240162077166266530e-02 -2.790490519436283554e-02 9.987108784938860673e-01 -8.754345071834632175e-03
9.626418506089507998e-01 -2.674177936184229942e-01 -4.252518209754076878e-02 1.159434064522726127e+00 2.684748476595950617e-01 9.630497728669642488e-01 2.136331329747050492e-02 9.289287709503374346e-02 3.524093685377425317e-02 -3.198216123314961273e-02 9.988669669843552867e-01 -3.880917973877280602e-02
9.571181283564998976e-01 -2.879429326584603266e-01 -3.183953365544060776e-02 1.334325038394085894e+00 2.888086402205132797e-01 9.570046262701712436e-01 2.705022424062230105e-02 1.321010229838958661e-01 2.268166010962772289e-02 -3.508579241709110924e-02 9.991268835664147696e-01 -1.012488776941509738e-01
9.531331168789454189e-01 -3.019362547846471956e-01 -1.928106727458709160e-02 1.412660181184191899e+00 3.022979004535088499e-01 9.530066254406477366e-01 1.985827907018870853e-02 1.555625526789369828e-01 1.237905044932722728e-02 -2.475620958163142482e-02 9.996168712047247551e-01 -1.021045509131701251e-01
9.500329859264337040e-01 -3.119671504103127546e-01 -1.066877296477812889e-02 1.383626731193205783e+00 3.119173963126004034e-01 9.500897112026814861e-01 -6.089215415255188994e-03 2.048999857508840283e-01 1.203592660632473929e-02 2.457179617880298449e-03 9.999245465229127383e-01 5.565903092286242360e-02
9.552208858025524885e-01 -2.949777040622995061e-01 -2.326399434150380752e-02 1.380800878013981325e+00 2.945695823350211739e-01 9.554323165724378786e-01 -1.943835414833266356e-02 2.358304276164895630e-01 2.796105308385611610e-02 1.171505677149297341e-02 9.995403628444838873e-01 2.100832455328296988e-01
9.599506055077343669e-01 -2.764450260310580276e-01 -4.553001831782969855e-02 1.653487867418344859e+00 2.763906711794579252e-01 9.610152354252993190e-01 -7.610135703476555297e-03 2.883901651476391548e-01 4.585882543527475264e-02 -5.278717945129617409e-03 9.989339834376207428e-01 1.406197538226849897e-01
9.551940650412618083e-01 -2.922167525143943845e-01 -4.704962975296324290e-02 1.889970982677026790e+00 2.933759627369888490e-01 9.557916082504444022e-01 1.982286775857666425e-02 3.300514254708207806e-01 3.917706724723912792e-02 -3.273791606028467194e-02 9.986958427138540317e-01 -5.012240320795074977e-02
9.453697024464077225e-01 -3.238077443918045972e-01 -3.774480584507376724e-02 1.998595206137610436e+00 3.250376319478111009e-01 9.451300027676621252e-01 3.286054908485631920e-02 3.294182797493489523e-01 2.503324817417593162e-02 -4.333384982078887504e-02 9.987469719331114604e-01 -1.914992252008810014e-01
9.238950576140959603e-01 -3.821345578214492278e-01 -1.977630488366786954e-02 1.968192465001886049e+00 3.825536348673413967e-01 9.235729150449252245e-01 2.580284955589438531e-02 3.928193667188871196e-01 8.404699044651246093e-03 -3.140462249454278876e-02 9.994714156592694465e-01 -4.517695486365785884e-02
8.991430867751790679e-01 -4.373924577481143050e-01 -1.515082207231091896e-02 1.969775336387311837e+00 4.376260670413159026e-01 8.989417510962822710e-01 1.967621868905326116e-02 4.448900237030493643e-01 5.013476872636996734e-03 -2.432213068408699969e-02 9.996916019496381312e-01 1.060776200124622370e-01
8.586112239773882049e-01 -5.124535828069745058e-01 -1.334509379310016598e-02 2.108176713491811682e+00 5.126132138750711942e-01 8.581035168449125949e-01 2.976654731512257818e-02 5.111323014257486141e-01 -3.802501902943426423e-03 -3.239876304256357475e-02 9.994677889419898431e-01 1.464143662097597276e-01
8.336355369998549314e-01 -5.522194973182309452e-01 -1.026733814403679029e-02 2.232298916157707591e+00 5.519847247142201097e-01 8.323504357619956329e-01 5.005612618833806676e-02 5.146244598760759681e-01 -1.909594546311719002e-02 -4.739597945413166064e-02 9.986936296975430505e-01 -3.589202101085708918e-03
8.114200626518095483e-01 -5.844616434364636737e-01 -1.438498412041019220e-03 2.362640481966457262e+00 5.835280114281707897e-01 8.099797829441358621e-01 5.854751147961019531e-02 5.515186326841803321e-01 -3.305362014693773165e-02 -4.834602955071372332e-02 9.982835867737500646e-01 -4.696433165704490265e-02
8.080022955281364050e-01 -5.891743073657285112e-01 2.434329759150595518e-03 2.423409621026697103e+00 5.883202987629867486e-01 8.070403559235395097e-01 5.064671730958212464e-02 6.123840216908520429e-01 -3.180434694648105742e-02 -3.949049823591584824e-02 9.987136647029453140e-01 6.019086935714776376e-03
8.049779479409582272e-01 -5.932120483242659947e-01 -1.048661297525203470e-02 2.552213694921448450e+00 5.932903114165728464e-01 8.047094134313749203e-01 2.119826205514409659e-02 7.118617098584992808e-01 -4.136388278449682106e-03 -2.328573936685692999e-02 9.997202931991271413e-01 5.254237272943178272e-02
8.076039796473997168e-01 -5.888530982947618453e-01 -3.205995455926138882e-02 2.572398764200614529e+00 5.891260678127557826e-01 8.080403333228849405e-01 -1.138396644947071296e-03 7.559999038489197964e-01 2.657608475984755969e-02 -1.796798130287679054e-02 9.994852992249244616e-01 5.968809553156727982e-02
8.334120187271021329e-01 -5.495286733658976130e-01 -5.867405039651880233e-02 2.667375125022989568e+00 5.493647499887978070e-01 8.353350730574204963e-01 -2.033930160796365225e-02 8.110620940699835302e-01 6.018952160436393667e-02 -1.528243661432128822e-02 9.980699718056680325e-01 1.105554281027422425e-01
8.331771897221446066e-01 -5.478112651080960793e-01 -7.562134848954218946e-02 2.906220627811473278e+00 5.486302208420065218e-01 8.359882044171073057e-01 -1.134031985051404609e-02 9.069652332795058447e-01 6.943091030341325132e-02 -3.203966129858631939e-02 9.970721181531009281e-01 1.623415797181263220e-01
8.342625127854164102e-01 -5.466182134537812543e-01 -7.221210758286690512e-02 2.966620312840489770e+00 5.484185304555732055e-01 8.361803997175761838e-01 6.281288172363095473e-03 9.557336301753621699e-01 5.694888246412478650e-02 -4.484270117590055671e-02 9.973695187528723860e-01 7.506180233323705986e-02
8.171347155820951613e-01 -5.717216415289141374e-01 -7.365610088819669887e-02 3.062408910671348128e+00 5.736336406656317166e-01 8.190897424602557875e-01 6.036563019196271307e-03 9.899899232184240505e-01 5.687972298861201231e-02 -4.718430251551569005e-02 9.972654304190349261e-01 3.483960002113169890e-02
7.935641470670246056e-01 -6.029090316745929767e-01 -8.219880786842619080e-02 3.034570260335778702e+00 6.043892087394838741e-01 7.966458252051213940e-01 -8.313455509697240120e-03 1.037641148958315274e+00 7.049559453644098361e-02 -4.308281221619441465e-02 9.965812773891038479e-01 7.524858671272993682e-02
7.694030631187962488e-01 -6.313619064927166180e-01 -9.695911248199279298e-02 3.122677893171851515e+00 6.333130855530072489e-01 7.737855818053183121e-01 -1.305408202572672788e-02 1.099646963296700752e+00 8.326741337848123092e-02 -5.136162400165378977e-02 9.952027539397033662e-01 1.575723654918695926e-01
7.449608047686320234e-01 -6.568396934654894270e-01 -1.165976691303647339e-01 3.228340505434227126e+00 6.616691700401553522e-01 7.497869358359184888e-01 3.668823811008546654e-03 1.167128221422958134e+00 8.501357995546468538e-02 -7.988221290090832816e-02 9.931724539500729199e-01 1.336811716563657826e-01
7.413443599869823375e-01 -6.607195059698093287e-01 -1.177211720401331735e-01 3.414317639827544770e+00 6.677980509354718430e-01 7.436761136657712434e-01 3.148969878801145816e-02 1.226065823204835370e+00 6.674056549263286675e-02 -1.019586798364214980e-01 9.925472908248441639e-01 4.594891335900708196e-02
7.235300785545288882e-01 -6.835050544170450104e-01 -9.656638138208181732e-02 3.547691837903036216e+00 6.892929521446581331e-01 7.229045430363323366e-01 4.779380484051799771e-02 1.314573258317888849e+00 3.714096862737015226e-02 -1.011427814714619261e-01 9.941783975754234781e-01 -1.440107650683686291e-02
7.173861084404872246e-01 -6.927975201686433770e-01 -7.340822477618978714e-02 3.593770954511839477e+00 6.963433723305467726e-01 7.163068314953833227e-01 4.483782961257352928e-02 1.362474502792281772e+00 2.151927572979829562e-02 -8.328336689413255722e-02 9.962935318322819755e-01 8.705235558917126526e-03
7.152725900891669930e-01 -6.958670013214414141e-01 -6.445338112961637722e-02 3.646043949339005330e+00 6.982841162642692279e-01 7.153480243575059960e-01 2.600955633688845081e-02 1.459043337440511623e+00 2.800740688038078768e-02 -6.361069501049460007e-02 9.975817082525715307e-01 7.306656273479984753e-02
7.139052970144090793e-01 -6.973137621380262052e-01 -6.397455765912581083e-02 3.739368897298930960e+00 6.991402628840174271e-01 7.149243869443246968e-01 9.274360719130046032e-03 1.538660915935966988e+00 3.926983205000317279e-02 -5.134820430349924802e-02 9.979084337781551906e-01 1.258314484850206472e-01
7.229812300420878080e-01 -6.879104664736814811e-01 -6.385398282638103662e-02 3.799597003071244927e+00 6.898627565332302591e-01 7.238227445851173059e-01 1.303884847834118482e-02 1.620404627208031911e+00 3.724940476306672771e-02 -5.347732731943628109e-02 9.978740688621822175e-01 1.400422527454261712e-01
7.305542889808911422e-01 -6.806692147839338292e-01 -5.458801056136394075e-02 3.993522362273071558e+00 6.826172005846454782e-01 7.300708855220373605e-01 3.209765690903746554e-02 1.706452989760165240e+00 1.800523028474266402e-02 -6.071179587601776423e-02 9.979929305981591892e-01 9.834407721958345061e-02
7.195372799560955102e-01 -6.935981463906285560e-01 -3.446322789391324803e-02 4.109539925623129974e+00 6.943649127688816813e-01 7.177646466642465528e-01 5.168442622698529026e-02 1.813784080379774011e+00 -1.111173563611612611e-02 -6.111892769374763917e-02 9.980686379246266338e-01 3.272848127974431476e-02
7.107890324150301087e-01 -7.031792249712481846e-01 -1.783056273200538805e-02 4.138016487872536509e+00 7.028519145570312210e-01 7.089963939666168447e-01 5.764806628022801915e-02 1.869288541492089673e+00 -2.789511788863451719e-02 -5.350785840574004415e-02 9.981777254010482103e-01 4.215986516112590898e-02
6.926384465129367118e-01 -7.210887912941289501e-01 -1.682074558745343118e-02 4.181061050276017710e+00 7.206471128658838987e-01 6.908572087070646850e-01 5.817263871915535206e-02 1.933660992092937514e+00 -3.032690439546602279e-02 -5.241442785584394387e-02 9.981648193671889269e-01 9.048939169603474608e-02
6.647749891897664076e-01 -7.462826898947922949e-01 -3.370994676856043509e-02 4.341037928788638922e+00 7.467384534030621079e-01 6.625367912878226129e-01 5.853787149563129122e-02 2.041073699768749528e+00 -2.135172023395007224e-02 -6.408702640495458902e-02 9.977158699196990721e-01 1.026553564683077568e-01
6.482639917074373148e-01 -7.604447149203340528e-01 -3.843998706128409076e-02 4.405073044476497834e+00 7.609313491080370584e-01 6.452251898589578261e-01 6.832229735667944004e-02 2.118842186837510688e+00 -2.715288198630946490e-02 -7.354107642130189304e-02 9.969224799745634025e-01 6.157011011888628704e-02
6.399179133626385907e-01 -7.681802723847702685e-01 -2.010306634487687635e-02 4.517759727946097037e+00 7.669872179297775316e-01 6.368770999131858623e-01 7.821871348027761850e-02 2.191534019715733361e+00 -4.728289003377841859e-02 -6.547235084392419302e-02 9.967335148298284153e-01 7.315967267574567667e-02
6.358884693101609642e-01 -7.717699724617470558e-01 -4.118762529549836043e-03 4.567821241539469668e+00 7.699332524501087960e-01 6.339880032983453706e-01 7.253963361759144246e-02 2.289421907552950941e+00 -5.337266500726441099e-02 -4.929828881585605893e-02 9.973570260191937376e-01 9.004328871739529505e-02
6.427991070725123102e-01 -7.659958966363101807e-01 7.719733357820841857e-03 4.648490471092608267e+00 7.647590383821604165e-01 6.422773637918509637e-01 5.121914850310954614e-02 2.377410546797568358e+00 -4.419186757282491523e-02 -2.701988706351947031e-02 9.986576012545543835e-01 9.103771417528648546e-02
6.499823657449539382e-01 -7.597502109080105370e-01 1.739371282465004137e-02 4.725846526927955260e+00 7.589309124083600810e-01 6.501258176147821644e-01 3.688212930031511960e-02 2.490331003365848783e+00 -3.932930728613325683e-02 -1.077210731214945511e-02 9.991682377319889286e-01 1.132131918628630773e-01
6.732527341706464608e-01 -7.389801097966793852e-01 2.528148050721847756e-02 4.783583474659280910e+00 7.375248938633641727e-01 6.735829482414976699e-01 4.840498703775676648e-02 2.562946984196857514e+00 -5.279949681183049998e-02 -1.394306864286943767e-02 9.985077886392462743e-01 1.186393233691101362e-01
6.916254969552151355e-01 -7.218681550069075969e-01 2.367569953295685023e-02 4.912702813730551732e+00 7.195342225386026636e-01 6.914918627584534239e-01 6.410543139713588412e-02 2.685734461827247177e+00 -6.264722306072614821e-02 -2.730147479106888667e-02 9.976622449090735145e-01 9.490043274321190159e-02
6.828306053496076000e-01 -7.303244094939381759e-01 1.919951289014958443e-02 5.061181123916999702e+00 7.281722839742629239e-01 6.824786159186888579e-01 6.315111768936537695e-02 2.800961449985640783e+00 -5.922405971895026988e-02 -2.914096276792015397e-02 9.978192797492765331e-01 4.876726992013204198e-02
6.620177338685275803e-01 -7.492887276473261249e-01 1.728938009966009617e-02 5.091244505156659272e+00 7.475060999940301709e-01 6.617678434097671314e-01 5.742779728059325961e-02 2.859332397796914282e+00 -5.447155693840810553e-02 -2.509430312714823127e-02 9.981999426143384202e-01 4.460360251891183625e-02
6.410802463361544579e-01 -7.672286843117057664e-01 1.939751857595405776e-02 5.074261153971618477e+00 7.654863306245514032e-01 6.410335568859986122e-01 5.573738936338221150e-02 2.936876048830898700e+00 -5.519778423574305676e-02 -2.088360398528256792e-02 9.982570208618871677e-01 1.174445690077876164e-01
6.130177022780197715e-01 -7.899528154568752347e-01 1.355898394176922872e-02 5.182949914905275790e+00 7.877266784618942586e-01 6.124307089039117136e-01 6.644777521364989004e-02 3.028429612031752427e+00 -6.079454525834278311e-02 -3.005288909918997498e-02 9.976977734382407315e-01 1.575618475024122001e-01
5.939955819277056293e-01 -8.044345195626564360e-01 7.372407094329895549e-03 5.257492326259177950e+00 8.009830765272559772e-01 5.922494881558303392e-01 8.755943636233184946e-02 3.102815386799766983e+00 -7.480213745140268378e-02 -4.610474503947750713e-02 9.961320157075297388e-01 1.050189794094235768e-01
5.954970579827982835e-01 -8.033574863181699444e-01 5.577080808056439354e-05 5.348279699741096849e+00 7.996507717309199181e-01 5.927560757336507447e-01 9.591078120308735300e-02 3.193481470712848047e+00 -7.708370258346258774e-02 -5.706999086554870315e-02 9.953899331109544724e-01 6.931347964598522093e-02
6.024203476355993736e-01 -7.980877767868703732e-01 -1.206753073309219451e-02 5.460159384900357793e+00 7.956899480251975465e-01 5.992800503526498623e-01 8.798254293315267704e-02 3.298867530424892447e+00 -6.298596166021555587e-02 -6.260448700146049872e-02 9.960489178956131173e-01 6.864888920540526684e-02
6.130741544314810554e-01 -7.898651964646726809e-01 -1.590762653411311595e-02 5.509318091427997999e+00 7.888041781338438474e-01 6.108832508420553031e-01 6.789420004119549323e-02 3.432375831336250904e+00 -4.390956304401030103e-02 -5.417218155535897389e-02 9.975656996001903698e-01 1.093575536458532838e-01
6.369422222029137437e-01 -7.706720769801825854e-01 -1.921341558041121667e-02 5.600963265045617590e+00 7.703284000096412010e-01 6.352935081234916126e-01 5.473860314927121024e-02 3.485335273631767095e+00 -2.997935479292880567e-02 -4.966596721295870459e-02 9.983158468075126191e-01 1.154791737282503672e-01
6.526227642869337764e-01 -7.575163573382380777e-01 -1.589011955550195462e-02 5.678935867609911092e+00 7.570527471602278569e-01 6.510812669843013545e-01 5.444558567293655144e-02 3.583740285548545845e+00 -3.089766255938161330e-02 -4.756208728729014595e-02 9.983902955764557552e-01 1.278524730747886973e-01
6.802842029294824400e-01 -7.329281473671983571e-01 -5.452892946415106856e-03 5.718790159394565364e+00 7.315839064908621348e-01 6.785451770307229236e-01 6.604112727622360457e-02 3.650799200086441321e+00 -4.470336685494909895e-02 -4.891598435308511933e-02 9.978020021359952363e-01 1.680791968828843075e-01
6.873584651038324722e-01 -7.263183183612530458e-01 2.021459500753629290e-04 5.842991202873633938e+00 7.241825737983297318e-01 6.853585570734125332e-01 7.644114110265974593e-02 3.784004615003755401e+00 -5.565914351596096266e-02 -5.239607484470119869e-02 9.970740750234849958e-01 1.278267147604031928e-01
6.852776595606697718e-01 -7.282817441846378692e-01 -4.799942003801509205e-04 5.936851902749238796e+00 7.262891284473218523e-01 6.833536853839743408e-01 7.437635761026306636e-02 3.859669169273064693e+00 -5.383893764071004395e-02 -5.131707083926234647e-02 9.972301274200443544e-01 5.113743456387906394e-02
6.759029524455705262e-01 -7.369855331307889612e-01 -2.742778023757882350e-03 5.985908428692173544e+00 7.359149507445129634e-01 6.747107534585363720e-01 5.652065496891587465e-02 3.919031534971640696e+00 -3.980432320818863556e-02 -4.022092892190456265e-02 9.983976626227633044e-01 5.452372666879986424e-02
6.656847391734304065e-01 -7.461751186079951248e-01 -9.301634369640675304e-03 6.064473941662806844e+00 7.460980629428123345e-01 6.652754643706811910e-01 2.731733843839438333e-02 4.010402992821730628e+00 -1.419536912465467829e-02 -2.512466669866608368e-02 9.995835345876280531e-01 1.284427688112061705e-01
6.289401327769619243e-01 -7.773563579805667922e-01 -1.230455564766342116e-02 6.098665457726061057e+00 7.774519169826122900e-01 6.288941102196254906e-01 7.791977356684466963e-03 4.124500952660047126e+00 1.681119436225874883e-03 -1.446688764920336413e-02 9.998939358747939155e-01 1.948641598769312311e-01
6.309561398826450951e-01 -7.758179479219974306e-01 9.280228947259336683e-04 6.103623354758930475e+00 7.756714453640692897e-01 6.308593791584353738e-01 1.871503605792459307e-02 4.143576539512832113e+00 -1.510491281695685792e-02 -1.108852604878960563e-02 9.998244276866100622e-01 2.056559493016017204e-01
6.345095747248263862e-01 -7.728556071445786824e-01 9.581758069597080818e-03 6.251989365144320132e+00 7.722619785406756865e-01 6.344342600166924528e-01 3.323561670125419615e-02 4.274076439255775739e+00 -3.176532831501611281e-02 -1.368868957410500527e-02 9.994016128137791499e-01 1.532152241671988491e-01
6.463381152712199818e-01 -7.630385572608701095e-01 4.381880977029963334e-03 6.361668120407946603e+00 7.624518655436397507e-01 6.460474028123683876e-01 3.591526205413211187e-02 4.375605128648690112e+00 -3.023563256607417205e-02 -1.987242946001303162e-02 9.993452321748906853e-01 7.746191261933868533e-02
6.643179467304267671e-01 -7.474494749508291402e-01 -9.736773591246068379e-04 6.432949968136203900e+00 7.473635635073905270e-01 6.642206403239832024e-01 1.608244101909002410e-02 4.487478557201749929e+00 -1.137407549669980367e-02 -1.141154517703690981e-02 9.998701950969774987e-01 6.709645387592305665e-02
6.762945894723244589e-01 -7.366240812504757374e-01 -3.254408141664180253e-03 6.484932374445893544e+00 7.366004430863674068e-01 6.763001054229864639e-01 -6.160734519882298844e-03 4.583850536123611263e+00 6.739101974833299966e-03 1.769272943838059477e-03 9.999757267943172323e-01 1.163729156799443443e-01
6.980772922412931125e-01 -7.160208118791524523e-01 -1.513609257266971576e-03 6.547363649191546564e+00 7.159934769099713936e-01 6.980665269413168783e-01 -7.514318762073841397e-03 4.658627953581649273e+00 6.437008578105440394e-03 4.161840939672755389e-03 9.999706215687330646e-01 1.792400455289327177e-01
7.037729378816175441e-01 -7.104138519823539610e-01 3.976281814826201216e-03 6.701303726457727095e+00 7.104235903881805925e-01 7.037716074059796600e-01 -1.961333518342117492e-03 4.780704638047349242e+00 -1.405035744531875179e-03 4.205177855653381529e-03 9.999901711285761330e-01 1.720791666063137548e-01
6.997452222646912690e-01 -7.143231562516823008e-01 9.952505230971863542e-03 6.771844472576482588e+00 7.143703431836438966e-01 6.997653142274686822e-01 -1.875575595675570053e-03 4.849701074978435500e+00 -5.624650871009950065e-03 8.422199639456612666e-03 9.999487136127593878e-01 1.162253824058728235e-01
6.935863418159091687e-01 -7.203420971762112268e-01 6.726773535861789097e-03 6.851207063395317931e+00 7.203628530013769238e-01 6.934950664608381388e-01 -1.191439508302854187e-02 4.925820796142907909e+00 3.917456080375239166e-03 1.310937947637477903e-02 9.999063944728040498e-01 1.191944987980108339e-01
6.865489621892819638e-01 -7.270750802252610168e-01 -3.514289721994897329e-03 6.880949050926160382e+00 7.270509423687585571e-01 6.865559228380631041e-01 -6.155649167699778559e-03 5.026567998876720900e+00 6.888375535648405372e-03 1.671086893552367961e-03 9.999748785599936740e-01 1.693347524069433452e-01
6.765768590352669865e-01 -7.363252145935028636e-01 -8.302540081476381811e-03 6.989017088756100726e+00 7.362598320321536161e-01 6.762339739652173387e-01 2.508131159239128383e-02 5.114457799447797548e+00 -1.285354246725174676e-02 -2.308226178349295082e-02 9.996509368959751729e-01 1.528901040344600171e-01
6.693185687286860031e-01 -7.428705414466676427e-01 -1.249048460701091164e-02 7.074648103034279600e+00 7.422300915277426636e-01 6.677996358178771574e-01 5.601908275069557991e-02 5.210655427923317262e+00 -3.327378526260422326e-02 -4.676542582127695552e-02 9.983515664143832735e-01 1.344221551062976805e-01
6.733516700930297638e-01 -7.391087433968740461e-01 -1.777058854460144416e-02 7.170572647434468649e+00 7.382336594429673715e-01 6.708619372528752400e-01 7.039407084949857174e-02 5.316156479722017991e+00 -4.010726179100831956e-02 -6.051881178289332530e-02 9.973609582152362929e-01 1.231462935975771722e-01
6.667300452560833701e-01 -7.448451797347196424e-01 -2.601355375134986603e-02 7.286943945551461077e+00 7.447189786954279134e-01 6.644278612265830386e-01 6.268380968565430422e-02 5.418043056358968101e+00 -2.940560360985597366e-02 -6.116596645048389541e-02 9.976943595232551365e-01 1.043247242176272849e-01
6.704917758469097766e-01 -7.416093562047058052e-01 -2.136214669219739168e-02 7.301954921300226609e+00 7.417444977120238869e-01 6.694371878287177502e-01 4.085280487206998518e-02 5.509372363639085002e+00 -1.599620691272312864e-02 -4.323672445525602454e-02 9.989367883018352989e-01 1.137173794599960763e-01
6.880025342539977107e-01 -7.255508945944288968e-01 -1.511331245294799883e-02 7.363726327336881816e+00 7.256532792263388210e-01 6.875447853152272248e-01 2.663618842663213054e-02 5.586745388590238726e+00 -8.934831175664636332e-03 -2.929278988184388921e-02 9.995309406180483691e-01 1.857356753457467258e-01
7.162319860145487382e-01 -6.976237202901768297e-01 -1.824519383696159361e-02 7.426663041928906139e+00 6.978257617164725923e-01 7.156823006682613286e-01 2.894910698120340548e-02 5.677938254521356143e+00 -7.137821409930393372e-03 -3.346624267343736858e-02 9.994143595660623935e-01 2.599086035190103505e-01
7.232188393252454439e-01 -6.899872384297426331e-01 -2.953169905614086779e-02 7.643116334098296605e+00 6.905273105774155651e-01 7.217649496927467379e-01 4.719524066840058429e-02 5.784873861665673189e+00 -1.124916849221994572e-02 -5.452493190389484656e-02 9.984490412680605553e-01 2.204960864930418651e-01
7.158479356471845190e-01 -6.976228066034323438e-01 -2.973470592446563615e-02 7.693645181317336323e+00 6.980108960650418526e-01 7.138186114790140424e-01 5.695418229287214917e-02 5.878627188791231362e+00 -1.850735000321809126e-02 -6.152568254739272657e-02 9.979338998064630761e-01 1.445542901124621804e-01
7.138713860678405076e-01 -6.998174954122440283e-01 -2.535975687016887511e-02 7.770696917980330909e+00 7.000923319471703543e-01 7.123839281829864589e-01 4.878386634278489287e-02 5.965394399622272914e+00 -1.607391994359700163e-02 -5.257957760872193631e-02 9.984873645250275098e-01 1.503792195451970626e-01
7.018089336286721380e-01 -7.119103049529815763e-01 -2.545463377734846766e-02 7.796793869701206248e+00 7.122875959232455312e-01 7.007567921365305263e-01 3.982836888955836735e-02 6.052607449613257806e+00 -1.051671873112044152e-02 -4.608292499692451943e-02 9.988822566503312572e-01 1.990518506783357511e-01
6.947757404632355360e-01 -7.182155388109777716e-01 -3.811968355351035703e-02 7.895879995334423640e+00 7.192107723829020971e-01 6.934342695809720958e-01 4.341403758109928929e-02 6.150897855803382441e+00 -4.747141471683008485e-03 -5.757910715841898369e-02 9.983296605163481940e-01 2.725687884532251859e-01
6.861902903503571682e-01 -7.262227155328223605e-01 -4.175467486433113995e-02 7.977235005446162042e+00 7.273196409075487479e-01 6.839991296526581888e-01 5.613671333913792388e-02 6.240885398471560208e+00 -1.220759513610413308e-02 -6.888946275403459718e-02 9.975496060559863043e-01 2.359546489643735701e-01
6.873082586948026096e-01 -7.257221719275077643e-01 -3.057264631560813878e-02 8.090668469858337986e+00 7.258500508200467216e-01 6.846256296743180592e-01 6.655412021489788554e-02 6.282266297441643665e+00 -2.736898343844668818e-02 -6.793435335575349898e-02 9.973143247641044207e-01 1.679392209278769976e-01
6.873638389852601005e-01 -7.260168705139992129e-01 -2.074744766240811319e-02 8.205548206579843296e+00 7.259089973047966327e-01 6.857479746814472144e-01 5.297020721347255739e-02 6.362225835578343869e+00 -2.422974385729772043e-02 -5.147056391134963854e-02 9.983805389545898912e-01 1.447255798060879950e-01
6.979401373699291034e-01 -7.159446621847773695e-01 -1.740130274346100153e-02 8.286176880905227193e+00 7.161498241227699513e-01 6.976262039925034131e-01 2.114495003389210009e-02 6.448189879051359874e+00 -2.999009331483837304e-03 -2.721984923057160777e-02 9.996249725526541452e-01 1.828823655586900854e-01
7.078185267275328707e-01 -7.062269330563436531e-01 -1.537700384000939731e-02 8.373240503636390386e+00 7.062139724447794586e-01 7.079619969833430559e-01 -7.185815967668535489e-03 6.554831894017179472e+00 1.596115111854744251e-02 -5.773201294581337129e-03 9.998559455250456418e-01 2.420616298855115534e-01
7.349111339076557226e-01 -6.779738623158566568e-01 -1.603331765678578727e-02 8.418147425717519283e+00 6.781082779226217383e-01 7.349474628576748714e-01 4.624959662849591722e-03 6.608815530801961380e+00 8.648044367368695057e-03 -1.427125977573133822e-02 9.998607615428428685e-01 2.492268579093881720e-01
