1.000000000000000000e+00 0.000000000000000000e+00 0.000000000000000000e+00 0.000000000000000000e+00 0.000000000000000000e+00 1.000000000000000000e+00 0.000000000000000000e+00 0.000000000000000000e+00 0.000000000000000000e+00 0.000000000000000000e+00 1.000000000000000000e+00 0.000000000000000000e+00
9.999989235062088921e-01 -1.439159285669849506e-03 -2.860191844796346259e-04 1.475655534309892360e-02 1.439320177654054671e-03 9.999988056292173910e-01 5.631141668545809088e-04 -4.683721251069809799e-02 2.852084318845563948e-04 -5.635252338490942189e-04 9.999998005477107599e-01 -1.266816690462630249e-02
9.999946995766362257e-01 -3.252054870307952324e-03 -1.579802317377763498e-04 1.276259661696945574e-02 3.252113448983346214e-03 9.999946426851087367e-01 3.719666607960107874e-04 -9.278372598450344844e-02 1.567697293970944704e-04 -3.724784588515392641e-04 9.999999183415214654e-01 -1.894129558562717558e-02
9.999951634843688986e-01 -3.082125576109846690e-03 -4.165450798110226357e-04 1.104852708819720544e-02 3.082286933955725745e-03 9.999951747465070095e-01 3.872866634708191694e-04 -9.930877929320391928e-02 4.153494037446516136e-04 -3.885687018097226382e-04 9.999998382496052551e-01 -2.054872912098398147e-02
9.999982488527648927e-01 -1.862286781031755869e-03 1.848765776485590008e-04 -1.921110310940242830e-02 1.862302978825417779e-03 9.999982620858660631e-01 -8.748064072408585749e-05 -6.689770987555213044e-02 -1.847133423081250469e-04 8.782478373387367550e-05 9.999999790838940417e-01 -1.488047386095491670e-03
9.999997105248137341e-01 -4.943552043653622313e-04 5.784144022081209435e-04 -5.537321053518778902e-02 4.944649056565528049e-04 9.999998597912158615e-01 -1.895310151225683437e-04 -1.800083124531691448e-02 -5.783206254656263461e-04 1.898169658808606850e-04 9.999998147573696539e-01 1.117323722203909971e-02
9.999978946861403095e-01 1.817681196616791452e-03 9.521860923858755819e-04 -9.409080826413308840e-02 -1.817729100020526933e-03 9.999983467066455578e-01 4.944587417048381468e-05 2.635128577929281291e-02 -9.520946413072067837e-04 -5.117658644016426478e-05 9.999995454482721868e-01 1.850300530132295562e-02
9.999990976924207908e-01 8.534729012627112477e-04 1.037399802871124665e-03 -5.618502944230510665e-02 -8.546218214114515137e-04 9.999990214639590258e-01 1.107561586003312677e-03 -4.318629315058608586e-03 -1.036453513937895393e-03 -1.108447171151160770e-03 9.999988485538281457e-01 2.189067573706468886e-02
9.999991262187325480e-01 -1.165514050933702875e-03 6.238098816607209017e-04 -5.421713075987545649e-02 1.164684447748165833e-03 9.999984391481270274e-01 1.328612602278664290e-03 -1.060863672531291504e-02 -6.253574246421020767e-04 -1.327884899694338657e-03 9.999989228243121309e-01 1.705482291562826144e-02
9.999974102595119430e-01 -2.195893582975538914e-03 5.979344793091972022e-04 -7.804389016448093352e-02 2.195496508327643339e-03 9.999973694953713244e-01 6.639257637710847858e-04 -6.626840541467855089e-03 -5.993908167640188238e-04 -6.626112813141212107e-04 9.999996008383896795e-01 1.658606597769499494e-02
9.999995255718517884e-01 -6.202409874198291538e-04 7.511039800052191550e-04 -6.898426898855611333e-02 6.198862445304468291e-04 9.999996962725655747e-01 4.724360489462817213e-04 -4.802497622562608426e-03 -7.513967760758255522e-04 -4.719702257839045352e-04 9.999996063234179999e-01 2.377746103894618629e-02
9.999998385696838854e-01 3.404090111766894158e-04 4.549530869441936721e-04 -3.658179955905858927e-02 -3.405421982856916786e-04 9.999998991777698798e-01 2.927037089861132054e-04 1.155638073971014188e-02 -4.548534020946650900e-04 -2.928585924592057798e-04 9.999998536711030006e-01 1.042509499035751061e-02
9.999999794978460255e-01 -1.470559369083661229e-04 1.392079702766223638e-04 -1.209700174066860416e-02 1.469955528437632251e-04 9.999998951571389405e-01 4.336796265559776393e-04 5.647086491065069630e-03 -1.392717308454617339e-04 -4.336591547120600878e-04 9.999998962715558326e-01 -2.010990149995635096e-03
9.999998221168071577e-01 -5.778563412116338900e-04 1.478120528887505490e-04 -1.089801912475576832e-02 5.778006119968787969e-04 9.999997620867939752e-01 3.767927921280982292e-04 3.667134920814743744e-03 -1.480297498265651930e-04 -3.767073192083736518e-04 9.999999180893910378e-01 -5.049249299448990355e-03
9.999998772235427769e-01 -4.917021550373280305e-04 6.149707343813355577e-05 -1.254255899342931850e-02 4.916838526041667672e-04 9.999998349368044437e-01 2.972765598711800883e-04 -6.300589215640778340e-03 -6.164323481236084546e-05 -2.972462862546252889e-04 9.999999539223773937e-01 -3.479268258505294198e-03
9.999999516818764977e-01 1.778116920394724623e-04 2.549887188563411985e-04 -1.523459141080767826e-02 -1.777990740796759294e-04 9.999999829683126062e-01 -4.950619908828489667e-05 -1.434649327437897623e-02 -2.549975172944794126e-04 4.946085993812484287e-05 9.999999662649441401e-01 4.063180608774533825e-03
9.999999934895785758e-01 -7.395962227924892350e-05 8.689543786430010291e-05 1.112942296451864890e-02 7.397601658426595432e-05 9.999999794638962936e-01 -1.886789761053284673e-04 -2.591331713340547932e-02 -8.688148145400158198e-05 1.886854030553013878e-04 9.999999784247132206e-01 8.388550227133514947e-04
9.999997813411406478e-01 -5.854483230849110613e-04 -3.075189944361928483e-04 3.925450705583816841e-02 5.854679716605053078e-04 9.999998265778990980e-01 6.380772527388278823e-05 -3.490171870937636145e-02 3.074815849798412794e-04 -6.398775384367798758e-05 9.999999506803198823e-01 -1.228967963257334914e-02
9.999998712700096659e-01 -2.655212492330500046e-04 -4.323868989539203533e-04 3.020411656545417267e-02 2.653863717265168062e-04 9.999999161240826773e-01 -3.119645835853974243e-04 -5.839746470667537409e-02 4.324696959130225706e-04 3.118497938359041316e-04 9.999998578598240373e-01 -3.124654731671546934e-02
9.999884481585026297e-01 4.801377425622641200e-03 -2.243309306807279749e-04 1.470631892846281479e-02 -4.801529080319780034e-03 9.999882410802950483e-01 -6.804554566558243230e-04 -7.005615124992080334e-02 2.210611693225977619e-04 6.815247276295218230e-04 9.999997433279695924e-01 -2.470950984329816497e-02
9.999822680775465322e-01 5.954555932018431447e-03 -8.242656282939502834e-05 -4.559832368108199079e-03 -5.954589485580079333e-03 9.999821859909362454e-01 -4.129949717917801542e-04 -7.074971276216043825e-02 7.996589282268115422e-05 4.134784649413230729e-04 9.999999113205035872e-01 -1.311293460172681564e-02
9.999841601427472693e-01 5.628242027872728745e-03 -4.853122699093651130e-05 -1.350573212169534250e-02 -5.628252750465131266e-03 9.999841362363333097e-01 -2.237110890393011870e-04 -7.383473432882615983e-02 4.727135694958890035e-05 2.239806914993801431e-04 9.999999737990339366e-01 -8.689488164639359857e-03
9.999887879469890883e-01 4.720567516247746107e-03 -3.744631306258754144e-04 2.359446391504356477e-02 -4.720548535208025226e-03 9.999888568196505512e-01 5.155633057924287967e-05 -7.680560957500938424e-02 3.747023330550659803e-04 -4.978808114416599689e-05 9.999999285596516962e-01 -1.770216459018599323e-02
9.999860025129911900e-01 5.276073914148820057e-03 -3.972683480655767323e-04 3.741967264626690909e-02 -5.276109369921786960e-03 9.999860773436664019e-01 -8.825385830976840279e-05 -6.699777866658172820e-02 3.967971831552432531e-04 9.034865423113536771e-05 9.999999171945546106e-01 -2.128108775953483495e-02
9.999799649962303194e-01 6.311021680303965931e-03 -4.905216494802067595e-04 5.901691514413635181e-02 -6.311189067252840484e-03 9.999800262946441087e-01 -3.404472357869909129e-04 -6.448271908812081010e-02 4.883632820592581246e-04 3.435361897967888797e-04 9.999998217420795754e-01 -2.731211013670775678e-02
9.999283244258461156e-01 1.196070824334781804e-02 -5.361615776110138743e-04 9.975303950213251780e-02 -1.196080591652460764e-02 9.999284509205318416e-01 -1.793362560711500618e-04 -7.345086674868316068e-02 5.339782271073682330e-04 1.857363266117325446e-04 9.999998401846221796e-01 -3.752192795987052687e-02
9.998273147992984278e-01 1.857275105380221808e-02 -6.272953994744106263e-04 1.082903696568351948e-01 -1.857294264314286736e-02 9.998274627190587571e-01 -3.009889428159673048e-04 -1.775511684896086129e-02 6.215969749269702931e-04 3.125876879547138335e-04 9.999997579530397473e-01 -5.073082059910349884e-02
9.998218567417118674e-01 1.884871733514265069e-02 -9.902708597919189937e-04 1.104715982203052782e-01 -1.884914207063938252e-02 9.998222503604780043e-01 -4.213398990619912632e-04 -1.392145021749530143e-03 9.821531228441247787e-04 4.399305963241576401e-04 9.999994209179892124e-01 -6.768074743323281017e-02
9.999413102054987013e-01 1.076646234975389867e-02 -1.208069940865126026e-03 1.009862392560848809e-01 -1.076665326615571829e-02 9.999420264105990386e-01 -1.516420494619677070e-04 -6.628569576992961176e-03 1.206367256298234878e-03 1.646400197958070792e-04 9.999992587855787152e-01 -7.255590365499416106e-02
9.999904918879015669e-01 -4.241245799103409569e-03 -1.013887500795821253e-03 1.027143977157460586e-01 4.241690176923128275e-03 9.999909087058814761e-01 4.365432719809604969e-04 1.393352887502302857e-02 1.012026795927932574e-03 -4.408397179312254811e-04 9.999993907308680763e-01 -5.569224489946938972e-02
9.996650685655477098e-01 -2.586898286867025942e-02 -7.391990119764824769e-04 1.516841395052784536e-01 2.586954318502675959e-02 9.996650394013081309e-01 7.587714932844913688e-04 4.614266724096928451e-02 7.193227626718666284e-04 -7.776400976224788009e-04 9.999994389251634086e-01 -3.031643965756652959e-02
9.986250630121850103e-01 -5.240925359847437709e-02 -1.119670112238838793e-03 2.198600494105092673e-01 5.241144208868208504e-02 9.986235249617764209e-01 2.023890091123653305e-03 5.168011217303968008e-02 1.012058345237158230e-03 -2.079790895024129227e-03 9.999973251002918229e-01 -3.450539203782217179e-02
9.980853613618798637e-01 -6.182803771658940822e-02 -1.704460982714285904e-03 2.665289410514806168e-01 6.183353950648257796e-02 9.980807184347698646e-01 3.390115165285850947e-03 8.657598402551765215e-03 1.491585473868632834e-03 -3.489017175314640049e-03 9.999928009400490536e-01 -6.931399755367428916e-02
9.974240429890116610e-01 -7.171233270797031101e-02 -1.618581179766067930e-03 2.978352755728900791e-01 7.171498065220985318e-02 9.974238145342152473e-01 1.641873950231474092e-03 -5.055624359498929465e-02 1.496668803472012924e-03 -1.753721071509170733e-03 9.999973422189161187e-01 -5.061834377034034327e-02
9.967934223235607183e-01 -8.000740631864126928e-02 -1.299286976543280892e-03 2.668084097221938289e-01 8.000650488724751763e-02 9.967940729628251839e-01 -7.316296254277985514e-04 -8.416709632661041607e-02 1.353657346012488924e-03 6.253321883647331358e-04 9.999988882851039707e-01 -1.655769184550019701e-02
9.967995927446092752e-01 -7.990309851849350387e-02 -2.463077612454702553e-03 2.952645671172925979e-01 7.989275041558002721e-02 9.967952500408625571e-01 -4.046965160224420995e-03 -1.899702157500281485e-01 2.778549120475158445e-03 3.837231178617279363e-03 9.999887775978623106e-01 -6.073766723944679785e-02
9.965440211969297524e-01 -8.280477380271485111e-02 -6.586596399840215742e-03 3.726387180018270184e-01 8.260529166861681205e-02 9.962352584038273173e-01 -2.629972816213222916e-02 -1.824570592757081000e-01 8.739542607934785295e-03 2.566474914236513069e-02 9.996324029594396698e-01 -9.888593633332330712e-02
9.962188224436608897e-01 -8.606979024298015701e-02 -1.183423070989955174e-02 3.989342590956354573e-01 8.526643693490056075e-02 9.947355859757261998e-01 -5.683967563203828205e-02 -6.747984657111989748e-02 1.666410937891242908e-02 5.561569203973010939e-02 9.983131784452961011e-01 -3.735258544322481167e-02
9.987855944429553379e-01 -4.777345422049445595e-02 -1.204298156913709630e-02 4.911813197312832613e-01 4.689543296353455154e-02 9.967892789581983548e-01 -6.489955100890723583e-02 -5.920974785525705275e-02 1.510479064386171383e-02 6.425597579865577336e-02 9.978191293384626182e-01 2.219058083330072151e-02
9.991901079495952853e-01 -3.944242831829544715e-02 -7.963857358851671869e-03 6.967724640923118606e-01 3.891797070853751650e-02 9.975704852128114419e-01 -5.777991509344267140e-02 -6.645777492308824197e-02 1.022348920894559227e-02 5.742318243211667894e-02 9.982975800770842456e-01 1.725826553600713631e-02
9.983950728465814661e-01 -5.634387203899298563e-02 -5.713720269913756533e-03 7.535734696853696457e-01 5.601347215996032441e-02 9.973179261891128577e-01 -4.711098638781230363e-02 -1.370225865779975405e-02 8.352811039080722949e-03 4.671533137526555357e-02 9.988733194766213908e-01 -4.277534121624160940e-02
9.983088766273456871e-01 -5.813200547017862568e-02 2.383003611048655108e-04 7.248766210237339580e-01 5.811326952534898865e-02 9.978649367844824036e-01 -2.980630539290592823e-02 -3.040710489848920395e-04 1.494908733376596084e-03 2.976974766631639013e-02 9.995556649690715556e-01 -2.698329630088837361e-02
9.978868738352839607e-01 -6.496004099189989223e-02 1.407160820498004356e-03 7.524322771613516370e-01 6.496500972480934166e-02 9.978801831411655554e-01 -3.832441207551693079e-03 -2.080236712442118732e-02 -1.155222359326016877e-03 3.915758992149302904e-03 9.999916661116811101e-01 -2.752084045543200241e-02
9.955692199841710277e-01 -9.401610728243883774e-02 -1.702877437246890380e-03 8.720865665162922387e-01 9.402736040592205025e-02 9.955323345971607285e-01 8.615466709454231917e-03 8.026657971376558592e-03 8.852769081908974311e-04 -8.737410542250067039e-03 9.999614362273236967e-01 6.720008870394604539e-02
9.854398293035974143e-01 -1.693721998632195247e-01 -1.487954083936515043e-02 9.386661564853112649e-01 1.695113843754390281e-01 9.854903287649555699e-01 8.643059519746077585e-03 1.070541431120241305e-01 1.319974958924940989e-02 -1.103946666435107540e-02 9.998519374320118391e-01 1.518378520434030265e-01
9.735534424482724658e-01 -2.264433378408336195e-01 -3.028381489542365107e-02 9.743065285222226590e-01 2.268206266675618366e-01 9.738890428444605396e-01 9.619539782916190079e-03 1.345331635541824333e-01 2.731479480524672682e-02 -1.623412994289060232e-02 9.994950500176299490e-01 1.228325348839066217e-01
9.635862063465009397e-01 -2.648840122928443064e-01 -3.657981643478715184e-02 1.138078663240810862e+00 2.658180467720427931e-01 9.637363238905845009e-01 2.351731328529085840e-02 1.054955946138335654e-01 2.902393751809850472e-02 -3.238453404801057423e-02 9.990539790248766927e-01 -2.920187201953625133e-03
9.579122053744661969e-01 -2.851357190878940906e-01 -3.319380205484230573e-02 1.353460249261142279e+00 2.861687610328755293e-01 9.576395975848808195e-01 3.215340334049552468e-02 1.150219388390406605e-01 2.261961545949608965e-02 -4.029916671219353069e-02 9.989315943340502102e-01 -1.407677410485268787e-01
9.532830591256994390e-01 -3.010478639293653336e-01 -2.493176302459638310e-02 1.443145122977213646e+00 3.015470631483242459e-01 9.532528448009301991e-01 1.945205864565905177e-02 1.477691218254549577e-01 1.791027332479474404e-02 -2.606141789120338878e-02 9.994998872470828299e-01 -1.312383995847694329e-01
9.498215622729864194e-01 -3.125716556512947997e-01 -1.174563428308091420e-02 1.380333468434485233e+00 3.124873686267847783e-01 9.498840691524673696e-01 -8.479364307454197169e-03 2.113881936819646534e-01 1.380739982804107466e-02 4.383520703615437740e-03 9.998950647224085220e-01 6.900006525624016729e-02
9.551521082870118029e-01 -2.953663137688410933e-01 -2.105209551287280309e-02 1.362394856304490087e+00 2.949864971970534433e-01 9.553049296449069860e-01 -1.937673521396281531e-02 2.340354452065412094e-01 2.583440547582590771e-02 1.229764557733560928e-02 9.995905918959846481e-01 2.263844488804033217e-01
9.606494032692518559e-01 -2.758909529595340304e-01 -3.220102596984302651e-02 1.604427926853651432e+00 2.759069890144055792e-01 9.611758807229263679e-01 -4.032335490936700753e-03 2.542814138254911316e-01 3.206333437799276792e-02 -5.010827435364302584e-03 9.994732783806569154e-01 1.941644998005595257e-01
9.557837636398731629e-01 -2.907360806669361253e-01 -4.415799543489205142e-02 1.897251414689193894e+00 2.918456252245288374e-01 9.562337001137184433e-01 2.105330862670010128e-02 3.053639158270409215e-01 3.610440692911332655e-02 -3.300972834265718941e-02 9.988026980515426478e-01 -4.132963683877502459e-02
9.460480174723331359e-01 -3.215856381262669483e-01 -3.969667476741367551e-02 1.999844849794436774e+00 3.228654601805183155e-01 9.459190019484208234e-01 3.154578221134513721e-02 3.498474755851400109e-01 2.740516847403533587e-02 -4.266050988707444785e-02 9.987136915237943002e-01 -1.818073994031203788e-01
9.238768427465364752e-01 -3.815663288838644362e-01 -2.930385808698518502e-02 2.002237761282807949e+00 3.823355682624228757e-01 9.236058278597103488e-01 2.778107242402937799e-02 3.731714873488213291e-01 1.646489229061977311e-02 -3.687019671319400477e-02 9.991844153689490859e-01 -8.678619843740748019e-02
8.988626416489491344e-01 -4.378676255080903301e-01 -1.782958159295016526e-02 1.983709234062608129e+00 4.381903761287684329e-01 8.985865965783039755e-01 2.305043856304821864e-02 4.096674259271044782e-01 5.928382241502227340e-03 -2.853192916238172366e-02 9.995753014667136949e-01 7.410166776885163120e-02
8.583717885047560392e-01 -5.129136024957813289e-01 -1.084016023617593964e-02 2.100211316875366219e+00 5.129822960179711844e-01 8.578209933269184129e-01 3.150091077650838539e-02 4.839810309600717231e-01 -6.858328606657687967e-03 -3.260030340991649372e-02 9.994449377260883338e-01 1.477532214580077607e-01
8.339109963704496309e-01 -5.518816978223128888e-01 -4.363684361320360403e-03 2.213912769499744471e+00 5.514319578213724427e-01 8.328541416581592971e-01 4.771555947632667022e-02 5.226423398667923159e-01 -2.269903138312210494e-02 -4.219680475595442154e-02 9.988514322173522864e-01 4.457784082594465347e-02
8.126862561333624280e-01 -5.826654495745369200e-01 6.482512170573809587e-03 2.319563836003009527e+00 5.814913347996588655e-01 8.116648711832070706e-01 5.538920869681072945e-02 5.770348972017360634e-01 -3.753500559277743454e-02 -4.124452399107859935e-02 9.984437954115892300e-01 8.185828958140406453e-03
8.095136947664653970e-01 -5.870683415434100327e-01 6.191957930746375474e-03 2.399574757604531428e+00 5.861012141714231349e-01 8.087054538661898606e-01 4.980818842181878453e-02 6.317535335092743232e-01 -3.424828072078343194e-02 -3.669129657766197899e-02 9.987396077172069342e-01 3.231570510234960808e-02
8.053628146591943482e-01 -5.927228765727629023e-01 -8.386200064965095707e-03 2.538426669191150342e+00 5.927092364348890419e-01 8.049611357856514271e-01 2.708008344604635742e-02 6.882145172284450663e-01 -9.300419828751044227e-03 -2.677987046240942748e-02 9.995980895985273618e-01 6.767231140837406955e-02
8.077890039579679327e-01 -5.885694410201740556e-01 -3.260273273506294339e-02 2.564211012131821565e+00 5.888967066223371738e-01 8.082081259699354092e-01 5.422596517226027646e-04 7.526473476847012067e-01 2.603063606520172185e-02 -1.963767331851842823e-02 9.994682425033204476e-01 6.178608189967452202e-02
8.331479054904691317e-01 -5.496045991537096276e-01 -6.163888517757647179e-02 2.672046764108900962e+00 5.494843888395396503e-01 8.352546604962830523e-01 -2.040976582120671359e-02 8.172028139654451406e-01 6.270146727535140518e-02 -1.686525150506182694e-02 9.978898182130074845e-01 1.079813904973943306e-01
8.338403464528141296e-01 -5.466814496685643565e-01 -7.648313026888940713e-02 2.901490944623658752e+00 5.474602897429974302e-01 8.367420083185728163e-01 -1.224919056569302028e-02 9.144193808268985535e-01 7.069305327940110517e-02 -3.165760735239359774e-02 9.969956309406563522e-01 1.882532250111247918e-01
8.341472142448139726e-01 -5.467089981038614210e-01 -7.285393853381211260e-02 2.990286516701359698e+00 5.483711846910602761e-01 8.362280626740038469e-01 3.416284093180125409e-03 9.616244973866201473e-01 5.905479462447999622e-02 -4.280068444259130245e-02 9.973367699243351758e-01 1.063609057226404253e-01
8.165867381365465860e-01 -5.722483713211513612e-01 -7.561680117410950197e-02 3.088942998925598982e+00 5.742630568045371531e-01 8.186476623720893020e-01 6.160071608570634460e-03 9.731571066744304499e-01 5.837842657201360030e-02 -4.845416816955527145e-02 9.971179232658354818e-01 1.292995153510220069e-02
7.939599677969385594e-01 -6.020718608098509783e-01 -8.448102720047719061e-02 3.047351330296958150e+00 6.039266115059576112e-01 7.970276113467315016e-01 -4.431102103962619027e-03 1.009633381471648050e+00 7.000155320288579952e-02 -4.750222280995970714e-02 9.964152354201015749e-01 1.163286553320463240e-02
7.700893602218156220e-01 -6.306222996945248793e-01 -9.632181684926610643e-02 3.124241637047763920e+00 6.327253199804715456e-01 7.743015026920274657e-01 -1.076347455416394941e-02 1.095944849330315662e+00 8.136981460446338077e-02 -5.265641515387235738e-02 9.952920451879329056e-01 1.315099952397111582e-01
7.458128904382214097e-01 -6.566975719954650792e-01 -1.118545099289544043e-01 3.209051226187771721e+00 6.609377466806642953e-01 7.504399174021424423e-01 1.106969806095557673e-03 1.182069587398575816e+00 8.321314480820643511e-02 -7.475446009922506740e-02 9.937239773832580170e-01 1.732055297650072212e-01
7.420468763543611734e-01 -6.607993407093606386e-01 -1.127415833258065825e-01 3.398639493872701589e+00 6.671475119813123911e-01 7.443994544274764591e-01 2.799374046496984347e-02 1.232951214368044335e+00 6.542652787577929452e-02 -9.598793448215121871e-02 9.932299259909409539e-01 9.549886615874934870e-02
7.238973353062350125e-01 -6.830789276968535217e-01 -9.682885144960180768e-02 3.552616531741493944e+00 6.888678728252851657e-01 7.233547165361714493e-01 4.710634621833728608e-02 1.322910761322641626e+00 3.786425393031121744e-02 -1.008024434296700134e-01 9.941856796760397685e-01 7.683471281103582129e-04
7.175371593316082208e-01 -6.922027379125950119e-01 -7.743251645551442464e-02 3.616389663977650049e+00 6.961077382671563285e-01 7.164925126451505699e-01 4.552467515560260775e-02 1.375337666175504570e+00 2.396751349035888476e-02 -8.656701998882784799e-02 9.959576845164374026e-01 -1.302975733673189529e-02
7.153031356992429757e-01 -6.957419722376703142e-01 -6.545633755158562772e-02 3.640589771686171705e+00 6.982509362382247620e-01 7.153445650365267694e-01 2.697745939010292443e-02 1.446914175176128081e+00 2.805448451269122387e-02 -6.500201027305954615e-02 9.974906939712210319e-01 5.816499103843533747e-02
7.147680279347394805e-01 -6.967924138979265658e-01 -5.989155346611103187e-02 3.721350348569962385e+00 6.984615196330853371e-01 7.155691097469925044e-01 1.059975319230520643e-02 1.529678812015322631e+00 3.547071798152087035e-02 -4.940831013298505048e-02 9.981486097048265504e-01 1.209826885882092640e-01
7.244646599284971789e-01 -6.865867248133580292e-01 -6.123418836526955261e-02 3.785814878954221196e+00 6.884350307222831811e-01 7.251619314373691783e-01 1.404925864354482704e-02 1.627204346786797151e+00 3.475866782683135342e-02 -5.233395173394161937e-02 9.980245450422616793e-01 1.659227945359513512e-01
7.315834642025584866e-01 -6.795751923678253759e-01 -5.443521675916460079e-02 3.998079564383420603e+00 6.815301825572711580e-01 7.310466551076177932e-01 3.297572318261507429e-02 1.706459377069506900e+00 1.738519970655163713e-02 -6.122373701594022166e-02 9.979726493531605458e-01 1.235816940611607351e-01
7.187294092719940242e-01 -6.945125403870038294e-01 -3.286894419845418081e-02 4.105907255124623845e+00 6.951652758042909941e-01 7.169021759470171062e-01 5.288203322846267429e-02 1.786552767733109226e+00 -1.316341762137666384e-02 -6.085722116250917579e-02 9.980596791118768740e-01 4.377349642967286875e-02
7.100163682089073447e-01 -7.040339453228039446e-01 -1.459317335744966630e-02 4.122186907680594814e+00 7.034998406885852873e-01 7.082589614061487460e-01 5.879810999529374443e-02 1.840581857615493089e+00 -3.106011955174366179e-02 -5.201391564851306354e-02 9.981632239029550879e-01 4.427756421557396682e-02
6.922524933874955044e-01 -7.215048189230147679e-01 -1.474047725357431962e-02 4.167467513893878817e+00 7.209751153314031269e-01 6.905689754442634332e-01 5.752715208256064389e-02 1.944202922557674018e+00 -3.132680117192436497e-02 -5.045083175456992891e-02 9.982351151425232771e-01 1.107197980418947320e-01
6.648309223066983797e-01 -7.463096723760944684e-01 -3.196431858668986881e-02 4.338886912845213217e+00 7.466758326709632687e-01 6.626906502375328190e-01 5.758735097987686957e-02 2.050129323849076535e+00 -2.179554197418590716e-02 -6.215283586162768936e-02 9.978286322532586849e-01 1.222663360306650432e-01
6.488069738232757899e-01 -7.600951670218093481e-01 -3.612267692697777172e-02 4.398075015451692771e+00 7.603798578668591324e-01 6.457452723119636584e-01 6.953786764866382031e-02 2.110890319820470040e+00 -2.952934927590324804e-02 -7.258360942275887684e-02 9.969250910547422517e-01 9.126582688717652103e-02
6.407550687119518695e-01 -7.674992144830614649e-01 -1.943959073194051826e-02 4.504456678447018803e+00 7.661860846107677592e-01 6.376357521723650112e-01 7.987196817659923676e-02 2.180479988976913752e+00 -4.890629477647218115e-02 -6.607271236649696344e-02 9.966155582830176218e-01 8.383761296739120072e-02
6.355935123312930202e-01 -7.720093227848652262e-01 -4.742638044846519269e-03 4.576445573318208559e+00 7.702008947833196562e-01 6.336587927071531956e-01 7.257489993025739716e-02 2.277838487223904362e+00 -5.302328504859289693e-02 -4.978091961953861472e-02 9.973516888663139790e-01 8.940478120783140747e-02
6.430635948199970864e-01 -7.657619315592932852e-01 8.824805480175074851e-03 4.647726477212453133e+00 7.645095722901432689e-01 6.425986315760165990e-01 5.091279380836531004e-02 2.381716861534214136e+00 -4.465788725325887942e-02 -2.599351594554432515e-02 9.986641128201533268e-01 1.091450969248771441e-01
6.502220682941296515e-01 -7.594557669819831380e-01 2.093322481396601292e-02 4.723694181474956899e+00 7.586209209859552383e-01 6.505119493977860046e-01 3.644862045555959801e-02 2.514196262361402034e+00 -4.129842788442734253e-02 -7.819315091504736373e-03 9.991162585834415522e-01 1.362036652016716254e-01
6.738864482727083827e-01 -7.382331917650709618e-01 2.981290678129974725e-02 4.781294733067913860e+00 7.366637055723416205e-01 6.744500889741298355e-01 4.943341355009565896e-02 2.575031130834875448e+00 -5.660070429615486620e-02 -1.135042109987488210e-02 9.983323736181426433e-01 1.345690006083183343e-01
6.918937241064881949e-01 -7.214983383859289168e-01 2.689279175538827893e-02 4.903659390308493293e+00 7.190810106925010770e-01 6.919644822314705568e-01 6.409099306130319751e-02 2.683037952707433060e+00 -6.485040172201035624e-02 -2.500605999506059357e-02 9.975816369400638539e-01 1.031965752118143703e-01
6.827571493574935424e-01 -7.303104000789697459e-01 2.212226339515115797e-02 5.042999453152916089e+00 7.278997623936476202e-01 6.825020179752809835e-01 6.597674868421968264e-02 2.771210887136026368e+00 -6.328199513685348054e-02 -2.894330658657338906e-02 9.975758989146313871e-01 5.294581651330364930e-02
6.609938513709909813e-01 -7.501769658620597303e-01 1.793455713806294330e-02 5.093965928623913619e+00 7.482900717533448320e-01 6.607419949428372519e-01 5.900834376877478471e-02 2.845084177420245997e+00 -5.611681535082485572e-02 -2.558390136304029491e-02 9.980963716124449103e-01 6.047834222498443824e-02
6.414829549591103408e-01 -7.669121292921058375e-01 1.858505963337739320e-02 5.091541578536543433e+00 7.652811789032240020e-01 6.414273034249355909e-01 5.399751510493010914e-02 2.954910330524130213e+00 -5.333231397023348308e-02 -2.041568920374198931e-02 9.983681004123261538e-01 1.118634106241347681e-01
6.129961635316745205e-01 -7.899677324461704675e-01 1.366327886359101906e-02 5.190448694556129006e+00 7.879647411251975431e-01 6.125253749352719268e-01 6.264368925841817815e-02 3.054241401533032363e+00 -5.785559816430138613e-02 -2.763415919220984021e-02 9.979424246953280120e-01 1.404305111208860035e-01
5.942639211157136891e-01 -8.042206392435636841e-01 8.919387582703844353e-03 5.259158285867738591e+00 8.008356494282723448e-01 5.927136570551234662e-01 8.574837225941241148e-02 3.115532103911157868e+00 -7.424725358539617515e-02 -4.381420038087120716e-02 9.962768998526517761e-01 1.153277617267763483e-01
5.959483829809069100e-01 -8.030187056111592891e-01 2.546224856628469257e-03 5.347305218139165817e+00 7.990385352377527006e-01 5.933040621025937877e-01 9.760998462077516424e-02 3.190885331691756033e+00 -7.989332905536430940e-02 -5.613598071771577769e-02 9.952214867261013342e-01 9.529664961657452471e-02
6.028556439908541176e-01 -7.977702365609630197e-01 -1.130142317753772899e-02 5.460735292748478464e+00 7.950225138029601846e-01 5.994671904888646541e-01 9.261905891234858967e-02 3.273468922106764545e+00 -6.711389613779382424e-02 -6.482080827058783745e-02 9.956374780814315484e-01 8.271334946714666014e-02
6.134749493743257842e-01 -7.894918409698579165e-01 -1.873818380187718471e-02 5.526687036003786524e+00 7.884935623204303301e-01 6.110355403283943554e-01 7.009615278190860221e-02 3.407106426279742806e+00 -4.389064444054066594e-02 -5.777717107657350665e-02 9.973642312781135777e-01 8.747086020280239738e-02
6.370803743295005983e-01 -7.705431667178653798e-01 -1.979456664307786828e-02 5.615630891865822427e+00 7.702829054928964636e-01 6.355070613934817869e-01 5.286795271658388529e-02 3.489093268812994530e+00 -2.815745282522706672e-02 -4.892855141351840076e-02 9.984053058287349902e-01 1.227001886547645637e-01
6.529195158429217383e-01 -7.573296683199689516e-01 -1.216056387715241417e-02 5.667499774493330200e+00 7.566595352372241789e-01 6.514509173624285499e-01 5.548017666012070026e-02 3.581252313436000811e+00 -3.409477329492714703e-02 -4.542549669531449619e-02 9.983857324120529730e-01 1.409106605048831284e-01
6.801322145506409900e-01 -7.330866279433599919e-01 -2.041240082456576010e-03 5.711860957108691572e+00 7.316080226428559596e-01 6.785782253730247016e-01 6.543159217233496250e-02 3.662259940230721433e+00 -4.658188419386852935e-02 -4.599552130620996465e-02 9.978549694643601420e-01 1.854382748120548263e-01
6.871458105925862814e-01 -7.265134891567951447e-01 2.963959898014852101e-03 5.845250248479192834e+00 7.244245748297036824e-01 6.854682776490435003e-01 7.309087302568557931e-02 3.780637084577441964e+00 -5.513320567372018144e-02 -4.807692180322281628e-02 9.973208807711116952e-01 1.432137878599085701e-01
6.838503933019755010e-01 -7.296154459766710509e-01 3.152867424566965088e-03 5.925132117778194818e+00 7.275858588757961876e-01 6.822580056118532355e-01 7.171353946436087590e-02 3.841591842366022469e+00 -5.447437511989890180e-02 -4.674735041475484854e-02 9.974202863810704978e-01 8.494761647463738852e-02
6.752437231642731685e-01 -7.375946417962303547e-01 -2.423236291245085827e-04 5.975705627098414574e+00 7.364265439128540036e-01 6.741558126341338220e-01 5.647907322345178255e-02 3.910470504407731251e+00 -4.149529790012208841e-02 -3.831559323697577429e-02 9.984037537825459774e-01 8.105436506767997595e-02
6.658109075913833941e-01 -7.460666699949145553e-01 -8.964332381034816749e-03 6.061068547495032099e+00 7.459635306158831636e-01 6.653763120511959617e-01 2.850919767787139444e-02 4.010311139960564653e+00 -1.530510775606219731e-02 -2.566879981317672990e-02 9.995533334408556181e-01 1.211478287749457317e-01
6.285486742352923706e-01 -7.776581005908129729e-01 -1.320767589492371358e-02 6.120556310188861815e+00 7.777700661424440387e-01 6.284696144258066219e-01 9.983384008248264579e-03 4.112559963142659925e+00 5.369635318206861241e-04 -1.654757773714904748e-02 9.998629352772301360e-01 1.721475097083629002e-01
6.312574621422362142e-01 -7.755726826938200702e-01 1.015061010164139757e-03 6.127220395690529564e+00 7.754272099958052777e-01 6.311633830537638490e-01 1.858563666516102261e-02 4.144023611946320074e+00 -1.505518142915272632e-02 -1.094521590646014252e-02 9.998267568738578026e-01 2.087440086101796655e-01
6.347505523758502077e-01 -7.726520610197183947e-01 1.002640815719417489e-02 6.284928332059666722e+00 7.720522656783425086e-01 6.346891632496872715e-01 3.324101554330182590e-02 4.260986322850337515e+00 -3.204739177361005248e-02 -1.335884184326748686e-02 9.993970712510195087e-01 1.589312176567195256e-01
6.470434413897265813e-01 -7.624325518888857012e-01 5.602568584238199964e-03 6.362979682418131944e+00 7.618616701955733816e-01 6.468134247471104548e-01 3.462930917193662861e-02 4.384066796909737107e+00 -3.002632913546051524e-02 -1.813828512058573289e-02 9.993845216789848385e-01 9.575639970979232807e-02
6.642329984906838458e-01 -7.475250613523420906e-01 -8.979789821696127980e-04 6.439397936806240175e+00 7.474077555555163066e-01 6.641064754732677322e-01 1.855360261349463941e-02 4.471840153575155519e+00 -1.327292927506181983e-02 -1.299507155236555127e-02 9.998274638475420639e-01 7.459472379958176358e-02
6.774613705085590354e-01 -7.355431464588815249e-01 -4.729816701860494604e-03 6.507341298073368030e+00 7.355563493959453858e-01 6.774605293232458525e-01 2.021898211464581360e-03 4.543535317461398826e+00 1.717070754164096418e-03 -4.848804639900074730e-03 9.999867702932820901e-01 1.084382687523580413e-01
6.994907381082731135e-01 -7.146343144264331038e-01 -3.240979019600541411e-03 6.572403014447966818e+00 7.146136824401481125e-01 6.994962888092461917e-01 -5.676866338308956400e-03 4.654316876446884521e+00 6.323936280087124120e-03 1.654867473217737969e-03 9.999786343935411770e-01 1.544733848116238428e-01
7.039818109598525719e-01 -7.102121873145688102e-01 2.873817590302319043e-03 6.708780069512782163e+00 7.102178858242831350e-01 7.039736221806642824e-01 -3.419638741283717587e-03 4.782794172976425173e+00 4.055773317411157618e-04 4.448400127146531075e-03 9.999900235719038077e-01 1.499364846566959009e-01
6.991399383538068335e-01 -7.149140684503445531e-01 1.006088119457823615e-02 6.777647620865576705e+00 7.149639114208821145e-01 6.991579477581464364e-01 -2.183907591923051061e-03 4.833874706472505167e+00 -5.472838786978543799e-03 8.720023990403944977e-03 9.999470032042790946e-01 1.039249503954870202e-01
6.931855759053420218e-01 -7.207139989179220940e-01 8.067782874922680217e-03 6.843983212000501304e+00 7.207553975232319221e-01 6.931024003012947743e-01 -1.098724886910617399e-02 4.919046348644559252e+00 2.326864393841338117e-03 1.343110048809269957e-02 9.999070913048728748e-01 1.395035335165753787e-01
6.883317981879939484e-01 -7.253958003487904760e-01 -5.181115911022304496e-04 6.880587029626970441e+00 7.253794720510268190e-01 6.883207724106996661e-01 -6.255860844969127026e-03 5.042228423841485174e+00 4.894602155089463474e-03 3.930280432214209273e-03 9.999802976886432715e-01 1.945345710911948467e-01
6.777892779746981233e-01 -7.352286933029837934e-01 -6.361069605380544750e-03 6.997252003507254514e+00 7.351418390950509307e-01 6.775058929041332112e-01 2.349981898056933971e-02 5.126648139811917027e+00 -1.296807905912195774e-02 -2.060421374768728331e-02 9.997036037253022034e-01 1.557161037473530352e-01
6.696441606819065750e-01 -7.426183182481125300e-01 -9.733009142603861810e-03 7.074670611547628774e+00 7.419242368910363705e-01 6.683114915114061194e-01 5.392751642207339879e-02 5.222490906360036433e+00 -3.354287969566987354e-02 -4.333340185289892565e-02 9.984974168747643430e-01 1.306539504397763451e-01
6.740158105435651859e-01 -7.385329937136466683e-01 -1.648345636266208142e-02 7.179003725805425340e+00 7.375691915375481855e-01 6.715576913748370069e-01 7.072449964437216297e-02 5.297823198792815269e+00 -4.116278455047068380e-02 -5.982712053624272136e-02 9.973596847759556017e-01 1.287323025750242156e-01
6.669847241730112453e-01 -7.445943758038254812e-01 -2.665695483665644211e-02 7.303443975167626334e+00 7.444540378504819200e-01 6.645492559396444232e-01 6.451722218274798248e-02 5.409427942617610618e+00 -3.032430127744321913e-02 -6.287687930691586435e-02 9.975604918002007881e-01 1.023541201815980628e-01
6.707753396627735842e-01 -7.413344964950512317e-01 -2.199108925723665051e-02 7.313295095935158585e+00 7.414589596858478515e-01 6.696067463092312266e-01 4.319046652613611065e-02 5.490912344221333896e+00 -1.729320103020534974e-02 -4.527659001729191640e-02 9.988247972465116309e-01 1.343861368371677689e-01
6.880884329632652729e-01 -7.254643085614892462e-01 -1.535725970211869983e-02 7.374683444959641676e+00 7.255763278510604097e-01 6.876367113391689267e-01 2.635802877346665046e-02 5.598459712229551855e+00 -8.561593562440373076e-03 -2.927951881525368144e-02 9.995345961464359164e-01 1.867848364071338640e-01
7.170946113655636278e-01 -6.967330924227133071e-01 -1.839337580636215413e-02 7.448522617646258226e+00 6.969480878269431745e-01 7.165808261050198302e-01 2.784389579450043117e-02 5.692378023267658627e+00 -6.219423191814990939e-03 -3.278593573058699584e-02 9.994430454975565814e-01 2.441772320313415068e-01
7.246580188216527052e-01 -6.885896954275355641e-01 -2.673924285560785180e-02 7.646719301262855595e+00 6.889914938758135987e-01 7.232736163876690716e-01 4.654027507737502206e-02 5.791090835963884409e+00 -1.270736496099974383e-02 -5.214889441317874935e-02 9.985584688375693796e-01 2.267279802757583285e-01
7.168156082285610520e-01 -6.966358903080595022e-01 -2.956044882296587212e-02 7.705380445404663270e+00 6.970173232489872417e-01 7.147942142603832538e-01 5.688657443279543369e-02 5.868175714804374721e+00 -1.849959163696998643e-02 -6.138132936470591661e-02 9.979429329950119110e-01 1.421508242580305226e-01
7.131797617129522759e-01 -7.004577944589130967e-01 -2.708330970933474358e-02 7.773132126265640096e+00 7.008367600597028568e-01 7.117161625115331347e-01 4.783241337080595262e-02 5.956474463768120842e+00 -1.422895751892268995e-02 -5.309408819833046772e-02 9.984881344143817783e-01 1.481135633484421121e-01
7.014958081590991767e-01 -7.122155632955782245e-01 -2.554647793287219415e-02 7.802167471284772837e+00 7.125827459382050311e-01 7.003833291430394681e-01 4.109771830260609132e-02 6.054471752587653022e+00 -1.137810732854936668e-02 -4.703385650863748518e-02 9.988284912914453528e-01 1.924180573204825051e-01
6.961582795888623387e-01 -7.169904337461988630e-01 -3.589383897430181020e-02 7.903432604997657762e+00 7.178300952135517887e-01 6.945943419156639376e-01 4.752530467497151356e-02 6.127641944990065426e+00 -9.143531351646092334e-03 -5.885081218796765767e-02 9.982249134034063554e-01 2.416742403373847436e-01
6.871977823865422774e-01 -7.252578089704975195e-01 -4.195614865942479815e-02 8.011199335248644360e+00 7.263075502843758802e-01 6.846742942679762134e-01 6.081490909766830433e-02 6.213496406402763128e+00 -1.538019125132091512e-02 -7.226493822015074564e-02 9.972668792359999923e-01 2.143284204440478735e-01
6.883134314364199868e-01 -7.247331985135270216e-01 -3.140718192664692515e-02 8.117429317187744076e+00 7.249089547705918068e-01 6.855754261722882825e-01 6.703239755590877091e-02 6.293782590239636043e+00 -2.704861175049252942e-02 -6.890664700185329672e-02 9.972563595191223929e-01 1.592190074141956457e-01
6.878830249964678067e-01 -7.255525394668674855e-01 -1.975996950626671828e-02 8.205510630298540775e+00 7.254373283707699072e-01 6.863783204051898679e-01 5.123947583680426437e-02 6.382546006604504107e+00 -2.361411713337541185e-02 -4.958138512516834656e-02 9.984908911557885958e-01 1.513291784909297499e-01
6.978303120098439116e-01 -7.160969034767050712e-01 -1.542985649053000771e-02 8.270719629323908251e+00 7.162481256469970248e-01 6.975143851721786747e-01 2.150127868386084856e-02 6.452768937196638355e+00 -4.634452223015450567e-03 -2.605584980291349162e-02 9.996497459328644863e-01 1.975706707475366475e-01
7.072696380965604046e-01 -7.068259368049800706e-01 -1.291332979997128656e-02 8.355833474124585436e+00 7.068230361593981215e-01 7.073684870333921682e-01 -5.569479912867176391e-03 6.550264405889937969e+00 1.307113542009776495e-02 -5.188314933783707769e-03 9.999011085137256005e-01 2.499416012475701165e-01
7.366393922015190832e-01 -6.761007166787983413e-01 -1.581855756356833481e-02 8.427164128201741988e+00 6.762349183476171754e-01 7.366692662345508680e-01 4.972664561362187541e-03 6.603175462389573980e+00 8.291023119502654096e-03 -1.436012158248059153e-02 9.998625134706112805e-01 2.522016054921191186e-01
