1.000000000000000000e+00 0.000000000000000000e+00 0.000000000000000000e+00 0.000000000000000000e+00 0.000000000000000000e+00 1.000000000000000000e+00 0.000000000000000000e+00 0.000000000000000000e+00 0.000000000000000000e+00 0.000000000000000000e+00 1.000000000000000000e+00 0.000000000000000000e+00
9.999986582516005029e-01 -1.537196451729507755e-03 -5.661466836793827570e-04 1.137695541674902180e-02 1.537341610667171139e-03 9.999987855082747013e-01 2.560522362273417183e-04 -4.671808533537163965e-02 5.657523935099340430e-04 -2.569222535242250824e-04 9.999998069575738446e-01 -1.315072624306132774e-02
9.999920472628629486e-01 -3.944912921652188667e-03 -5.857243965933338348e-04 1.555372966981257918e-02 3.944987255585660768e-03 9.999922105935693528e-01 1.258083448925875379e-04 -1.000310802417760103e-01 5.852235311825341058e-04 -1.281180196517372777e-04 9.999998205495796988e-01 -1.520302847919554647e-02
9.999945375150751659e-01 -3.268142745020603725e-03 -4.941487722955688854e-04 2.109261159073562777e-02 3.268193917127755217e-03 9.999946541576882897e-01 1.027840718466502355e-04 -1.070644017943693793e-01 4.938102176354442971e-04 -1.043984844019797762e-04 9.999998726262046000e-01 -1.758701992295003819e-02
9.999971489951285930e-01 -2.380749154639176610e-03 1.844859815213219483e-04 -1.641477146920405916e-02 2.380801744068873019e-03 9.999971251705593867e-01 -2.853658562712530562e-04 -6.900494860231126681e-02 -1.838060666345102282e-04 2.858042672383689291e-04 9.999999422656237202e-01 -1.096732966093694195e-03
9.999989321396079989e-01 -1.412572184007329298e-03 3.746457910346397569e-04 -5.626201996836730640e-02 1.412519627621088448e-03 9.999989925220590381e-01 1.405103859392872506e-04 -3.075197120704362824e-02 -3.748438946500115467e-04 -1.399810413605693886e-04 9.999999199486780954e-01 9.655774200185197192e-03
9.999987730483193005e-01 1.421109767481830953e-03 6.590515037960394075e-04 -9.493525445738119906e-02 -1.421251954036708252e-03 9.999989668382452956e-01 2.153260903697920309e-04 2.230797099833562586e-02 -6.587448208790130455e-04 -2.162625044126644934e-04 9.999997596428661373e-01 1.655181873254629732e-02
9.999994744043316786e-01 7.448791881791972085e-04 7.045183143909237826e-04 -4.923229293626678327e-02 -7.456360278017949792e-04 9.999991446160259034e-01 1.074613479574498473e-03 -9.513070935792192206e-03 -7.037172545409763752e-04 -1.075138228999764686e-03 9.999991744295663176e-01 2.154279859686451803e-02
9.999989736855625644e-01 -1.297343004816723907e-03 6.078889284943905357e-04 -5.278470274668487644e-02 1.296699532956952340e-03 9.999985998810347887e-01 1.057736399756633271e-03 -1.136997278627485328e-02 -6.092603242967373905e-04 -1.056947064896826983e-03 9.999992558321026959e-01 1.998979157272468346e-02
9.999974582346961016e-01 -2.201688521925586773e-03 4.858927861708854743e-04 -8.709255783332117695e-02 2.201423345490459687e-03 9.999974280177575947e-01 5.456126132538358488e-04 2.187882026095008467e-03 -4.870928054912864683e-04 -5.445415707117441965e-04 9.999997331075026752e-01 1.446482775148396835e-02
9.999993008933995009e-01 -1.089280611751568002e-03 4.600874493942539345e-04 -7.342833070064570811e-02 1.088948728835230188e-03 9.999991471866869208e-01 7.209830544412287791e-04 -9.579375544017231653e-03 -4.608724098881562142e-04 -7.204815387540457455e-04 9.999996342514201331e-01 1.753912522669428403e-02
9.999999137407513672e-01 -3.465492543047775723e-04 2.289587389128369221e-04 -3.419744468392729719e-02 3.464555967873275254e-04 9.999998563553633701e-01 4.089716031472753408e-04 1.900274083146517856e-03 -2.291004348282445766e-04 -4.088922438331624295e-04 9.999998901600558598e-01 8.274775260650239078e-03
9.999998306046907759e-01 -5.723334930331837886e-04 -1.059479232901557630e-04 -1.353877853665226560e-02 5.723728101462221629e-04 9.999997672104953272e-01 3.714408718687949962e-04 3.397910127147362597e-04 1.057353105749392233e-04 -3.715014506590363940e-04 9.999999254033553608e-01 -1.935987157726562838e-03
9.999997853450368623e-01 -6.550558391668398397e-04 -1.455087187088501784e-05 -1.295893935496877231e-02 6.550587928782823730e-04 9.999997646565899068e-01 2.039233746811899969e-04 5.205313288094317106e-03 1.441728724910568920e-05 -2.039328625845885940e-04 9.999999791017645245e-01 -2.037636423064582286e-03
9.999997802676762193e-01 -6.608515783660505330e-04 -5.234300916662255621e-05 -1.428997021932298418e-02 6.608575490918913590e-04 9.999997751203196783e-01 1.141341749877176773e-04 -3.560771996266561337e-03 5.226757164605724484e-05 -1.141687411815001487e-04 9.999999921167996852e-01 -3.594731406666056613e-04
9.999999645302949380e-01 -1.888693655201186591e-04 1.877971558248598424e-04 -1.807179673765044181e-02 1.888995008152066020e-04 9.999999692843861698e-01 -1.604624733770950329e-04 -1.298992694879381148e-02 -1.877668436110183808e-04 1.604979424745282487e-04 9.999999694920109761e-01 6.330609046018788669e-03
9.999998893252511900e-01 -4.703578172967847436e-04 1.063057423905631981e-05 1.406431278058472081e-02 4.703594448863870079e-04 9.999998775807905638e-01 -1.536242054506989797e-04 -2.682747586820575722e-02 -1.055831459171008157e-05 1.536291886393765420e-04 9.999999881432971582e-01 2.478973045477270154e-03
9.999994888997214559e-01 -9.633656012685380948e-04 -3.068012616663876057e-04 4.360649073544489024e-02 9.633531874347169618e-04 9.999995351507319219e-01 -4.060734314240307502e-05 -4.104209149755992658e-02 3.068402387675879593e-04 4.031176441464338070e-05 9.999999521120136459e-01 -9.211782398160507992e-03
9.999996898331202644e-01 -5.738596638306706858e-04 -5.394615365471811192e-04 1.679379804781720720e-02 5.735936814047553831e-04 9.999997139325507156e-01 -4.930771799039881595e-04 -6.137454735341862228e-02 5.397443393294977564e-04 4.927675952390534343e-04 9.999997329280370106e-01 -2.938631401961188522e-02
9.999891288309449289e-01 4.638191387114016899e-03 -4.789578105174148643e-04 1.421799106452817894e-02 -4.638564900593596628e-03 9.999889362671493531e-01 -7.817026021269700333e-04 -6.662945394478370087e-02 4.753268251796826500e-04 7.839157809945626870e-04 9.999995797701405342e-01 -2.368469877129126058e-02
9.999830621480098047e-01 5.813546764830979964e-03 -2.794478532860398580e-04 7.258652096661360326e-04 -5.813709008597844029e-03 9.999829301147283855e-01 -5.833238600407768346e-04 -5.344988644716942849e-02 2.760519026038560537e-04 5.849386082896555327e-04 9.999997908210639386e-01 -1.164490784265228077e-02
9.999849046530099317e-01 5.487796907756869319e-03 -2.730406745487714421e-04 -6.695969969399749241e-03 -5.487855450749326569e-03 9.999849186825731095e-01 -2.141260361049121671e-04 -6.494893306993955451e-02 2.718614765368813305e-04 2.156212115521962671e-04 9.999999397994135952e-01 -1.079892899708040019e-02
9.999909681413853280e-01 4.214438905525348320e-03 -5.496729631792218913e-04 3.284625160264230403e-02 -4.214482750294437988e-03 9.999911159366698943e-01 -7.863129858523803650e-05 -8.064030774943545254e-02 5.493366930458564758e-04 8.094717562008859018e-05 9.999998458383643207e-01 -1.868474670712876734e-02
9.999898302315827214e-01 4.485752985285814710e-03 -4.663191669061690398e-04 4.975242496706630546e-02 -4.485837422717429100e-03 9.999899223473488474e-01 -1.801842392413989166e-04 -8.492311953256356793e-02 4.655062055145018176e-04 1.822742387792515085e-04 9.999998750400294067e-01 -1.801276141881038434e-02
9.999793082998023053e-01 6.406885240075026883e-03 -5.786136615911339392e-04 7.226836259077930313e-02 -6.407136464284406835e-03 9.999793801802928650e-01 -4.333780857849911950e-04 -7.385058442965283798e-02 5.758251270205639585e-04 4.370763751454815205e-04 9.999997386947985234e-01 -2.367818691458323591e-02
9.999276085309575235e-01 1.202098846042007688e-02 -5.230047748342295287e-04 1.057617262549615800e-01 -1.202121157339625102e-02 9.999276520654681866e-01 -4.255668543733559148e-04 -6.330675249683868910e-02 5.178512022734606214e-04 4.318231980157708426e-04 9.999997726794030983e-01 -3.187433069545599768e-02
9.999071510803712037e-01 1.361776657804691752e-02 -4.956326880967307181e-04 1.072165311345799066e-01 -1.361785581351228173e-02 9.999072570158173967e-01 -1.771161948706685414e-04 -2.710828328412904012e-02 4.931747946432374742e-04 1.838492043062908330e-04 9.999998614890364124e-01 -4.134665328005981272e-02
9.999337619627370888e-01 1.148221148414226185e-02 -7.940443827107038829e-04 9.255538049385100829e-02 -1.148251878445435796e-02 9.999340001530681032e-01 -3.835365024969080382e-04 -1.326962576357879932e-02 7.895881286694300671e-04 3.926287273319300987e-04 9.999996111965592238e-01 -5.566897050557642612e-02
9.999534081570449207e-01 9.599327755229980497e-03 -1.017065267325444056e-03 9.481056616603175669e-02 -9.599560065738806797e-03 9.999538981223904388e-01 -2.237775238441989576e-04 -9.470688327404119117e-04 1.014870264911334804e-03 2.335304767614184525e-04 9.999994577507839155e-01 -6.094241477150468683e-02
9.999975144438398855e-01 -1.950494413926626581e-03 -1.080128549533566299e-03 1.130851156526715973e-01 1.951395612789344741e-03 9.999977483140253254e-01 8.339196854266175052e-04 -8.110273542756011450e-03 1.078499561735172391e-03 -8.360253707852147121e-04 9.999990689497039176e-01 -5.581389918753899143e-02
9.997075485730869682e-01 -2.416253441377023276e-02 -9.946138408536515582e-04 1.676105598757693937e-01 2.416370905055122836e-02 9.997073109466552143e-01 1.186425188506654363e-03 2.275823256259399546e-02 9.656556888234727040e-04 -1.210111776235388726e-03 9.999988015685716825e-01 -3.705962105691013725e-02
9.985741632497268094e-01 -5.336840818197814001e-02 -1.205611143617946407e-03 2.132719271827381025e-01 5.337092486247058815e-02 9.985724164569361738e-01 2.161821148858690533e-03 3.138691427027970327e-02 1.088517079501259742e-03 -2.223083326576520864e-03 9.999969365108528629e-01 -3.731023331335055204e-02
9.980014606216567330e-01 -6.317809585588636534e-02 -1.269961048250170576e-03 2.437108854603328156e-01 6.318176940104948403e-02 9.979972296956023392e-01 3.097343257638953806e-03 3.407586074059464065e-03 1.071733358745296334e-03 -3.171391481269174219e-03 9.999943968161423280e-01 -4.850957419561784806e-02
9.974437755808391870e-01 -7.144635694301026962e-02 -1.154397943683818087e-03 2.907815980765873776e-01 7.144823423059401546e-02 9.974429007220401155e-01 1.676193465173999664e-03 -5.985127072783405500e-02 1.031688116917182972e-03 -1.754388433182721635e-03 9.999979288682826484e-01 -3.013338353516483228e-02
9.968504405548365144e-01 -7.929666642537798460e-02 -1.112591322432446858e-03 2.651674801859591479e-01 7.929568480292760457e-02 9.968507329341808054e-01 -9.003445014090445718e-04 -7.241287179488598014e-02 1.180481792819150543e-03 8.092851220626548795e-04 9.999989757596394746e-01 -4.756950929281111504e-03
9.971998283878200642e-01 -7.475497182217519243e-02 -2.048524143870761142e-03 2.738948502589297340e-01 7.474895625479943684e-02 9.971982512374053531e-01 -2.870760853636030330e-03 -1.595909648762279254e-01 2.257388340607290565e-03 2.709597188971225607e-03 9.999937811211393468e-01 -3.257379667002908985e-02
9.967020241055509766e-01 -8.096375751419929157e-02 -5.472212813808895876e-03 3.535001767028785880e-01 8.077502344426187864e-02 9.963188774600559849e-01 -2.870696787041091338e-02 -1.419461099550032579e-01 7.776292913504472340e-03 2.817027486404417511e-02 9.995728912303531999e-01 -4.289536623716697084e-02
9.961083682372551262e-01 -8.762972173549428423e-02 -9.441959345004935847e-03 3.796167705967728456e-01 8.691058444293849050e-02 9.944044147826590629e-01 -6.005339434656584846e-02 -5.667264136774063932e-02 1.465158829273276349e-02 5.899908244470527391e-02 9.981505093076811219e-01 1.538928154430733303e-02
9.987284070215887155e-01 -4.925066188083437879e-02 -1.076760476705663529e-02 4.754803177420459104e-01 4.845705957996250535e-02 9.967396946391542389e-01 -6.451274686067548503e-02 -7.121823062897311707e-02 1.390979457015011946e-02 6.390894643901867678e-02 9.978587896992594519e-01 3.190001596446396387e-02
9.992291390176429866e-01 -3.823255545854686854e-02 -8.910636406514540336e-03 7.123453537119672774e-01 3.767718079556096888e-02 9.977285496281229626e-01 -5.584058832301825454e-02 -5.231179424814580425e-02 1.102532472803298066e-02 5.546181533335641650e-02 9.983999345225189614e-01 -9.762694392321427661e-03
9.983402041576201480e-01 -5.716762625779023971e-02 -6.978486266436752759e-03 7.782333503199159175e-01 5.678844660036252295e-02 9.973280801400091766e-01 -4.595403025808783570e-02 -6.288484940299708323e-03 9.586923137222334856e-03 4.548145855503195334e-02 9.989191798301141345e-01 -5.277220439249097339e-02
9.982115854696329560e-01 -5.977871589371849814e-02 -3.684566455508978640e-04 7.415456461968686908e-01 5.973935123756347887e-02 9.977432026597129466e-01 -3.065471350467873640e-02 -1.610274453026191294e-03 2.200124522972733178e-03 3.057787880865835139e-02 9.995299659238068291e-01 -2.159028537338454623e-02
9.977697260630030707e-01 -6.674147217144953126e-02 1.072214786039634360e-03 7.599966664285207063e-01 6.674582768842023117e-02 9.977587773657425885e-01 -4.734625202289181184e-03 -2.840096396423803099e-02 -7.538158578115500014e-04 4.795631554453044093e-03 9.999882167704009506e-01 -1.765765747658009505e-02
9.955165912222511126e-01 -9.457369046332207707e-02 -1.591751669423443084e-03 8.767257259851938267e-01 9.458404526256085354e-02 9.954785409224363724e-01 8.736872707498264529e-03 -5.053270767845070843e-03 7.582763343321140791e-04 -8.848256047658896450e-03 9.999605659134342961e-01 7.350874661275962063e-02
9.854788495495296896e-01 -1.691259246080483447e-01 -1.509498976508827361e-02 9.584173312196501149e-01 1.692686507871352941e-01 9.855312794256128051e-01 8.730471603391114915e-03 1.254124235315931257e-01 1.340003549391614174e-02 -1.115880366291682399e-02 9.998479485149600610e-01 1.482235231596621960e-01
9.735251612518532882e-01 -2.265063404401552738e-01 -3.071869381926312786e-02 9.922349677055819495e-01 2.269140301160071926e-01 9.738586015043577682e-01 1.046170217929901988e-02 1.474351780152159952e-01 2.754602232746032608e-02 -1.715523291549961998e-02 9.994733186221380628e-01 9.686525874665810609e-02
9.631664517386980817e-01 -2.660725848792259707e-01 -3.893283730699890338e-02 1.154635137267741696e+00 2.670399987997458813e-01 9.634315101564763228e-01 2.212157947894370993e-02 9.977273609387986297e-02 3.162317640778456590e-02 -3.170338804132150079e-02 9.989969318774625240e-01 -7.632116541586096703e-03
9.573919286548883134e-01 -2.865874621413270762e-01 -3.561350151089810734e-02 1.359553142158107075e+00 2.876678333159141121e-01 9.572559387556106580e-01 3.013777351500857710e-02 1.048200193095229632e-01 2.545412779493272035e-02 -3.909851992733136966e-02 9.989111037112818892e-01 -1.360656104717575254e-01
9.526601301678544464e-01 -3.029095349003036453e-01 -2.616276084530130483e-02 1.462218244230994779e+00 3.033867168751229193e-01 9.527218427366280773e-01 1.666104427272628585e-02 1.527371785884445443e-01 1.987904455200827439e-02 -2.380974672283278637e-02 9.995188440188077506e-01 -1.454731463711291251e-01
9.494620352434225419e-01 -3.136698476082350195e-01 -1.153561150717559956e-02 1.384453150510162933e+00 3.136031034744584112e-01 9.495265039053819578e-01 -7.246507600959498432e-03 1.970433964748921074e-01 1.322637979970402340e-02 3.262680286087992713e-03 9.999072045918785401e-01 5.870899418428915384e-02
9.553501339542307402e-01 -2.947042411367468695e-01 -2.134319117769304525e-02 1.375169356106660246e+00 2.943730612936649171e-01 9.555330824763254016e-01 -1.735018956346521049e-02 2.355320754089266777e-01 2.550729970478227138e-02 1.029264539883434360e-02 9.996216479811070865e-01 2.251095262857271406e-01
9.604525773504681840e-01 -2.765740059343901880e-01 -3.221282201619097424e-02 1.614635510473375835e+00 2.765227221966111149e-01 9.609878611996932607e-01 -6.124927413037618493e-03 2.743117080129986451e-01 3.265012664322692465e-02 -3.024874913615537703e-03 9.994622651015585557e-01 2.251397535551677709e-01
9.557170110360098114e-01 -2.909867837468697593e-01 -4.395095563293108243e-02 1.898251612234819863e+00 2.919632421154413904e-01 9.562678436320859454e-01 1.758625851853194005e-02 3.467241584326610226e-01 3.691151676422388395e-02 -2.963954992730039040e-02 9.988788900613885247e-01 1.479821370388148538e-02
9.458297848565634380e-01 -3.222160930887322250e-01 -3.978451247433386490e-02 2.014026793161728612e+00 3.234902018447614047e-01 9.457168291227898704e-01 3.120526276722176279e-02 3.582449149785393860e-01 2.757004513276162944e-02 -4.238476694013158103e-02 9.987208940153441405e-01 -1.421450827391997351e-01
9.236734758115452415e-01 -3.818722535979871546e-01 -3.163687744094446225e-02 2.013522268371901180e+00 3.827342451556893232e-01 9.234313729923049330e-01 2.808908967288401004e-02 3.869638080101557853e-01 1.848804119758046260e-02 -3.805366349697789086e-02 9.991046546919573057e-01 -9.909772392523780171e-02
8.980529261642991035e-01 -4.395458381756686683e-01 -1.733199210098885362e-02 1.994670279835123461e+00 4.398367576429395576e-01 8.978501914263270489e-01 2.021535015412697159e-02 4.512177431917961390e-01 6.675959398162057551e-03 -2.577770156854162012e-02 9.996454079662234760e-01 7.765735623232920826e-02
8.579853071404206499e-01 -5.135782887706752398e-01 -9.927438468364751731e-03 2.113637111433337434e+00 5.136107355396766216e-01 8.574151721823707328e-01 3.229914627150343165e-02 5.000334003427696627e-01 -8.076203907189610440e-03 -3.281103190789094737e-02 9.994289425044627917e-01 1.358806534937476440e-01
8.335241159285304846e-01 -5.524718612532336648e-01 -3.520041043681199078e-03 2.225598542220888376e+00 5.519688657959506140e-01 8.324566097895820249e-01 4.843928167889609282e-02 5.039400521050992898e-01 -2.383105867336635791e-02 -4.231826250005084333e-02 9.988199263638483094e-01 2.256805364030597949e-02
8.122773578719850729e-01 -5.832507020714130519e-01 4.910440073039562536e-03 2.358549025800962262e+00 5.821773471152293933e-01 8.112404546164513341e-01 5.439173925852214958e-02 5.640065019272608726e-01 -3.570756774663773336e-02 -4.132243128008381700e-02 9.985075995097493218e-01 -1.622251863787206594e-02
8.089747494676515771e-01 -5.878229892235314891e-01 4.897761127546489471e-03 2.409041664400345173e+00 5.869002391655177009e-01 8.081205489973984912e-01 4.989276055302457880e-02 6.289209264028495783e-01 -3.328609306014378849e-02 -3.748748629149997735e-02 9.987425716271115528e-01 1.949149188921520462e-02
8.045390307115567463e-01 -5.938201634499854498e-01 -9.724275908339161806e-03 2.545749673919636358e+00 5.938773768449517876e-01 8.042586171945714790e-01 2.185721711551666391e-02 7.242809959833170774e-01 -5.158423544838579289e-03 -2.336001174033084521e-02 9.997138093064552589e-01 6.662320328530046964e-02
8.072487179000722435e-01 -5.893537569651303709e-01 -3.180654963644598959e-02 2.576574293836401353e+00 5.895896948082535172e-01 8.076994519480268364e-01 -2.363704458619441361e-03 7.657329463542436043e-01 2.708319081275773615e-02 -1.684471649934052642e-02 9.994912487368043941e-01 1.038896403371375593e-01
8.335132663530258057e-01 -5.493878265456674237e-01 -5.855468262178040867e-02 2.683148855965629576e+00 5.490108460409656166e-01 8.354766531783268668e-01 -2.378766325902340051e-02 8.258078357857884244e-01 6.198972288123933555e-02 -1.231982294390943609e-02 9.980007496088055818e-01 1.481310216333883434e-01
8.338331802677974025e-01 -5.468393178551779199e-01 -7.542537989413532207e-02 2.901301288934572842e+00 5.476457846400327734e-01 8.366328571771256550e-01 -1.138230458396240381e-02 9.158363719643527467e-01 6.932764275881443672e-02 -3.181544812387419180e-02 9.970864833153557649e-01 1.475922797717182100e-01
8.331875674938012954e-01 -5.474199245069196751e-01 -7.829370106592618839e-02 3.007741119110436401e+00 5.495722838632653984e-01 8.354139400440812047e-01 7.338500482994142482e-03 9.524094811008559924e-01 6.139040790772422318e-02 -4.914239547338680042e-02 9.969033266992645137e-01 4.798376052813818626e-02
8.159666515213397364e-01 -5.727703376530660639e-01 -7.831068834996399164e-02 3.098676980452846230e+00 5.749275144907853852e-01 8.181801926322904706e-01 6.286928155767302490e-03 9.862156242543136386e-01 6.047128811676139026e-02 -5.015289312672398248e-02 9.969091787241799452e-01 -7.734781725629608085e-03
7.938773597376064250e-01 -6.026093921847003321e-01 -8.136742681708172831e-02 3.049396537886225556e+00 6.039727855847246696e-01 7.969489599354628862e-01 -9.446138407418990662e-03 1.049575006629687390e+00 7.053801789868549554e-02 -4.164463601197629372e-02 9.966394093765079676e-01 7.834535654830762641e-02
7.702248979900097048e-01 -6.306194411414216550e-01 -9.525086335965823880e-02 3.125669305050817748e+00 6.323107745015446035e-01 7.745680967301029618e-01 -1.507806277884226470e-02 1.125543397949356095e+00 8.328679946747838403e-02 -4.861464781716553357e-02 9.953391005341230002e-01 1.844552028876427496e-01
7.455637658900576836e-01 -6.571027663097743776e-01 -1.111333680758280068e-01 3.200310064665171428e+00 6.609492525883289282e-01 7.504248515161067168e-01 -2.937299773360088628e-03 1.208233455588727079e+00 8.532734904334406123e-02 -7.126357228676781508e-02 9.938011605800045611e-01 1.723733008619403595e-01
7.422573734941518842e-01 -6.604477993055148932e-01 -1.134138258153105372e-01 3.395579562133638873e+00 6.668660662352332569e-01 7.446482501723410419e-01 2.808261418059219972e-02 1.240323935098153418e+00 6.590630620440374177e-02 -9.647635932068007736e-02 9.931508802265235358e-01 7.861611917191563270e-02
7.225804280665900636e-01 -6.842247281353635024e-01 -9.855986192761952147e-02 3.577782479038271291e+00 6.901476302079165848e-01 7.222018724213125074e-01 4.605110193629602389e-02 1.317301889375274149e+00 3.967081412701679854e-02 -1.012964800930330200e-01 9.940650127769619093e-01 -3.061057642284335106e-02
7.170720371184007291e-01 -6.925905521273337806e-01 -7.826889986975581193e-02 3.621047763813166842e+00 6.965423070750874635e-01 7.161343113380891356e-01 4.450238846214308458e-02 1.367158608272913023e+00 2.522911091143667170e-02 -8.642901843869207901e-02 9.959385105187682496e-01 -2.872149060529004261e-02
7.156619783425250958e-01 -6.956004025180142492e-01 -6.299216436700511013e-02 3.628533862281764222e+00 6.979631424657630756e-01 7.156076589069235716e-01 2.744321907264471103e-02 1.456382790953083095e+00 2.598816103883094808e-02 -6.360627744593097543e-02 9.976366357323146472e-01 7.212333696513067993e-02
7.147356741059689433e-01 -6.971017347300798583e-01 -5.658699140791606519e-02 3.714456134129345166e+00 6.985850717669572774e-01 7.154596627227354233e-01 9.816746967547133884e-03 1.560577366215240902e+00 3.364243844671860328e-02 -4.654720671515275715e-02 9.983494097170466652e-01 1.645750068794874510e-01
7.234987376284081062e-01 -6.877572998816758876e-01 -5.949347115076068782e-02 3.793597641369703677e+00 6.895040748714513779e-01 7.241525107456209254e-01 1.368473297062790944e-02 1.628144091337208499e+00 3.367057150931472564e-02 -5.092187781572777433e-02 9.981348881659012351e-01 1.859619280736231617e-01
7.303427115834433270e-01 -6.807661498664281385e-01 -5.618694539644650959e-02 4.011653564317524179e+00 6.827759494963590026e-01 7.300004557431727381e-01 3.027106546035895906e-02 1.718332844962459305e+00 2.040897906041953119e-02 -6.047134702319732769e-02 9.979612666646493491e-01 1.179651821680139240e-01
7.187017183409133425e-01 -6.944556967759725197e-01 -3.462838819836988602e-02 4.130091986357294687e+00 6.952361475019490644e-01 7.169582956242317451e-01 5.116152404145953014e-02 1.802818853132555077e+00 -1.070230164341490556e-02 -6.084478244677354875e-02 9.980898622812167664e-01 5.952285728512313190e-02
7.111651522770103817e-01 -7.028571643974120819e-01 -1.536009902460714824e-02 4.147232331340119593e+00 7.024558816948675011e-01 7.095408971542810361e-01 5.574450230995185024e-02 1.869867250610471876e+00 -2.828180438201939248e-02 -5.043333937711395182e-02 9.983269092938295008e-01 5.561036936378602191e-02
6.934923616765862331e-01 -7.202997721274750909e-01 -1.538124082570565057e-02 4.186501365668785724e+00 7.197892465837922860e-01 6.917612337876486439e-01 5.805028794869954156e-02 1.949108008719098617e+00 -3.117346305060749931e-02 -5.132868303100805718e-02 9.981951620298180616e-01 9.003475830469312435e-02
6.648299187260847676e-01 -7.463004107578722346e-01 -3.220056007740908222e-02 4.327745489780498112e+00 7.466055205972960129e-01 6.624744157290827218e-01 6.089207762961591081e-02 2.038166254722082904e+00 -2.411173532345178838e-02 -6.452399094167850235e-02 9.976248186631334613e-01 9.243181478960001141e-02
6.481167516769010817e-01 -7.605854404084166909e-01 -3.813743612930535487e-02 4.416852053409236589e+00 7.610620290150775791e-01 6.451205583532992893e-01 6.785317370160613704e-02 2.121786315752803631e+00 -2.700489191304414338e-02 -7.300173305245556687e-02 9.969661392364852492e-01 4.432777749532450240e-02
6.405225010439462574e-01 -7.676612472718039593e-01 -2.066724687775562189e-02 4.527363528686157323e+00 7.665533679377379839e-01 6.375186421482507138e-01 7.723933594200299568e-02 2.207339791310082511e+00 -4.611788980123446291e-02 -6.531608033668959146e-02 9.967983496624240880e-01 7.347571802409209873e-02
6.355874332061990373e-01 -7.720275006151798847e-01 -1.467325537822073561e-03 4.582783856762009833e+00 7.701030378399483789e-01 6.338666268204053988e-01 7.179422339578507561e-02 2.284259519154664186e+00 -5.449702615774910941e-02 -4.676149802133638955e-02 9.974183858555857318e-01 1.036053537201670899e-01
6.425839987831818423e-01 -7.661534615130171089e-01 9.730257932752044842e-03 4.652101181427791943e+00 7.649306934776406441e-01 6.421900164586284987e-01 4.972943732521464127e-02 2.391028937849858593e+00 -4.434905504778856311e-02 -2.451236774545770963e-02 9.987153273800696285e-01 1.093102338271761120e-01
6.496476414036881364e-01 -7.599983793622864248e-01 1.898434579655800328e-02 4.730986139938666568e+00 7.591911889712128492e-01 6.498613851997856461e-01 3.617898028817468498e-02 2.513142167575050934e+00 -3.983315964245577601e-02 -9.090841155473696963e-03 9.991649893786234138e-01 1.264436103780804677e-01
6.748267982973283896e-01 -7.374342688649337951e-01 2.827527901573548275e-02 4.784670092035590905e+00 7.358848827400834569e-01 6.753027864450398265e-01 4.939216510924144404e-02 2.594848863449658705e+00 -5.551784987182668829e-02 -1.252380625870477826e-02 9.983791477301615647e-01 1.196874507684718703e-01
6.922320619841638711e-01 -7.210681307761753756e-01 2.958924027590468728e-02 4.901710948924149491e+00 7.187110623376330443e-01 6.925214987345184037e-01 6.219632355700384363e-02 2.713753788480838036e+00 -6.533897179068424987e-02 -2.178817499124006962e-02 9.976252273253154446e-01 1.161079114769615062e-01
6.824309451658480130e-01 -7.305343012224243537e-01 2.465035126547986469e-02 5.034183467599774531e+00 7.283032947599499263e-01 6.824403822276849940e-01 6.204381956917899565e-02 2.810007749486913564e+00 -6.214753351380113144e-02 -2.438769038665508648e-02 9.977689735784309732e-01 8.848964829431107959e-02
6.599068655329409783e-01 -7.510774758971221488e-01 2.013837189289887156e-02 5.067091859727364422e+00 7.491950587214191160e-01 6.598073834712829822e-01 5.797396574488025700e-02 2.834766481500009760e+00 -5.683038632543613300e-02 -2.316984930436387022e-02 9.981149559411054417e-01 7.870970828695766919e-02
6.412725447877516416e-01 -7.671320716388070338e-01 1.667057181363089044e-02 5.102543150435312924e+00 7.655986050466601078e-01 6.411401666592019266e-01 5.289671678676155508e-02 2.948745946681215813e+00 -5.126694112241514389e-02 -2.115824565891757936e-02 9.984608301724148260e-01 9.826435589671908555e-02
6.149112039416158026e-01 -7.885326959650942324e-01 1.001991322780711527e-02 5.205258576107792301e+00 7.867223824324132142e-01 6.142758733386066705e-01 6.109864494372778398e-02 3.069267418103847511e+00 -5.433327016608001381e-02 -2.968735131520250717e-02 9.980814380224428684e-01 1.188591987402211891e-01
5.951642363571248984e-01 -8.035498063618258247e-01 9.340260023834354164e-03 5.279999975723498551e+00 8.001881869290627947e-01 5.936648599913276758e-01 8.521091192245676404e-02 3.120741881838405618e+00 -7.401619593453692691e-02 -4.324052158970519144e-02 9.963191557086666927e-01 1.036567419603021123e-01
5.949613988764809180e-01 -8.037340488223653212e-01 5.701983036509594704e-03 5.363627843533988582e+00 7.997835158882690143e-01 5.927115312929071012e-01 9.507559300796400437e-02 3.200078213602701727e+00 -7.979512240945406398e-02 -5.200595577455432300e-02 9.954537251945141385e-01 1.053950812562678696e-01
6.010082362555070334e-01 -7.992225147617796344e-01 -5.698407751441609409e-03 5.441188019380698293e+00 7.966617648852111211e-01 5.984795907939275406e-01 8.457075010376727264e-02 3.329173533707294297e+00 -6.418046683396319563e-02 -5.536742093496945655e-02 9.964011824440919263e-01 1.313372943471688981e-01
6.121176948523968653e-01 -7.906450028341148739e-01 -1.387109015291525943e-02 5.494052790420576038e+00 7.894879789371390677e-01 6.100367050662118817e-01 6.755700989320868877e-02 3.415205370776361882e+00 -4.495173814591952449e-02 -5.230390009743138974e-02 9.976189870247350600e-01 1.345364224288493338e-01
6.378334133402029371e-01 -7.699068693911946815e-01 -2.029653396607325119e-02 5.611350391397649240e+00 7.695476250176168653e-01 6.360301024863013186e-01 5.711533560271189053e-02 3.474485450989418300e+00 -3.106428264955307314e-02 -5.204921897123000046e-02 9.981612540806988898e-01 1.120272068948512251e-01
6.529350629360293201e-01 -7.572483488861102563e-01 -1.583482548003865495e-02 5.690069336986676163e+00 7.567290400260978656e-01 6.513132518717034136e-01 5.614452704839169306e-02 3.581575437290607233e+00 -3.220191873016127471e-02 -4.864140258634568059e-02 9.982970752158543126e-01 1.162086305504699685e-01
6.801185979701032114e-01 -7.330690975072390314e-01 -6.956362203263229821e-03 5.745924257975522309e+00 7.318041493085672977e-01 6.783194854730143497e-01 6.591936500292805423e-02 3.662593107147806393e+00 -4.360481338046531818e-02 -4.992368082931222806e-02 9.978007047213925951e-01 1.743499290258241075e-01
6.880502556134721059e-01 -7.256626182452704521e-01 7.811732552303884969e-04 5.861347618624929368e+00 7.235400746420505014e-01 6.861192157521754931e-01 7.569796670053824394e-02 3.811592117111537892e+00 -5.546716269300112218e-02 -5.151879518232767990e-02 9.971304867497280400e-01 1.444930571785399409e-01
6.847706223513825297e-01 -7.287472894336730622e-01 4.072211631892922595e-03 5.918798491046590726e+00 7.266710200583925694e-01 6.832209820153571922e-01 7.182143371770206841e-02 3.889695179611727838e+00 -5.512189557513182125e-02 -4.622204968459813629e-02 9.974091932357345147e-01 8.102477220127005109e-02
6.756288970124768589e-01 -7.372397682397581198e-01 1.765686124889104952e-03 5.958034237496323549e+00 7.362274151241873232e-01 6.748228739438721924e-01 5.082599749823125956e-02 3.946471766186031349e+00 -3.866247200143102525e-02 -3.303956609764113761e-02 9.987059628994001681e-01 8.270086885585570258e-02
6.664108712400531598e-01 -7.455535785524195491e-01 -6.812650053718036919e-03 6.053448141039589281e+00 7.454484941489264438e-01 6.660866600657456837e-01 2.520126690382391843e-02 4.019919688966695048e+00 -1.425107940372280502e-02 -2.187287795743812768e-02 9.996591838950351638e-01 1.432568857607151303e-01
6.300583090668985253e-01 -7.764449904984668249e-01 -1.263740106178316489e-02 6.118114591635665178e+00 7.765474203384313823e-01 6.299911912726473551e-01 9.230540861632502078e-03 4.123933695875792615e+00 7.944441378970367243e-04 -1.562932016136295635e-02 9.998775391065675144e-01 1.784051724849659293e-01
6.328855742273171714e-01 -7.742453367921701135e-01 9.159988025008846541e-05 6.158533128625525599e+00 7.741256397864152428e-01 6.327898026456095781e-01 1.750884042430794416e-02 4.185179565058295026e+00 -1.361410152130447873e-02 -1.101018271008964017e-02 9.998467043084444672e-01 1.759254054121477395e-01
6.352889347838586165e-01 -7.721962275060714198e-01 1.099798011373257813e-02 6.281790035489779100e+00 7.715259840534085534e-01 6.352356644990031498e-01 3.497579847451033619e-02 4.286707997647292601e+00 -3.399448884172322216e-02 -1.373451032623923193e-02 9.993276429452396803e-01 1.481286384632834741e-01
6.480094918761194478e-01 -7.616181329077404971e-01 4.638756792592253070e-03 6.368930684420963217e+00 7.610375158960163144e-01 6.477321105886295616e-01 3.556701155874859160e-02 4.376104694321861110e+00 -3.009315266425524951e-02 -1.951749314145656555e-02 9.993565277838530880e-01 1.172870150046479154e-01
6.636011961296713890e-01 -7.480853495535453312e-01 -1.327508425300325152e-03 6.426939141928439625e+00 7.479960838002246426e-01 6.634923289874212760e-01 1.672686445138528433e-02 4.481183771040452513e+00 -1.163233058319639371e-02 -1.209293836077460216e-02 9.998592149532882223e-01 9.529753331730163313e-02
6.762845482167169076e-01 -7.366334755505259402e-01 -3.214427112875622647e-03 6.500226782126429903e+00 7.366158147870036643e-01 6.762911724235702859e-01 -5.233689676641438762e-03 4.605845359653238269e+00 6.029199697294058274e-03 1.171665611649638609e-03 9.999811377974610060e-01 1.308129777583826592e-01
6.987441644450977929e-01 -7.153708679773926882e-01 -1.055416123702324419e-03 6.587053663100462586e+00 7.153287001022241576e-01 6.987176216574788601e-01 -9.926529875971999706e-03 4.683196690620916591e+00 7.838588137189851993e-03 6.181135380190442424e-03 9.999501738093889980e-01 2.145701142388109217e-01
7.039183453813965263e-01 -7.102800300822894597e-01 1.114406487325338797e-03 6.734201666868721681e+00 7.102772592793963335e-01 7.039088401208151158e-01 -4.308102867632568507e-03 4.787784479855216269e+00 2.275518856503367174e-03 3.824090227857388381e-03 9.999900991249177640e-01 1.818324013500648428e-01
6.991319397632149713e-01 -7.149310941237890793e-01 9.384106664261869166e-03 6.771417200173830864e+00 7.149785741727855415e-01 6.991403699965705876e-01 -2.895084611712747755e-03 4.860223095571890362e+00 -4.491021796306587932e-03 8.733481323064654425e-03 9.999517773508904694e-01 1.035621076724610873e-01
6.936852366315050533e-01 -7.201867898688076863e-01 1.147955478034085736e-02 6.821834629915212389e+00 7.202761472948484567e-01 6.936338142113069871e-01 -8.625741751524917955e-03 4.922961904853647042e+00 -1.750462105467395606e-03 1.425199919787288605e-02 9.998969028861330877e-01 1.196399006804671483e-01
6.870082103705910104e-01 -7.266472419229536017e-01 1.872081505281627785e-03 6.874187241993855224e+00 7.266486584372274793e-01 6.870007261050707914e-01 -3.424839044842681920e-03 5.015910110237908448e+00 1.202528492508624829e-03 3.713238057302735689e-03 9.999923828651668956e-01 1.984754003302420799e-01
6.778113023322904773e-01 -7.352015239169427119e-01 -7.110391044766187912e-03 7.005124839232056644e+00 7.351270870041135552e-01 6.775129073954462289e-01 2.375765698498221237e-02 5.128469944614888476e+00 -1.264928391059683480e-02 -2.133024947755373171e-02 9.996924607466910473e-01 1.749136977630802725e-01
6.707082454531647642e-01 -7.416320438583501318e-01 -1.150482523219744854e-02 7.109011098646669247e+00 7.409781211932682243e-01 6.692614672689416455e-01 5.514084096128461093e-02 5.204128398937014843e+00 -3.319447836661253148e-02 -4.550824047916577492e-02 9.984123029362462765e-01 1.310071780621264170e-01
6.738820377916538984e-01 -7.386551034124581028e-01 -1.648142422543571323e-02 7.188088044381339969e+00 7.377385133917578885e-01 6.714938645176413701e-01 6.955484004497759776e-02 5.313150531531706022e+00 -4.030986232036740807e-02 -5.903073875443388269e-02 9.974419716864830754e-01 1.313008794899424292e-01
6.670171271050209238e-01 -7.446392800139534085e-01 -2.450499558999467628e-02 7.289054091119121281e+00 7.443967955124120017e-01 6.647096438740700552e-01 6.351771541593263792e-02 5.442045446937094688e+00 -3.100907898369023932e-02 -6.060884424824751482e-02 9.976798108709401536e-01 1.109099278277299039e-01
6.710604514006373034e-01 -7.410804027118266246e-01 -2.185651578934467987e-02 7.307821437905086093e+00 7.412254741113449841e-01 6.699640751549047479e-01 4.162853024363630250e-02 5.496205609763274325e+00 -1.620700757033855660e-02 -4.413586657481877173e-02 9.988940675503608091e-01 1.409071336689735610e-01
6.872863809863907214e-01 -7.261988719313386964e-01 -1.651147831906414273e-02 7.378592645636221192e+00 7.263514368609383931e-01 6.868520535271649408e-01 2.545283354691118757e-02 5.577858920497382300e+00 -7.142876219004566478e-03 -2.948652185605606449e-02 9.995396562158763709e-01 1.885998547404278969e-01
7.162215530716423695e-01 -6.975761309509692643e-01 -2.035260285862582758e-02 7.462883105715226506e+00 6.978558224383931696e-01 7.156948503888757029e-01 2.789502134214564763e-02 5.689721606862216063e+00 -4.892648002720254886e-03 -3.418219791530648088e-02 9.994036418490780393e-01 2.362041714206166987e-01
7.237953408972954694e-01 -6.894385057350576052e-01 -2.819310740551433936e-02 7.643888075835063134e+00 6.899245377499474419e-01 7.224358710857057275e-01 4.572247127134444755e-02 5.834457387429715425e+00 -1.115512016471418948e-02 -5.254482827499365460e-02 9.985562599651870430e-01 2.215971659011117256e-01
7.165117324825804879e-01 -6.969888255471523575e-01 -2.859220658173039498e-02 7.699056738334171257e+00 6.973601748100086706e-01 7.146718436604512226e-01 5.415664749526063332e-02 5.913381394709084304e+00 -1.731253314120707876e-02 -5.874293950231698064e-02 9.981230100818544448e-01 1.571347776700844912e-01
7.144204749411339206e-01 -6.992431258498348345e-01 -2.573783084559810169e-02 7.775708507039555961e+00 6.995380088325564572e-01 7.129236193697083834e-01 4.885168516415229478e-02 5.952051089668202621e+00 -1.581009751604472990e-02 -5.290523505804728410e-02 9.984743746937053688e-01 1.436949579953103184e-01
7.021503976932839119e-01 -7.115506835246147022e-01 -2.608531761004372757e-02 7.818139156777543342e+00 7.119406633543884366e-01 7.010163616985823909e-01 4.143129847585945436e-02 6.034407049428031300e+00 -1.119423430506530197e-02 -4.766220102487830901e-02 9.988007827949412221e-01 1.771816402800112100e-01
6.958286201297803064e-01 -7.173189541479916276e-01 -3.572183405590195759e-02 7.913340858749375428e+00 7.181855340095817386e-01 6.945536285949224231e-01 4.248288767254981141e-02 6.167067768034546482e+00 -5.663051090867652487e-03 -5.521571357555839915e-02 9.984583891313068005e-01 2.499624157072992126e-01
6.880698659240426229e-01 -7.244894513515289791e-01 -4.092547480030644946e-02 8.009223542746072511e+00 7.255215032890154347e-01 6.858201571289030962e-01 5.717744608614323820e-02 6.265255915365147921e+00 -1.335694098651040232e-02 -6.903438966230680818e-02 9.975248594252855705e-01 2.424134932436586565e-01
6.879244794227499238e-01 -7.248082633379111517e-01 -3.758845578126469855e-02 8.145014070345787616e+00 7.254922017165865711e-01 6.852626012411748846e-01 6.384538032307607303e-02 6.322160785910485359e+00 -2.051769624880887127e-02 -7.119093156617586904e-02 9.972516610181111352e-01 1.643043388255013837e-01
6.872238187766821493e-01 -7.259889924562284991e-01 -2.575666396069692735e-02 8.247548672979977624e+00 7.261695904827195625e-01 6.855531003069150753e-01 5.191023519245771545e-02 6.366163745971986643e+00 -2.002869851371906137e-02 -5.437765618309681193e-02 9.983195489140135326e-01 1.448353723373915769e-01
6.970080638343610913e-01 -7.169135340633771003e-01 -1.465413343170739874e-02 8.279195642234677521e+00 7.170486174828406556e-01 6.967175160601437600e-01 2.063935514811595512e-02 6.440991734244951417e+00 -4.586841595471874422e-03 -2.489352308819292592e-02 9.996795853634481421e-01 1.870299109734382403e-01
7.082438099111421081e-01 -7.058870490359837602e-01 -1.068549137011241823e-02 8.362201049056364965e+00 7.058508503405692691e-01 7.083208798292162101e-01 -7.490545471475293197e-03 6.559984376788672300e+00 1.285623568721507015e-02 -2.237230706870351089e-03 9.999148523763006224e-01 2.443753716902527240e-01
7.370138589180974531e-01 -6.757331227922335204e-01 -1.397564038286365148e-02 8.426537978940894291e+00 6.758438106732319595e-01 7.370262634017374914e-01 5.237425966760106411e-03 6.615501858470073770e+00 6.761311806116485947e-03 -1.330540557551298728e-02 9.998886192197267153e-01 2.604070212805596474e-01
