1.000000000000000000e+00 0.000000000000000000e+00 0.000000000000000000e+00 0.000000000000000000e+00 0.000000000000000000e+00 1.000000000000000000e+00 0.000000000000000000e+00 0.000000000000000000e+00 0.000000000000000000e+00 0.000000000000000000e+00 1.000000000000000000e+00 0.000000000000000000e+00
9.999977276233475987e-01 -2.098373076613048536e-03 -3.762692819085172399e-04 2.332470277357162267e-02 2.098432416732388516e-03 9.999977859038327033e-01 1.573811446833375523e-04 -5.209011802201041208e-02 3.759382044553722063e-04 -1.581703627126762851e-04 9.999999168262979632e-01 -1.964548186737094873e-02
9.999877718064463794e-01 -4.939491186268399857e-03 -2.401341275800175157e-04 3.667392004384249782e-02 4.939544270912939357e-03 9.999877759616636608e-01 2.209743000142942802e-04 -1.237543215867038526e-01 2.390396915639236939e-04 -2.221577510519219154e-04 9.999999467529783193e-01 -2.384964732508433952e-02
9.999871596903860960e-01 -5.065000850259696041e-03 -1.619281976047268375e-04 4.216211552252185218e-02 5.065076138747109241e-03 9.999870629198488459e-01 4.679707713646984136e-04 -1.407767419814164866e-01 1.595558303717967944e-04 -4.687849411249818497e-04 9.999998773913004735e-01 -1.490168344279642169e-02
9.999924632007930470e-01 -3.877854863797780723e-03 1.891646526056340498e-04 -2.455670139782595296e-03 3.877851542796263533e-03 9.999924809448790253e-01 1.791976159550619924e-05 -1.000047706179599816e-01 -1.892327205008454078e-04 -1.718607409791194366e-05 9.999999819478080365e-01 -6.974758812805280719e-04
9.999985611265638230e-01 -1.490838511976680858e-03 8.094104850122309973e-04 -6.662715983159617217e-02 1.491112426179762871e-03 9.999988311982302980e-01 -3.379140507534918268e-04 -2.687877718931166310e-02 -8.089057636912223024e-04 3.391204865700223840e-04 9.999996153343065908e-01 1.789890457858763634e-02
9.999865205379867561e-01 5.055991345821198198e-03 1.181394871142632747e-03 -1.359070441579012800e-01 -5.055623674321178297e-03 9.999871709551215737e-01 -3.139975096148717821e-04 5.202654458071184068e-02 -1.182967283666034068e-03 3.080205892180983528e-04 9.999992528555821103e-01 2.027687471639131808e-02
9.999807222901441195e-01 6.066306234123367870e-03 1.324755356823998460e-03 -1.301424229077792205e-01 -6.066524861928472394e-03 9.999815854956632943e-01 1.610766247063060677e-04 8.991802563338685550e-02 -1.323753821978107753e-03 -1.691101808260161467e-04 9.999991095383863327e-01 1.896273550474238470e-02
9.999994749326791554e-01 -2.379977360230282627e-05 1.024484229609813352e-03 -9.909497882148018966e-02 2.343960050974972162e-05 9.999999379224985274e-01 3.515758584473705015e-04 4.799925435121452089e-02 -1.024492533438227295e-03 -3.515516603453058570e-04 9.999994134130675283e-01 1.746821123782896917e-02
9.999920559660673280e-01 -3.903401099283336246e-03 8.071335798196618188e-04 -1.016617312202930112e-01 3.903256005868277565e-03 9.999923658393650161e-01 1.812609781828707859e-04 1.035319632999605333e-02 -8.078349523337556961e-04 -1.781090892465403593e-04 9.999996578398625546e-01 1.478404119796573532e-02
9.999979575364722484e-01 -1.831683209762115629e-03 8.543181508672622205e-04 -9.257897776057801009e-02 1.831265472980470434e-03 9.999982034280263665e-01 4.894971778832202854e-04 -5.042342144198019849e-03 -8.552132197851703820e-04 -4.879316947704638043e-04 9.999995152663875286e-01 1.873658937500537192e-02
9.999999186135980489e-01 1.241596947705575341e-04 3.838712903837023112e-04 -5.180967679649712415e-02 -1.242819969710164422e-04 9.999999415257101454e-01 3.185946665145648459e-04 7.003385997269108432e-03 -3.838317113205511858e-04 -3.186423488758399498e-04 9.999998755701277053e-01 2.614965053079714580e-03
9.999999671861389272e-01 2.207222370114899886e-04 1.300362067081650838e-04 -1.617448911084878177e-02 -2.207220673718078585e-04 9.999999756400144157e-01 -1.318906781521996037e-06 2.405778654133331612e-02 -1.300364946525401873e-04 1.290204877865758472e-06 9.999999915444226506e-01 -5.723660229455451373e-03
9.999990276963947045e-01 -1.356530509250226946e-03 3.231582316181337827e-04 -1.640085949513774011e-02 1.356575369684522633e-03 9.999990702406672538e-01 -1.386400644963263712e-04 9.716248894059004160e-03 -3.229698616814582731e-04 1.390783181936157962e-04 9.999999381738430282e-01 -3.776694379369779225e-03
9.999977675641160690e-01 -2.101817427711363904e-03 2.173252968983235909e-04 -1.352745871374140540e-02 2.101792093429550017e-03 9.999977844189155141e-01 1.167358394519764500e-04 -2.220899997673523099e-02 -2.175701728183052585e-04 -1.162788062559763977e-04 9.999999695712290526e-01 -9.857026243595724824e-04
9.999996063714043926e-01 -7.606386728267379048e-04 4.568214592943934749e-04 -2.244453531754003750e-02 7.607008261684920216e-04 9.999997014329823353e-01 -1.358977528600717325e-04 -2.644781575358482947e-02 -4.567179538161971787e-04 1.362452038283268644e-04 9.999998864229711071e-01 6.378498577556457327e-03
9.999998975339247087e-01 -4.225884834838962022e-04 1.623302609837302046e-04 1.050504878698017147e-02 4.226328070024601793e-04 9.999998733967216946e-01 -2.731081306574650327e-04 -2.991640223012775185e-02 -1.622148280814253592e-04 2.731767087670077866e-04 9.999999495304163766e-01 5.060714336353865778e-04
9.999990909618706736e-01 -1.339745978998107450e-03 -1.521714299269965546e-04 5.822135005345893677e-02 1.339744090114675839e-03 9.999991024641821102e-01 -1.251412233613558530e-05 -5.350986598725697430e-02 1.521880590927682632e-04 1.231024018639223489e-05 9.999999883436262449e-01 -7.970183575220311095e-03
9.999984324838764316e-01 -1.704520275711093229e-03 -4.792081172298377181e-04 5.822050329202817232e-02 1.704487601530129065e-03 9.999985450080784988e-01 -6.858383309686477268e-05 -9.796919865851150266e-02 4.793243225199980066e-04 6.776692129622972308e-05 9.999998828279121899e-01 -2.867167547497238844e-02
9.999919613759744585e-01 3.991890333699235453e-03 -3.768222329138314693e-04 2.868100132638418814e-02 -3.992008560805463714e-03 9.999919827547013584e-01 -3.135186939421182755e-04 -1.006046759097989490e-01 3.755676795937746919e-04 3.150204512629066022e-04 9.999998798555094215e-01 -2.757890435179199615e-02
9.999806952409220351e-01 6.213088595873410801e-03 -8.170423568250102418e-05 -2.353239815749348304e-02 -6.213133083787931478e-03 9.999805437253788121e-01 -5.560107723417222723e-04 -6.506564168334433296e-02 7.824810183363474600e-05 5.565076779775219185e-04 9.999998420882070249e-01 -1.994064255300659338e-02
9.999464554249971604e-01 1.034815156929043932e-02 -4.518941417053326829e-05 -3.645108951291320398e-02 -1.034817372824731359e-02 9.999463203524944221e-01 -5.212619271002495117e-04 -5.100586635802741020e-02 3.979289098977580258e-05 5.217016442604122291e-04 9.999998631219507716e-01 -1.587359496524556879e-02
9.999419490405302424e-01 1.076560138393305166e-02 -4.476336314160929289e-04 6.391345991713162644e-03 -1.076566111780124374e-02 9.999420399775330592e-01 -1.312488717027783611e-04 -6.241396786647274153e-02 4.461947135259159954e-04 1.360603245606030790e-04 9.999998911989269601e-01 -2.530413646085637180e-02
9.999481312634646013e-01 1.016986657282510989e-02 -5.555147126224968274e-04 4.999057666249823173e-02 -1.016990301777610448e-02 9.999482832257944320e-01 -6.282034162223868812e-05 -7.413619035739311969e-02 5.548471087011787230e-04 6.846661396280856308e-05 9.999998437284921549e-01 -2.737838459273890176e-02
9.999495783871253929e-01 1.002232905583159278e-02 -6.273784398791083404e-04 8.603045048941898587e-02 -1.002248563328572012e-02 9.999497431408616022e-01 -2.469296571817563950e-04 -8.606049636324009100e-02 6.248720995313095756e-04 2.532050979904963044e-04 9.999997727109929402e-01 -3.237412540364109637e-02
9.999429189670946405e-01 1.067139792048371269e-02 -5.292201707654254055e-04 1.109566138245266648e-01 -1.067141569033185772e-02 9.999430583491651925e-01 -3.076495036590545074e-05 -9.731177376157594539e-02 5.288617310678883458e-04 3.641072270470755329e-05 9.999998594897544502e-01 -3.898081582847941207e-02
9.999425419695545658e-01 1.070702664742442280e-02 -5.218618944731621880e-04 7.598555546109841963e-02 -1.070678504230392243e-02 9.999425732734203986e-01 4.635832051245376861e-04 -6.285991790746453534e-02 5.267955233834028476e-04 -4.579691054207300533e-04 9.999997563753578733e-01 -5.626991549217463112e-02
9.999470922847726317e-01 1.027123484922413434e-02 -5.606834227831639181e-04 6.884453188427698545e-02 -1.027120523615121343e-02 9.999472482305478138e-01 5.567002799263496437e-05 -3.461792410455480362e-02 5.612256456720848569e-04 -4.990818811073360466e-05 9.999998412674611092e-01 -6.179673415794172814e-02
9.999537835269842745e-01 9.561865981484970675e-03 -1.000764218526643953e-03 1.155402087654500143e-01 -9.562113225538989084e-03 9.999542525305821217e-01 -2.425627068097474081e-04 -1.076674871493988467e-02 9.983990840015412576e-04 2.521209171865733184e-04 9.999994698170155960e-01 -6.580875459257540250e-02
9.999972316427421237e-01 -2.063123711292690586e-03 -1.131471344672685571e-03 1.763393879946026366e-01 2.063359201195598229e-03 9.999978498477292144e-01 2.069993365041068343e-04 1.843457157149775566e-03 1.131041846597641114e-03 -2.093333952659107914e-04 9.999993384617166248e-01 -5.365481911003139315e-02
9.996880807270454028e-01 -2.494311447580978627e-02 -1.257892095122650246e-03 2.073344301801371414e-01 2.494509826305386577e-02 9.996875631924371230e-01 1.586843096734238999e-03 2.056004933626261535e-02 1.217918274315200888e-03 -1.617726371706365877e-03 9.999979498161301050e-01 -5.300141366331011239e-02
9.985306172729878638e-01 -5.417250505526644000e-02 -1.395014144383799381e-03 2.153355836295575421e-01 5.417652321142243932e-02 9.985267927260065290e-01 3.024655523687177616e-03 1.871392247884055837e-02 1.229105832751586089e-03 -3.095788163278981407e-03 9.999944526818635993e-01 -5.974403281176053626e-02
9.979483338751748978e-01 -6.401717574304295610e-02 -9.613145410294305715e-04 2.324076567340354060e-01 6.402391235101552447e-02 9.978865315222332777e-01 1.110895376695470761e-02 -5.870026314257958955e-02 2.481189874292678800e-04 -1.114770902074542318e-02 9.999378315778221227e-01 -1.739470062868665456e-01
9.977675303173916266e-01 -6.674912601053645256e-02 -2.123586862496207490e-03 2.843893937424271656e-01 6.677131129890881422e-02 9.976822474408453267e-01 1.310439349256689590e-02 -8.520214036291090531e-02 1.243958101084068069e-03 -1.321693301085177796e-02 9.999118787423366683e-01 -2.517496208323513618e-01
9.970540077730616346e-01 -7.666135796234489763e-02 -2.518288912074975044e-03 2.866856603119368185e-01 7.668182167203414779e-02 9.970112750312327687e-01 9.402961536344362631e-03 -1.060813831510608735e-01 1.789918638881031129e-03 -9.568367466022485723e-03 9.999526201452253460e-01 -2.175255641182124999e-01
9.970327239466363345e-01 -7.691615361227825687e-02 -3.106878343748082933e-03 2.832950205747606365e-01 7.688196164364359542e-02 9.969907237929588328e-01 -9.932806482434157480e-03 -1.381345551675915440e-01 3.861522157874008616e-03 9.664470201960626700e-03 9.999458418646179902e-01 -1.339402475272630788e-01
9.962882123272459589e-01 -8.602412086400708369e-02 -3.106220751188176581e-03 3.715883125787298180e-01 8.579763532697369521e-02 9.952926172224695334e-01 -4.507074300193390087e-02 -1.188435580169305839e-01 6.968769624549789148e-03 4.463694357840194277e-02 9.989789685062936408e-01 -7.842784851986257799e-03
9.957866191572297687e-01 -9.124341134853358737e-02 -9.145982336329398776e-03 4.144551963694551588e-01 9.043524389141316400e-02 9.936607167599227353e-01 -6.678208315451975019e-02 -5.852244810722712770e-02 1.518142844777048417e-02 6.567358566150369170e-02 9.977256658905023778e-01 3.863950704993061869e-02
9.987490170853076110e-01 -4.848678789916128357e-02 -1.222424927567071669e-02 4.994288738134021188e-01 4.761650899503856033e-02 9.968425614269069701e-01 -6.354192158700133763e-02 -6.372733966718537035e-02 1.526659563417468064e-02 6.288035565313671027e-02 9.979042999860646690e-01 -3.224272244998042936e-02
9.992613513551792392e-01 -3.720830980650035452e-02 -9.606943799385437785e-03 7.112770294221348877e-01 3.667035496442318937e-02 9.980180444749396917e-01 -5.113969074212845745e-02 -8.766982338259018959e-02 1.149072472058503512e-02 5.074962643961850040e-02 9.986453017271121890e-01 -9.334769654089171420e-02
9.983697628604276675e-01 -5.671009166711938471e-02 -6.463908192435250874e-03 7.812484002173788467e-01 5.637701061210547565e-02 9.974622077891484029e-01 -4.348306229832694242e-02 -5.906394521687399757e-02 8.913432585478012204e-03 4.304775877446528204e-02 9.990332532924215414e-01 -9.200894470078141429e-02
9.981936276786876894e-01 -6.007522901106456675e-02 -6.697170518114690810e-04 7.402792198365137910e-01 6.002373064583754053e-02 9.976918898929075796e-01 -3.174971812905313939e-02 -2.103867880280277727e-02 2.575542858754906704e-03 3.165216740108849069e-02 9.994956262424544713e-01 -4.094650368101232507e-02
9.977532919827704072e-01 -6.699525924059121507e-02 -5.980660819362206828e-05 7.445836372022247573e-01 6.698917775139370812e-02 9.976739803149035080e-01 -1.261265502618749354e-02 2.058980129864864880e-02 9.046555900372418076e-04 1.258031167751461760e-02 9.999204555145174700e-01 3.273360074859940627e-02
9.956853460605719075e-01 -9.277513926121976062e-02 -1.861498133329710829e-03 8.497804727532248803e-01 9.278137377028643218e-02 9.956799912888546489e-01 3.601614682983851710e-03 6.982448523353229630e-02 1.519316141398865212e-03 -3.758787316084767714e-03 9.999917815644161490e-01 1.145245551571975606e-01
9.856852013776257193e-01 -1.679448968587471391e-01 -1.480524921283921276e-02 9.365811387180685843e-01 1.680884463885274904e-01 9.857304297492500700e-01 9.044006692272040307e-03 1.340673016368930381e-01 1.307508989799329759e-02 -1.140313489631387435e-02 9.998494939433113515e-01 1.333661615919571330e-01
9.734828208539687555e-01 -2.265743707979252231e-01 -3.154761480245457661e-02 9.932607940816672309e-01 2.270386766550159530e-01 9.738122871731201835e-01 1.196113094133251578e-02 1.196572343986203740e-01 2.801136920857086668e-02 -1.880648420574354204e-02 9.994306776094479261e-01 5.571794679810514184e-02
9.632626896960632124e-01 -2.660348232211129926e-01 -3.674865267213085762e-02 1.151948641898634440e+00 2.670198681348620595e-01 9.633645420848115926e-01 2.508284423589306547e-02 7.928214702927854907e-02 2.872943892154260562e-02 -3.397398839453997371e-02 9.990097033822149530e-01 -4.275721547825447888e-02
9.574218087991060999e-01 -2.867760661512351317e-01 -3.321096082124743581e-02 1.356244072286514335e+00 2.877603950814709433e-01 9.572319357385805638e-01 3.001626600238278472e-02 1.068458707843768507e-01 2.318264562994844236e-02 -3.829502689635384816e-02 9.989975254506908708e-01 -1.473871696977003820e-01
9.529769064787730892e-01 -3.019962517906534805e-01 -2.516504763643395357e-02 1.447850504203038291e+00 3.024493261044647330e-01 9.530202544593540104e-01 1.663729933562774904e-02 1.611739736079638163e-01 1.895839806267734032e-02 -2.346611375205408245e-02 9.995448567464457756e-01 -1.437489484359228686e-01
9.499269945500061763e-01 -3.122606894375684616e-01 -1.148768284585487132e-02 1.374491837374331116e+00 3.121815468463329246e-01 9.499872318457127651e-01 -8.181756458775574919e-03 2.151945707658809159e-01 1.346799293968268738e-02 4.185828722525725826e-03 9.999005410560003471e-01 6.400501490354298939e-02
9.553589912308821930e-01 -2.947112686583660546e-01 -2.084384801536264334e-02 1.366705541470159435e+00 2.943632287379726042e-01 9.555198093166823448e-01 -1.822590382853269200e-02 2.219784640419942834e-01 2.528808892081746071e-02 1.127661869477233555e-02 9.996166017176513208e-01 2.090274087010605686e-01
9.606528340888969009e-01 -2.758982372948555750e-01 -3.203583953265473627e-02 1.592714549316431194e+00 2.758735160959814858e-01 9.611794625745945231e-01 -5.276726414535453519e-03 2.646544726948406034e-01 3.224803054158056903e-02 -3.768737508124878413e-03 9.994727915975422095e-01 1.807512421180370310e-01
9.553541379694214797e-01 -2.921435311133083190e-01 -4.416591778001442009e-02 1.894614623048784363e+00 2.932444760914693638e-01 9.558114145527614181e-01 2.078983050649967079e-02 3.016953286773063625e-01 3.614067385292054485e-02 -3.281306202256661225e-02 9.988078667362206842e-01 -5.823952871008844512e-02
9.458874819853523297e-01 -3.223228270398061923e-01 -3.748155002767199900e-02 2.006763375556441797e+00 3.234931181720943627e-01 9.457247872206394623e-01 3.093265801336242404e-02 3.487241540741957135e-01 2.547692914589736596e-02 -4.138383749174838477e-02 9.988184540124153132e-01 -1.678181911160334661e-01
9.234787633284646802e-01 -3.829088899276929525e-01 -2.382762463342576187e-02 1.986314691419883260e+00 3.834210347243166006e-01 9.232902522821748725e-01 2.287837781951287258e-02 4.036100047544873837e-01 1.323947930486461116e-02 -3.026370854769584035e-02 9.994542631519844900e-01 -5.014027437559054334e-02
8.982571249191387830e-01 -4.390650187635121160e-01 -1.886920322110622467e-02 1.989117961009123636e+00 4.393677656349959104e-01 8.981467982795872107e-01 1.697925973173694189e-02 4.515193757734818902e-01 9.492315466417804853e-03 -2.354226068845544431e-02 9.996777770405635977e-01 7.860776944460153015e-02
8.577807094284723988e-01 -5.138253467208347969e-01 -1.399169752390597501e-02 2.113794293312358352e+00 5.140022952499204711e-01 8.572429176906829484e-01 3.059772127101113848e-02 4.850763388680510158e-01 -3.727601132106101757e-03 -3.343789970047289506e-02 9.994338456613429678e-01 1.100082506282509531e-01
8.335437086569419396e-01 -5.523934645996354531e-01 -8.145306994970288178e-03 2.236466230692783608e+00 5.520438916982174371e-01 8.322674691033449257e-01 5.077796284806596755e-02 4.961527899137929132e-01 -2.127034078518104387e-02 -4.682221844300143293e-02 9.986767507371733243e-01 -8.669474220846934420e-03
8.124219534343576354e-01 -5.830624375624895439e-01 2.960317819154449637e-03 2.345442898609880533e+00 5.819695008103400458e-01 8.111899682936433154e-01 5.729167013032231831e-02 5.709017982028050664e-01 -3.580600095607081035e-02 -4.482219587934001964e-02 9.983530943769783894e-01 -4.618718505476902825e-02
8.083720468008788185e-01 -5.886450105642415664e-01 5.628986479082286748e-03 2.409946367118251054e+00 5.877030778631153751e-01 8.075531006206552176e-01 4.962944638203162229e-02 6.361524843548218566e-01 -3.375983147438310628e-02 -3.681088447443085776e-02 9.987518373264858695e-01 -9.253140492715833387e-04
8.046716518912191418e-01 -5.936572636102288580e-01 -8.636318976969228206e-03 2.550758705837009366e+00 5.936958128521148126e-01 8.044221188580994442e-01 2.074455335051414787e-02 7.244989821989423762e-01 -5.367908766294632143e-03 -2.181990042738563354e-02 9.997475068740184767e-01 6.372532995922988719e-02
8.080449318718035956e-01 -5.881085390806216617e-01 -3.452150542414390150e-02 2.576254430147493224e+00 5.883998058457441394e-01 8.085674526514597948e-01 -2.083984985563794301e-03 7.677101934653127735e-01 2.913857506781946521e-02 -1.862849358338731012e-02 9.994017824027685570e-01 7.348274528784606852e-02
8.330897736276916543e-01 -5.497504209774436434e-01 -6.112203949546263226e-02 2.687774001636758392e+00 5.495633480697154072e-01 8.351793547803321172e-01 -2.134412816474572441e-02 7.946368472864130394e-01 6.278180895264393047e-02 -1.580885776492736358e-02 9.979020615675678885e-01 9.608809180281578655e-02
8.335587482821831262e-01 -5.474352926745308379e-01 -7.412431110365019782e-02 2.900658145624335216e+00 5.482805154739184283e-01 8.362318358060557566e-01 -1.023685186413055177e-02 8.833549178527660972e-01 6.758912274837072798e-02 -3.210789807484362712e-02 9.971964667844150920e-01 1.090425597805052549e-01
8.347150995268965978e-01 -5.461101549597556781e-01 -7.081243726659110227e-02 2.964584865020735371e+00 5.479897385693236478e-01 8.364380406594534856e-01 8.868515123667045780e-03 9.323011875445980090e-01 5.438703011313918145e-02 -4.620717246928340849e-02 9.974502234035873549e-01 2.668632374968590154e-02
8.167319777282106008e-01 -5.721411434869310142e-01 -7.485578458364328114e-02 3.066831881786154401e+00 5.738342557676801015e-01 8.189703193158621719e-01 1.364912901081871688e-03 1.011518920989340931e+00 6.052374297512069096e-02 -4.406958144958805779e-02 9.971934358624406913e-01 -6.831076470237016154e-03
7.930657723826775030e-01 -6.037552585410110861e-01 -8.078532329045963467e-02 3.042169046452562586e+00 6.045283810624690890e-01 7.963957797402677619e-01 -1.729735534355200666e-02 1.071169841150069635e+00 7.478045978099719104e-02 -3.511908022667804136e-02 9.965814231857700323e-01 8.683130101654873423e-02
7.696565892247225760e-01 -6.315371136536230834e-01 -9.375291324016267469e-02 3.120362131767664859e+00 6.330369225357098673e-01 7.739442443817403650e-01 -1.656989121553718164e-02 1.108831977774866084e+00 8.302402886805944349e-02 -4.659592971953494672e-02 9.954575982753297581e-01 1.827276081433938104e-01
7.460697563816605093e-01 -6.569309177282203205e-01 -1.087275859447273813e-01 3.196043022609474260e+00 6.609779047566906041e-01 7.504036913232789985e-01 1.584131261097694587e-03 1.154299672342232741e+00 8.054891703843762574e-02 -7.304840437104262452e-02 9.940703207433463362e-01 1.622429686756238221e-01
7.420597363944374525e-01 -6.604781180953490649e-01 -1.145251201241193895e-01 3.400379823671927593e+00 6.671322554697750595e-01 7.443353091932595200e-01 2.999168551424722523e-02 1.217412537576323173e+00 6.543623869102405122e-02 -9.865902394307787815e-02 9.929675199424050636e-01 5.157281011326403375e-02
7.229205278018167036e-01 -6.837953270036781772e-01 -9.904474368019583475e-02 3.555880351334346656e+00 6.897144736199961601e-01 7.226978808071418126e-01 4.474056275861720833e-02 1.320712100019237445e+00 4.098603862090684918e-02 -1.006564644958235777e-01 9.940766674625084454e-01 -4.377769593407454529e-02
7.179732815926032075e-01 -6.919982095357435359e-01 -7.518540362646061737e-02 3.589397953370143224e+00 6.956696143631575513e-01 7.170275359556965711e-01 4.376414437776672550e-02 1.367957134834288935e+00 2.362529515083721526e-02 -8.372568710155585403e-02 9.962087405500958948e-01 -9.089161572839593584e-03
7.150980273837408419e-01 -6.960729133747719510e-01 -6.416627227632731856e-02 3.639940835276613829e+00 6.984783164333264738e-01 7.151497890446048000e-01 2.624539391823004983e-02 1.453481273194564549e+00 2.761978827486324256e-02 -6.358677925020708721e-02 9.975940400785467954e-01 5.732798447693331773e-02
7.136975875674815839e-01 -6.979604190241137651e-01 -5.905088463385252395e-02 3.724213022027093256e+00 6.995229126890862847e-01 7.145568652491907091e-01 8.728169809687259112e-03 1.550210711663046803e+00 3.610329795647432283e-02 -4.753672055299285049e-02 9.982168161655726735e-01 1.297834702517116079e-01
7.241802686968967784e-01 -6.868956442656104500e-01 -6.113356131473370036e-02 3.803407489912294270e+00 6.886798699603335905e-01 7.249599171489113925e-01 1.237559044496418931e-02 1.635607695032233355e+00 3.581864237388622529e-02 -5.106361147015980179e-02 9.980528705645388410e-01 1.443502503077297716e-01
7.310287748508564887e-01 -6.800974162832641445e-01 -5.535733650460626654e-02 4.003151963931060209e+00 6.820781692729177559e-01 7.306079530380321652e-01 3.132714412265406867e-02 1.704907714843213906e+00 1.913900053191744388e-02 -6.065907452644671294e-02 9.979750374314150241e-01 9.083851207647779258e-02
7.185661146539383815e-01 -6.946300770519382439e-01 -3.393810433659277120e-02 4.111314125552192777e+00 6.953824192478259558e-01 7.169087988493494379e-01 4.985042761525292077e-02 1.783196889234129001e+00 -1.029708076028458714e-02 -5.942078918359469664e-02 9.981799136130795613e-01 1.624807427134580123e-02
7.113641637676317853e-01 -7.026496346427900663e-01 -1.563705354379451781e-02 4.127984265325617130e+00 7.022268307993816405e-01 7.096675189654090277e-01 5.700430361768682452e-02 1.852175184051799928e+00 -2.895694411768040891e-02 -5.153157732725104079e-02 9.982514672794280397e-01 4.545317335254220326e-02
6.932689772902720371e-01 -7.205182450245987136e-01 -1.521787480473632895e-02 4.180863986503493557e+00 7.200769011375983686e-01 6.916724648599352765e-01 5.548385172872378340e-02 1.955381918897408200e+00 -2.945134249866322371e-02 -4.942327327539190046e-02 9.983436074237027613e-01 1.028303880545584081e-01
6.643039538353137097e-01 -7.467936137737704039e-01 -3.161574521471826466e-02 4.321957150138545423e+00 7.471555720544763579e-01 6.622247621666584871e-01 5.671785892698014142e-02 2.048230721336235405e+00 -2.141980547805193147e-02 -6.129977814009784920e-02 9.978895375407326185e-01 1.141825024886066187e-01
6.479552656683409406e-01 -7.607523139282681424e-01 -3.754850923080340491e-02 4.413321729164985108e+00 7.610720389083358572e-01 6.446856131083062991e-01 7.176218950865415058e-02 2.090480047573899380e+00 -3.038626802650413669e-02 -7.507580904627783602e-02 9.967147523797710296e-01 5.124308829498638862e-02
6.408573581139033193e-01 -7.673791985464840648e-01 -2.076083306190026553e-02 4.528621300395186289e+00 7.662085936519621443e-01 6.377495162309900767e-01 7.873973305149245538e-02 2.190603588885253306e+00 -4.718302200103914601e-02 -6.636806600537520362e-02 9.966790066262837255e-01 2.425673490429898493e-02
6.366928475945601296e-01 -7.711042376847428992e-01 -4.524648777741186595e-03 4.588354796443709915e+00 7.692925867306513732e-01 6.347716714520248438e-01 7.248338515319172060e-02 2.280220972961377601e+00 -5.302012658598137529e-02 -4.963043165875510171e-02 9.973593567166110230e-01 4.792266887268182424e-02
6.425962379223475462e-01 -7.661646768101162408e-01 7.858944998919648040e-03 4.653316047610984718e+00 7.649159854691980343e-01 6.420761529704053228e-01 5.139794704470609932e-02 2.372955180536257203e+00 -4.442533265752304783e-02 -2.701669474926333622e-02 9.986473291523356721e-01 9.135436152209022720e-02
6.500538518362892759e-01 -7.596615296931842343e-01 1.855667041834281605e-02 4.720259962353448913e+00 7.588343187903271447e-01 6.502444115433754224e-01 3.677882383423208140e-02 2.503824643062826816e+00 -4.000582881060857354e-02 -9.826777743531092679e-03 9.991511237547379132e-01 1.246750634787785611e-01
6.753901933360393350e-01 -7.368731707493334504e-01 2.942816636032493521e-02 4.754300505443984193e+00 7.353222165800463728e-01 6.759320747942864083e-01 4.916368647791257568e-02 2.581364345210481304e+00 -5.611884308603142663e-02 -1.156548719746931103e-02 9.983571079311103214e-01 1.474060550650855006e-01
6.925473431063098317e-01 -7.207736838841264371e-01 2.938493111267495919e-02 4.871299342411795408e+00 7.184778454869243935e-01 6.928414148651005355e-01 6.132176931720784152e-02 2.712855896270967904e+00 -6.455821482087571728e-02 -2.135580641959393400e-02 9.976854045395825432e-01 1.249406302881496400e-01
6.824523004204380294e-01 -7.305607004934266957e-01 2.323619042368856372e-02 5.050630606042417980e+00 7.282637983196997844e-01 6.823319935208648213e-01 6.367802348382134436e-02 2.795706417525987586e+00 -6.237545757600324037e-02 -2.653513731632527878e-02 9.976999492732211428e-01 6.770122280354505528e-02
6.615853189724962835e-01 -7.496026379898185210e-01 2.001876216866325942e-02 5.086724351566752844e+00 7.476263372137542662e-01 6.614343693808796276e-01 5.966099987482514910e-02 2.838011344733768482e+00 -5.796314022209475558e-02 -2.450428779669326651e-02 9.980179428523169305e-01 6.728652667113307895e-02
6.408322260181074093e-01 -7.674235804784129700e-01 1.987727904845570936e-02 5.090408355298025711e+00 7.656403174147518031e-01 6.408011580932114759e-01 5.629191891770302797e-02 2.926576948377244136e+00 -5.593712940181651272e-02 -2.085482946686121469e-02 9.982164663249112335e-01 1.054098344964241873e-01
6.128635212003399335e-01 -7.901053436381412221e-01 1.148261017257629427e-02 5.196001475802573211e+00 7.882039176890481835e-01 6.122888552188907596e-01 6.194305380247626391e-02 3.042091907341540669e+00 -5.597221204809289807e-02 -2.891199974396696862e-02 9.980136310438090241e-01 1.433253703968156156e-01
5.941493041499221750e-01 -8.043027727386585779e-01 9.146263885821147299e-03 5.249345694360970427e+00 8.010006506010854954e-01 5.926708210117506148e-01 8.449411611405474587e-02 3.112022917886303475e+00 -7.337957559703614518e-02 -4.287595697081641316e-02 9.963820001380171432e-01 1.358291575315408450e-01
5.958883611104395239e-01 -8.030594167957201268e-01 3.554460413695829935e-03 5.346327589155113635e+00 7.992852374649501712e-01 5.935052696015299389e-01 9.431120890866433182e-02 3.204568995977881141e+00 -7.784709540960979557e-02 -5.335792397510764895e-02 9.955364190652965517e-01 9.020261094426114401e-02
6.022178048262489813e-01 -7.982815301207293324e-01 -8.961820036181903509e-03 5.456183287362003753e+00 7.957621522812594606e-01 5.993415893697274788e-01 8.690371826605920724e-02 3.303097139484604483e+00 -6.400244172647980012e-02 -5.946644364577440001e-02 9.961764048265611127e-01 8.578583989910734675e-02
6.120929025851395977e-01 -7.906608282472408211e-01 -1.406176661326677922e-02 5.490947484090144215e+00 7.895149717113395527e-01 6.100048363305572430e-01 6.752932027625360711e-02 3.411835476865974659e+00 -4.481504265915157298e-02 -5.243619292737837501e-02 9.976181923074284308e-01 1.105922647018199589e-01
6.371209769581909210e-01 -7.705816841026358333e-01 -1.675496479810632128e-02 5.579451029595668743e+00 7.700802608881698319e-01 6.354902165996291208e-01 5.593367855384499127e-02 3.447680334014063153e+00 -3.245385200940961029e-02 -4.853918758798895366e-02 9.982938919767311292e-01 1.239529532654959632e-01
6.524403472947739591e-01 -7.577434291639351116e-01 -1.210325496531101247e-02 5.657583672141750064e+00 7.571102696285088030e-01 6.510281696004351915e-01 5.428040170958420285e-02 3.573752638265111692e+00 -3.325105780154244406e-02 -4.457822277287017132e-02 9.984523770363266104e-01 1.338059759072552091e-01
6.806333701845161954e-01 -7.326208222482484267e-01 -2.224005298510245421e-03 5.714773145405046328e+00 7.311440897298888686e-01 6.790623021473058962e-01 6.559504444280218893e-02 3.657265561389090092e+00 -4.654605723710196485e-02 -4.627224449604129541e-02 9.978438474756353704e-01 1.552445324811377314e-01
6.881783883774055255e-01 -7.255411095175225977e-01 7.772839630866938687e-04 5.853773041658208776e+00 7.235170767705014772e-01 6.863377728105156672e-01 7.391550064072652249e-02 3.803264995983165697e+00 -5.416221368948211101e-02 -5.030467188625119268e-02 9.972642050102227262e-01 1.257868250697712353e-01
6.849106525875446883e-01 -7.286244718046692714e-01 1.943465839789638994e-03 5.924730220286564375e+00 7.266794893147197065e-01 6.832723899917600985e-01 7.124437440420346157e-02 3.879391901065813109e+00 -5.323831121853725423e-02 -4.738375420241542485e-02 9.974569975975321467e-01 7.978826023651437727e-02
6.755538418902610198e-01 -7.373105515090242479e-01 -3.966620310612810341e-04 5.978496765000160806e+00 7.362630777642217295e-01 6.745652405788653549e-01 5.365087626435524615e-02 3.921419961774702312e+00 -3.928978274900282730e-02 -3.653610318898559139e-02 9.985596758007505569e-01 8.225317048986241497e-02
6.664492619594675205e-01 -7.455223096097567392e-01 -6.470479720644051712e-03 6.057896752127120976e+00 7.453903949420352948e-01 6.661013604839646218e-01 2.649786198107656129e-02 4.010950166573707953e+00 -1.544475191894785146e-02 -2.248251399522760777e-02 9.996279288828501253e-01 1.324124699589864229e-01
6.285773971351301670e-01 -7.776538356425163334e-01 -1.204025420442225019e-02 6.112908011882452364e+00 7.777466011920702860e-01 6.284853013036458824e-01 1.079121769997367156e-02 4.108118049586975573e+00 -8.247090441991303256e-04 -1.614738231874593422e-02 9.998692824060776418e-01 1.580258723045352420e-01
6.310289211114565866e-01 -7.757580717295591288e-01 -1.383787320177591075e-03 6.134604964611273914e+00 7.755981644874956338e-01 6.308604835829019208e-01 2.150668494154147140e-02 4.137774631907425338e+00 -1.581100770156223384e-02 -1.464460310091573493e-02 9.997677468469753359e-01 1.696052086620159216e-01
6.353971374153906115e-01 -7.721444889060007366e-01 7.960277408379940953e-03 6.256694414680751493e+00 7.715362008842334696e-01 6.352517740605940766e-01 3.445394430238479105e-02 4.269047775712798476e+00 -3.166020355984854040e-02 -1.575029539275855928e-02 9.993745842803837265e-01 1.429532772739326996e-01
6.476416173950918509e-01 -7.619320525836796865e-01 4.458998036619142222e-03 6.358732535423662569e+00 7.614276132205086700e-01 6.474063256259546817e-01 3.306114584856302552e-02 4.385062436325239510e+00 -2.807713025202496215e-02 -1.801656973792054028e-02 9.994433840752008358e-01 9.945575905050713095e-02
6.646635840872507917e-01 -7.471419089021661408e-01 -1.134878987901064527e-03 6.447375522275204496e+00 7.470832962899843777e-01 6.645907430929486326e-01 1.362690719325931540e-02 4.488142811657979792e+00 -9.427003382914685842e-03 -9.905158110267445193e-03 9.999065053543901849e-01 7.271394037078530992e-02
6.760714716584588224e-01 -7.368261897669138305e-01 -3.811992017013563893e-03 6.521054446610030197e+00 7.367911859779582295e-01 6.760783494778839220e-01 -7.537481837729081806e-03 4.587753646286961917e+00 8.131019294016633703e-03 2.287234319478473159e-03 9.999643269059192985e-01 1.021682919350992147e-01
6.991178233383174012e-01 -7.150037793734805858e-01 -1.965851554066353792e-03 6.559268917573056967e+00 7.149660328352488436e-01 6.991048756874083114e-01 -8.714624600036007668e-03 4.670338858602963938e+00 7.605325931172306382e-03 4.687032294833899312e-03 9.999600945766524696e-01 1.727424913903151116e-01
7.039921934334346654e-01 -7.102024787534102490e-01 2.725941542593271049e-03 6.683433711441798764e+00 7.102075577578037535e-01 7.039843421568066084e-01 -3.357216368389100147e-03 4.785535040906794713e+00 4.652832229210253183e-04 4.299438400568579219e-03 9.999906491267617215e-01 1.708956544553237589e-01
6.981077294268291933e-01 -7.159231486938614220e-01 9.982148004517205769e-03 6.769248098977922012e+00 7.159789372115564765e-01 6.981129831171578592e-01 -3.524808175334871556e-03 4.830943835993632973e+00 -4.445175353922884917e-03 9.607703551310839418e-03 9.999439646542914728e-01 1.203663812620231061e-01
6.930821494967263074e-01 -7.207761009826831877e-01 1.090625055637586480e-02 6.811006842249831550e+00 7.208581055777500968e-01 6.929844578177195569e-01 -1.166759812209120645e-02 4.922385880632042188e+00 8.518637536394455673e-04 1.594846310094832909e-02 9.998724522922225466e-01 1.292811212836657009e-01
6.874557819931887970e-01 -7.262261775239584605e-01 2.947593483431424320e-04 6.866101803347206989e+00 7.262131459617306994e-01 6.874408958323997565e-01 -6.283420208277326439e-03 5.034193065566532788e+00 4.360554609154052713e-03 4.533631666534997974e-03 9.999802156779966644e-01 1.635319532981331370e-01
6.769621203352774730e-01 -7.359846499128933628e-01 -6.991618107502819805e-03 6.996239017504453983e+00 7.359128729135945290e-01 6.766745806450920053e-01 2.331856318147464829e-02 5.127098708479699951e+00 -1.243105430866419531e-02 -2.093100574231031991e-02 9.997036370281896511e-01 1.396357274090557210e-01
6.702669493381305799e-01 -7.420578788863052555e-01 -9.608382158990994362e-03 7.084928418856018872e+00 7.413677124528110784e-01 6.689484473520168617e-01 5.368323497901106300e-02 5.214614547944147915e+00 -3.340855515345821786e-02 -4.310544244156733207e-02 9.985117872486408697e-01 1.284516060676986204e-01
6.734507916482718182e-01 -7.390647567449407651e-01 -1.572630172219578390e-02 7.189288361856786658e+00 7.380573264185460447e-01 6.710295736217999352e-01 7.064484584775618248e-02 5.290934851463243049e+00 -4.165830227246294926e-02 -5.918273956557672938e-02 9.973775559883475417e-01 1.088057159539707053e-01
6.659516486911656319e-01 -7.456664827919716743e-01 -2.213364059906030093e-02 7.273638782536244740e+00 7.453405299994422251e-01 6.638320948578655400e-01 6.159905986919103626e-02 5.421894276317059891e+00 -3.123933331024647195e-02 -5.751909489263437592e-02 9.978555295116940949e-01 1.051742208733136286e-01
6.711776719857740492e-01 -7.410429711931862951e-01 -1.938678603923412250e-02 7.283136330923285051e+00 7.410800281423397529e-01 6.701201476319470496e-01 4.170587040557201253e-02 5.504517246147634602e+00 -1.791436619882252543e-02 -4.235920895049735679e-02 9.989418265849030476e-01 1.370510881394948477e-01
6.883389717671828389e-01 -7.252297941891803212e-01 -1.520544530149551231e-02 7.370366100798214859e+00 7.253398496949310381e-01 6.878964743970098494e-01 2.608721826295223520e-02 5.585748028778818153e+00 -8.459455717273732869e-03 -2.898596440491786261e-02 9.995440217801736527e-01 1.721874623033649576e-01
7.166692777516309176e-01 -6.971668553171275207e-01 -1.853435119401322315e-02 7.457936189279960715e+00 6.973961403033632767e-01 7.162128591843660574e-01 2.603389768987980635e-02 5.693792885091704115e+00 -4.875429922309957274e-03 -3.158347964019787152e-02 9.994892265536882148e-01 2.264339440188583852e-01
7.229923970841045655e-01 -6.903482642376916889e-01 -2.648146186649529693e-02 7.630145425944456328e+00 6.907754134640502475e-01 7.217913925424311872e-01 4.297108103397568463e-02 5.820604586423828053e+00 -1.055091996704538015e-02 -4.936050765201014517e-02 9.987252967519070213e-01 2.353279921440619149e-01
7.146538688911099335e-01 -6.990399340932454963e-01 -2.475920479093043913e-02 7.666106108673893083e+00 6.992156252663014326e-01 7.129679396666864788e-01 5.267092547976695571e-02 5.888068875751243603e+00 -1.916656104843130620e-02 -5.495350353117763043e-02 9.983049410812437907e-01 1.762740183308321162e-01
7.128353025848341851e-01 -7.009478388187849740e-01 -2.319393550181746144e-02 7.751999854101772947e+00 7.010959378466571357e-01 7.113490883728548209e-01 4.946676061785974104e-02 5.917425215453586240e+00 -1.817463407345832477e-02 -5.152282723592519625e-02 9.985064250919534201e-01 1.392505409962714324e-01
7.027319387855186505e-01 -7.109437335903026067e-01 -2.695978262944637160e-02 7.806167439464779534e+00 7.113592703962294816e-01 7.015122906976508643e-01 4.299412077806371441e-02 6.026065412779509245e+00 -1.165378187929535375e-02 -4.939143315207137480e-02 9.987115077433994514e-01 1.584156133731379479e-01
6.961126335014703459e-01 -7.169669243634317901e-01 -3.722406276172265938e-02 7.901902221809115723e+00 7.179170428631760359e-01 6.948200621983529057e-01 4.266381058074524002e-02 6.152684982767890887e+00 -4.724515450325428301e-03 -5.642260659981966631e-02 9.983957974762521781e-01 2.429055725570491153e-01
6.872508851025325161e-01 -7.253313943817917275e-01 -3.975662523342812782e-02 7.994646452507086387e+00 7.262760947093097608e-01 6.849949073264063326e-01 5.748922673581427500e-02 6.238216567200155716e+00 -1.446565517283637976e-02 -6.838380847140432262e-02 9.975542088324658163e-01 2.194392110382420713e-01
6.869999524189671636e-01 -7.261073863010021334e-01 -2.826886866261324113e-02 8.097646448463097002e+00 7.261781042619743776e-01 6.846142268497308336e-01 6.299778794077087740e-02 6.294138336327138816e+00 -2.638988948104637952e-02 -6.380771077285699033e-02 9.976132265457919868e-01 1.731732287291507522e-01
6.866340281291531955e-01 -7.267700582928039443e-01 -1.841178384100189414e-02 8.205455023035126416e+00 7.265845912763378989e-01 6.851591713620428514e-01 5.130050309963901656e-02 6.365359978604540281e+00 -2.466866706837689965e-02 -4.860238952513989963e-02 9.985135274985091902e-01 1.551324692738850208e-01
6.965863034442696389e-01 -7.173076352458698235e-01 -1.540383951571493160e-02 8.274413177378864503e+00 7.174544937531459610e-01 6.962535180070246188e-01 2.213793251997109301e-02 6.435445695205229022e+00 -5.154730571500966939e-03 -2.647253446158730900e-02 9.996362506791734992e-01 1.963295965036344348e-01
7.072976187181182484e-01 -7.067666812758683914e-01 -1.452366324226487225e-02 8.360841109151900596e+00 7.067524833972675946e-01 7.074265899304426064e-01 -6.967572832812090992e-03 6.541973284174337877e+00 1.519887388836805610e-02 -5.336487391603263707e-03 9.998702496498457215e-01 2.279294804246851935e-01
7.363612158890628923e-01 -6.764085430730176762e-01 -1.560905481503441911e-02 8.425722197328703089e+00 6.765216579320011414e-01 7.364169415893678794e-01 2.921384791167064114e-03 6.614906386592031673e+00 9.518722777639456595e-03 -1.271105809912216264e-02 9.998739035091790406e-01 2.325940518205003027e-01
