1.000000000000000000e+00 0.000000000000000000e+00 0.000000000000000000e+00 0.000000000000000000e+00 0.000000000000000000e+00 1.000000000000000000e+00 0.000000000000000000e+00 0.000000000000000000e+00 0.000000000000000000e+00 0.000000000000000000e+00 1.000000000000000000e+00 0.000000000000000000e+00
9.999984190850336185e-01 -1.743797149227345380e-03 -3.478490128072033328e-04 1.439313373576181151e-02 1.744023657215549705e-03 9.999982666825353306e-01 6.519305238973126856e-04 -4.854362909645514729e-02 3.467115752853679352e-04 -6.525361501580652368e-04 9.999997269937909161e-01 -1.332317086311213088e-02
9.999928670009785581e-01 -3.754515917877879975e-03 -4.117734639896805963e-04 1.479338258149727817e-02 3.754671815903963105e-03 9.999928795693043826e-01 3.784841416758020615e-04 -9.876255645920078985e-02 4.103495072506818447e-04 -3.800275161685690538e-04 9.999998435961722221e-01 -2.342590600827457528e-02
9.999944981554742540e-01 -3.300838204313638440e-03 -3.288250753788533160e-04 1.340031922945719191e-02 3.300899918828243892e-03 9.999945344712253270e-01 1.873163187815670414e-04 -1.073022507438579631e-01 3.282049773146163509e-04 -1.884007068609307081e-04 9.999999283933307392e-01 -1.853128660201170189e-02
9.999982845964330291e-01 -1.810717446487687850e-03 3.900083592778714613e-04 -2.164882406608832285e-02 1.810827473628520180e-03 9.999983207035477717e-01 -2.819467062511162784e-04 -6.457603417743161545e-02 -3.894971785182287246e-04 2.826524604506558381e-04 9.999998841997606025e-01 3.960048324828907562e-03
9.999996083147452142e-01 -7.334957109436650736e-04 4.953326136929214795e-04 -5.680422740315893559e-02 7.335728015096304108e-04 9.999997188499419876e-01 -1.554701962854560698e-04 -1.851707539695545204e-02 -4.952184377079734507e-04 1.558334979231784342e-04 9.999998652373008889e-01 1.208526756465896218e-02
9.999985475001468282e-01 1.491049596265056577e-03 8.256928593496885719e-04 -9.423275744413789345e-02 -1.491187058122824633e-03 9.999988744201961932e-01 1.658900189655260074e-04 2.172627632640629358e-02 -8.254445797206789526e-04 -1.671210405161445314e-04 9.999996453558389620e-01 1.604543754189036511e-02
9.999992962176700306e-01 7.968820179122461812e-04 8.789443748719193063e-04 -5.520405978357721677e-02 -7.977852609748845719e-04 9.999991536094081646e-01 1.027773878230958280e-03 3.167665664403906955e-05 -8.781246164196274562e-04 -1.028474363769353106e-03 9.999990855684024460e-01 1.849950677153892886e-02
9.999990147055023426e-01 -1.297808900495727152e-03 5.350514762348659251e-04 -4.864959813205897710e-02 1.297246434907894583e-03 9.999986070659098170e-01 1.050246603002367562e-03 -5.962390912465368592e-03 -5.364137503325165125e-04 -1.049551474580130532e-03 9.999993053507540974e-01 1.636455067195216953e-02
9.999967707597847699e-01 -2.453573583554589758e-03 6.621530582546210309e-04 -7.668486676189870122e-02 2.453205632575027918e-03 9.999968363569844421e-01 5.559299837502769143e-04 -4.191026083486646889e-03 -6.635149785611586760e-04 -5.543037909066794722e-04 9.999996262475204789e-01 1.889335046332509330e-02
9.999990817341786187e-01 -9.686857829289893806e-04 9.477228780598454449e-04 -7.715957825392566471e-02 9.681365483328052430e-04 9.999993632611408056e-01 5.798180203599692011e-04 -1.018656754405397602e-02 -9.482839360808698959e-04 -5.788999627769575657e-04 9.999993828160144149e-01 2.820892304698636305e-02
9.999998876114850610e-01 -1.646897345997557757e-05 4.738204197067975962e-04 -3.787052491037080915e-02 1.624888093454916201e-05 9.999998919849271140e-01 4.645063056861002400e-04 1.919187993794840841e-03 -4.738280184690707593e-04 -4.644985544293421553e-04 9.999997798640266611e-01 1.059870987810528770e-02
9.999999803870709414e-01 -1.879308966021777814e-04 -6.251268473423730160e-05 -7.412576088559818914e-03 1.879546735351386017e-04 9.999999099214418319e-01 3.805655646450115462e-04 8.091757980366627925e-03 6.244115907540513178e-05 -3.805773067322572138e-04 9.999999256310048157e-01 -6.039307452811765349e-03
9.999995953066364018e-01 -8.982247485605398185e-04 5.078252220707395209e-05 -6.325059474774415158e-03 8.982143057599478947e-04 9.999995755338848547e-01 2.052878734258065487e-04 4.822818509092491671e-03 -5.096689530010445882e-05 -2.052421767592375477e-04 9.999999776390119388e-01 -5.749826273310779806e-03
9.999995791070107609e-01 -9.174882712523079907e-04 1.036021925141914577e-06 -6.754321710280302218e-03 9.174881332703134539e-04 9.999995711520733854e-01 1.261395840301296977e-04 -5.370152700207412449e-03 -1.151753069734348808e-06 -1.261385804010410074e-04 9.999999920438659151e-01 -3.438724438267478506e-03
9.999999535398791384e-01 -1.494585748147503953e-04 2.656734346791677845e-04 -1.457277272779646318e-02 1.494771276365235754e-04 9.999999863912479858e-01 -6.981469944419312198e-05 -1.616298628524420397e-02 -2.656629966582038345e-04 6.985440830249893345e-05 9.999999622717662406e-01 5.441745112225423835e-03
9.999999193595922042e-01 -3.865313598372261674e-04 1.089693397777932152e-04 1.303821110387054158e-02 3.865381812686836211e-04 9.999999233356456907e-01 -6.258543964688317385e-05 -3.482538722311530333e-02 -1.089451401886364101e-04 6.262755541037954839e-05 9.999999921043728479e-01 2.184409216413047208e-03
9.999996310055054849e-01 -8.117847898953438682e-04 -2.810592600787760139e-04 3.835104804348370144e-02 8.117971227812666602e-04 9.999996695348106757e-01 4.376871932506150266e-05 -3.895461683674687065e-02 2.810236364178531868e-04 -4.399686627330802739e-05 9.999999595449949874e-01 -1.189523152105765452e-02
9.999997430822716860e-01 -5.615410718252235398e-04 -4.455412610264713070e-04 2.810491375029883915e-02 5.613866544289514409e-04 9.999997823451919343e-01 -3.466332253629379463e-04 -6.203765976757714268e-02 4.457358128451742538e-04 3.463830153887794100e-04 9.999998406691832376e-01 -3.017468918993898921e-02
9.999891749914456840e-01 4.646016252509082428e-03 -2.538363826960451149e-04 8.136216807624004066e-03 -4.646177818912725424e-03 9.999890018729368224e-01 -6.396599430202177909e-04 -7.118370318131883590e-02 2.508617204799039367e-04 6.408323876667782696e-04 9.999997632010960702e-01 -2.319112123508562315e-02
9.999820525677350913e-01 5.988278388605041899e-03 -1.872547995509208935e-04 -1.010003032014112657e-02 -5.988372392862656088e-03 9.999819417458354343e-01 -5.055475378632016395e-04 -6.545756246707643000e-02 1.842240586607583560e-04 5.066598160550708644e-04 9.999998546786529330e-01 -1.572990789846865842e-02
9.999853558085309846e-01 5.411636258298281252e-03 -4.859520017379568229e-05 -1.459809745761509944e-02 -5.411644109746148110e-03 9.999853436756108715e-01 -1.629171566609769416e-04 -7.744409848870603685e-02 4.771283955469277478e-05 1.631777507997236886e-04 9.999999855482532007e-01 -8.442983915277976065e-03
9.999906915448398825e-01 4.307009699009364811e-03 -2.578587319325610790e-04 2.092007144122245629e-02 -4.306987641967496491e-03 9.999907211847939292e-01 8.603352678919273322e-05 -8.579779406657228602e-02 2.582268865433592496e-04 -8.492213157815939003e-05 9.999999630535526540e-01 -1.388387483779130946e-02
9.999882786640478249e-01 4.829837989804059914e-03 -3.394105284442981989e-04 3.665455540953251046e-02 -4.829862834455404819e-03 9.999883335222693459e-01 -7.241791797931132111e-05 -7.715066057984876213e-02 3.390568019075275376e-04 7.405637544152172719e-05 9.999999397780673371e-01 -1.879346749879518344e-02
9.999825249535141403e-01 5.886815553813702466e-03 -5.433141170040462452e-04 6.238838773069139282e-02 -5.886995766392444200e-03 9.999826168113158387e-01 -3.306902470599936317e-04 -7.237624033630296605e-02 5.413579599823482944e-04 3.338829561391779498e-04 9.999997977268448857e-01 -2.873830569284135245e-02
9.999321509937747487e-01 1.163784617469940628e-02 -5.039299324634147160e-04 1.016849084744919918e-01 -1.163795970749119564e-02 9.999322517983254555e-01 -2.229515129200550488e-04 -7.097882548761012822e-02 5.013011167049403116e-04 2.288011021308749855e-04 9.999998481736115385e-01 -3.624120681699970203e-02
9.999083376268930179e-01 1.352942689113186339e-02 -5.205307108385061722e-04 7.864075023242594886e-02 -1.352943161691800081e-02 9.999084730360208173e-01 -5.558452182748075558e-06 -2.452387877911973296e-02 5.204078655704507837e-04 1.260042733862548931e-05 9.999998645084321458e-01 -5.092253605734611138e-02
9.999342553888311835e-01 1.144672830182336294e-02 -6.762478598521484046e-04 7.339093874979317478e-02 -1.144683242228689869e-02 9.999344715719432619e-01 -1.502984850135030096e-04 -2.295797622525514586e-02 6.744831204707903800e-04 1.580294996257042403e-04 9.999997600495699190e-01 -5.909379266154127924e-02
9.999571860057100414e-01 9.207737842499343420e-03 -9.185419781856783315e-04 9.655276486711258932e-02 -9.207836866498455078e-03 9.999576016012049484e-01 -1.036349643157368042e-04 -2.035575891243530250e-02 9.175487898938412172e-04 1.120883119791308446e-04 9.999995727701229686e-01 -6.248519375408891074e-02
9.999976612779274410e-01 -1.923336069065946421e-03 -9.890485533853670113e-04 1.306906855121029998e-01 1.924052978452049732e-03 9.999978866246470588e-01 7.244076031707033167e-04 -6.342033462420314238e-03 9.876531838826478355e-04 -7.263088907976270134e-04 9.999992485080093640e-01 -5.172877316592179586e-02
9.997079544999337708e-01 -2.415114336862370439e-02 -8.532195184327142972e-04 1.755463547846752570e-01 2.415205147648987957e-02 9.997077234422407921e-01 1.070560324855484658e-03 3.325197145051250053e-02 8.271148864785086508e-04 -1.090854674259994017e-03 9.999990629580830515e-01 -3.359761643524875052e-02
9.986154159583072731e-01 -5.259644976900839514e-02 -9.297753024773251773e-04 2.089282631612075503e-01 5.259810696695529225e-02 9.986140327744497114e-01 1.858141394755427568e-03 5.680512794706996105e-02 8.307550238479965727e-04 -1.904473062647976276e-03 9.999978414118922965e-01 -3.174549975997471851e-02
9.979138598586774211e-01 -6.454630017793683283e-02 -1.305157191911630616e-03 2.255221590613397387e-01 6.455006753690609167e-02 9.979096968461994566e-01 3.086376728020070494e-03 1.730475095763652632e-02 1.103214818968190503e-03 -3.164186098520677982e-03 9.999943854059367698e-01 -5.914285437797986433e-02
9.974992273208210802e-01 -7.066550172398683438e-02 -1.295515519812223118e-03 2.529898002861667994e-01 7.066732287012575386e-02 9.974989311816551130e-01 1.418368719680969045e-03 -2.960859319623521113e-02 1.192045609136074347e-03 -1.506372315459618243e-03 9.999981549331543595e-01 -4.458429482961448476e-02
9.969062575422974470e-01 -7.859152951630052342e-02 -1.133649548585381143e-03 2.639218978611272415e-01 7.859041289297252764e-02 9.969064905135778254e-01 -9.980847729107260834e-04 -6.728397209263010936e-02 1.208583601842537231e-03 9.059029695731286944e-04 9.999988593320929819e-01 -9.969723323336052156e-03
9.968467365911948264e-01 -7.930936495383136831e-02 -2.570676585059018630e-03 3.155603385828840701e-01 7.929832841121636777e-02 9.968423182252053039e-01 -4.143393124651442369e-03 -1.833069772953784538e-01 2.891169083927663287e-03 3.926477558642149299e-03 9.999881118869912155e-01 -5.888923014743921436e-02
9.964913173021925363e-01 -8.342306839821769793e-02 -6.756197182382439256e-03 3.791129002333190612e-01 8.322462344274877966e-02 9.962000620189671585e-01 -2.567291347351839323e-02 -1.854337983613986163e-01 8.872237268784605516e-03 2.502055339980281332e-02 9.996475655516868786e-01 -1.005133840928844474e-01
9.960175508322666182e-01 -8.842925428290344947e-02 -1.137125415522887567e-02 3.869617713950130322e-01 8.764280451441801290e-02 9.945103748565398138e-01 -5.716513902329060232e-02 -7.524506246809703480e-02 1.636390084731374414e-02 5.594087315795345100e-02 9.982999756883624842e-01 -3.793728917640672160e-02
9.987513582678498869e-01 -4.845018968016696903e-02 -1.217799154544170308e-02 4.671883814362933207e-01 4.755788371422502159e-02 9.967397634988427457e-01 -6.517738531803303481e-02 -4.795210241714553678e-02 1.529614509441049909e-02 6.451684260894156864e-02 9.977993811207861441e-01 1.124225302044385734e-02
9.991630121040563361e-01 -3.984267258345260826e-02 -9.264808932580612805e-03 7.067353709656498673e-01 3.924718653929982343e-02 9.975790367011410087e-01 -5.740839558089860101e-02 -6.640686819496401105e-02 1.152968307885496313e-02 5.699672776424388049e-02 9.983077879252819642e-01 -1.666884079772673610e-02
9.983001442114854962e-01 -5.785143260437255325e-02 -7.073458344324471195e-03 7.692001625017896860e-01 5.746455038194091952e-02 9.972765741796348893e-01 -4.623050986018435726e-02 -3.336393268638150611e-02 9.728695530672496275e-03 4.574545155699055732e-02 9.989057543858271826e-01 -5.465986965444595558e-02
9.982330024550379877e-01 -5.939893439461836622e-02 1.624623766890177616e-03 7.224447990095722583e-01 5.942074711387265729e-02 9.977526937998471013e-01 -3.096347570247584904e-02 -5.307794060852844692e-03 2.182247220547934956e-04 3.100529967493365416e-02 9.995191962989196099e-01 -1.124217857016691913e-02
9.978754536533698261e-01 -6.512144010969470043e-02 1.943459318007129339e-03 7.432994153725811515e-01 6.513005354693371385e-02 9.978654399601867286e-01 -4.758135983400964969e-03 -5.232543398826606379e-03 -1.629454219931079440e-03 4.874604712428752540e-03 9.999867914666886737e-01 -2.983908585222187076e-02
9.955929751329288813e-01 -9.375317789236216337e-02 -2.229237772493743251e-03 8.645501312097219060e-01 9.376810028837993805e-02 9.955622816536700004e-01 7.955294893778563220e-03 2.594648089649869566e-02 1.473510865769793888e-03 -8.129267102374635595e-03 9.999658713086695405e-01 5.766963362654574377e-02
9.855085763605332394e-01 -1.671317395785807125e-01 -2.897977821296224971e-02 9.795392198200557621e-01 1.675162732624415896e-01 9.858036886539711663e-01 1.137478037094393456e-02 1.243965452536706651e-01 2.666728542799202267e-02 -1.606452805599023134e-02 9.995152759344102522e-01 7.726113859201742817e-02
9.730782103981614473e-01 -2.255031975845204484e-01 -4.761411899288112148e-02 1.047488668327828165e+00 2.265411640392262782e-01 9.738427101669192565e-01 1.759195414108482777e-02 1.090181461197902990e-01 4.240162077166266530e-02 -2.790490519436287023e-02 9.987108784938860673e-01 -8.754345071834909731e-03
9.626418506089507998e-01 -2.674177936184229942e-01 -4.252518209754076184e-02 1.159434064522727237e+00 2.684748476595950617e-01 9.630497728669642488e-01 2.136331329747051186e-02 9.289287709503601942e-02 3.524093685377424623e-02 -3.198216123314961967e-02 9.988669669843552867e-01 -3.880917973877243132e-02
9.571181283564998976e-01 -2.879429326584603266e-01 -3.183953365544061470e-02 1.334325038394085228e+00 2.888086402205132797e-01 9.570046262701712436e-01 2.705022424062232186e-02 1.321010229838970873e-01 2.268166010962771942e-02 -3.508579241709113006e-02 9.991268835664147696e-01 -1.012488776941506685e-01
9.531331168789454189e-01 -3.019362547846471956e-01 -1.928106727458712283e-02 1.412660181184190566e+00 3.022979004535088499e-01 9.530066254406477366e-01 1.985827907018870159e-02 1.555625526789355950e-01 1.237905044932725851e-02 -2.475620958163143176e-02 9.996168712047247551e-01 -1.021045509131697643e-01
9.500329859264337040e-01 -3.119671504103127546e-01 -1.066877296477813930e-02 1.383626731193204895e+00 3.119173963126004034e-01 9.500897112026814861e-01 -6.089215415255210678e-03 2.048999857508817801e-01 1.203592660632475664e-02 2.457179617880316663e-03 9.999245465229127383e-01 5.565903092286217380e-02
9.552208858025524885e-01 -2.949777040622995061e-01 -2.326399434150377976e-02 1.380800878013983102e+00 2.945695823350211739e-01 9.554323165724378786e-01 -1.943835414833267744e-02 2.358304276164865654e-01 2.796105308385608834e-02 1.171505677149299943e-02 9.995403628444838873e-01 2.100832455328288939e-01
9.599506055077343669e-01 -2.764450260310579721e-01 -4.553001831782966385e-02 1.653487867418347079e+00 2.763906711794578697e-01 9.610152354252993190e-01 -7.610135703476537082e-03 2.883901651476382666e-01 4.585882543527471794e-02 -5.278717945129623480e-03 9.989339834376207428e-01 1.406197538226854060e-01
9.551940650412618083e-01 -2.922167525143943845e-01 -4.704962975296325678e-02 1.889970982677027678e+00 2.933759627369888490e-01 9.557916082504444022e-01 1.982286775857665384e-02 3.300514254708214468e-01 3.917706724723914180e-02 -3.273791606028466500e-02 9.986958427138540317e-01 -5.012240320794984771e-02
9.453697024464077225e-01 -3.238077443918046527e-01 -3.774480584507381581e-02 1.998595206137609326e+00 3.250376319478111564e-01 9.451300027676621252e-01 3.286054908485626369e-02 3.294182797493461767e-01 2.503324817417599407e-02 -4.333384982078883341e-02 9.987469719331114604e-01 -1.914992252008805296e-01
9.238950576140959603e-01 -3.821345578214492833e-01 -1.977630488366788342e-02 1.968192465001883384e+00 3.825536348673414522e-01 9.235729150449252245e-01 2.580284955589438878e-02 3.928193667188861204e-01 8.404699044651258236e-03 -3.140462249454280264e-02 9.994714156592694465e-01 -4.517695486365741475e-02
8.991430867751790679e-01 -4.373924577481143605e-01 -1.515082207231089467e-02 1.969775336387311837e+00 4.376260670413159581e-01 8.989417510962822710e-01 1.967621868905330279e-02 4.448900237030510296e-01 5.013476872636954233e-03 -2.432213068408703438e-02 9.996916019496381312e-01 1.060776200124619872e-01
8.586112239773882049e-01 -5.124535828069743948e-01 -1.334509379310017813e-02 2.108176713491811682e+00 5.126132138750710832e-01 8.581035168449125949e-01 2.976654731512258512e-02 5.111323014257487252e-01 -3.802501902943414280e-03 -3.239876304256358863e-02 9.994677889419898431e-01 1.464143662097589504e-01
8.336355369998549314e-01 -5.522194973182308342e-01 -1.026733814403680417e-02 2.232298916157708479e+00 5.519847247142199986e-01 8.323504357619956329e-01 5.005612618833804595e-02 5.146244598760763012e-01 -1.909594546311717267e-02 -4.739597945413165370e-02 9.986936296975430505e-01 -3.589202101085653407e-03
8.114200626518095483e-01 -5.844616434364636737e-01 -1.438498412041019220e-03 2.362640481966457262e+00 5.835280114281707897e-01 8.099797829441358621e-01 5.854751147961020225e-02 5.515186326841818865e-01 -3.305362014693773165e-02 -4.834602955071373026e-02 9.982835867737500646e-01 -4.696433165704441692e-02
8.080022955281365160e-01 -5.891743073657284002e-01 2.434329759150598987e-03 2.423409621026694438e+00 5.883202987629866376e-01 8.070403559235395097e-01 5.064671730958211771e-02 6.123840216908549294e-01 -3.180434694648105742e-02 -3.949049823591584130e-02 9.987136647029453140e-01 6.019086935714804132e-03
8.049779479409583383e-01 -5.932120483242657727e-01 -1.048661297525202082e-02 2.552213694921447118e+00 5.932903114165726244e-01 8.047094134313750313e-01 2.119826205514407924e-02 7.118617098584996139e-01 -4.136388278449678636e-03 -2.328573936685690571e-02 9.997202931991271413e-01 5.254237272943243497e-02
8.076039796473997168e-01 -5.888530982947619563e-01 -3.205995455926138188e-02 2.572398764200614973e+00 5.891260678127558936e-01 8.080403333228849405e-01 -1.138396644947073030e-03 7.559999038489204626e-01 2.657608475984755622e-02 -1.796798130287678708e-02 9.994852992249244616e-01 5.968809553156742553e-02
8.334120187271021329e-01 -5.495286733658976130e-01 -5.867405039651877457e-02 2.667375125022990456e+00 5.493647499887978070e-01 8.353350730574204963e-01 -2.033930160796365572e-02 8.110620940699800885e-01 6.018952160436390891e-02 -1.528243661432127087e-02 9.980699718056680325e-01 1.105554281027418262e-01
8.331771897221447176e-01 -5.478112651080959683e-01 -7.562134848954218946e-02 2.906220627811474166e+00 5.486302208420064108e-01 8.359882044171074167e-01 -1.134031985051403395e-02 9.069652332795036243e-01 6.943091030341325132e-02 -3.203966129858631939e-02 9.970721181531009281e-01 1.623415797181259612e-01
8.342625127854164102e-01 -5.466182134537811432e-01 -7.221210758286690512e-02 2.966620312840491103e+00 5.484185304555730944e-01 8.361803997175761838e-01 6.281288172363060779e-03 9.557336301753612817e-01 5.694888246412480731e-02 -4.484270117590052895e-02 9.973695187528723860e-01 7.506180233323735129e-02
8.171347155820951613e-01 -5.717216415289143594e-01 -7.365610088819674051e-02 3.062408910671347240e+00 5.736336406656319387e-01 8.190897424602556764e-01 6.036563019196292124e-03 9.899899232184274922e-01 5.687972298861204007e-02 -4.718430251551573168e-02 9.972654304190349261e-01 3.483960002113267035e-02
7.935641470670244946e-01 -6.029090316745931988e-01 -8.219880786842620468e-02 3.034570260335778702e+00 6.043892087394840962e-01 7.966458252051212829e-01 -8.313455509697253998e-03 1.037641148958317050e+00 7.049559453644099749e-02 -4.308281221619442852e-02 9.965812773891038479e-01 7.524858671273076949e-02
7.694030631187962488e-01 -6.313619064927167290e-01 -9.695911248199277910e-02 3.122677893171852848e+00 6.333130855530073600e-01 7.737855818053182011e-01 -1.305408202572672788e-02 1.099646963296699864e+00 8.326741337848121705e-02 -5.136162400165378977e-02 9.952027539397033662e-01 1.575723654918694816e-01
7.449608047686320234e-01 -6.568396934654894270e-01 -1.165976691303647339e-01 3.228340505434227126e+00 6.616691700401553522e-01 7.497869358359184888e-01 3.668823811008532776e-03 1.167128221422957912e+00 8.501357995546471313e-02 -7.988221290090832816e-02 9.931724539500729199e-01 1.336811716563656438e-01
7.413443599869823375e-01 -6.607195059698093287e-01 -1.177211720401331596e-01 3.414317639827546547e+00 6.677980509354718430e-01 7.436761136657712434e-01 3.148969878801140265e-02 1.226065823204836924e+00 6.674056549263290838e-02 -1.019586798364214703e-01 9.925472908248441639e-01 4.594891335900753299e-02
7.235300785545288882e-01 -6.835050544170450104e-01 -9.656638138208181732e-02 3.547691837903031775e+00 6.892929521446581331e-01 7.229045430363323366e-01 4.779380484051798383e-02 1.314573258317889293e+00 3.714096862737018001e-02 -1.011427814714619400e-01 9.941783975754234781e-01 -1.440107650683743190e-02
7.173861084404872246e-01 -6.927975201686433770e-01 -7.340822477618982878e-02 3.593770954511835924e+00 6.963433723305467726e-01 7.163068314953833227e-01 4.483782961257352928e-02 1.362474502792281328e+00 2.151927572979833031e-02 -8.328336689413258498e-02 9.962935318322819755e-01 8.705235558916842031e-03
7.152725900891669930e-01 -6.958670013214414141e-01 -6.445338112961639110e-02 3.646043949339006662e+00 6.982841162642692279e-01 7.153480243575059960e-01 2.600955633688848551e-02 1.459043337440512511e+00 2.800740688038076687e-02 -6.361069501049462782e-02 9.975817082525715307e-01 7.306656273480027775e-02
7.139052970144090793e-01 -6.973137621380260942e-01 -6.397455765912572756e-02 3.739368897298933625e+00 6.991402628840173161e-01 7.149243869443246968e-01 9.274360719130039094e-03 1.538660915935965434e+00 3.926983205000311727e-02 -5.134820430349919251e-02 9.979084337781551906e-01 1.258314484850201476e-01
7.229812300420876969e-01 -6.879104664736815922e-01 -6.385398282638100886e-02 3.799597003071244927e+00 6.898627565332303702e-01 7.238227445851170838e-01 1.303884847834118482e-02 1.620404627208027915e+00 3.724940476306670689e-02 -5.347732731943626722e-02 9.978740688621822175e-01 1.400422527454258381e-01
7.305542889808910312e-01 -6.806692147839338292e-01 -5.458801056136396157e-02 3.993522362273069337e+00 6.826172005846454782e-01 7.300708855220372495e-01 3.209765690903746554e-02 1.706452989760163685e+00 1.800523028474267095e-02 -6.071179587601777811e-02 9.979929305981591892e-01 9.834407721958332571e-02
7.195372799560955102e-01 -6.935981463906285560e-01 -3.446322789391323416e-02 4.109539925623128198e+00 6.943649127688816813e-01 7.177646466642465528e-01 5.168442622698529720e-02 1.813784080379776009e+00 -1.111173563611614172e-02 -6.111892769374763223e-02 9.980686379246266338e-01 3.272848127974432170e-02
7.107890324150301087e-01 -7.031792249712481846e-01 -1.783056273200537764e-02 4.138016487872536509e+00 7.028519145570312210e-01 7.089963939666168447e-01 5.764806628022802609e-02 1.869288541492092559e+00 -2.789511788863453454e-02 -5.350785840574003721e-02 9.981777254010482103e-01 4.215986516112561755e-02
6.926384465129367118e-01 -7.210887912941289501e-01 -1.682074558745345200e-02 4.181061050276018598e+00 7.206471128658838987e-01 6.908572087070646850e-01 5.817263871915535206e-02 1.933660992092936626e+00 -3.032690439546600891e-02 -5.241442785584395775e-02 9.981648193671889269e-01 9.048939169603451016e-02
6.647749891897664076e-01 -7.462826898947922949e-01 -3.370994676856043509e-02 4.341037928788639810e+00 7.467384534030621079e-01 6.625367912878226129e-01 5.853787149563131897e-02 2.041073699768748639e+00 -2.135172023395009305e-02 -6.408702640495461678e-02 9.977158699196990721e-01 1.026553564683078401e-01
6.482639917074373148e-01 -7.604447149203340528e-01 -3.843998706128408382e-02 4.405073044476498723e+00 7.609313491080370584e-01 6.452251898589578261e-01 6.832229735667942616e-02 2.118842186837510688e+00 -2.715288198630945102e-02 -7.354107642130187916e-02 9.969224799745634025e-01 6.157011011888663399e-02
6.399179133626385907e-01 -7.681802723847702685e-01 -2.010306634487688676e-02 4.517759727946097925e+00 7.669872179297775316e-01 6.368770999131858623e-01 7.821871348027760462e-02 2.191534019715733361e+00 -4.728289003377841165e-02 -6.547235084392420690e-02 9.967335148298284153e-01 7.315967267574675914e-02
6.358884693101609642e-01 -7.717699724617470558e-01 -4.118762529549842982e-03 4.567821241539470556e+00 7.699332524501087960e-01 6.339880032983453706e-01 7.253963361759145634e-02 2.289421907552950053e+00 -5.337266500726441099e-02 -4.929828881585607281e-02 9.973570260191937376e-01 9.004328871739551710e-02
6.427991070725123102e-01 -7.659958966363102917e-01 7.719733357820852265e-03 4.648490471092607379e+00 7.647590383821605275e-01 6.422773637918509637e-01 5.121914850310954614e-02 2.377410546797566582e+00 -4.419186757282492217e-02 -2.701988706351945990e-02 9.986576012545543835e-01 9.103771417528541687e-02
6.499823657449540493e-01 -7.597502109080104260e-01 1.739371282465001362e-02 4.725846526927953484e+00 7.589309124083599700e-01 6.501258176147822754e-01 3.688212930031510572e-02 2.490331003365849227e+00 -3.932930728613322907e-02 -1.077210731214947072e-02 9.991682377319889286e-01 1.132131918628627443e-01
6.732527341706464608e-01 -7.389801097966792742e-01 2.528148050721847062e-02 4.783583474659281798e+00 7.375248938633640616e-01 6.735829482414976699e-01 4.840498703775673872e-02 2.562946984196857514e+00 -5.279949681183047916e-02 -1.394306864286941339e-02 9.985077886392462743e-01 1.186393233691100391e-01
6.916254969552149134e-01 -7.218681550069078190e-01 2.367569953295688145e-02 4.912702813730553508e+00 7.195342225386028856e-01 6.914918627584532018e-01 6.410543139713591188e-02 2.685734461827246289e+00 -6.264722306072618985e-02 -2.730147479106887279e-02 9.976622449090735145e-01 9.490043274321230404e-02
6.828306053496076000e-01 -7.303244094939381759e-01 1.919951289014956361e-02 5.061181123916997926e+00 7.281722839742629239e-01 6.824786159186888579e-01 6.315111768936536307e-02 2.800961449985640783e+00 -5.922405971895024213e-02 -2.914096276792015397e-02 9.978192797492765331e-01 4.876726992013168116e-02
6.620177338685278023e-01 -7.492887276473259028e-01 1.728938009966007883e-02 5.091244505156658384e+00 7.475060999940299489e-01 6.617678434097672424e-01 5.742779728059323185e-02 2.859332397796915171e+00 -5.447155693840806390e-02 -2.509430312714823474e-02 9.981999426143384202e-01 4.460360251891118399e-02
6.410802463361542358e-01 -7.672286843117058774e-01 1.939751857595407164e-02 5.074261153971621141e+00 7.654863306245515142e-01 6.410335568859983901e-01 5.573738936338223926e-02 2.936876048830902253e+00 -5.519778423574308451e-02 -2.088360398528258180e-02 9.982570208618871677e-01 1.174445690077873528e-01
6.130177022780195495e-01 -7.899528154568754568e-01 1.355898394176921831e-02 5.182949914905276678e+00 7.877266784618944806e-01 6.124307089039114915e-01 6.644777521364993167e-02 3.028429612031753759e+00 -6.079454525834281087e-02 -3.005288909918999232e-02 9.976977734382407315e-01 1.575618475024126997e-01
5.939955819277058513e-01 -8.044345195626562139e-01 7.372407094329888610e-03 5.257492326259177062e+00 8.009830765272557551e-01 5.922494881558304503e-01 8.755943636233182170e-02 3.102815386799767872e+00 -7.480213745140265602e-02 -4.610474503947750713e-02 9.961320157075297388e-01 1.050189794094240486e-01
5.954970579827982835e-01 -8.033574863181700554e-01 5.577080808055745464e-05 5.348279699741098625e+00 7.996507717309200292e-01 5.927560757336507447e-01 9.591078120308738075e-02 3.193481470712849823e+00 -7.708370258346258774e-02 -5.706999086554873785e-02 9.953899331109544724e-01 6.931347964598452704e-02
6.024203476355994846e-01 -7.980877767868702621e-01 -1.206753073309219104e-02 5.460159384900356017e+00 7.956899480251974355e-01 5.992800503526498623e-01 8.798254293315269092e-02 3.298867530424895556e+00 -6.298596166021555587e-02 -6.260448700146051260e-02 9.960489178956131173e-01 6.864888920540410111e-02
6.130741544314810554e-01 -7.898651964646726809e-01 -1.590762653411308125e-02 5.509318091427996222e+00 7.888041781338438474e-01 6.108832508420553031e-01 6.789420004119550711e-02 3.432375831336252237e+00 -4.390956304401033572e-02 -5.417218155535896001e-02 9.975656996001903698e-01 1.093575536458530756e-01
6.369422222029137437e-01 -7.706720769801825854e-01 -1.921341558041120626e-02 5.600963265045617590e+00 7.703284000096412010e-01 6.352935081234916126e-01 5.473860314927118942e-02 3.485335273631766650e+00 -2.997935479292879526e-02 -4.966596721295868377e-02 9.983158468075126191e-01 1.154791737282499647e-01
6.526227642869337764e-01 -7.575163573382381887e-01 -1.589011955550193728e-02 5.678935867609914645e+00 7.570527471602279679e-01 6.510812669843013545e-01 5.444558567293651674e-02 3.583740285548544957e+00 -3.089766255938160289e-02 -4.756208728729011126e-02 9.983902955764557552e-01 1.278524730747889193e-01
6.802842029294824400e-01 -7.329281473671983571e-01 -5.452892946415103387e-03 5.718790159394564476e+00 7.315839064908621348e-01 6.785451770307229236e-01 6.604112727622361845e-02 3.650799200086444429e+00 -4.470336685494911977e-02 -4.891598435308511933e-02 9.978020021359952363e-01 1.680791968828838079e-01
6.873584651038324722e-01 -7.263183183612530458e-01 2.021459500753941541e-04 5.842991202873634826e+00 7.241825737983297318e-01 6.853585570734125332e-01 7.644114110265977369e-02 3.784004615003758509e+00 -5.565914351596099735e-02 -5.239607484470119869e-02 9.970740750234849958e-01 1.278267147604029152e-01
6.852776595606697718e-01 -7.282817441846378692e-01 -4.799942003801301038e-04 5.936851902749239684e+00 7.262891284473218523e-01 6.833536853839743408e-01 7.437635761026308023e-02 3.859669169273065581e+00 -5.383893764071007171e-02 -5.131707083926235341e-02 9.972301274200443544e-01 5.113743456387860598e-02
6.759029524455704152e-01 -7.369855331307890722e-01 -2.742778023757892758e-03 5.985908428692172656e+00 7.359149507445130745e-01 6.747107534585362609e-01 5.652065496891588159e-02 3.919031534971638031e+00 -3.980432320818864944e-02 -4.022092892190456959e-02 9.983976626227633044e-01 5.452372666879957974e-02
6.656847391734305175e-01 -7.461751186079951248e-01 -9.301634369640692651e-03 6.064473941662805068e+00 7.460980629428123345e-01 6.652754643706813020e-01 2.731733843839440415e-02 4.010402992821728851e+00 -1.419536912465468176e-02 -2.512466669866611144e-02 9.995835345876280531e-01 1.284427688112067256e-01
6.289401327769621464e-01 -7.773563579805667922e-01 -1.230455564766343851e-02 6.098665457726061945e+00 7.774519169826122900e-01 6.288941102196254906e-01 7.791977356684454820e-03 4.124500952660046238e+00 1.681119436225897434e-03 -1.446688764920336934e-02 9.998939358747939155e-01 1.948641598769313421e-01
6.309561398826450951e-01 -7.758179479219974306e-01 9.280228947259319336e-04 6.103623354758932251e+00 7.756714453640692897e-01 6.308593791584353738e-01 1.871503605792458613e-02 4.143576539512832113e+00 -1.510491281695685098e-02 -1.108852604878960389e-02 9.998244276866100622e-01 2.056559493016020534e-01
6.345095747248263862e-01 -7.728556071445786824e-01 9.581758069597106839e-03 6.251989365144321020e+00 7.722619785406756865e-01 6.344342600166924528e-01 3.323561670125419615e-02 4.274076439255775739e+00 -3.176532831501612669e-02 -1.368868957410498965e-02 9.994016128137791499e-01 1.532152241671987936e-01
6.463381152712199818e-01 -7.630385572608701095e-01 4.381880977029973742e-03 6.361668120407945715e+00 7.624518655436397507e-01 6.460474028123683876e-01 3.591526205413213269e-02 4.375605128648690112e+00 -3.023563256607419286e-02 -1.987242946001303856e-02 9.993452321748906853e-01 7.746191261933757510e-02
6.643179467304267671e-01 -7.474494749508291402e-01 -9.736773591246224505e-04 6.432949968136203012e+00 7.473635635073905270e-01 6.642206403239832024e-01 1.608244101909002757e-02 4.487478557201749041e+00 -1.137407549669979673e-02 -1.141154517703692195e-02 9.998701950969774987e-01 6.709645387592272359e-02
6.762945894723244589e-01 -7.366240812504757374e-01 -3.254408141664185024e-03 6.484932374445892656e+00 7.366004430863674068e-01 6.763001054229864639e-01 -6.160734519882325733e-03 4.583850536123609487e+00 6.739101974833323384e-03 1.769272943838074222e-03 9.999757267943172323e-01 1.163729156799449826e-01
6.980772922412930015e-01 -7.160208118791525633e-01 -1.513609257266989357e-03 6.547363649191546564e+00 7.159934769099715046e-01 6.980665269413168783e-01 -7.514318762073866551e-03 4.658627953581649273e+00 6.437008578105470752e-03 4.161840939672759726e-03 9.999706215687330646e-01 1.792400455289335226e-01
7.037729378816175441e-01 -7.104138519823539610e-01 3.976281814826173461e-03 6.701303726457727095e+00 7.104235903881805925e-01 7.037716074059796600e-01 -1.961333518342102747e-03 4.780704638047352795e+00 -1.405035744531866288e-03 4.205177855653352038e-03 9.999901711285761330e-01 1.720791666063135050e-01
6.997452222646912690e-01 -7.143231562516823008e-01 9.952505230971870481e-03 6.771844472576480811e+00 7.143703431836438966e-01 6.997653142274686822e-01 -1.875575595675581762e-03 4.849701074978434612e+00 -5.624650871009946596e-03 8.422199639456624809e-03 9.999487136127593878e-01 1.162253824058717966e-01
6.935863418159091687e-01 -7.203420971762112268e-01 6.726773535861807311e-03 6.851207063395316155e+00 7.203628530013769238e-01 6.934950664608381388e-01 -1.191439508302858004e-02 4.925820796142902580e+00 3.917456080375253911e-03 1.310937947637481719e-02 9.999063944728040498e-01 1.191944987980104453e-01
6.865489621892819638e-01 -7.270750802252610168e-01 -3.514289721994896896e-03 6.880949050926160382e+00 7.270509423687585571e-01 6.865559228380631041e-01 -6.155649167699820193e-03 5.026567998876716459e+00 6.888375535648435730e-03 1.671086893552397451e-03 9.999748785599936740e-01 1.693347524069441223e-01
6.765768590352669865e-01 -7.363252145935028636e-01 -8.302540081476380077e-03 6.989017088756103391e+00 7.362598320321536161e-01 6.762339739652173387e-01 2.508131159239125607e-02 5.114457799447799324e+00 -1.285354246725173115e-02 -2.308226178349293001e-02 9.996509368959751729e-01 1.528901040344612383e-01
6.693185687286860031e-01 -7.428705414466676427e-01 -1.249048460701092898e-02 7.074648103034280489e+00 7.422300915277426636e-01 6.677996358178771574e-01 5.601908275069553828e-02 5.210655427923319927e+00 -3.327378526260418162e-02 -4.676542582127694164e-02 9.983515664143832735e-01 1.344221551062980968e-01
6.733516700930297638e-01 -7.391087433968740461e-01 -1.777058854460147538e-02 7.170572647434467761e+00 7.382336594429673715e-01 6.708619372528752400e-01 7.039407084949855786e-02 5.316156479722017103e+00 -4.010726179100829181e-02 -6.051881178289333918e-02 9.973609582152362929e-01 1.231462935975772971e-01
6.667300452560833701e-01 -7.448451797347196424e-01 -2.601355375134987644e-02 7.286943945551461077e+00 7.447189786954279134e-01 6.644278612265830386e-01 6.268380968565434586e-02 5.418043056358968990e+00 -2.940560360985601182e-02 -6.116596645048393704e-02 9.976943595232551365e-01 1.043247242176267020e-01
6.704917758469097766e-01 -7.416093562047058052e-01 -2.136214669219738127e-02 7.301954921300228385e+00 7.417444977120238869e-01 6.694371878287177502e-01 4.085280487207003375e-02 5.509372363639086778e+00 -1.599620691272317374e-02 -4.323672445525604535e-02 9.989367883018352989e-01 1.137173794599959653e-01
6.880025342539977107e-01 -7.255508945944288968e-01 -1.511331245294799362e-02 7.363726327336880040e+00 7.256532792263388210e-01 6.875447853152272248e-01 2.663618842663213748e-02 5.586745388590240502e+00 -8.934831175664645006e-03 -2.929278988184388921e-02 9.995309406180483691e-01 1.857356753457472531e-01
7.162319860145487382e-01 -6.976237202901768297e-01 -1.824519383696160055e-02 7.426663041928905251e+00 6.978257617164725923e-01 7.156823006682613286e-01 2.894910698120338813e-02 5.677938254521357919e+00 -7.137821409930376892e-03 -3.346624267343736164e-02 9.994143595660623935e-01 2.599086035190107391e-01
7.232188393252454439e-01 -6.899872384297425221e-01 -2.953169905614087126e-02 7.643116334098294828e+00 6.905273105774154541e-01 7.217649496927467379e-01 4.719524066840057042e-02 5.784873861665671413e+00 -1.124916849221992317e-02 -5.452493190389483269e-02 9.984490412680605553e-01 2.204960864930417541e-01
7.158479356471845190e-01 -6.976228066034324549e-01 -2.973470592446564309e-02 7.693645181317333659e+00 6.980108960650419636e-01 7.138186114790139314e-01 5.695418229287215611e-02 5.878627188791229585e+00 -1.850735000321810514e-02 -6.152568254739273351e-02 9.979338998064630761e-01 1.445542901124615698e-01
7.138713860678405076e-01 -6.998174954122440283e-01 -2.535975687016884389e-02 7.770696917980331797e+00 7.000923319471703543e-01 7.123839281829864589e-01 4.878386634278486511e-02 5.965394399622274690e+00 -1.607391994359700510e-02 -5.257957760872189468e-02 9.984873645250275098e-01 1.503792195451964797e-01
7.018089336286721380e-01 -7.119103049529815763e-01 -2.545463377734843990e-02 7.796793869701206248e+00 7.122875959232455312e-01 7.007567921365305263e-01 3.982836888955834653e-02 6.052607449613259583e+00 -1.051671873112044152e-02 -4.608292499692448474e-02 9.988822566503312572e-01 1.990518506783356401e-01
6.947757404632355360e-01 -7.182155388109777716e-01 -3.811968355351037091e-02 7.895879995334425416e+00 7.192107723829020971e-01 6.934342695809720958e-01 4.341403758109925459e-02 6.150897855803380665e+00 -4.747141471682980729e-03 -5.757910715841897675e-02 9.983296605163481940e-01 2.725687884532254079e-01
6.861902903503569462e-01 -7.262227155328224715e-01 -4.175467486433115383e-02 7.977235005446161153e+00 7.273196409075488589e-01 6.839991296526579667e-01 5.613671333913793082e-02 6.240885398471557544e+00 -1.220759513610414002e-02 -6.888946275403461106e-02 9.975496060559863043e-01 2.359546489643739031e-01
6.873082586948024986e-01 -7.257221719275078753e-01 -3.057264631560812143e-02 8.090668469858339762e+00 7.258500508200468326e-01 6.846256296743179481e-01 6.655412021489794105e-02 6.282266297441647218e+00 -2.736898343844675410e-02 -6.793435335575352674e-02 9.973143247641044207e-01 1.679392209278772197e-01
6.873638389852601005e-01 -7.260168705139992129e-01 -2.074744766240813748e-02 8.205548206579841519e+00 7.259089973047966327e-01 6.857479746814472144e-01 5.297020721347257821e-02 6.362225835578346533e+00 -2.422974385729771696e-02 -5.147056391134967324e-02 9.983805389545898912e-01 1.447255798060878840e-01
6.979401373699291034e-01 -7.159446621847773695e-01 -1.740130274346101888e-02 8.286176880905228970e+00 7.161498241227699513e-01 6.976262039925034131e-01 2.114495003389209662e-02 6.448189879051359874e+00 -2.999009331483824294e-03 -2.721984923057161818e-02 9.996249725526541452e-01 1.828823655586905850e-01
7.078185267275328707e-01 -7.062269330563436531e-01 -1.537700384000940425e-02 8.373240503636392162e+00 7.062139724447794586e-01 7.079619969833430559e-01 -7.185815967668548500e-03 6.554831894017177696e+00 1.596115111854745292e-02 -5.773201294581334526e-03 9.998559455250456418e-01 2.420616298855119697e-01
7.349111339076557226e-01 -6.779738623158566568e-01 -1.603331765678574217e-02 8.418147425717519283e+00 6.781082779226217383e-01 7.349474628576748714e-01 4.624959662849589988e-03 6.608815530801962268e+00 8.648044367368660362e-03 -1.427125977573130700e-02 9.998607615428428685e-01 2.492268579093881165e-01
