1.000000000000000000e+00 0.000000000000000000e+00 0.000000000000000000e+00 0.000000000000000000e+00 0.000000000000000000e+00 1.000000000000000000e+00 0.000000000000000000e+00 0.000000000000000000e+00 0.000000000000000000e+00 0.000000000000000000e+00 1.000000000000000000e+00 0.000000000000000000e+00
9.999989235062088921e-01 -1.439159285669850156e-03 -2.860191844796343007e-04 1.475655534309893921e-02 1.439320177654055321e-03 9.999988056292173910e-01 5.631141668545809088e-04 -4.683721251069811187e-02 2.852084318845560696e-04 -5.635252338490942189e-04 9.999998005477107599e-01 -1.266816690462629728e-02
9.999946995766362257e-01 -3.252054870307953191e-03 -1.579802317377760246e-04 1.276259661696954595e-02 3.252113448983347081e-03 9.999946426851087367e-01 3.719666607960106790e-04 -9.278372598450343456e-02 1.567697293970941451e-04 -3.724784588515391557e-04 9.999999183415214654e-01 -1.894129558562713395e-02
9.999951634843688986e-01 -3.082125576109864470e-03 -4.165450798110226357e-04 1.104852708819569970e-02 3.082286933955743526e-03 9.999951747465070095e-01 3.872866634707993285e-04 -9.930877929320519604e-02 4.153494037446517221e-04 -3.885687018097027973e-04 9.999998382496052551e-01 -2.054872912098406473e-02
9.999982488527648927e-01 -1.862286781031766278e-03 1.848765776485535256e-04 -1.921110310940446486e-02 1.862302978825428187e-03 9.999982620858660631e-01 -8.748064072410786679e-05 -6.689770987555435089e-02 -1.847133423081195175e-04 8.782478373389568480e-05 9.999999790838940417e-01 -1.488047386095630448e-03
9.999997105248137341e-01 -4.943552043653604965e-04 5.784144022081205098e-04 -5.537321053518903802e-02 4.944649056565510702e-04 9.999998597912158615e-01 -1.895310151225482859e-04 -1.800083124531635242e-02 -5.783206254656259124e-04 1.898169658808406273e-04 9.999998147573696539e-01 1.117323722203884123e-02
9.999978946861403095e-01 1.817681196616799692e-03 9.521860923858692935e-04 -9.409080826413297738e-02 -1.817729100020535173e-03 9.999983467066455578e-01 4.944587417050452972e-05 2.635128577929406885e-02 -9.520946413072004953e-04 -5.117658644018496626e-05 9.999995454482721868e-01 1.850300530132295562e-02
9.999990976924207908e-01 8.534729012627258844e-04 1.037399802871121846e-03 -5.618502944230464868e-02 -8.546218214114663673e-04 9.999990214639590258e-01 1.107561586003332627e-03 -4.318629315057553875e-03 -1.036453513937892574e-03 -1.108447171151180719e-03 9.999988485538281457e-01 2.189067573706514683e-02
9.999991262187325480e-01 -1.165514050933698538e-03 6.238098816607196007e-04 -5.421713075987455444e-02 1.164684447748161496e-03 9.999984391481270274e-01 1.328612602278639570e-03 -1.060863672531463589e-02 -6.253574246421007756e-04 -1.327884899694314370e-03 9.999989228243121309e-01 1.705482291562865349e-02
9.999974102595119430e-01 -2.195893582975544118e-03 5.979344793091902633e-04 -7.804389016448060046e-02 2.195496508327648543e-03 9.999973694953713244e-01 6.639257637710584397e-04 -6.626840541469902063e-03 -5.993908167640116681e-04 -6.626112813140948646e-04 9.999996008383896795e-01 1.658606597769501576e-02
9.999995255718517884e-01 -6.202409874198438989e-04 7.511039800052167698e-04 -6.898426898855659906e-02 6.198862445304615743e-04 9.999996962725655747e-01 4.724360489462799866e-04 -4.802497622562996137e-03 -7.513967760758231669e-04 -4.719702257839028005e-04 9.999996063234179999e-01 2.377746103894596771e-02
9.999998385696838854e-01 3.404090111766680570e-04 4.549530869441925879e-04 -3.658179955905960234e-02 -3.405421982856703198e-04 9.999998991777698798e-01 2.927037089861120127e-04 1.155638073970993544e-02 -4.548534020946640058e-04 -2.928585924592045872e-04 9.999998536711030006e-01 1.042509499035719489e-02
9.999999794978460255e-01 -1.470559369083762873e-04 1.392079702766041492e-04 -1.209700174067118023e-02 1.469955528437734437e-04 9.999998951571389405e-01 4.336796265559703751e-04 5.647086491064542274e-03 -1.392717308454435193e-04 -4.336591547120528236e-04 9.999998962715558326e-01 -2.010990149995593029e-03
9.999998221168071577e-01 -5.778563412116188196e-04 1.478120528887579758e-04 -1.089801912475485760e-02 5.778006119968637265e-04 9.999997620867939752e-01 3.767927921280815324e-04 3.667134920814104498e-03 -1.480297498265726198e-04 -3.767073192083569551e-04 9.999999180893910378e-01 -5.049249299448580960e-03
9.999998772235427769e-01 -4.917021550373015760e-04 6.149707343817787254e-05 -1.254255899342703040e-02 4.916838526041403127e-04 9.999998349368044437e-01 2.972765598711706557e-04 -6.300589215640440069e-03 -6.164323481240513512e-05 -2.972462862546158564e-04 9.999999539223773937e-01 -3.479268258505300269e-03
9.999999516818764977e-01 1.778116920394866654e-04 2.549887188563664604e-04 -1.523459141080597476e-02 -1.777990740796901324e-04 9.999999829683126062e-01 -4.950619908827780870e-05 -1.434649327437874725e-02 -2.549975172945046745e-04 4.946085993811774134e-05 9.999999662649441401e-01 4.063180608774476579e-03
9.999999934895785758e-01 -7.395962227925835606e-05 8.689543786430677075e-05 1.112942296451730276e-02 7.397601658427538688e-05 9.999999794638962936e-01 -1.886789761053262718e-04 -2.591331713340610035e-02 -8.688148145400824982e-05 1.886854030552991923e-04 9.999999784247132206e-01 8.388550227131415932e-04
9.999997813411406478e-01 -5.854483230849235297e-04 -3.075189944362028771e-04 3.925450705583753697e-02 5.854679716605177761e-04 9.999998265778990980e-01 6.380772527389849561e-05 -3.490171870937582715e-02 3.074815849798513082e-04 -6.398775384369372206e-05 9.999999506803198823e-01 -1.228967963257352781e-02
9.999998712700096659e-01 -2.655212492330502757e-04 -4.323868989539273464e-04 3.020411656545443635e-02 2.653863717265170772e-04 9.999999161240826773e-01 -3.119645835853937380e-04 -5.839746470667502021e-02 4.324696959130295637e-04 3.118497938359004453e-04 9.999998578598240373e-01 -3.124654731671542771e-02
9.999884481585026297e-01 4.801377425622648139e-03 -2.243309306807066432e-04 1.470631892846284254e-02 -4.801529080319786973e-03 9.999882410802950483e-01 -6.804554566558242146e-04 -7.005615124992074783e-02 2.210611693225764303e-04 6.815247276295214977e-04 9.999997433279695924e-01 -2.470950984329799149e-02
9.999822680775465322e-01 5.954555932018437518e-03 -8.242656282939050179e-05 -4.559832368109238178e-03 -5.954589485580085405e-03 9.999821859909362454e-01 -4.129949717917588497e-04 -7.074971276215930027e-02 7.996589282267676320e-05 4.134784649413017683e-04 9.999999113205035872e-01 -1.311293460172694575e-02
9.999841601427472693e-01 5.628242027872725275e-03 -4.853122699092447665e-05 -1.350573212169350716e-02 -5.628252750465127796e-03 9.999841362363333097e-01 -2.237110890392887187e-04 -7.383473432882471654e-02 4.727135694957693347e-05 2.239806914993676206e-04 9.999999737990339366e-01 -8.689488164639047607e-03
9.999887879469890883e-01 4.720567516247752178e-03 -3.744631306258831664e-04 2.359446391504436275e-02 -4.720548535208031297e-03 9.999888568196505512e-01 5.155633057924149053e-05 -7.680560957500809360e-02 3.747023330550736239e-04 -4.978808114416456709e-05 9.999999285596516962e-01 -1.770216459018575383e-02
9.999860025129911900e-01 5.276073914148820057e-03 -3.972683480655889296e-04 3.741967264626483436e-02 -5.276109369921786960e-03 9.999860773436664019e-01 -8.825385830977894666e-05 -6.699777866658206127e-02 3.967971831552553419e-04 9.034865423114599289e-05 9.999999171945546106e-01 -2.128108775953471352e-02
9.999799649962303194e-01 6.311021680303964196e-03 -4.905216494802056753e-04 5.901691514413587997e-02 -6.311189067252838750e-03 9.999800262946441087e-01 -3.404472357869752462e-04 -6.448271908811986641e-02 4.883632820592570404e-04 3.435361897967732130e-04 9.999998217420795754e-01 -2.731211013670761800e-02
9.999283244258461156e-01 1.196070824334782151e-02 -5.361615776110082365e-04 9.975303950213351700e-02 -1.196080591652461111e-02 9.999284509205318416e-01 -1.793362560711227671e-04 -7.345086674868087084e-02 5.339782271073630288e-04 1.857363266117051956e-04 9.999998401846221796e-01 -3.752192795987043666e-02
9.998273147992984278e-01 1.857275105380223196e-02 -6.272953994744076989e-04 1.082903696568349727e-01 -1.857294264314288124e-02 9.998274627190587571e-01 -3.009889428159513670e-04 -1.775511684895941800e-02 6.215969749269675826e-04 3.125876879546977873e-04 9.999997579530397473e-01 -5.073082059910356129e-02
9.998218567417118674e-01 1.884871733514266456e-02 -9.902708597919166085e-04 1.104715982203052504e-01 -1.884914207063939640e-02 9.998222503604780043e-01 -4.213398990619947868e-04 -1.392145021750022804e-03 9.821531228441223935e-04 4.399305963241611638e-04 9.999994209179892124e-01 -6.768074743323275466e-02
9.999413102054987013e-01 1.076646234975390040e-02 -1.208069940865104776e-03 1.009862392560842842e-01 -1.076665326615572002e-02 9.999420264105990386e-01 -1.516420494619884424e-04 -6.628569576994796514e-03 1.206367256298213628e-03 1.646400197958275977e-04 9.999992587855787152e-01 -7.255590365499395289e-02
9.999904918879015669e-01 -4.241245799103418243e-03 -1.013887500795774632e-03 1.027143977157473909e-01 4.241690176923136948e-03 9.999909087058814761e-01 4.365432719809575696e-04 1.393352887502277877e-02 1.012026795927885954e-03 -4.408397179312223369e-04 9.999993907308680763e-01 -5.569224489946929257e-02
9.996650685655477098e-01 -2.586898286867024901e-02 -7.391990119764923432e-04 1.516841395052784536e-01 2.586954318502674918e-02 9.996650394013081309e-01 7.587714932845112097e-04 4.614266724097079719e-02 7.193227626718758441e-04 -7.776400976224988586e-04 9.999994389251634086e-01 -3.031643965756718184e-02
9.986250630121850103e-01 -5.240925359847435627e-02 -1.119670112238826867e-03 2.198600494105099057e-01 5.241144208868206422e-02 9.986235249617764209e-01 2.023890091123695806e-03 5.168011217304269156e-02 1.012058345237144136e-03 -2.079790895024170860e-03 9.999973251002918229e-01 -3.450539203782240771e-02
9.980853613618798637e-01 -6.182803771658940128e-02 -1.704460982714265955e-03 2.665289410514775081e-01 6.183353950648257102e-02 9.980807184347698646e-01 3.390115165285874366e-03 8.657598402553291772e-03 1.491585473868611584e-03 -3.489017175314661733e-03 9.999928009400490536e-01 -6.931399755367442794e-02
9.974240429890116610e-01 -7.171233270797033876e-02 -1.618581179766050149e-03 2.978352755728865264e-01 7.171498065220988094e-02 9.974238145342152473e-01 1.641873950231471924e-03 -5.055624359498900322e-02 1.496668803471995577e-03 -1.753721071509167263e-03 9.999973422189161187e-01 -5.061834377034066940e-02
9.967934223235607183e-01 -8.000740631864128316e-02 -1.299286976543244463e-03 2.668084097221951057e-01 8.000650488724753151e-02 9.967940729628251839e-01 -7.316296254278009366e-04 -8.416709632661005525e-02 1.353657346012452928e-03 6.253321883647383400e-04 9.999988882851039707e-01 -1.655769184550014150e-02
9.967995927446092752e-01 -7.990309851849346223e-02 -2.463077612454718165e-03 2.952645671172941522e-01 7.989275041557998558e-02 9.967952500408625571e-01 -4.046965160224415790e-03 -1.899702157500272881e-01 2.778549120475174057e-03 3.837231178617272857e-03 9.999887775978623106e-01 -6.073766723944629825e-02
9.965440211969297524e-01 -8.280477380271482335e-02 -6.586596399840208803e-03 3.726387180018262413e-01 8.260529166861678430e-02 9.962352584038274284e-01 -2.629972816213219447e-02 -1.824570592757044085e-01 8.739542607934774887e-03 2.566474914236509600e-02 9.996324029594396698e-01 -9.888593633332336263e-02
9.962188224436608897e-01 -8.606979024298012926e-02 -1.183423070989953266e-02 3.989342590956349022e-01 8.526643693490053300e-02 9.947355859757261998e-01 -5.683967563203821266e-02 -6.747984657111620599e-02 1.666410937891240132e-02 5.561569203973004000e-02 9.983131784452961011e-01 -3.735258544322521412e-02
9.987855944429553379e-01 -4.777345422049446289e-02 -1.204298156913707549e-02 4.911813197312838719e-01 4.689543296353455848e-02 9.967892789581983548e-01 -6.489955100890720807e-02 -5.920974785525535966e-02 1.510479064386168954e-02 6.425597579865574560e-02 9.978191293384626182e-01 2.219058083330061049e-02
9.991901079495953963e-01 -3.944242831829541940e-02 -7.963857358851647583e-03 6.967724640923137480e-01 3.891797070853748874e-02 9.975704852128114419e-01 -5.777991509344269222e-02 -6.645777492308979628e-02 1.022348920894556451e-02 5.742318243211669976e-02 9.982975800770842456e-01 1.725826553600777469e-02
9.983950728465814661e-01 -5.634387203899295787e-02 -5.713720269913717502e-03 7.535734696853721992e-01 5.601347215996029666e-02 9.973179261891128577e-01 -4.711098638781235221e-02 -1.370225865780231450e-02 8.352811039080684785e-03 4.671533137526561602e-02 9.988733194766213908e-01 -4.277534121624036040e-02
9.983088766273456871e-01 -5.813200547017863262e-02 2.383003611048971696e-04 7.248766210237338470e-01 5.811326952534899559e-02 9.978649367844824036e-01 -2.980630539290594211e-02 -3.040710489848087728e-04 1.494908733376565510e-03 2.976974766631640401e-02 9.995556649690715556e-01 -2.698329630088779074e-02
9.978868738352839607e-01 -6.496004099189991998e-02 1.407160820497995249e-03 7.524322771613498606e-01 6.496500972480936942e-02 9.978801831411655554e-01 -3.832441207551671829e-03 -2.080236712441923055e-02 -1.155222359326009071e-03 3.915758992149281220e-03 9.999916661116811101e-01 -2.752084045543241875e-02
9.955692199841710277e-01 -9.401610728243886550e-02 -1.702877437246912932e-03 8.720865665162917946e-01 9.402736040592207800e-02 9.955323345971607285e-01 8.615466709454233651e-03 8.026657971376503081e-03 8.852769081909195488e-04 -8.737410542250072243e-03 9.999614362273236967e-01 6.720008870394494904e-02
9.854398293035974143e-01 -1.693721998632195525e-01 -1.487954083936512094e-02 9.386661564853115980e-01 1.695113843754390004e-01 9.854903287649555699e-01 8.643059519746075850e-03 1.070541431120227149e-01 1.319974958924938040e-02 -1.103946666435107020e-02 9.998519374320118391e-01 1.518378520434028878e-01
9.735534424482724658e-01 -2.264433378408335917e-01 -3.028381489542362678e-02 9.743065285222214378e-01 2.268206266675618088e-01 9.738890428444605396e-01 9.619539782916193549e-03 1.345331635541839044e-01 2.731479480524670253e-02 -1.623412994289059538e-02 9.994950500176299490e-01 1.228325348839068437e-01
9.635862063465010507e-01 -2.648840122928442509e-01 -3.657981643478716571e-02 1.138078663240810418e+00 2.658180467720427376e-01 9.637363238905845009e-01 2.351731328529086534e-02 1.054955946138332323e-01 2.902393751809851166e-02 -3.238453404801058810e-02 9.990539790248766927e-01 -2.920187201953083900e-03
9.579122053744661969e-01 -2.851357190878939241e-01 -3.319380205484226409e-02 1.353460249261142945e+00 2.861687610328753628e-01 9.576395975848808195e-01 3.215340334049555243e-02 1.150219388390426867e-01 2.261961545949604802e-02 -4.029916671219354457e-02 9.989315943340502102e-01 -1.407677410485270175e-01
9.532830591256994390e-01 -3.010478639293652781e-01 -2.493176302459634147e-02 1.443145122977214090e+00 3.015470631483241903e-01 9.532528448009303101e-01 1.945205864565910034e-02 1.477691218254591488e-01 1.791027332479469547e-02 -2.606141789120342347e-02 9.994998872470828299e-01 -1.312383995847697105e-01
9.498215622729864194e-01 -3.125716556512948552e-01 -1.174563428308092461e-02 1.380333468434484345e+00 3.124873686267848338e-01 9.498840691524673696e-01 -8.479364307454198904e-03 2.113881936819648755e-01 1.380739982804108507e-02 4.383520703615435138e-03 9.998950647224085220e-01 6.900006525624047260e-02
9.551521082870118029e-01 -2.953663137688410933e-01 -2.105209551287279962e-02 1.362394856304489865e+00 2.949864971970534433e-01 9.553049296449069860e-01 -1.937673521396282919e-02 2.340354452065405433e-01 2.583440547582591118e-02 1.229764557733562316e-02 9.995905918959846481e-01 2.263844488804036548e-01
9.606494032692518559e-01 -2.758909529595339749e-01 -3.220102596984300569e-02 1.604427926853652320e+00 2.759069890144055237e-01 9.611758807229263679e-01 -4.032335490936708559e-03 2.542814138254900214e-01 3.206333437799276098e-02 -5.010827435364289574e-03 9.994732783806569154e-01 1.941644998005593314e-01
9.557837636398731629e-01 -2.907360806669361253e-01 -4.415799543489205142e-02 1.897251414689190563e+00 2.918456252245288374e-01 9.562337001137184433e-01 2.105330862670009781e-02 3.053639158270400888e-01 3.610440692911332655e-02 -3.300972834265718941e-02 9.988026980515426478e-01 -4.132963683877538541e-02
9.460480174723331359e-01 -3.215856381262669483e-01 -3.969667476741364776e-02 1.999844849794436996e+00 3.228654601805183155e-01 9.459190019484208234e-01 3.154578221134515109e-02 3.498474755851410656e-01 2.740516847403530465e-02 -4.266050988707444785e-02 9.987136915237943002e-01 -1.818073994031204066e-01
9.238768427465364752e-01 -3.815663288838643807e-01 -2.930385808698516767e-02 2.002237761282810169e+00 3.823355682624228202e-01 9.236058278597103488e-01 2.778107242402939533e-02 3.731714873488238271e-01 1.646489229061974882e-02 -3.687019671319401865e-02 9.991844153689490859e-01 -8.678619843740739692e-02
8.988626416489491344e-01 -4.378676255080902746e-01 -1.782958159295016179e-02 1.983709234062609683e+00 4.381903761287683774e-01 8.985865965783039755e-01 2.305043856304821517e-02 4.096674259271055329e-01 5.928382241502226473e-03 -2.853192916238172019e-02 9.995753014667136949e-01 7.410166776885185325e-02
8.583717885047560392e-01 -5.129136024957813289e-01 -1.084016023617591189e-02 2.100211316875365331e+00 5.129822960179711844e-01 8.578209933269184129e-01 3.150091077650837151e-02 4.839810309600713345e-01 -6.858328606657701845e-03 -3.260030340991646597e-02 9.994449377260883338e-01 1.477532214580075109e-01
8.339109963704496309e-01 -5.518816978223128888e-01 -4.363684361320388158e-03 2.213912769499744471e+00 5.514319578213724427e-01 8.328541416581592971e-01 4.771555947632668410e-02 5.226423398667925380e-01 -2.269903138312209107e-02 -4.219680475595444930e-02 9.988514322173522864e-01 4.457784082594581920e-02
8.126862561333624280e-01 -5.826654495745369200e-01 6.482512170573806118e-03 2.319563836003009527e+00 5.814913347996588655e-01 8.116648711832070706e-01 5.538920869681072945e-02 5.770348972017378397e-01 -3.753500559277742760e-02 -4.124452399107859935e-02 9.984437954115892300e-01 8.185828958140933809e-03
8.095136947664653970e-01 -5.870683415434100327e-01 6.191957930746347719e-03 2.399574757604530983e+00 5.861012141714231349e-01 8.087054538661898606e-01 4.980818842181879841e-02 6.317535335092760995e-01 -3.424828072078341806e-02 -3.669129657766200675e-02 9.987396077172069342e-01 3.231570510234937910e-02
8.053628146591943482e-01 -5.927228765727629023e-01 -8.386200064965113055e-03 2.538426669191151230e+00 5.927092364348890419e-01 8.049611357856514271e-01 2.708008344604640599e-02 6.882145172284465096e-01 -9.300419828751058104e-03 -2.677987046240947605e-02 9.995980895985273618e-01 6.767231140837395853e-02
8.077890039579679327e-01 -5.885694410201740556e-01 -3.260273273506293645e-02 2.564211012131822454e+00 5.888967066223371738e-01 8.082081259699354092e-01 5.422596517226253160e-04 7.526473476847027611e-01 2.603063606520170450e-02 -1.963767331851844211e-02 9.994682425033204476e-01 6.178608189967467468e-02
8.331479054904691317e-01 -5.496045991537096276e-01 -6.163888517757647872e-02 2.672046764108900518e+00 5.494843888395396503e-01 8.352546604962830523e-01 -2.040976582120668584e-02 8.172028139654488044e-01 6.270146727535140518e-02 -1.686525150506185469e-02 9.978898182130074845e-01 1.079813904973948857e-01
8.338403464528141296e-01 -5.466814496685643565e-01 -7.648313026888940713e-02 2.901490944623657864e+00 5.474602897429974302e-01 8.367420083185728163e-01 -1.224919056569305671e-02 9.144193808268984425e-01 7.069305327940113293e-02 -3.165760735239356999e-02 9.969956309406563522e-01 1.882532250111251804e-01
8.341472142448138616e-01 -5.467089981038615321e-01 -7.285393853381208484e-02 2.990286516701361919e+00 5.483711846910603871e-01 8.362280626740038469e-01 3.416284093180121939e-03 9.616244973866194812e-01 5.905479462447996847e-02 -4.280068444259128857e-02 9.973367699243351758e-01 1.063609057226407445e-01
8.165867381365466970e-01 -5.722483713211511391e-01 -7.561680117410944646e-02 3.088942998925601202e+00 5.742630568045369310e-01 8.186476623720893020e-01 6.160071608570634460e-03 9.731571066744300058e-01 5.837842657201354479e-02 -4.845416816955524369e-02 9.971179232658354818e-01 1.292995153510183293e-02
7.939599677969386704e-01 -6.020718608098508673e-01 -8.448102720047713510e-02 3.047351330296959926e+00 6.039266115059575002e-01 7.970276113467316126e-01 -4.431102103962608618e-03 1.009633381471645164e+00 7.000155320288577177e-02 -4.750222280995968632e-02 9.964152354201015749e-01 1.163286553320429934e-02
7.700893602218156220e-01 -6.306222996945248793e-01 -9.632181684926613419e-02 3.124241637047763920e+00 6.327253199804715456e-01 7.743015026920274657e-01 -1.076347455416395288e-02 1.095944849330314108e+00 8.136981460446340852e-02 -5.265641515387236432e-02 9.952920451879329056e-01 1.315099952397115191e-01
7.458128904382212987e-01 -6.566975719954651902e-01 -1.118545099289544043e-01 3.209051226187771277e+00 6.609377466806644064e-01 7.504399174021424423e-01 1.106969806095550735e-03 1.182069587398578037e+00 8.321314480820643511e-02 -7.475446009922508128e-02 9.937239773832580170e-01 1.732055297650074155e-01
7.420468763543610624e-01 -6.607993407093606386e-01 -1.127415833258065547e-01 3.398639493872701145e+00 6.671475119813123911e-01 7.443994544274763481e-01 2.799374046496990592e-02 1.232951214368050108e+00 6.542652787577921125e-02 -9.598793448215126034e-02 9.932299259909409539e-01 9.549886615874934870e-02
7.238973353062350125e-01 -6.830789276968536328e-01 -9.682885144960179380e-02 3.552616531741493944e+00 6.888678728252852768e-01 7.233547165361713382e-01 4.710634621833727914e-02 1.322910761322639850e+00 3.786425393031120357e-02 -1.008024434296700134e-01 9.941856796760397685e-01 7.683471281103235184e-04
7.175371593316082208e-01 -6.922027379125950119e-01 -7.743251645551441076e-02 3.616389663977650493e+00 6.961077382671563285e-01 7.164925126451505699e-01 4.552467515560258693e-02 1.375337666175501683e+00 2.396751349035888823e-02 -8.656701998882780635e-02 9.959576845164374026e-01 -1.302975733673213121e-02
7.153031356992428647e-01 -6.957419722376706472e-01 -6.545633755158571099e-02 3.640589771686171261e+00 6.982509362382250950e-01 7.153445650365266584e-01 2.697745939010294178e-02 1.446914175176127859e+00 2.805448451269127244e-02 -6.500201027305961554e-02 9.974906939712210319e-01 5.816499103843510154e-02
7.147680279347394805e-01 -6.967924138979265658e-01 -5.989155346611104574e-02 3.721350348569961941e+00 6.984615196330853371e-01 7.155691097469925044e-01 1.059975319230520990e-02 1.529678812015321743e+00 3.547071798152088423e-02 -4.940831013298505742e-02 9.981486097048265504e-01 1.209826885882092917e-01
7.244646599284971789e-01 -6.865867248133579182e-01 -6.123418836526955955e-02 3.785814878954219864e+00 6.884350307222830700e-01 7.251619314373694003e-01 1.404925864354479928e-02 1.627204346786794265e+00 3.475866782683137424e-02 -5.233395173394160549e-02 9.980245450422616793e-01 1.659227945359519341e-01
7.315834642025584866e-01 -6.795751923678252648e-01 -5.443521675916458691e-02 3.998079564383421047e+00 6.815301825572710470e-01 7.310466551076177932e-01 3.297572318261504654e-02 1.706459377069504457e+00 1.738519970655164060e-02 -6.122373701594019391e-02 9.979726493531605458e-01 1.235816940611615955e-01
7.187294092719939131e-01 -6.945125403870038294e-01 -3.286894419845420162e-02 4.105907255124622957e+00 6.951652758042909941e-01 7.169021759470171062e-01 5.288203322846270898e-02 1.786552767733112113e+00 -1.316341762137668292e-02 -6.085722116250922437e-02 9.980596791118768740e-01 4.377349642967349325e-02
7.100163682089073447e-01 -7.040339453228038336e-01 -1.459317335744966977e-02 4.122186907680599255e+00 7.034998406885851763e-01 7.082589614061487460e-01 5.879810999529377219e-02 1.840581857615495531e+00 -3.106011955174368955e-02 -5.201391564851307742e-02 9.981632239029550879e-01 4.427756421557436234e-02
6.922524933874955044e-01 -7.215048189230148790e-01 -1.474047725357429187e-02 4.167467513893878817e+00 7.209751153314032379e-01 6.905689754442634332e-01 5.752715208256064389e-02 1.944202922557673574e+00 -3.132680117192437885e-02 -5.045083175456991503e-02 9.982351151425232771e-01 1.107197980418945099e-01
6.648309223066983797e-01 -7.463096723760943574e-01 -3.196431858668986881e-02 4.338886912845210553e+00 7.466758326709631577e-01 6.626906502375329300e-01 5.758735097987689733e-02 2.050129323849078311e+00 -2.179554197418591757e-02 -6.215283586162771712e-02 9.978286322532586849e-01 1.222663360306643632e-01
6.488069738232757899e-01 -7.600951670218094591e-01 -3.612267692697782029e-02 4.398075015451692771e+00 7.603798578668592434e-01 6.457452723119636584e-01 6.953786764866388970e-02 2.110890319820472705e+00 -2.952934927590328620e-02 -7.258360942275894623e-02 9.969250910547422517e-01 9.126582688717577163e-02
6.407550687119518695e-01 -7.674992144830614649e-01 -1.943959073194050785e-02 4.504456678447020579e+00 7.661860846107677592e-01 6.376357521723650112e-01 7.987196817659925063e-02 2.180479988976915084e+00 -4.890629477647218809e-02 -6.607271236649694957e-02 9.966155582830176218e-01 8.383761296739045132e-02
6.355935123312930202e-01 -7.720093227848652262e-01 -4.742638044846494982e-03 4.576445573318210336e+00 7.702008947833196562e-01 6.336587927071531956e-01 7.257489993025741104e-02 2.277838487223904362e+00 -5.302328504859293162e-02 -4.978091961953860778e-02 9.973516888663139790e-01 8.940478120783168503e-02
6.430635948199971974e-01 -7.657619315592932852e-01 8.824805480175092198e-03 4.647726477212452245e+00 7.645095722901432689e-01 6.425986315760165990e-01 5.091279380836528923e-02 2.381716861534212804e+00 -4.465788725325887248e-02 -2.599351594554430434e-02 9.986641128201533268e-01 1.091450969248767833e-01
6.502220682941296515e-01 -7.594557669819831380e-01 2.093322481396603374e-02 4.723694181474955123e+00 7.586209209859552383e-01 6.505119493977860046e-01 3.644862045555959107e-02 2.514196262361403367e+00 -4.129842788442735640e-02 -7.819315091504713822e-03 9.991162585834415522e-01 1.362036652016711535e-01
6.738864482727082716e-01 -7.382331917650710729e-01 2.981290678129972643e-02 4.781294733067910308e+00 7.366637055723417316e-01 6.744500889741298355e-01 4.943341355009564508e-02 2.575031130834871895e+00 -5.660070429615484539e-02 -1.135042109987487863e-02 9.983323736181426433e-01 1.345690006083186951e-01
6.918937241064881949e-01 -7.214983383859288057e-01 2.689279175538827893e-02 4.903659390308491517e+00 7.190810106925009659e-01 6.919644822314706678e-01 6.409099306130316975e-02 2.683037952707432172e+00 -6.485040172201034236e-02 -2.500605999506058316e-02 9.975816369400638539e-01 1.031965752118143287e-01
6.827571493574935424e-01 -7.303104000789697459e-01 2.212226339515120654e-02 5.042999453152920530e+00 7.278997623936476202e-01 6.825020179752809835e-01 6.597674868421971039e-02 2.771210887136029033e+00 -6.328199513685352218e-02 -2.894330658657336824e-02 9.975758989146313871e-01 5.294581651330363542e-02
6.609938513709909813e-01 -7.501769658620597303e-01 1.793455713806296412e-02 5.093965928623915396e+00 7.482900717533448320e-01 6.607419949428372519e-01 5.900834376877481247e-02 2.845084177420248661e+00 -5.611681535082488348e-02 -2.558390136304028450e-02 9.980963716124449103e-01 6.047834222498421619e-02
6.414829549591103408e-01 -7.669121292921058375e-01 1.858505963337739667e-02 5.091541578536543433e+00 7.652811789032240020e-01 6.414273034249355909e-01 5.399751510493011608e-02 2.954910330524130657e+00 -5.333231397023349696e-02 -2.041568920374199278e-02 9.983681004123261538e-01 1.118634106241343795e-01
6.129961635316745205e-01 -7.899677324461704675e-01 1.366327886359098437e-02 5.190448694556127229e+00 7.879647411251975431e-01 6.125253749352719268e-01 6.264368925841815039e-02 3.054241401533031475e+00 -5.785559816430135144e-02 -2.763415919220985756e-02 9.979424246953280120e-01 1.404305111208859480e-01
5.942639211157136891e-01 -8.042206392435636841e-01 8.919387582703865169e-03 5.259158285867738591e+00 8.008356494282723448e-01 5.927136570551234662e-01 8.574837225941236984e-02 3.115532103911156980e+00 -7.424725358539616127e-02 -4.381420038087116553e-02 9.962768998526517761e-01 1.153277617267769173e-01
5.959483829809069100e-01 -8.030187056111592891e-01 2.546224856628503952e-03 5.347305218139166705e+00 7.990385352377527006e-01 5.933040621025937877e-01 9.760998462077519200e-02 3.190885331691759585e+00 -7.989332905536435103e-02 -5.613598071771577769e-02 9.952214867261013342e-01 9.529664961657489941e-02
6.028556439908541176e-01 -7.977702365609630197e-01 -1.130142317753773246e-02 5.460735292748476688e+00 7.950225138029601846e-01 5.994671904888646541e-01 9.261905891234856192e-02 3.273468922106763213e+00 -6.711389613779381036e-02 -6.482080827058783745e-02 9.956374780814315484e-01 8.271334946714661851e-02
6.134749493743257842e-01 -7.894918409698579165e-01 -1.873818380187718818e-02 5.526687036003785636e+00 7.884935623204303301e-01 6.110355403283943554e-01 7.009615278190861609e-02 3.407106426279741029e+00 -4.389064444054067288e-02 -5.777717107657352053e-02 9.973642312781135777e-01 8.747086020280170349e-02
6.370803743295005983e-01 -7.705431667178653798e-01 -1.979456664307787522e-02 5.615630891865819763e+00 7.702829054928964636e-01 6.355070613934817869e-01 5.286795271658391998e-02 3.489093268812994975e+00 -2.815745282522708060e-02 -4.892855141351842158e-02 9.984053058287349902e-01 1.227001886547639947e-01
6.529195158429217383e-01 -7.573296683199689516e-01 -1.216056387715238989e-02 5.667499774493331088e+00 7.566595352372241789e-01 6.514509173624285499e-01 5.548017666012072108e-02 3.581252313436003032e+00 -3.409477329492717479e-02 -4.542549669531448925e-02 9.983857324120529730e-01 1.409106605048830452e-01
6.801322145506409900e-01 -7.330866279433599919e-01 -2.041240082456548255e-03 5.711860957108694237e+00 7.316080226428559596e-01 6.785782253730247016e-01 6.543159217233501801e-02 3.662259940230725874e+00 -4.658188419386857793e-02 -4.599552130620997853e-02 9.978549694643601420e-01 1.854382748120547431e-01
6.871458105925862814e-01 -7.265134891567951447e-01 2.963959898014883326e-03 5.845250248479195498e+00 7.244245748297036824e-01 6.854682776490435003e-01 7.309087302568562095e-02 3.780637084577446405e+00 -5.513320567372023695e-02 -4.807692180322281628e-02 9.973208807711116952e-01 1.432137878599086811e-01
6.838503933019755010e-01 -7.296154459766710509e-01 3.152867424566992843e-03 5.925132117778199259e+00 7.275858588757961876e-01 6.822580056118532355e-01 7.171353946436088977e-02 3.841591842366026022e+00 -5.447437511989892955e-02 -4.674735041475483466e-02 9.974202863810704978e-01 8.494761647463731913e-02
6.752437231642731685e-01 -7.375946417962303547e-01 -2.423236291245051133e-04 5.975705627098418127e+00 7.364265439128540036e-01 6.741558126341338220e-01 5.647907322345180336e-02 3.910470504407731696e+00 -4.149529790012210229e-02 -3.831559323697578123e-02 9.984037537825459774e-01 8.105436506768054494e-02
6.658109075913833941e-01 -7.460666699949145553e-01 -8.964332381034844505e-03 6.061068547495030323e+00 7.459635306158831636e-01 6.653763120511959617e-01 2.850919767787138057e-02 4.010311139960561100e+00 -1.530510775606216956e-02 -2.566879981317674378e-02 9.995533334408556181e-01 1.211478287749464811e-01
6.285486742352923706e-01 -7.776581005908129729e-01 -1.320767589492369276e-02 6.120556310188862703e+00 7.777700661424440387e-01 6.284696144258066219e-01 9.983384008248233354e-03 4.112559963142659925e+00 5.369635318206973998e-04 -1.654757773714901278e-02 9.998629352772301360e-01 1.721475097083627892e-01
6.312574621422362142e-01 -7.755726826938200702e-01 1.015061010164165778e-03 6.127220395690531340e+00 7.754272099958052777e-01 6.311633830537638490e-01 1.858563666516098445e-02 4.144023611946321850e+00 -1.505518142915271071e-02 -1.094521590646009568e-02 9.998267568738578026e-01 2.087440086101789716e-01
6.347505523758502077e-01 -7.726520610197183947e-01 1.002640815719417142e-02 6.284928332059666722e+00 7.720522656783425086e-01 6.346891632496872715e-01 3.324101554330183284e-02 4.260986322850337515e+00 -3.204739177361005942e-02 -1.335884184326749033e-02 9.993970712510195087e-01 1.589312176567190260e-01
6.470434413897265813e-01 -7.624325518888857012e-01 5.602568584238205168e-03 6.362979682418131944e+00 7.618616701955733816e-01 6.468134247471104548e-01 3.462930917193664249e-02 4.384066796909736219e+00 -3.002632913546053259e-02 -1.813828512058573983e-02 9.993845216789848385e-01 9.575639970979230031e-02
6.642329984906838458e-01 -7.475250613523420906e-01 -8.979789821696067265e-04 6.439397936806241063e+00 7.474077555555163066e-01 6.641064754732677322e-01 1.855360261349464288e-02 4.471840153575153742e+00 -1.327292927506182676e-02 -1.299507155236554953e-02 9.998274638475420639e-01 7.459472379958162480e-02
6.774613705085590354e-01 -7.355431464588815249e-01 -4.729816701860489400e-03 6.507341298073368030e+00 7.355563493959453858e-01 6.774605293232458525e-01 2.021898211464585697e-03 4.543535317461398826e+00 1.717070754164089479e-03 -4.848804639900074730e-03 9.999867702932820901e-01 1.084382687523581523e-01
6.994907381082731135e-01 -7.146343144264331038e-01 -3.240979019600533605e-03 6.572403014447967706e+00 7.146136824401481125e-01 6.994962888092461917e-01 -5.676866338308958135e-03 4.654316876446885409e+00 6.323936280087119784e-03 1.654867473217745341e-03 9.999786343935411770e-01 1.544733848116241481e-01
7.039818109598525719e-01 -7.102121873145688102e-01 2.873817590302334656e-03 6.708780069512783051e+00 7.102178858242831350e-01 7.039736221806642824e-01 -3.419638741283695903e-03 4.782794172976426061e+00 4.055773317410890904e-04 4.448400127146526738e-03 9.999900235719038077e-01 1.499364846566964282e-01
6.991399383538068335e-01 -7.149140684503445531e-01 1.006088119457827432e-02 6.777647620865577593e+00 7.149639114208821145e-01 6.991579477581464364e-01 -2.183907591923059735e-03 4.833874706472505167e+00 -5.472838786978563748e-03 8.720023990403977937e-03 9.999470032042790946e-01 1.039249503954870202e-01
6.931855759053420218e-01 -7.207139989179220940e-01 8.067782874922713177e-03 6.843983212000501304e+00 7.207553975232319221e-01 6.931024003012947743e-01 -1.098724886910615144e-02 4.919046348644560140e+00 2.326864393841299086e-03 1.343110048809270825e-02 9.999070913048728748e-01 1.395035335165747403e-01
6.883317981879939484e-01 -7.253958003487904760e-01 -5.181115911021953215e-04 6.880587029626971329e+00 7.253794720510268190e-01 6.883207724106996661e-01 -6.255860844969107944e-03 5.042228423841486062e+00 4.894602155089425310e-03 3.930280432214221416e-03 9.999802976886432715e-01 1.945345710911940418e-01
6.777892779746981233e-01 -7.352286933029837934e-01 -6.361069605380553424e-03 6.997252003507254514e+00 7.351418390950509307e-01 6.775058929041332112e-01 2.349981898056935012e-02 5.126648139811917915e+00 -1.296807905912195948e-02 -2.060421374768730066e-02 9.997036037253022034e-01 1.557161037473529519e-01
6.696441606819065750e-01 -7.426183182481125300e-01 -9.733009142603865280e-03 7.074670611547629662e+00 7.419242368910363705e-01 6.683114915114061194e-01 5.392751642207341961e-02 5.222490906360037322e+00 -3.354287969566988742e-02 -4.333340185289894647e-02 9.984974168747643430e-01 1.306539504397763451e-01
6.740158105435651859e-01 -7.385329937136466683e-01 -1.648345636266207448e-02 7.179003725805421787e+00 7.375691915375481855e-01 6.715576913748368959e-01 7.072449964437219072e-02 5.297823198792817045e+00 -4.116278455047070461e-02 -5.982712053624272830e-02 9.973596847759556017e-01 1.287323025750241046e-01
6.669847241730112453e-01 -7.445943758038254812e-01 -2.665695483665643170e-02 7.303443975167625446e+00 7.444540378504819200e-01 6.645492559396444232e-01 6.451722218274796861e-02 5.409427942617609730e+00 -3.032430127744322260e-02 -6.287687930691585048e-02 9.975604918002007881e-01 1.023541201815982293e-01
6.707753396627735842e-01 -7.413344964950511207e-01 -2.199108925723663316e-02 7.313295095935159473e+00 7.414589596858477405e-01 6.696067463092312266e-01 4.319046652613606208e-02 5.490912344221332120e+00 -1.729320103020532545e-02 -4.527659001729186783e-02 9.988247972465116309e-01 1.343861368371687681e-01
6.880884329632652729e-01 -7.254643085614892462e-01 -1.535725970211868248e-02 7.374683444959642564e+00 7.255763278510604097e-01 6.876367113391689267e-01 2.635802877346661924e-02 5.598459712229550078e+00 -8.561593562440362667e-03 -2.927951881525365022e-02 9.995345961464359164e-01 1.867848364071341138e-01
7.170946113655636278e-01 -6.967330924227133071e-01 -1.839337580636215413e-02 7.448522617646256450e+00 6.969480878269431745e-01 7.165808261050198302e-01 2.784389579450047975e-02 5.692378023267663067e+00 -6.219423191815023899e-03 -3.278593573058703747e-02 9.994430454975565814e-01 2.441772320313407574e-01
7.246580188216528162e-01 -6.885896954275354531e-01 -2.673924285560785874e-02 7.646719301262854707e+00 6.889914938758134877e-01 7.232736163876691826e-01 4.654027507737505676e-02 5.791090835963887962e+00 -1.270736496099975597e-02 -5.214889441317878405e-02 9.985584688375693796e-01 2.267279802757577178e-01
7.168156082285612740e-01 -6.966358903080593912e-01 -2.956044882296586518e-02 7.705380445404664158e+00 6.970173232489871307e-01 7.147942142603833648e-01 5.688657443279541287e-02 5.868175714804373833e+00 -1.849959163696997255e-02 -6.138132936470590967e-02 9.979429329950119110e-01 1.421508242580311887e-01
7.131797617129522759e-01 -7.004577944589130967e-01 -2.708330970933479215e-02 7.773132126265638320e+00 7.008367600597028568e-01 7.117161625115331347e-01 4.783241337080594568e-02 5.956474463768123506e+00 -1.422895751892265352e-02 -5.309408819833050241e-02 9.984881344143817783e-01 1.481135633484422787e-01
7.014958081590989547e-01 -7.122155632955784466e-01 -2.554647793287219762e-02 7.802167471284775502e+00 7.125827459382052531e-01 7.003833291430393571e-01 4.109771830260609826e-02 6.054471752587653022e+00 -1.137810732854937709e-02 -4.703385650863749212e-02 9.988284912914453528e-01 1.924180573204830325e-01
6.961582795888623387e-01 -7.169904337461989741e-01 -3.589383897430180326e-02 7.903432604997655986e+00 7.178300952135518997e-01 6.945943419156639376e-01 4.752530467497152050e-02 6.127641944990062761e+00 -9.143531351646101007e-03 -5.885081218796765073e-02 9.982249134034063554e-01 2.416742403373839387e-01
6.871977823865424995e-01 -7.252578089704974085e-01 -4.195614865942479121e-02 8.011199335248644360e+00 7.263075502843757691e-01 6.846742942679762134e-01 6.081490909766833902e-02 6.213496406402763128e+00 -1.538019125132093420e-02 -7.226493822015077340e-02 9.972668792359999923e-01 2.143284204440475127e-01
6.883134314364199868e-01 -7.247331985135270216e-01 -3.140718192664690434e-02 8.117429317187742299e+00 7.249089547705918068e-01 6.855754261722882825e-01 6.703239755590877091e-02 6.293782590239635155e+00 -2.704861175049254676e-02 -6.890664700185329672e-02 9.972563595191223929e-01 1.592190074141949241e-01
6.878830249964678067e-01 -7.255525394668674855e-01 -1.975996950626668705e-02 8.205510630298540775e+00 7.254373283707699072e-01 6.863783204051898679e-01 5.123947583680423662e-02 6.382546006604504996e+00 -2.361411713337540838e-02 -4.958138512516830493e-02 9.984908911557885958e-01 1.513291784909292503e-01
6.978303120098439116e-01 -7.160969034767050712e-01 -1.542985649052998343e-02 8.270719629323908251e+00 7.162481256469970248e-01 6.975143851721786747e-01 2.150127868386083815e-02 6.452768937196639243e+00 -4.634452223015460108e-03 -2.605584980291346733e-02 9.996497459328644863e-01 1.975706707475370361e-01
7.072696380965604046e-01 -7.068259368049800706e-01 -1.291332979997127615e-02 8.355833474124585436e+00 7.068230361593981215e-01 7.073684870333921682e-01 -5.569479912867182463e-03 6.550264405889937080e+00 1.307113542009776148e-02 -5.188314933783696493e-03 9.999011085137256005e-01 2.499416012475703108e-01
7.366393922015190832e-01 -6.761007166787984524e-01 -1.581855756356836604e-02 8.427164128201743765e+00 6.762349183476172865e-01 7.366692662345508680e-01 4.972664561362217898e-03 6.603175462389575756e+00 8.291023119502659300e-03 -1.436012158248063317e-02 9.998625134706112805e-01 2.522016054921195072e-01
