1.000000000000000000e+00 0.000000000000000000e+00 0.000000000000000000e+00 0.000000000000000000e+00 0.000000000000000000e+00 1.000000000000000000e+00 0.000000000000000000e+00 0.000000000000000000e+00 0.000000000000000000e+00 0.000000000000000000e+00 1.000000000000000000e+00 0.000000000000000000e+00
9.999984190850336185e-01 -1.743797149227345163e-03 -3.478490128072039291e-04 1.439313373576183233e-02 1.744023657215549488e-03 9.999982666825353306e-01 6.519305238973125772e-04 -4.854362909645511953e-02 3.467115752853685315e-04 -6.525361501580651284e-04 9.999997269937909161e-01 -1.332317086311215516e-02
9.999928670009785581e-01 -3.754515917877879541e-03 -4.117734639896813553e-04 1.479338258149738745e-02 3.754671815903962671e-03 9.999928795693043826e-01 3.784841416758023868e-04 -9.876255645920076209e-02 4.103495072506826036e-04 -3.800275161685693790e-04 9.999998435961722221e-01 -2.342590600827459263e-02
9.999944981554742540e-01 -3.300838204313621526e-03 -3.288250753788456724e-04 1.340031922945869244e-02 3.300899918828226979e-03 9.999945344712253270e-01 1.873163187815767179e-04 -1.073022507438576439e-01 3.282049773146087073e-04 -1.884007068609403846e-04 9.999999283933307392e-01 -1.853128660201135841e-02
9.999982845964330291e-01 -1.810717446487674622e-03 3.900083592778863148e-04 -2.164882406608735488e-02 1.810827473628506953e-03 9.999983207035477717e-01 -2.819467062511035391e-04 -6.457603417743110197e-02 -3.894971785182436866e-04 2.826524604506430987e-04 9.999998841997606025e-01 3.960048324829604921e-03
9.999996083147452142e-01 -7.334957109436607368e-04 4.953326136929321047e-04 -5.680422740315881069e-02 7.335728015096260740e-04 9.999997188499419876e-01 -1.554701962854473961e-04 -1.851707539695509469e-02 -4.952184377079840759e-04 1.558334979231697605e-04 9.999998652373008889e-01 1.208526756465932821e-02
9.999985475001468282e-01 1.491049596265045084e-03 8.256928593496926918e-04 -9.423275744413821264e-02 -1.491187058122813141e-03 9.999988744201961932e-01 1.658900189655324855e-04 2.172627632640737952e-02 -8.254445797206830726e-04 -1.671210405161510095e-04 9.999996453558389620e-01 1.604543754189045879e-02
9.999992962176700306e-01 7.968820179122522527e-04 8.789443748718991402e-04 -5.520405978357738330e-02 -7.977852609748906434e-04 9.999991536094081646e-01 1.027773878230954594e-03 3.167665664373375822e-05 -8.781246164196072901e-04 -1.028474363769349420e-03 9.999990855684024460e-01 1.849950677153868947e-02
9.999990147055023426e-01 -1.297808900495714792e-03 5.350514762348929218e-04 -4.864959813205827627e-02 1.297246434907882223e-03 9.999986070659098170e-01 1.050246603002365827e-03 -5.962390912467151888e-03 -5.364137503325435092e-04 -1.049551474580128797e-03 9.999993053507540974e-01 1.636455067195214871e-02
9.999967707597847699e-01 -2.453573583554569375e-03 6.621530582546549665e-04 -7.668486676189731344e-02 2.453205632575007535e-03 9.999968363569844421e-01 5.559299837503079225e-04 -4.191026083486424844e-03 -6.635149785611926115e-04 -5.543037909067104804e-04 9.999996262475204789e-01 1.889335046332526677e-02
9.999990817341786187e-01 -9.686857829289715997e-04 9.477228780598142199e-04 -7.715957825392583125e-02 9.681365483327874621e-04 9.999993632611408056e-01 5.798180203599982577e-04 -1.018656754405177813e-02 -9.482839360808386709e-04 -5.788999627769866223e-04 9.999993828160144149e-01 2.820892304698591896e-02
9.999998876114850610e-01 -1.646897345998047342e-05 4.738204197067787853e-04 -3.787052491037000423e-02 1.624888093455406464e-05 9.999998919849271140e-01 4.645063056861076125e-04 1.919187993795694325e-03 -4.738280184690519484e-04 -4.644985544293495278e-04 9.999997798640266611e-01 1.059870987810522872e-02
9.999999803870709414e-01 -1.879308966021836361e-04 -6.251268473420916656e-05 -7.412576088558543892e-03 1.879546735351444564e-04 9.999999099214418319e-01 3.805655646450003789e-04 8.091757980365658215e-03 6.244115907537699673e-05 -3.805773067322460465e-04 9.999999256310048157e-01 -6.039307452811501671e-03
9.999995953066364018e-01 -8.982247485605257238e-04 5.078252220710422843e-05 -6.325059474773193913e-03 8.982143057599338001e-04 9.999995755338848547e-01 2.052878734257999080e-04 4.822818509091131647e-03 -5.096689530013472162e-05 -2.052421767592309070e-04 9.999999776390119388e-01 -5.749826273310457148e-03
9.999995791070107609e-01 -9.174882712522798014e-04 1.036021925148969303e-06 -6.754321710280061959e-03 9.174881332702852646e-04 9.999995711520733854e-01 1.261395840301477768e-04 -5.370152700207112342e-03 -1.151753069741416663e-06 -1.261385804010590865e-04 9.999999920438659151e-01 -3.438724438267180133e-03
9.999999535398791384e-01 -1.494585748147437274e-04 2.656734346791553704e-04 -1.457277272779709983e-02 1.494771276365168533e-04 9.999999863912479858e-01 -6.981469944417229175e-05 -1.616298628524318048e-02 -2.656629966581914204e-04 6.985440830247807611e-05 9.999999622717662406e-01 5.441745112225392610e-03
9.999999193595922042e-01 -3.865313598372380937e-04 1.089693397778111452e-04 1.303821110387244978e-02 3.865381812686955474e-04 9.999999233356456907e-01 -6.258543964687801034e-05 -3.482538722311470658e-02 -1.089451401886543401e-04 6.262755541037441198e-05 9.999999921043728479e-01 2.184409216413562421e-03
9.999996310055054849e-01 -8.117847898953422419e-04 -2.810592600787356274e-04 3.835104804348585944e-02 8.117971227812650339e-04 9.999996695348106757e-01 4.376871932508084211e-05 -3.895461683674484449e-02 2.810236364178128003e-04 -4.399686627332732619e-05 9.999999595449949874e-01 -1.189523152105739431e-02
9.999997430822716860e-01 -5.615410718252221304e-04 -4.455412610264536345e-04 2.810491375029895017e-02 5.613866544289500314e-04 9.999997823451919343e-01 -3.466332253629487341e-04 -6.203765976757791289e-02 4.457358128451565813e-04 3.463830153887901978e-04 9.999998406691832376e-01 -3.017468918993915228e-02
9.999891749914456840e-01 4.646016252509072887e-03 -2.538363826960239188e-04 8.136216807623879166e-03 -4.646177818912715883e-03 9.999890018729368224e-01 -6.396599430202369813e-04 -7.118370318132011265e-02 2.508617204798827406e-04 6.408323876667972431e-04 9.999997632010960702e-01 -2.319112123508576540e-02
9.999820525677350913e-01 5.988278388605037562e-03 -1.872547995509383492e-04 -1.010003032014168516e-02 -5.988372392862651751e-03 9.999819417458354343e-01 -5.055475378632004468e-04 -6.545756246707530590e-02 1.842240586607758117e-04 5.066598160550698886e-04 9.999998546786529330e-01 -1.572990789846861678e-02
9.999853558085309846e-01 5.411636258298289058e-03 -4.859520017382118137e-05 -1.459809745761394412e-02 -5.411644109746155916e-03 9.999853436756108715e-01 -1.629171566609651509e-04 -7.744409848870266455e-02 4.771283955471834163e-05 1.631777507997120063e-04 9.999999855482532007e-01 -8.442983915277381055e-03
9.999906915448398825e-01 4.307009699009376087e-03 -2.578587319325687769e-04 2.092007144122297324e-02 -4.306987641967507767e-03 9.999907211847939292e-01 8.603352678920278920e-05 -8.579779406656988516e-02 2.582268865433669475e-04 -8.492213157816941890e-05 9.999999630535526540e-01 -1.388387483779101109e-02
9.999882786640478249e-01 4.829837989804065985e-03 -3.394105284442794422e-04 3.665455540953323904e-02 -4.829862834455410890e-03 9.999883335222693459e-01 -7.241791797930969480e-05 -7.715066057984988623e-02 3.390568019075087809e-04 7.405637544151999247e-05 9.999999397780673371e-01 -1.879346749879515915e-02
9.999825249535141403e-01 5.886815553813706803e-03 -5.433141170040218506e-04 6.238838773069235039e-02 -5.886995766392448537e-03 9.999826168113158387e-01 -3.306902470600034437e-04 -7.237624033630553344e-02 5.413579599823238999e-04 3.338829561391875450e-04 9.999997977268448857e-01 -2.873830569284102632e-02
9.999321509937747487e-01 1.163784617469940975e-02 -5.039299324634111382e-04 1.016849084744913395e-01 -1.163795970749119911e-02 9.999322517983254555e-01 -2.229515129200589248e-04 -7.097882548761204335e-02 5.013011167049365169e-04 2.288011021308788073e-04 9.999998481736115385e-01 -3.624120681699941754e-02
9.999083376268930179e-01 1.352942689113186166e-02 -5.205307108385333857e-04 7.864075023242685092e-02 -1.352943161691799907e-02 9.999084730360208173e-01 -5.558452182738391430e-06 -2.452387877911818559e-02 5.204078655704782140e-04 1.260042733861617364e-05 9.999998645084321458e-01 -5.092253605734581301e-02
9.999342553888311835e-01 1.144672830182337682e-02 -6.762478598521526330e-04 7.339093874979535359e-02 -1.144683242228691257e-02 9.999344715719432619e-01 -1.502984850135115206e-04 -2.295797622525433054e-02 6.744831204707943915e-04 1.580294996257128055e-04 9.999997600495699190e-01 -5.909379266154114740e-02
9.999571860057100414e-01 9.207737842499360767e-03 -9.185419781856729105e-04 9.655276486711436568e-02 -9.207836866498472425e-03 9.999576016012049484e-01 -1.036349643157447866e-04 -2.035575891243541352e-02 9.175487898938355794e-04 1.120883119791387999e-04 9.999995727701229686e-01 -6.248519375408853604e-02
9.999976612779274410e-01 -1.923336069065930808e-03 -9.890485533853464115e-04 1.306906855121029720e-01 1.924052978452034119e-03 9.999978866246470588e-01 7.244076031707259765e-04 -6.342033462418347062e-03 9.876531838826272357e-04 -7.263088907976496733e-04 9.999992485080093640e-01 -5.172877316592100483e-02
9.997079544999337708e-01 -2.415114336862369745e-02 -8.532195184326747239e-04 1.755463547846728978e-01 2.415205147648987263e-02 9.997077234422407921e-01 1.070560324855498969e-03 3.325197145051346503e-02 8.271148864784686437e-04 -1.090854674260007462e-03 9.999990629580830515e-01 -3.359761643524885460e-02
9.986154159583072731e-01 -5.259644976900842289e-02 -9.297753024772883144e-04 2.089282631612059404e-01 5.259810696695532001e-02 9.986140327744497114e-01 1.858141394755435808e-03 5.680512794707015534e-02 8.307550238479592761e-04 -1.904473062647982348e-03 9.999978414118922965e-01 -3.174549975997503770e-02
9.979138598586774211e-01 -6.454630017793683283e-02 -1.305157191911640157e-03 2.255221590613395999e-01 6.455006753690609167e-02 9.979096968461994566e-01 3.086376728020077866e-03 1.730475095763628346e-02 1.103214818968199177e-03 -3.164186098520686222e-03 9.999943854059367698e-01 -5.914285437798003781e-02
9.974992273208210802e-01 -7.066550172398682050e-02 -1.295515519812247621e-03 2.529898002861686868e-01 7.066732287012573999e-02 9.974989311816551130e-01 1.418368719680974249e-03 -2.960859319623411479e-02 1.192045609136098416e-03 -1.506372315459625182e-03 9.999981549331543595e-01 -4.458429482961416557e-02
9.969062575422974470e-01 -7.859152951630050954e-02 -1.133649548585388732e-03 2.639218978611277966e-01 7.859041289297251376e-02 9.969064905135778254e-01 -9.980847729107245655e-04 -6.728397209262816647e-02 1.208583601842544821e-03 9.059029695731266344e-04 9.999988593320929819e-01 -9.969723323335531739e-03
9.968467365911948264e-01 -7.930936495383136831e-02 -2.570676585059003452e-03 3.155603385828848473e-01 7.929832841121636777e-02 9.968423182252053039e-01 -4.143393124651458849e-03 -1.833069772953773158e-01 2.891169083927648976e-03 3.926477558642167513e-03 9.999881118869912155e-01 -5.888923014743889517e-02
9.964913173021925363e-01 -8.342306839821771181e-02 -6.756197182382402827e-03 3.791129002333197828e-01 8.322462344274879353e-02 9.962000620189671585e-01 -2.567291347351842098e-02 -1.854337983613989493e-01 8.872237268784572556e-03 2.502055339980284107e-02 9.996475655516868786e-01 -1.005133840928848082e-01
9.960175508322666182e-01 -8.842925428290347722e-02 -1.137125415522887394e-02 3.869617713950124216e-01 8.764280451441804065e-02 9.945103748565398138e-01 -5.716513902329063007e-02 -7.524506246809968546e-02 1.636390084731374761e-02 5.594087315795347876e-02 9.982999756883624842e-01 -3.793728917640679099e-02
9.987513582678498869e-01 -4.845018968016697597e-02 -1.217799154544171175e-02 4.671883814362931542e-01 4.755788371422502853e-02 9.967397634988427457e-01 -6.517738531803300706e-02 -4.795210241714589067e-02 1.529614509441050776e-02 6.451684260894154088e-02 9.977993811207861441e-01 1.124225302044421469e-02
9.991630121040563361e-01 -3.984267258345259438e-02 -9.264808932580621478e-03 7.067353709656510885e-01 3.924718653929980955e-02 9.975790367011410087e-01 -5.740839558089855937e-02 -6.640686819496133264e-02 1.152968307885497180e-02 5.699672776424383885e-02 9.983077879252819642e-01 -1.666884079772653487e-02
9.983001442114854962e-01 -5.785143260437255325e-02 -7.073458344324446909e-03 7.692001625017923505e-01 5.746455038194091952e-02 9.972765741796348893e-01 -4.623050986018435032e-02 -3.336393268638013221e-02 9.728695530672471989e-03 4.574545155699055038e-02 9.989057543858271826e-01 -5.465986965444585149e-02
9.982330024550379877e-01 -5.939893439461836622e-02 1.624623766890194530e-03 7.224447990095717032e-01 5.942074711387265729e-02 9.977526937998471013e-01 -3.096347570247583864e-02 -5.307794060851392728e-03 2.182247220547760399e-04 3.100529967493364375e-02 9.995191962989196099e-01 -1.124217857016701627e-02
9.978754536533698261e-01 -6.512144010969471430e-02 1.943459318007106570e-03 7.432994153725787090e-01 6.513005354693372773e-02 9.978654399601867286e-01 -4.758135983400949356e-03 -5.232543398824403280e-03 -1.629454219931057539e-03 4.874604712428735193e-03 9.999867914666886737e-01 -2.983908585222195403e-02
9.955929751329288813e-01 -9.375317789236216337e-02 -2.229237772493748021e-03 8.645501312097217950e-01 9.376810028837993805e-02 9.955622816536700004e-01 7.955294893778570159e-03 2.594648089649862627e-02 1.473510865769797791e-03 -8.129267102374642534e-03 9.999658713086695405e-01 5.766963362654593805e-02
9.855085763605332394e-01 -1.671317395785807125e-01 -2.897977821296224624e-02 9.795392198200548739e-01 1.675162732624415896e-01 9.858036886539711663e-01 1.137478037094392241e-02 1.243965452536703459e-01 2.666728542799201920e-02 -1.606452805599021746e-02 9.995152759344102522e-01 7.726113859201742817e-02
9.730782103981614473e-01 -2.255031975845204761e-01 -4.761411899288111454e-02 1.047488668327829497e+00 2.265411640392262504e-01 9.738427101669192565e-01 1.759195414108480349e-02 1.090181461197881618e-01 4.240162077166265836e-02 -2.790490519436284594e-02 9.987108784938860673e-01 -8.754345071834951364e-03
9.626418506089507998e-01 -2.674177936184229387e-01 -4.252518209754071327e-02 1.159434064522732122e+00 2.684748476595950062e-01 9.630497728669642488e-01 2.136331329747051533e-02 9.289287709503510349e-02 3.524093685377419766e-02 -3.198216123314960579e-02 9.988669669843552867e-01 -3.880917973877201499e-02
9.571181283564998976e-01 -2.879429326584602711e-01 -3.183953365544058001e-02 1.334325038394088336e+00 2.888086402205132242e-01 9.570046262701712436e-01 2.705022424062231839e-02 1.321010229838966710e-01 2.268166010962769166e-02 -3.508579241709112312e-02 9.991268835664147696e-01 -1.012488776941508350e-01
9.531331168789454189e-01 -3.019362547846471956e-01 -1.928106727458706732e-02 1.412660181184190789e+00 3.022979004535088499e-01 9.530066254406477366e-01 1.985827907018873975e-02 1.555625526789376489e-01 1.237905044932719432e-02 -2.475620958163144911e-02 9.996168712047247551e-01 -1.021045509131704443e-01
9.500329859264337040e-01 -3.119671504103127546e-01 -1.066877296477812195e-02 1.383626731193204673e+00 3.119173963126004034e-01 9.500897112026814861e-01 -6.089215415255175984e-03 2.048999857508835565e-01 1.203592660632472888e-02 2.457179617880288908e-03 9.999245465229127383e-01 5.565903092286192400e-02
9.552208858025524885e-01 -2.949777040622995061e-01 -2.326399434150381099e-02 1.380800878013981547e+00 2.945695823350211739e-01 9.554323165724378786e-01 -1.943835414833264968e-02 2.358304276164888691e-01 2.796105308385611263e-02 1.171505677149295953e-02 9.995403628444838873e-01 2.100832455328290604e-01
9.599506055077343669e-01 -2.764450260310579721e-01 -4.553001831782970549e-02 1.653487867418347079e+00 2.763906711794578697e-01 9.610152354252993190e-01 -7.610135703476541419e-03 2.883901651476384886e-01 4.585882543527475957e-02 -5.278717945129631287e-03 9.989339834376207428e-01 1.406197538226849619e-01
9.551940650412618083e-01 -2.922167525143943845e-01 -4.704962975296324984e-02 1.889970982677027456e+00 2.933759627369888490e-01 9.557916082504444022e-01 1.982286775857661221e-02 3.300514254708195594e-01 3.917706724723914874e-02 -3.273791606028462337e-02 9.986958427138540317e-01 -5.012240320795023629e-02
9.453697024464077225e-01 -3.238077443918046527e-01 -3.774480584507378805e-02 1.998595206137609326e+00 3.250376319478111564e-01 9.451300027676621252e-01 3.286054908485626369e-02 3.294182797493458992e-01 2.503324817417596979e-02 -4.333384982078881953e-02 9.987469719331114604e-01 -1.914992252008800300e-01
9.238950576140959603e-01 -3.821345578214492833e-01 -1.977630488366785913e-02 1.968192465001883606e+00 3.825536348673414522e-01 9.235729150449252245e-01 2.580284955589439919e-02 3.928193667188858429e-01 8.404699044651228745e-03 -3.140462249454280264e-02 9.994714156592694465e-01 -4.517695486365735924e-02
8.991430867751790679e-01 -4.373924577481143050e-01 -1.515082207231089467e-02 1.969775336387311615e+00 4.376260670413159026e-01 8.989417510962822710e-01 1.967621868905330973e-02 4.448900237030506410e-01 5.013476872636954233e-03 -2.432213068408703438e-02 9.996916019496381312e-01 1.060776200124618207e-01
8.586112239773882049e-01 -5.124535828069743948e-01 -1.334509379310019027e-02 2.108176713491811682e+00 5.126132138750710832e-01 8.581035168449125949e-01 2.976654731512263022e-02 5.111323014257511677e-01 -3.802501902943426423e-03 -3.239876304256363027e-02 9.994677889419898431e-01 1.464143662097591170e-01
8.336355369998549314e-01 -5.522194973182309452e-01 -1.026733814403678162e-02 2.232298916157707591e+00 5.519847247142201097e-01 8.323504357619956329e-01 5.005612618833807370e-02 5.146244598760779665e-01 -1.909594546311720736e-02 -4.739597945413166757e-02 9.986936296975430505e-01 -3.589202101086291785e-03
8.114200626518095483e-01 -5.844616434364636737e-01 -1.438498412040994934e-03 2.362640481966457706e+00 5.835280114281707897e-01 8.099797829441358621e-01 5.854751147961018837e-02 5.515186326841805542e-01 -3.305362014693775247e-02 -4.834602955071370251e-02 9.982835867737500646e-01 -4.696433165704411161e-02
8.080022955281365160e-01 -5.891743073657285112e-01 2.434329759150593783e-03 2.423409621026696659e+00 5.883202987629867486e-01 8.070403559235395097e-01 5.064671730958213158e-02 6.123840216908539302e-01 -3.180434694648105048e-02 -3.949049823591585517e-02 9.987136647029453140e-01 6.019086935715442510e-03
8.049779479409583383e-01 -5.932120483242657727e-01 -1.048661297525205899e-02 2.552213694921447562e+00 5.932903114165726244e-01 8.047094134313750313e-01 2.119826205514409659e-02 7.118617098585007241e-01 -4.136388278449659554e-03 -2.328573936685694387e-02 9.997202931991271413e-01 5.254237272943243497e-02
8.076039796473997168e-01 -5.888530982947619563e-01 -3.205995455926137494e-02 2.572398764200614973e+00 5.891260678127558936e-01 8.080403333228849405e-01 -1.138396644947053948e-03 7.559999038489219059e-01 2.657608475984754234e-02 -1.796798130287680095e-02 9.994852992249244616e-01 5.968809553156750186e-02
8.334120187271021329e-01 -5.495286733658976130e-01 -5.867405039651876764e-02 2.667375125022991345e+00 5.493647499887978070e-01 8.353350730574204963e-01 -2.033930160796364184e-02 8.110620940699830861e-01 6.018952160436390197e-02 -1.528243661432127608e-02 9.980699718056680325e-01 1.105554281027420482e-01
8.331771897221447176e-01 -5.478112651080959683e-01 -7.562134848954216171e-02 2.906220627811475499e+00 5.486302208420064108e-01 8.359882044171074167e-01 -1.134031985051404089e-02 9.069652332795035132e-01 6.943091030341325132e-02 -3.203966129858629858e-02 9.970721181531009281e-01 1.623415797181259335e-01
8.342625127854164102e-01 -5.466182134537811432e-01 -7.221210758286693288e-02 2.966620312840491547e+00 5.484185304555730944e-01 8.361803997175761838e-01 6.281288172363057309e-03 9.557336301753603935e-01 5.694888246412483507e-02 -4.484270117590053589e-02 9.973695187528723860e-01 7.506180233323736517e-02
8.171347155820951613e-01 -5.717216415289141374e-01 -7.365610088819674051e-02 3.062408910671347240e+00 5.736336406656317166e-01 8.190897424602557875e-01 6.036563019196253960e-03 9.899899232184236064e-01 5.687972298861205395e-02 -4.718430251551569699e-02 9.972654304190349261e-01 3.483960002113245524e-02
7.935641470670246056e-01 -6.029090316745929767e-01 -8.219880786842616305e-02 3.034570260335777814e+00 6.043892087394838741e-01 7.966458252051213940e-01 -8.313455509697267876e-03 1.037641148958313719e+00 7.049559453644098361e-02 -4.308281221619437995e-02 9.965812773891038479e-01 7.524858671273054744e-02
7.694030631187963598e-01 -6.313619064927166180e-01 -9.695911248199275134e-02 3.122677893171851959e+00 6.333130855530072489e-01 7.737855818053183121e-01 -1.305408202572669318e-02 1.099646963296702751e+00 8.326741337848116153e-02 -5.136162400165378283e-02 9.952027539397034772e-01 1.575723654918694261e-01
7.449608047686320234e-01 -6.568396934654895380e-01 -1.165976691303647339e-01 3.228340505434224905e+00 6.616691700401554632e-01 7.497869358359184888e-01 3.668823811008581348e-03 1.167128221422960799e+00 8.501357995546468538e-02 -7.988221290090834203e-02 9.931724539500729199e-01 1.336811716563650609e-01
7.413443599869823375e-01 -6.607195059698094397e-01 -1.177211720401331874e-01 3.414317639827546103e+00 6.677980509354719540e-01 7.436761136657712434e-01 3.148969878801145122e-02 1.226065823204838034e+00 6.674056549263288063e-02 -1.019586798364215119e-01 9.925472908248441639e-01 4.594891335900738033e-02
7.235300785545288882e-01 -6.835050544170450104e-01 -9.656638138208181732e-02 3.547691837903033996e+00 6.892929521446581331e-01 7.229045430363323366e-01 4.779380484051795608e-02 1.314573258317887960e+00 3.714096862737018695e-02 -1.011427814714619122e-01 9.941783975754234781e-01 -1.440107650683696006e-02
7.173861084404872246e-01 -6.927975201686433770e-01 -7.340822477618978714e-02 3.593770954511835924e+00 6.963433723305467726e-01 7.163068314953833227e-01 4.483782961257352928e-02 1.362474502792280662e+00 2.151927572979829562e-02 -8.328336689413255722e-02 9.962935318322819755e-01 8.705235558916710192e-03
7.152725900891669930e-01 -6.958670013214414141e-01 -6.445338112961639110e-02 3.646043949339004886e+00 6.982841162642692279e-01 7.153480243575059960e-01 2.600955633688847857e-02 1.459043337440513843e+00 2.800740688038077034e-02 -6.361069501049462782e-02 9.975817082525715307e-01 7.306656273479986141e-02
7.139052970144090793e-01 -6.973137621380262052e-01 -6.397455765912581083e-02 3.739368897298931849e+00 6.991402628840174271e-01 7.149243869443246968e-01 9.274360719130046032e-03 1.538660915935968321e+00 3.926983205000317279e-02 -5.134820430349924802e-02 9.979084337781551906e-01 1.258314484850212023e-01
7.229812300420878080e-01 -6.879104664736814811e-01 -6.385398282638098111e-02 3.799597003071248480e+00 6.898627565332302591e-01 7.238227445851173059e-01 1.303884847834118482e-02 1.620404627208032133e+00 3.724940476306668607e-02 -5.347732731943623946e-02 9.978740688621822175e-01 1.400422527454261712e-01
7.305542889808911422e-01 -6.806692147839338292e-01 -5.458801056136393381e-02 3.993522362273072446e+00 6.826172005846454782e-01 7.300708855220373605e-01 3.209765690903747942e-02 1.706452989760165240e+00 1.800523028474264320e-02 -6.071179587601776423e-02 9.979929305981591892e-01 9.834407721958354776e-02
7.195372799560955102e-01 -6.935981463906285560e-01 -3.446322789391327579e-02 4.109539925623128198e+00 6.943649127688816813e-01 7.177646466642465528e-01 5.168442622698528333e-02 1.813784080379772679e+00 -1.111173563611610529e-02 -6.111892769374765999e-02 9.980686379246266338e-01 3.272848127974421761e-02
7.107890324150301087e-01 -7.031792249712481846e-01 -1.783056273200543662e-02 4.138016487872535620e+00 7.028519145570312210e-01 7.089963939666168447e-01 5.764806628022804691e-02 1.869288541492090117e+00 -2.789511788863450331e-02 -5.350785840574008578e-02 9.981777254010482103e-01 4.215986516112636001e-02
6.926384465129367118e-01 -7.210887912941289501e-01 -1.682074558745341730e-02 4.181061050276020374e+00 7.206471128658838987e-01 6.908572087070646850e-01 5.817263871915535206e-02 1.933660992092938402e+00 -3.032690439546602973e-02 -5.241442785584394387e-02 9.981648193671889269e-01 9.048939169603462118e-02
6.647749891897664076e-01 -7.462826898947922949e-01 -3.370994676856038652e-02 4.341037928788641587e+00 7.467384534030621079e-01 6.625367912878226129e-01 5.853787149563131204e-02 2.041073699768748195e+00 -2.135172023395012081e-02 -6.408702640495457514e-02 9.977158699196990721e-01 1.026553564683072156e-01
6.482639917074373148e-01 -7.604447149203340528e-01 -3.843998706128405607e-02 4.405073044476499611e+00 7.609313491080370584e-01 6.452251898589578261e-01 6.832229735667946779e-02 2.118842186837510688e+00 -2.715288198630951347e-02 -7.354107642130189304e-02 9.969224799745634025e-01 6.157011011888644664e-02
6.399179133626385907e-01 -7.681802723847702685e-01 -2.010306634487685207e-02 4.517759727946098813e+00 7.669872179297775316e-01 6.368770999131858623e-01 7.821871348027757687e-02 2.191534019715731141e+00 -4.728289003377841859e-02 -6.547235084392415139e-02 9.967335148298284153e-01 7.315967267574653710e-02
6.358884693101609642e-01 -7.717699724617470558e-01 -4.118762529549822166e-03 4.567821241539471444e+00 7.699332524501087960e-01 6.339880032983453706e-01 7.253963361759142858e-02 2.289421907552950053e+00 -5.337266500726441099e-02 -4.929828881585604505e-02 9.973570260191937376e-01 9.004328871739578077e-02
6.427991070725124212e-01 -7.659958966363100696e-01 7.719733357820852265e-03 4.648490471092611820e+00 7.647590383821603055e-01 6.422773637918510747e-01 5.121914850310956002e-02 2.377410546797569246e+00 -4.419186757282493605e-02 -2.701988706351947031e-02 9.986576012545543835e-01 9.103771417528665200e-02
6.499823657449540493e-01 -7.597502109080104260e-01 1.739371282465002055e-02 4.725846526927956148e+00 7.589309124083599700e-01 6.501258176147822754e-01 3.688212930031512654e-02 2.490331003365850115e+00 -3.932930728613324989e-02 -1.077210731214948286e-02 9.991682377319889286e-01 1.132131918628629663e-01
6.732527341706464608e-01 -7.389801097966792742e-01 2.528148050721847756e-02 4.783583474659281798e+00 7.375248938633640616e-01 6.735829482414976699e-01 4.840498703775676648e-02 2.562946984196857958e+00 -5.279949681183049998e-02 -1.394306864286943073e-02 9.985077886392462743e-01 1.186393233691095117e-01
6.916254969552149134e-01 -7.218681550069078190e-01 2.367569953295687452e-02 4.912702813730553508e+00 7.195342225386028856e-01 6.914918627584532018e-01 6.410543139713592575e-02 2.685734461827246733e+00 -6.264722306072620372e-02 -2.730147479106888667e-02 9.976622449090735145e-01 9.490043274321163791e-02
6.828306053496076000e-01 -7.303244094939381759e-01 1.919951289014958096e-02 5.061181123916997926e+00 7.281722839742629239e-01 6.824786159186888579e-01 6.315111768936533532e-02 2.800961449985639895e+00 -5.922405971895024213e-02 -2.914096276792013315e-02 9.978192797492765331e-01 4.876726992013181994e-02
6.620177338685278023e-01 -7.492887276473259028e-01 1.728938009966009964e-02 5.091244505156659272e+00 7.475060999940299489e-01 6.617678434097672424e-01 5.742779728059322492e-02 2.859332397796914282e+00 -5.447155693840807084e-02 -2.509430312714821393e-02 9.981999426143384202e-01 4.460360251891206523e-02
6.410802463361542358e-01 -7.672286843117058774e-01 1.939751857595405776e-02 5.074261153971621141e+00 7.654863306245515142e-01 6.410335568859983901e-01 5.573738936338222538e-02 2.936876048830899588e+00 -5.519778423574307064e-02 -2.088360398528257833e-02 9.982570208618871677e-01 1.174445690077881715e-01
6.130177022780195495e-01 -7.899528154568754568e-01 1.355898394176922872e-02 5.182949914905276678e+00 7.877266784618944806e-01 6.124307089039114915e-01 6.644777521364991779e-02 3.028429612031754203e+00 -6.079454525834281087e-02 -3.005288909918998538e-02 9.976977734382407315e-01 1.575618475024129217e-01
5.939955819277058513e-01 -8.044345195626562139e-01 7.372407094329860855e-03 5.257492326259175286e+00 8.009830765272557551e-01 5.922494881558304503e-01 8.755943636233186333e-02 3.102815386799772313e+00 -7.480213745140268378e-02 -4.610474503947754876e-02 9.961320157075297388e-01 1.050189794094228274e-01
5.954970579827982835e-01 -8.033574863181700554e-01 5.577080808054357686e-05 5.348279699741099513e+00 7.996507717309200292e-01 5.927560757336507447e-01 9.591078120308740851e-02 3.193481470712850712e+00 -7.708370258346260162e-02 -5.706999086554877948e-02 9.953899331109544724e-01 6.931347964598459643e-02
6.024203476355994846e-01 -7.980877767868702621e-01 -1.206753073309220145e-02 5.460159384900356905e+00 7.956899480251974355e-01 5.992800503526498623e-01 8.798254293315270480e-02 3.298867530424893779e+00 -6.298596166021555587e-02 -6.260448700146052647e-02 9.960489178956131173e-01 6.864888920540454520e-02
6.130741544314810554e-01 -7.898651964646725698e-01 -1.590762653411308819e-02 5.509318091427998887e+00 7.888041781338437364e-01 6.108832508420554142e-01 6.789420004119553487e-02 3.432375831336252237e+00 -4.390956304401034266e-02 -5.417218155535898083e-02 9.975656996001903698e-01 1.093575536458529507e-01
6.369422222029138547e-01 -7.706720769801824744e-01 -1.921341558041118197e-02 5.600963265045619366e+00 7.703284000096410900e-01 6.352935081234917236e-01 5.473860314927122411e-02 3.485335273631767983e+00 -2.997935479292883343e-02 -4.966596721295869071e-02 9.983158468075126191e-01 1.154791737282498398e-01
6.526227642869337764e-01 -7.575163573382380777e-01 -1.589011955550194768e-02 5.678935867609911980e+00 7.570527471602278569e-01 6.510812669843013545e-01 5.444558567293653756e-02 3.583740285548544957e+00 -3.089766255938161330e-02 -4.756208728729013208e-02 9.983902955764557552e-01 1.278524730747886140e-01
6.802842029294823289e-01 -7.329281473671984681e-01 -5.452892946415103387e-03 5.718790159394563588e+00 7.315839064908622458e-01 6.785451770307227015e-01 6.604112727622364620e-02 3.650799200086443097e+00 -4.470336685494913365e-02 -4.891598435308512627e-02 9.978020021359952363e-01 1.680791968828839744e-01
6.873584651038324722e-01 -7.263183183612529348e-01 2.021459500753976235e-04 5.842991202873635714e+00 7.241825737983296207e-01 6.853585570734125332e-01 7.644114110265974593e-02 3.784004615003757621e+00 -5.565914351596099041e-02 -5.239607484470117094e-02 9.970740750234849958e-01 1.278267147604034149e-01
6.852776595606697718e-01 -7.282817441846378692e-01 -4.799942003801231649e-04 5.936851902749239684e+00 7.262891284473218523e-01 6.833536853839743408e-01 7.437635761026309411e-02 3.859669169273066913e+00 -5.383893764071007171e-02 -5.131707083926235341e-02 9.972301274200443544e-01 5.113743456387884190e-02
6.759029524455705262e-01 -7.369855331307889612e-01 -2.742778023757865002e-03 5.985908428692174432e+00 7.359149507445129634e-01 6.747107534585363720e-01 5.652065496891588159e-02 3.919031534971638919e+00 -3.980432320818865638e-02 -4.022092892190455571e-02 9.983976626227633044e-01 5.452372666880000301e-02
6.656847391734304065e-01 -7.461751186079951248e-01 -9.301634369640668365e-03 6.064473941662807732e+00 7.460980629428123345e-01 6.652754643706811910e-01 2.731733843839439721e-02 4.010402992821727963e+00 -1.419536912465469564e-02 -2.512466669866609062e-02 9.995835345876280531e-01 1.284427688112065868e-01
6.289401327769621464e-01 -7.773563579805666812e-01 -1.230455564766342810e-02 6.098665457726062833e+00 7.774519169826121789e-01 6.288941102196254906e-01 7.791977356684461758e-03 4.124500952660045350e+00 1.681119436225882689e-03 -1.446688764920336587e-02 9.998939358747939155e-01 1.948641598769313976e-01
6.309561398826452061e-01 -7.758179479219973196e-01 9.280228947258833613e-04 6.103623354758932251e+00 7.756714453640691787e-01 6.308593791584353738e-01 1.871503605792458613e-02 4.143576539512832113e+00 -1.510491281695681975e-02 -1.108852604878964379e-02 9.998244276866100622e-01 2.056559493016023310e-01
6.345095747248263862e-01 -7.728556071445786824e-01 9.581758069597072144e-03 6.251989365144320132e+00 7.722619785406756865e-01 6.344342600166924528e-01 3.323561670125417533e-02 4.274076439255775739e+00 -3.176532831501609200e-02 -1.368868957410500700e-02 9.994016128137791499e-01 1.532152241671992099e-01
6.463381152712199818e-01 -7.630385572608701095e-01 4.381880977029973742e-03 6.361668120407944826e+00 7.624518655436397507e-01 6.460474028123683876e-01 3.591526205413210493e-02 4.375605128648689224e+00 -3.023563256607417205e-02 -1.987242946001302468e-02 9.993452321748906853e-01 7.746191261933807470e-02
6.643179467304267671e-01 -7.474494749508291402e-01 -9.736773591245946949e-04 6.432949968136201235e+00 7.473635635073905270e-01 6.642206403239832024e-01 1.608244101909005186e-02 4.487478557201749041e+00 -1.137407549669983489e-02 -1.141154517703692022e-02 9.998701950969774987e-01 6.709645387592258481e-02
6.762945894723243478e-01 -7.366240812504760704e-01 -3.254408141664172013e-03 6.484932374445894432e+00 7.366004430863677399e-01 6.763001054229863529e-01 -6.160734519882298844e-03 4.583850536123609487e+00 6.739101974833294761e-03 1.769272943838066416e-03 9.999757267943172323e-01 1.163729156799449549e-01
6.980772922412932235e-01 -7.160208118791521192e-01 -1.513609257266991092e-03 6.547363649191546564e+00 7.159934769099710605e-01 6.980665269413171004e-01 -7.514318762073850938e-03 4.658627953581649273e+00 6.437008578105460344e-03 4.161840939672749318e-03 9.999706215687330646e-01 1.792400455289331895e-01
7.037729378816175441e-01 -7.104138519823539610e-01 3.976281814826224635e-03 6.701303726457729759e+00 7.104235903881805925e-01 7.037716074059796600e-01 -1.961333518342121829e-03 4.780704638047349242e+00 -1.405035744531888406e-03 4.205177855653401478e-03 9.999901711285761330e-01 1.720791666063138103e-01
6.997452222646912690e-01 -7.143231562516823008e-01 9.952505230971867012e-03 6.771844472576478147e+00 7.143703431836438966e-01 6.997653142274686822e-01 -1.875575595675557910e-03 4.849701074978435500e+00 -5.624650871009960473e-03 8.422199639456605727e-03 9.999487136127593878e-01 1.162253824058721852e-01
6.935863418159091687e-01 -7.203420971762112268e-01 6.726773535861783893e-03 6.851207063395314378e+00 7.203628530013769238e-01 6.934950664608381388e-01 -1.191439508302857136e-02 4.925820796142904356e+00 3.917456080375263452e-03 1.310937947637479464e-02 9.999063944728040498e-01 1.191944987980107784e-01
6.865489621892819638e-01 -7.270750802252610168e-01 -3.514289721994921616e-03 6.880949050926160382e+00 7.270509423687585571e-01 6.865559228380631041e-01 -6.155649167699790703e-03 5.026567998876719123e+00 6.888375535648429658e-03 1.671086893552357986e-03 9.999748785599936740e-01 1.693347524069434007e-01
6.765768590352669865e-01 -7.363252145935028636e-01 -8.302540081476390485e-03 6.989017088756098062e+00 7.362598320321536161e-01 6.762339739652173387e-01 2.508131159239125260e-02 5.114457799447796660e+00 -1.285354246725171727e-02 -2.308226178349293348e-02 9.996509368959751729e-01 1.528901040344609052e-01
6.693185687286860031e-01 -7.428705414466676427e-01 -1.249048460701090990e-02 7.074648103034278712e+00 7.422300915277426636e-01 6.677996358178771574e-01 5.601908275069554521e-02 5.210655427923319039e+00 -3.327378526260420244e-02 -4.676542582127693470e-02 9.983515664143832735e-01 1.344221551062983189e-01
6.733516700930297638e-01 -7.391087433968740461e-01 -1.777058854460142681e-02 7.170572647434472202e+00 7.382336594429673715e-01 6.708619372528752400e-01 7.039407084949855786e-02 5.316156479722018879e+00 -4.010726179100833344e-02 -6.051881178289331142e-02 9.973609582152362929e-01 1.231462935975768946e-01
6.667300452560835922e-01 -7.448451797347193093e-01 -2.601355375134985562e-02 7.286943945551461077e+00 7.447189786954275803e-01 6.644278612265833717e-01 6.268380968565431810e-02 5.418043056358969878e+00 -2.940560360985598407e-02 -6.116596645048390929e-02 9.976943595232551365e-01 1.043247242176265077e-01
6.704917758469098876e-01 -7.416093562047058052e-01 -2.136214669219739515e-02 7.301954921300228385e+00 7.417444977120238869e-01 6.694371878287178612e-01 4.085280487207001293e-02 5.509372363639085890e+00 -1.599620691272314599e-02 -4.323672445525603841e-02 9.989367883018352989e-01 1.137173794599964233e-01
6.880025342539977107e-01 -7.255508945944288968e-01 -1.511331245294799883e-02 7.363726327336880928e+00 7.256532792263388210e-01 6.875447853152272248e-01 2.663618842663216871e-02 5.586745388590242278e+00 -8.934831175664664088e-03 -2.929278988184392044e-02 9.995309406180483691e-01 1.857356753457470311e-01
7.162319860145487382e-01 -6.976237202901768297e-01 -1.824519383696157973e-02 7.426663041928906139e+00 6.978257617164725923e-01 7.156823006682613286e-01 2.894910698120342282e-02 5.677938254521361472e+00 -7.137821409930419393e-03 -3.346624267343736858e-02 9.994143595660622825e-01 2.599086035190098509e-01
7.232188393252454439e-01 -6.899872384297426331e-01 -2.953169905614082269e-02 7.643116334098299269e+00 6.905273105774155651e-01 7.217649496927467379e-01 4.719524066840057736e-02 5.784873861665671413e+00 -1.124916849221996827e-02 -5.452493190389481187e-02 9.984490412680605553e-01 2.204960864930406161e-01
7.158479356471845190e-01 -6.976228066034323438e-01 -2.973470592446561533e-02 7.693645181317337212e+00 6.980108960650418526e-01 7.138186114790140424e-01 5.695418229287211448e-02 5.878627188791226921e+00 -1.850735000321808432e-02 -6.152568254739269188e-02 9.979338998064630761e-01 1.445542901124620694e-01
7.138713860678405076e-01 -6.998174954122441394e-01 -2.535975687016884389e-02 7.770696917980330909e+00 7.000923319471704653e-01 7.123839281829862369e-01 4.878386634278483736e-02 5.965394399622271138e+00 -1.607391994359699122e-02 -5.257957760872186692e-02 9.984873645250275098e-01 1.503792195451977565e-01
7.018089336286721380e-01 -7.119103049529816873e-01 -2.545463377734843990e-02 7.796793869701205359e+00 7.122875959232456422e-01 7.007567921365305263e-01 3.982836888955836041e-02 6.052607449613259583e+00 -1.051671873112046407e-02 -4.608292499692449862e-02 9.988822566503312572e-01 1.990518506783359454e-01
6.947757404632355360e-01 -7.182155388109777716e-01 -3.811968355351035009e-02 7.895879995334424528e+00 7.192107723829020971e-01 6.934342695809722068e-01 4.341403758109928929e-02 6.150897855803382441e+00 -4.747141471682998076e-03 -5.757910715841898369e-02 9.983296605163481940e-01 2.725687884532250749e-01
6.861902903503571682e-01 -7.262227155328223605e-01 -4.175467486433113995e-02 7.977235005446163818e+00 7.273196409075487479e-01 6.839991296526581888e-01 5.613671333913793776e-02 6.240885398471559320e+00 -1.220759513610413308e-02 -6.888946275403459718e-02 9.975496060559863043e-01 2.359546489643733203e-01
6.873082586948026096e-01 -7.257221719275077643e-01 -3.057264631560813184e-02 8.090668469858339762e+00 7.258500508200467216e-01 6.846256296743180592e-01 6.655412021489795493e-02 6.282266297441646330e+00 -2.736898343844674369e-02 -6.793435335575354062e-02 9.973143247641044207e-01 1.679392209278768866e-01
6.873638389852601005e-01 -7.260168705139992129e-01 -2.074744766240813748e-02 8.205548206579839743e+00 7.259089973047966327e-01 6.857479746814472144e-01 5.297020721347259209e-02 6.362225835578345645e+00 -2.422974385729772390e-02 -5.147056391134967324e-02 9.983805389545898912e-01 1.447255798060877452e-01
6.979401373699291034e-01 -7.159446621847773695e-01 -1.740130274346105357e-02 8.286176880905223641e+00 7.161498241227699513e-01 6.976262039925034131e-01 2.114495003389211050e-02 6.448189879051357210e+00 -2.999009331483809548e-03 -2.721984923057165287e-02 9.996249725526541452e-01 1.828823655586899743e-01
7.078185267275328707e-01 -7.062269330563436531e-01 -1.537700384000943721e-02 8.373240503636390386e+00 7.062139724447794586e-01 7.079619969833430559e-01 -7.185815967668538959e-03 6.554831894017177696e+00 1.596115111854747026e-02 -5.773201294581363149e-03 9.998559455250456418e-01 2.420616298855116921e-01
7.349111339076557226e-01 -6.779738623158566568e-01 -1.603331765678575951e-02 8.418147425717521060e+00 6.781082779226217383e-01 7.349474628576748714e-01 4.624959662849604733e-03 6.608815530801964044e+00 8.648044367368667301e-03 -1.427125977573132955e-02 9.998607615428428685e-01 2.492268579093890324e-01
