1.000000000000000000e+00 0.000000000000000000e+00 0.000000000000000000e+00 0.000000000000000000e+00 0.000000000000000000e+00 1.000000000000000000e+00 0.000000000000000000e+00 0.000000000000000000e+00 0.000000000000000000e+00 0.000000000000000000e+00 1.000000000000000000e+00 0.000000000000000000e+00
9.999984190850336185e-01 -1.743797149227345814e-03 -3.478490128072035496e-04 1.439313373576179070e-02 1.744023657215550138e-03 9.999982666825353306e-01 6.519305238973126856e-04 -4.854362909645514035e-02 3.467115752853681520e-04 -6.525361501580652368e-04 9.999997269937909161e-01 -1.332317086311214129e-02
9.999928670009785581e-01 -3.754515917877879975e-03 -4.117734639896808132e-04 1.479338258149720878e-02 3.754671815903963105e-03 9.999928795693043826e-01 3.784841416758021699e-04 -9.876255645920073434e-02 4.103495072506820615e-04 -3.800275161685691622e-04 9.999998435961722221e-01 -2.342590600827460304e-02
9.999944981554742540e-01 -3.300838204313636705e-03 -3.288250753788504971e-04 1.340031922945706527e-02 3.300899918828242158e-03 9.999945344712253270e-01 1.873163187815724353e-04 -1.073022507438580603e-01 3.282049773146135320e-04 -1.884007068609361020e-04 9.999999283933307392e-01 -1.853128660201151107e-02
9.999982845964330291e-01 -1.810717446487685898e-03 3.900083592778703229e-04 -2.164882406608853449e-02 1.810827473628518229e-03 9.999983207035477717e-01 -2.819467062511161158e-04 -6.457603417743190688e-02 -3.894971785182275862e-04 2.826524604506556754e-04 9.999998841997606025e-01 3.960048324828923175e-03
9.999996083147452142e-01 -7.334957109436673504e-04 4.953326136928981691e-04 -5.680422740316005970e-02 7.335728015096326876e-04 9.999997188499419876e-01 -1.554701962854561782e-04 -1.851707539695587532e-02 -4.952184377079501404e-04 1.558334979231785426e-04 9.999998652373008889e-01 1.208526756465882514e-02
9.999985475001468282e-01 1.491049596265042699e-03 8.256928593496886803e-04 -9.423275744413932287e-02 -1.491187058122810756e-03 9.999988744201961932e-01 1.658900189655241914e-04 2.172627632640691114e-02 -8.254445797206790610e-04 -1.671210405161426612e-04 9.999996453558389620e-01 1.604543754189035470e-02
9.999992962176700306e-01 7.968820179122526864e-04 8.789443748719255947e-04 -5.520405978357803556e-02 -7.977852609748910771e-04 9.999991536094081646e-01 1.027773878230959581e-03 3.167665664371294154e-05 -8.781246164196337446e-04 -1.028474363769354407e-03 9.999990855684024460e-01 1.849950677153871376e-02
9.999990147055023426e-01 -1.297808900495713274e-03 5.350514762349062575e-04 -4.864959813205936567e-02 1.297246434907880705e-03 9.999986070659098170e-01 1.050246603002375368e-03 -5.962390912466884740e-03 -5.364137503325568448e-04 -1.049551474580138338e-03 9.999993053507540974e-01 1.636455067195181565e-02
9.999967707597847699e-01 -2.453573583554574580e-03 6.621530582546586528e-04 -7.668486676189732731e-02 2.453205632575012739e-03 9.999968363569844421e-01 5.559299837502778901e-04 -4.191026083488188191e-03 -6.635149785611962978e-04 -5.543037909066804480e-04 9.999996262475204789e-01 1.889335046332530146e-02
9.999990817341786187e-01 -9.686857829289694313e-04 9.477228780598361208e-04 -7.715957825392452674e-02 9.681365483327852937e-04 9.999993632611408056e-01 5.798180203599746221e-04 -1.018656754405388234e-02 -9.482839360808605718e-04 -5.788999627769629867e-04 9.999993828160144149e-01 2.820892304698654346e-02
9.999998876114850610e-01 -1.646897345997297548e-05 4.738204197067734185e-04 -3.787052491037091323e-02 1.624888093454656670e-05 9.999998919849271140e-01 4.645063056861087510e-04 1.919187993795350849e-03 -4.738280184690465816e-04 -4.644985544293506663e-04 9.999997798640266611e-01 1.059870987810503790e-02
9.999999803870709414e-01 -1.879308966021916592e-04 -6.251268473424382037e-05 -7.412576088561276082e-03 1.879546735351524795e-04 9.999999099214418319e-01 3.805655646450093778e-04 8.091757980366525577e-03 6.244115907541165054e-05 -3.805773067322550454e-04 9.999999256310048157e-01 -6.039307452812101885e-03
9.999995953066364018e-01 -8.982247485605330964e-04 5.078252220706258152e-05 -6.325059474775789059e-03 8.982143057599411727e-04 9.999995755338848547e-01 2.052878734258236249e-04 4.822818509092649530e-03 -5.096689530009310181e-05 -2.052421767592546781e-04 9.999999776390119388e-01 -5.749826273311300223e-03
9.999995791070107609e-01 -9.174882712522975823e-04 1.036021925135910807e-06 -6.754321710280979628e-03 9.174881332703030455e-04 9.999995711520733854e-01 1.261395840301408379e-04 -5.370152700207376020e-03 -1.151753069728353932e-06 -1.261385804010521476e-04 9.999999920438659151e-01 -3.438724438267548762e-03
9.999999535398791384e-01 -1.494585748147428601e-04 2.656734346791630682e-04 -1.457277272779673553e-02 1.494771276365159860e-04 9.999999863912479858e-01 -6.981469944419201067e-05 -1.616298628524416928e-02 -2.656629966581991182e-04 6.985440830249779504e-05 9.999999622717662406e-01 5.441745112225627665e-03
9.999999193595922042e-01 -3.865313598372220475e-04 1.089693397778007368e-04 1.303821110387101689e-02 3.865381812686795012e-04 9.999999233356456907e-01 -6.258543964686574530e-05 -3.482538722311349921e-02 -1.089451401886439317e-04 6.262755541036211984e-05 9.999999921043728479e-01 2.184409216412917104e-03
9.999996310055054849e-01 -8.117847898953485302e-04 -2.810592600787511315e-04 3.835104804348447860e-02 8.117971227812713223e-04 9.999996695348106757e-01 4.376871932508401340e-05 -3.895461683674501102e-02 2.810236364178281959e-04 -4.399686627333051104e-05 9.999999595449949874e-01 -1.189523152105775861e-02
9.999997430822716860e-01 -5.615410718252380681e-04 -4.455412610264694096e-04 2.810491375029815220e-02 5.613866544289659692e-04 9.999997823451919343e-01 -3.466332253629332300e-04 -6.203765976757671941e-02 4.457358128451723565e-04 3.463830153887746937e-04 9.999998406691832376e-01 -3.017468918993933269e-02
9.999891749914456840e-01 4.646016252509081561e-03 -2.538363826960292856e-04 8.136216807623703959e-03 -4.646177818912724557e-03 9.999890018729368224e-01 -6.396599430202290666e-04 -7.118370318132073715e-02 2.508617204798881074e-04 6.408323876667893285e-04 9.999997632010960702e-01 -2.319112123508564743e-02
9.999820525677350913e-01 5.988278388605060114e-03 -1.872547995509295671e-04 -1.010003032014137117e-02 -5.988372392862674302e-03 9.999819417458354343e-01 -5.055475378632104215e-04 -6.545756246707803983e-02 1.842240586607669754e-04 5.066598160550798632e-04 9.999998546786529330e-01 -1.572990789846879026e-02
9.999853558085309846e-01 5.411636258298297732e-03 -4.859520017381880968e-05 -1.459809745761500577e-02 -5.411644109746164590e-03 9.999853436756108715e-01 -1.629171566609552576e-04 -7.744409848870326130e-02 4.771283955471601059e-05 1.631777507997021130e-04 9.999999855482532007e-01 -8.442983915277974330e-03
9.999906915448398825e-01 4.307009699009363077e-03 -2.578587319325727884e-04 2.092007144122163750e-02 -4.306987641967494757e-03 9.999907211847939292e-01 8.603352678919389874e-05 -8.579779406657184193e-02 2.582268865433709590e-04 -8.492213157816050134e-05 9.999999630535526540e-01 -1.388387483779135283e-02
9.999882786640478249e-01 4.829837989804050373e-03 -3.394105284443000962e-04 3.665455540953173330e-02 -4.829862834455395278e-03 9.999883335222693459e-01 -7.241791797929906962e-05 -7.715066057984888703e-02 3.390568019075295434e-04 7.405637544150947570e-05 9.999999397780673371e-01 -1.879346749879528058e-02
9.999825249535142513e-01 5.886815553813698997e-03 -5.433141170040354032e-04 6.238838773069217691e-02 -5.886995766392440731e-03 9.999826168113158387e-01 -3.306902470599914091e-04 -7.237624033630363218e-02 5.413579599823374524e-04 3.338829561391756188e-04 9.999997977268448857e-01 -2.873830569284101244e-02
9.999321509937747487e-01 1.163784617469942016e-02 -5.039299324634049582e-04 1.016849084744933657e-01 -1.163795970749120952e-02 9.999322517983254555e-01 -2.229515129200488146e-04 -7.097882548761078048e-02 5.013011167049305538e-04 2.288011021308686429e-04 9.999998481736115385e-01 -3.624120681699931346e-02
9.999083376268930179e-01 1.352942689113186513e-02 -5.205307108385083406e-04 7.864075023242553253e-02 -1.352943161691800254e-02 9.999084730360208173e-01 -5.558452182741340799e-06 -2.452387877912009378e-02 5.204078655704531689e-04 1.260042733861878759e-05 9.999998645084321458e-01 -5.092253605734636118e-02
9.999342553888311835e-01 1.144672830182335253e-02 -6.762478598521435257e-04 7.339093874979224497e-02 -1.144683242228688828e-02 9.999344715719432619e-01 -1.502984850134957996e-04 -2.295797622525489259e-02 6.744831204707855011e-04 1.580294996256969761e-04 9.999997600495699190e-01 -5.909379266154147353e-02
9.999571860057100414e-01 9.207737842499329542e-03 -9.185419781856710673e-04 9.655276486711159012e-02 -9.207836866498441200e-03 9.999576016012049484e-01 -1.036349643157284423e-04 -2.035575891243464677e-02 9.175487898938339531e-04 1.120883119791224014e-04 9.999995727701229686e-01 -6.248519375408902177e-02
9.999976612779274410e-01 -1.923336069065941217e-03 -9.890485533853505314e-04 1.306906855121023336e-01 1.924052978452044527e-03 9.999978866246470588e-01 7.244076031707020157e-04 -6.342033462419295956e-03 9.876531838826313556e-04 -7.263088907976257124e-04 9.999992485080093640e-01 -5.172877316592146280e-02
9.997079544999337708e-01 -2.415114336862369052e-02 -8.532195184327138636e-04 1.755463547846733974e-01 2.415205147648986569e-02 9.997077234422407921e-01 1.070560324855476201e-03 3.325197145051109887e-02 8.271148864785084339e-04 -1.090854674259985561e-03 9.999990629580830515e-01 -3.359761643524879909e-02
9.986154159583072731e-01 -5.259644976900840901e-02 -9.297753024773212742e-04 2.089282631612071062e-01 5.259810696695530613e-02 9.986140327744497114e-01 1.858141394755419978e-03 5.680512794706885082e-02 8.307550238479928864e-04 -1.904473062647968253e-03 9.999978414118922965e-01 -3.174549975997500995e-02
9.979138598586774211e-01 -6.454630017793683283e-02 -1.305157191911602210e-03 2.255221590613405158e-01 6.455006753690609167e-02 9.979096968461994566e-01 3.086376728020086106e-03 1.730475095763766430e-02 1.103214818968160796e-03 -3.164186098520691860e-03 9.999943854059367698e-01 -5.914285437797969780e-02
9.974992273208210802e-01 -7.066550172398682050e-02 -1.295515519812173028e-03 2.529898002861692974e-01 7.066732287012573999e-02 9.974989311816551130e-01 1.418368719681020870e-03 -2.960859319623114147e-02 1.192045609136020787e-03 -1.506372315459666164e-03 9.999981549331543595e-01 -4.458429482961418638e-02
9.969062575422974470e-01 -7.859152951630049566e-02 -1.133649548585379408e-03 2.639218978611276856e-01 7.859041289297249988e-02 9.969064905135778254e-01 -9.980847729106968099e-04 -6.728397209262772238e-02 1.208583601842533328e-03 9.059029695730996378e-04 9.999988593320929819e-01 -9.969723323335320103e-03
9.968467365911948264e-01 -7.930936495383138218e-02 -2.570676585059070672e-03 3.155603385828819052e-01 7.929832841121638165e-02 9.968423182252053039e-01 -4.143393124651476196e-03 -1.833069772953795362e-01 2.891169083927717931e-03 3.926477558642179656e-03 9.999881118869912155e-01 -5.888923014743903395e-02
9.964913173021925363e-01 -8.342306839821773956e-02 -6.756197182382461808e-03 3.791129002333174514e-01 8.322462344274882129e-02 9.962000620189670475e-01 -2.567291347351845915e-02 -1.854337983614021690e-01 8.872237268784635006e-03 2.502055339980287924e-02 9.996475655516867675e-01 -1.005133840928849054e-01
9.960175508322666182e-01 -8.842925428290349110e-02 -1.137125415522886179e-02 3.869617713950120885e-01 8.764280451441805453e-02 9.945103748565398138e-01 -5.716513902329065089e-02 -7.524506246810168386e-02 1.636390084731374067e-02 5.594087315795349957e-02 9.982999756883624842e-01 -3.793728917640706855e-02
9.987513582678498869e-01 -4.845018968016694128e-02 -1.217799154544167879e-02 4.671883814362933762e-01 4.755788371422499383e-02 9.967397634988427457e-01 -6.517738531803303481e-02 -4.795210241714549515e-02 1.529614509441047134e-02 6.451684260894156864e-02 9.977993811207861441e-01 1.124225302044357458e-02
9.991630121040563361e-01 -3.984267258345258744e-02 -9.264808932580612805e-03 7.067353709656489791e-01 3.924718653929980261e-02 9.975790367011410087e-01 -5.740839558089855243e-02 -6.640686819496124937e-02 1.152968307885495966e-02 5.699672776424383192e-02 9.983077879252819642e-01 -1.666884079772658345e-02
9.983001442114854962e-01 -5.785143260437258100e-02 -7.073458344324493746e-03 7.692001625017881317e-01 5.746455038194094728e-02 9.972765741796348893e-01 -4.623050986018433645e-02 -3.336393268637936199e-02 9.728695530672518826e-03 4.574545155699053650e-02 9.989057543858271826e-01 -5.465986965444580292e-02
9.982330024550379877e-01 -5.939893439461839397e-02 1.624623766890183688e-03 7.224447990095708150e-01 5.942074711387268504e-02 9.977526937998471013e-01 -3.096347570247584211e-02 -5.307794060852187232e-03 2.182247220547877493e-04 3.100529967493364722e-02 9.995191962989196099e-01 -1.124217857016708566e-02
9.978754536533698261e-01 -6.512144010969470043e-02 1.943459318007134543e-03 7.432994153725808184e-01 6.513005354693371385e-02 9.978654399601867286e-01 -4.758135983400943285e-03 -5.232543398825093700e-03 -1.629454219931085945e-03 4.874604712428730856e-03 9.999867914666886737e-01 -2.983908585222174586e-02
9.955929751329288813e-01 -9.375317789236213561e-02 -2.229237772493689908e-03 8.645501312097243485e-01 9.376810028837991029e-02 9.955622816536700004e-01 7.955294893778570159e-03 2.594648089649892464e-02 1.473510865769740111e-03 -8.129267102374635595e-03 9.999658713086695405e-01 5.766963362654609071e-02
9.855085763605332394e-01 -1.671317395785807125e-01 -2.897977821296225664e-02 9.795392198200556511e-01 1.675162732624415896e-01 9.858036886539711663e-01 1.137478037094391894e-02 1.243965452536701238e-01 2.666728542799202961e-02 -1.606452805599021399e-02 9.995152759344102522e-01 7.726113859201723388e-02
9.730782103981614473e-01 -2.255031975845204761e-01 -4.761411899288117699e-02 1.047488668327827277e+00 2.265411640392263060e-01 9.738427101669192565e-01 1.759195414108481736e-02 1.090181461197888280e-01 4.240162077166272081e-02 -2.790490519436287370e-02 9.987108784938860673e-01 -8.754345071835131775e-03
9.626418506089507998e-01 -2.674177936184229942e-01 -4.252518209754076184e-02 1.159434064522728125e+00 2.684748476595950617e-01 9.630497728669642488e-01 2.136331329747051186e-02 9.289287709503649126e-02 3.524093685377424623e-02 -3.198216123314961273e-02 9.988669669843552867e-01 -3.880917973877219540e-02
9.571181283564998976e-01 -2.879429326584603266e-01 -3.183953365544058695e-02 1.334325038394086782e+00 2.888086402205132797e-01 9.570046262701712436e-01 2.705022424062234615e-02 1.321010229838981975e-01 2.268166010962768819e-02 -3.508579241709115087e-02 9.991268835664147696e-01 -1.012488776941505159e-01
9.531331168789454189e-01 -3.019362547846471956e-01 -1.928106727458709507e-02 1.412660181184192343e+00 3.022979004535088499e-01 9.530066254406477366e-01 1.985827907018872587e-02 1.555625526789376212e-01 1.237905044932722382e-02 -2.475620958163144217e-02 9.996168712047247551e-01 -1.021045509131694728e-01
9.500329859264337040e-01 -3.119671504103127546e-01 -1.066877296477812195e-02 1.383626731193204451e+00 3.119173963126004034e-01 9.500897112026814861e-01 -6.089215415255233230e-03 2.048999857508809475e-01 1.203592660632474623e-02 2.457179617880342684e-03 9.999245465229127383e-01 5.565903092286232645e-02
9.552208858025524885e-01 -2.949777040622995061e-01 -2.326399434150378670e-02 1.380800878013982436e+00 2.945695823350211739e-01 9.554323165724378786e-01 -1.943835414833265662e-02 2.358304276164877866e-01 2.796105308385608834e-02 1.171505677149297688e-02 9.995403628444838873e-01 2.100832455328290882e-01
9.599506055077343669e-01 -2.764450260310579721e-01 -4.553001831782965692e-02 1.653487867418345747e+00 2.763906711794578697e-01 9.610152354252993190e-01 -7.610135703476523204e-03 2.883901651476387107e-01 4.585882543527471100e-02 -5.278717945129635623e-03 9.989339834376207428e-01 1.406197538226848787e-01
9.551940650412618083e-01 -2.922167525143943845e-01 -4.704962975296320127e-02 1.889970982677027456e+00 2.933759627369888490e-01 9.557916082504444022e-01 1.982286775857666772e-02 3.300514254708213358e-01 3.917706724723908629e-02 -3.273791606028466500e-02 9.986958427138540317e-01 -5.012240320794936199e-02
9.453697024464077225e-01 -3.238077443918046527e-01 -3.774480584507376724e-02 1.998595206137611324e+00 3.250376319478111564e-01 9.451300027676621252e-01 3.286054908485627757e-02 3.294182797493451220e-01 2.503324817417594550e-02 -4.333384982078883341e-02 9.987469719331114604e-01 -1.914992252008797524e-01
9.238950576140959603e-01 -3.821345578214492833e-01 -1.977630488366784872e-02 1.968192465001885605e+00 3.825536348673414522e-01 9.235729150449252245e-01 2.580284955589438184e-02 3.928193667188855098e-01 8.404699044651228745e-03 -3.140462249454278182e-02 9.994714156592694465e-01 -4.517695486365763680e-02
8.991430867751790679e-01 -4.373924577481143605e-01 -1.515082207231092590e-02 1.969775336387308506e+00 4.376260670413159581e-01 8.989417510962822710e-01 1.967621868905330626e-02 4.448900237030511406e-01 5.013476872636982856e-03 -2.432213068408704479e-02 9.996916019496381312e-01 1.060776200124617097e-01
8.586112239773882049e-01 -5.124535828069745058e-01 -1.334509379310018853e-02 2.108176713491809906e+00 5.126132138750711942e-01 8.581035168449125949e-01 2.976654731512257818e-02 5.111323014257466157e-01 -3.802501902943408209e-03 -3.239876304256358863e-02 9.994677889419898431e-01 1.464143662097598386e-01
8.336355369998549314e-01 -5.522194973182309452e-01 -1.026733814403678335e-02 2.232298916157708479e+00 5.519847247142201097e-01 8.323504357619956329e-01 5.005612618833803901e-02 5.146244598760736366e-01 -1.909594546311717961e-02 -4.739597945413163288e-02 9.986936296975430505e-01 -3.589202101085403607e-03
8.114200626518095483e-01 -5.844616434364636737e-01 -1.438498412040998403e-03 2.362640481966458150e+00 5.835280114281707897e-01 8.099797829441358621e-01 5.854751147961021612e-02 5.515186326841813313e-01 -3.305362014693775941e-02 -4.834602955071373026e-02 9.982835867737500646e-01 -4.696433165704476387e-02
8.080022955281364050e-01 -5.891743073657285112e-01 2.434329759150560823e-03 2.423409621026696215e+00 5.883202987629867486e-01 8.070403559235395097e-01 5.064671730958215240e-02 6.123840216908567058e-01 -3.180434694648105048e-02 -3.949049823591588987e-02 9.987136647029453140e-01 6.019086935714887399e-03
8.049779479409582272e-01 -5.932120483242659947e-01 -1.048661297525205205e-02 2.552213694921447118e+00 5.932903114165728464e-01 8.047094134313749203e-01 2.119826205514409312e-02 7.118617098585009462e-01 -4.136388278449666493e-03 -2.328573936685693346e-02 9.997202931991271413e-01 5.254237272943235171e-02
8.076039796473997168e-01 -5.888530982947618453e-01 -3.205995455926136106e-02 2.572398764200614529e+00 5.891260678127557826e-01 8.080403333228849405e-01 -1.138396644947090378e-03 7.559999038489181311e-01 2.657608475984754928e-02 -1.796798130287675932e-02 9.994852992249244616e-01 5.968809553156732145e-02
8.334120187271021329e-01 -5.495286733658976130e-01 -5.867405039651878151e-02 2.667375125022990456e+00 5.493647499887978070e-01 8.353350730574204963e-01 -2.033930160796366265e-02 8.110620940699813097e-01 6.018952160436392973e-02 -1.528243661432127087e-02 9.980699718056680325e-01 1.105554281027422564e-01
8.331771897221446066e-01 -5.478112651080960793e-01 -7.562134848954221722e-02 2.906220627811474611e+00 5.486302208420065218e-01 8.359882044171073057e-01 -1.134031985051402527e-02 9.069652332795066219e-01 6.943091030341327907e-02 -3.203966129858634715e-02 9.970721181531009281e-01 1.623415797181265163e-01
8.342625127854164102e-01 -5.466182134537812543e-01 -7.221210758286691900e-02 2.966620312840491547e+00 5.484185304555732055e-01 8.361803997175761838e-01 6.281288172363060779e-03 9.557336301753619479e-01 5.694888246412480731e-02 -4.484270117590052895e-02 9.973695187528723860e-01 7.506180233323693496e-02
8.171347155820951613e-01 -5.717216415289141374e-01 -7.365610088819668499e-02 3.062408910671348128e+00 5.736336406656317166e-01 8.190897424602557875e-01 6.036563019196264368e-03 9.899899232184241615e-01 5.687972298861201231e-02 -4.718430251551568311e-02 9.972654304190349261e-01 3.483960002113199034e-02
7.935641470670246056e-01 -6.029090316745929767e-01 -8.219880786842612141e-02 3.034570260335777370e+00 6.043892087394838741e-01 7.966458252051213940e-01 -8.313455509697250528e-03 1.037641148958314163e+00 7.049559453644094198e-02 -4.308281221619436607e-02 9.965812773891038479e-01 7.524858671273036703e-02
7.694030631187962488e-01 -6.313619064927166180e-01 -9.695911248199279298e-02 3.122677893171851071e+00 6.333130855530072489e-01 7.737855818053183121e-01 -1.305408202572670012e-02 1.099646963296702751e+00 8.326741337848120317e-02 -5.136162400165380365e-02 9.952027539397033662e-01 1.575723654918697036e-01
7.449608047686320234e-01 -6.568396934654894270e-01 -1.165976691303647617e-01 3.228340505434224461e+00 6.616691700401553522e-01 7.497869358359184888e-01 3.668823811008539715e-03 1.167128221422957690e+00 8.501357995546471313e-02 -7.988221290090832816e-02 9.931724539500729199e-01 1.336811716563654495e-01
7.413443599869823375e-01 -6.607195059698093287e-01 -1.177211720401332151e-01 3.414317639827543882e+00 6.677980509354718430e-01 7.436761136657712434e-01 3.148969878801143735e-02 1.226065823204834482e+00 6.674056549263290838e-02 -1.019586798364215119e-01 9.925472908248440529e-01 4.594891335900793544e-02
7.235300785545288882e-01 -6.835050544170450104e-01 -9.656638138208184508e-02 3.547691837903034440e+00 6.892929521446581331e-01 7.229045430363323366e-01 4.779380484051801159e-02 1.314573258317891735e+00 3.714096862737015919e-02 -1.011427814714619677e-01 9.941783975754234781e-01 -1.440107650683626617e-02
7.173861084404872246e-01 -6.927975201686433770e-01 -7.340822477618982878e-02 3.593770954511838589e+00 6.963433723305467726e-01 7.163068314953833227e-01 4.483782961257352928e-02 1.362474502792281994e+00 2.151927572979832337e-02 -8.328336689413258498e-02 9.962935318322819755e-01 8.705235558916994687e-03
7.152725900891669930e-01 -6.958670013214414141e-01 -6.445338112961639110e-02 3.646043949339005774e+00 6.982841162642692279e-01 7.153480243575059960e-01 2.600955633688849591e-02 1.459043337440513177e+00 2.800740688038075646e-02 -6.361069501049464170e-02 9.975817082525715307e-01 7.306656273479980590e-02
7.139052970144090793e-01 -6.973137621380260942e-01 -6.397455765912575532e-02 3.739368897298930072e+00 6.991402628840173161e-01 7.149243869443246968e-01 9.274360719130066849e-03 1.538660915935966766e+00 3.926983205000311727e-02 -5.134820430349923415e-02 9.979084337781551906e-01 1.258314484850203141e-01
7.229812300420876969e-01 -6.879104664736815922e-01 -6.385398282638100886e-02 3.799597003071244483e+00 6.898627565332303702e-01 7.238227445851170838e-01 1.303884847834119176e-02 1.620404627208030135e+00 3.724940476306670689e-02 -5.347732731943627416e-02 9.978740688621822175e-01 1.400422527454266430e-01
7.305542889808911422e-01 -6.806692147839338292e-01 -5.458801056136394769e-02 3.993522362273072890e+00 6.826172005846454782e-01 7.300708855220373605e-01 3.209765690903746554e-02 1.706452989760165018e+00 1.800523028474266055e-02 -6.071179587601776423e-02 9.979929305981591892e-01 9.834407721958403348e-02
7.195372799560955102e-01 -6.935981463906284450e-01 -3.446322789391326191e-02 4.109539925623129974e+00 6.943649127688815703e-01 7.177646466642466638e-01 5.168442622698528333e-02 1.813784080379775343e+00 -1.111173563611610703e-02 -6.111892769374764611e-02 9.980686379246266338e-01 3.272848127974407190e-02
7.107890324150301087e-01 -7.031792249712480736e-01 -1.783056273200541234e-02 4.138016487872537397e+00 7.028519145570311100e-01 7.089963939666168447e-01 5.764806628022800528e-02 1.869288541492089895e+00 -2.789511788863449290e-02 -5.350785840574004415e-02 9.981777254010482103e-01 4.215986516112599919e-02
6.926384465129367118e-01 -7.210887912941289501e-01 -1.682074558745343812e-02 4.181061050276016822e+00 7.206471128658838987e-01 6.908572087070646850e-01 5.817263871915534512e-02 1.933660992092935738e+00 -3.032690439546600891e-02 -5.241442785584395081e-02 9.981648193671889269e-01 9.048939169603487098e-02
6.647749891897664076e-01 -7.462826898947922949e-01 -3.370994676856040040e-02 4.341037928788637146e+00 7.467384534030621079e-01 6.625367912878226129e-01 5.853787149563129122e-02 2.041073699768750416e+00 -2.135172023395009305e-02 -6.408702640495457514e-02 9.977158699196990721e-01 1.026553564683069797e-01
6.482639917074373148e-01 -7.604447149203339418e-01 -3.843998706128405607e-02 4.405073044476500499e+00 7.609313491080369474e-01 6.452251898589580481e-01 6.832229735667945392e-02 2.118842186837512909e+00 -2.715288198630948571e-02 -7.354107642130187916e-02 9.969224799745634025e-01 6.157011011888600949e-02
6.399179133626384797e-01 -7.681802723847706016e-01 -2.010306634487687982e-02 4.517759727946100590e+00 7.669872179297778647e-01 6.368770999131856403e-01 7.821871348027764625e-02 2.191534019715734694e+00 -4.728289003377844635e-02 -6.547235084392422078e-02 9.967335148298284153e-01 7.315967267574600974e-02
6.358884693101609642e-01 -7.717699724617468338e-01 -4.118762529549832574e-03 4.567821241539467891e+00 7.699332524501085739e-01 6.339880032983453706e-01 7.253963361759141470e-02 2.289421907552950497e+00 -5.337266500726439711e-02 -4.929828881585604505e-02 9.973570260191937376e-01 9.004328871739539220e-02
6.427991070725120881e-01 -7.659958966363106247e-01 7.719733357820862674e-03 4.648490471092609155e+00 7.647590383821608606e-01 6.422773637918506306e-01 5.121914850310956696e-02 2.377410546797566138e+00 -4.419186757282494993e-02 -2.701988706351945296e-02 9.986576012545543835e-01 9.103771417528688792e-02
6.499823657449539382e-01 -7.597502109080106480e-01 1.739371282465004137e-02 4.725846526927954372e+00 7.589309124083601921e-01 6.501258176147821644e-01 3.688212930031511960e-02 2.490331003365848783e+00 -3.932930728613325683e-02 -1.077210731214945684e-02 9.991682377319889286e-01 1.132131918628631190e-01
6.732527341706464608e-01 -7.389801097966791632e-01 2.528148050721849144e-02 4.783583474659281798e+00 7.375248938633639506e-01 6.735829482414977809e-01 4.840498703775676648e-02 2.562946984196858402e+00 -5.279949681183051385e-02 -1.394306864286942726e-02 9.985077886392462743e-01 1.186393233691096227e-01
6.916254969552149134e-01 -7.218681550069077080e-01 2.367569953295683635e-02 4.912702813730554396e+00 7.195342225386027746e-01 6.914918627584532018e-01 6.410543139713593963e-02 2.685734461827247177e+00 -6.264722306072618985e-02 -2.730147479106892136e-02 9.976622449090735145e-01 9.490043274321187383e-02
6.828306053496076000e-01 -7.303244094939381759e-01 1.919951289014956014e-02 5.061181123916997926e+00 7.281722839742629239e-01 6.824786159186888579e-01 6.315111768936537695e-02 2.800961449985639007e+00 -5.922405971895026294e-02 -2.914096276792017132e-02 9.978192797492765331e-01 4.876726992013194484e-02
6.620177338685275803e-01 -7.492887276473261249e-01 1.728938009966008230e-02 5.091244505156659272e+00 7.475060999940301709e-01 6.617678434097671314e-01 5.742779728059323185e-02 2.859332397796912062e+00 -5.447155693840807777e-02 -2.509430312714822087e-02 9.981999426143384202e-01 4.460360251891194033e-02
6.410802463361544579e-01 -7.672286843117057664e-01 1.939751857595404388e-02 5.074261153971617588e+00 7.654863306245514032e-01 6.410335568859986122e-01 5.573738936338219763e-02 2.936876048830900032e+00 -5.519778423574304288e-02 -2.088360398528257833e-02 9.982570208618871677e-01 1.174445690077878940e-01
6.130177022780197715e-01 -7.899528154568752347e-01 1.355898394176919403e-02 5.182949914905275790e+00 7.877266784618942586e-01 6.124307089039117136e-01 6.644777521364991779e-02 3.028429612031754647e+00 -6.079454525834277617e-02 -3.005288909919000967e-02 9.976977734382407315e-01 1.575618475024130605e-01
5.939955819277056293e-01 -8.044345195626564360e-01 7.372407094329888610e-03 5.257492326259177950e+00 8.009830765272559772e-01 5.922494881558303392e-01 8.755943636233187721e-02 3.102815386799769204e+00 -7.480213745140271153e-02 -4.610474503947753488e-02 9.961320157075297388e-01 1.050189794094236462e-01
5.954970579827982835e-01 -8.033574863181699444e-01 5.577080808056439354e-05 5.348279699741097737e+00 7.996507717309199181e-01 5.927560757336507447e-01 9.591078120308736688e-02 3.193481470712849379e+00 -7.708370258346258774e-02 -5.706999086554871703e-02 9.953899331109544724e-01 6.931347964598483236e-02
6.024203476355993736e-01 -7.980877767868703732e-01 -1.206753073309220492e-02 5.460159384900358681e+00 7.956899480251975465e-01 5.992800503526498623e-01 8.798254293315270480e-02 3.298867530424893335e+00 -6.298596166021556975e-02 -6.260448700146052647e-02 9.960489178956131173e-01 6.864888920540464234e-02
6.130741544314810554e-01 -7.898651964646726809e-01 -1.590762653411314370e-02 5.509318091427996222e+00 7.888041781338438474e-01 6.108832508420553031e-01 6.789420004119554874e-02 3.432375831336250016e+00 -4.390956304401032184e-02 -5.417218155535902940e-02 9.975656996001903698e-01 1.093575536458520625e-01
6.369422222029137437e-01 -7.706720769801825854e-01 -1.921341558041122360e-02 5.600963265045617590e+00 7.703284000096412010e-01 6.352935081234916126e-01 5.473860314927123105e-02 3.485335273631767095e+00 -2.997935479292881955e-02 -4.966596721295872541e-02 9.983158468075126191e-01 1.154791737282493819e-01
6.526227642869337764e-01 -7.575163573382380777e-01 -1.589011955550196850e-02 5.678935867609911092e+00 7.570527471602278569e-01 6.510812669843013545e-01 5.444558567293653756e-02 3.583740285548547622e+00 -3.089766255938159942e-02 -4.756208728729014595e-02 9.983902955764557552e-01 1.278524730747891969e-01
6.802842029294824400e-01 -7.329281473671983571e-01 -5.452892946415106856e-03 5.718790159394563588e+00 7.315839064908621348e-01 6.785451770307229236e-01 6.604112727622357681e-02 3.650799200086443541e+00 -4.470336685494907814e-02 -4.891598435308509851e-02 9.978020021359952363e-01 1.680791968828845295e-01
6.873584651038324722e-01 -7.263183183612530458e-01 2.021459500754010929e-04 5.842991202873635714e+00 7.241825737983297318e-01 6.853585570734125332e-01 7.644114110265974593e-02 3.784004615003755401e+00 -5.565914351596098347e-02 -5.239607484470117094e-02 9.970740750234849958e-01 1.278267147604032206e-01
6.852776595606697718e-01 -7.282817441846378692e-01 -4.799942003801058177e-04 5.936851902749240573e+00 7.262891284473218523e-01 6.833536853839743408e-01 7.437635761026310799e-02 3.859669169273066025e+00 -5.383893764071010640e-02 -5.131707083926235341e-02 9.972301274200443544e-01 5.113743456387870312e-02
6.759029524455704152e-01 -7.369855331307890722e-01 -2.742778023757837247e-03 5.985908428692173544e+00 7.359149507445130745e-01 6.747107534585362609e-01 5.652065496891587465e-02 3.919031534971638919e+00 -3.980432320818867720e-02 -4.022092892190452101e-02 9.983976626227633044e-01 5.452372666879942015e-02
6.656847391734305175e-01 -7.461751186079951248e-01 -9.301634369640656222e-03 6.064473941662804179e+00 7.460980629428123345e-01 6.652754643706813020e-01 2.731733843839437639e-02 4.010402992821727075e+00 -1.419536912465468696e-02 -2.512466669866606980e-02 9.995835345876280531e-01 1.284427688112062538e-01
6.289401327769621464e-01 -7.773563579805667922e-01 -1.230455564766346106e-02 6.098665457726057504e+00 7.774519169826122900e-01 6.288941102196254906e-01 7.791977356684465228e-03 4.124500952660046238e+00 1.681119436225904373e-03 -1.446688764920339362e-02 9.998939358747939155e-01 1.948641598769316197e-01
6.309561398826450951e-01 -7.758179479219974306e-01 9.280228947259085148e-04 6.103623354758930475e+00 7.756714453640692897e-01 6.308593791584353738e-01 1.871503605792458960e-02 4.143576539512832113e+00 -1.510491281695684057e-02 -1.108852604878962471e-02 9.998244276866100622e-01 2.056559493016017204e-01
6.345095747248263862e-01 -7.728556071445786824e-01 9.581758069597087757e-03 6.251989365144322797e+00 7.722619785406756865e-01 6.344342600166924528e-01 3.323561670125420309e-02 4.274076439255778403e+00 -3.176532831501612669e-02 -1.368868957410500874e-02 9.994016128137791499e-01 1.532152241671984605e-01
6.463381152712199818e-01 -7.630385572608701095e-01 4.381880977029975477e-03 6.361668120407946603e+00 7.624518655436397507e-01 6.460474028123683876e-01 3.591526205413211187e-02 4.375605128648688336e+00 -3.023563256607417898e-02 -1.987242946001302468e-02 9.993452321748906853e-01 7.746191261933813021e-02
6.643179467304267671e-01 -7.474494749508291402e-01 -9.736773591246103074e-04 6.432949968136202124e+00 7.473635635073905270e-01 6.642206403239832024e-01 1.608244101909002410e-02 4.487478557201746376e+00 -1.137407549669980367e-02 -1.141154517703691328e-02 9.998701950969774987e-01 6.709645387592338972e-02
6.762945894723244589e-01 -7.366240812504757374e-01 -3.254408141664182422e-03 6.484932374445892656e+00 7.366004430863674068e-01 6.763001054229864639e-01 -6.160734519882311855e-03 4.583850536123609487e+00 6.739101974833312109e-03 1.769272943838066849e-03 9.999757267943172323e-01 1.163729156799456071e-01
6.980772922412931125e-01 -7.160208118791524523e-01 -1.513609257266982418e-03 6.547363649191546564e+00 7.159934769099713936e-01 6.980665269413168783e-01 -7.514318762073843132e-03 4.658627953581649273e+00 6.437008578105448200e-03 4.161840939672748450e-03 9.999706215687330646e-01 1.792400455289329952e-01
7.037729378816175441e-01 -7.104138519823539610e-01 3.976281814826189941e-03 6.701303726457727095e+00 7.104235903881805925e-01 7.037716074059796600e-01 -1.961333518342099277e-03 4.780704638047350130e+00 -1.405035744531880166e-03 4.205177855653361579e-03 9.999901711285761330e-01 1.720791666063134495e-01
6.997452222646912690e-01 -7.143231562516823008e-01 9.952505230971867012e-03 6.771844472576481699e+00 7.143703431836438966e-01 6.997653142274686822e-01 -1.875575595675577859e-03 4.849701074978434612e+00 -5.624650871009946596e-03 8.422199639456621340e-03 9.999487136127593878e-01 1.162253824058723517e-01
6.935863418159091687e-01 -7.203420971762112268e-01 6.726773535861793434e-03 6.851207063395317931e+00 7.203628530013769238e-01 6.934950664608381388e-01 -1.191439508302857483e-02 4.925820796142905245e+00 3.917456080375259116e-03 1.310937947637480505e-02 9.999063944728040498e-01 1.191944987980110282e-01
6.865489621892819638e-01 -7.270750802252610168e-01 -3.514289721994888656e-03 6.880949050926162158e+00 7.270509423687585571e-01 6.865559228380631041e-01 -6.155649167699794172e-03 5.026567998876717347e+00 6.888375535648410576e-03 1.671086893552384874e-03 9.999748785599936740e-01 1.693347524069445109e-01
6.765768590352669865e-01 -7.363252145935028636e-01 -8.302540081476367934e-03 6.989017088756102503e+00 7.362598320321536161e-01 6.762339739652173387e-01 2.508131159239128383e-02 5.114457799447797548e+00 -1.285354246725175717e-02 -2.308226178349293695e-02 9.996509368959751729e-01 1.528901040344609885e-01
6.693185687286860031e-01 -7.428705414466676427e-01 -1.249048460701090990e-02 7.074648103034279600e+00 7.422300915277426636e-01 6.677996358178771574e-01 5.601908275069557297e-02 5.210655427923319039e+00 -3.327378526260422326e-02 -4.676542582127694858e-02 9.983515664143832735e-01 1.344221551062975972e-01
6.733516700930297638e-01 -7.391087433968740461e-01 -1.777058854460144416e-02 7.170572647434469538e+00 7.382336594429673715e-01 6.708619372528752400e-01 7.039407084949857174e-02 5.316156479722017991e+00 -4.010726179100831956e-02 -6.051881178289332530e-02 9.973609582152362929e-01 1.231462935975767975e-01
6.667300452560833701e-01 -7.448451797347196424e-01 -2.601355375134987297e-02 7.286943945551460189e+00 7.447189786954279134e-01 6.644278612265830386e-01 6.268380968565433198e-02 5.418043056358968101e+00 -2.940560360985599447e-02 -6.116596645048392317e-02 9.976943595232551365e-01 1.043247242176273126e-01
6.704917758469097766e-01 -7.416093562047058052e-01 -2.136214669219740209e-02 7.301954921300227497e+00 7.417444977120238869e-01 6.694371878287177502e-01 4.085280487207002681e-02 5.509372363639086778e+00 -1.599620691272315293e-02 -4.323672445525605229e-02 9.989367883018352989e-01 1.137173794599964094e-01
6.880025342539977107e-01 -7.255508945944288968e-01 -1.511331245294800750e-02 7.363726327336880040e+00 7.256532792263388210e-01 6.875447853152272248e-01 2.663618842663215830e-02 5.586745388590243167e+00 -8.934831175664648475e-03 -2.929278988184391697e-02 9.995309406180483691e-01 1.857356753457470588e-01
7.162319860145487382e-01 -6.976237202901768297e-01 -1.824519383696158320e-02 7.426663041928906139e+00 6.978257617164725923e-01 7.156823006682613286e-01 2.894910698120337772e-02 5.677938254521357919e+00 -7.137821409930382964e-03 -3.346624267343734083e-02 9.994143595660623935e-01 2.599086035190101285e-01
7.232188393252454439e-01 -6.899872384297425221e-01 -2.953169905614086085e-02 7.643116334098293940e+00 6.905273105774154541e-01 7.217649496927467379e-01 4.719524066840058429e-02 5.784873861665671413e+00 -1.124916849221994572e-02 -5.452493190389484656e-02 9.984490412680605553e-01 2.204960864930405884e-01
7.158479356471845190e-01 -6.976228066034324549e-01 -2.973470592446563615e-02 7.693645181317335435e+00 6.980108960650419636e-01 7.138186114790139314e-01 5.695418229287215611e-02 5.878627188791229585e+00 -1.850735000321811208e-02 -6.152568254739273351e-02 9.979338998064630761e-01 1.445542901124621249e-01
7.138713860678405076e-01 -6.998174954122440283e-01 -2.535975687016886471e-02 7.770696917980328244e+00 7.000923319471703543e-01 7.123839281829864589e-01 4.878386634278485817e-02 5.965394399622273802e+00 -1.607391994359698428e-02 -5.257957760872190162e-02 9.984873645250275098e-01 1.503792195451978675e-01
7.018089336286721380e-01 -7.119103049529815763e-01 -2.545463377734846072e-02 7.796793869701202695e+00 7.122875959232455312e-01 7.007567921365305263e-01 3.982836888955833959e-02 6.052607449613256918e+00 -1.051671873112042244e-02 -4.608292499692449168e-02 9.988822566503312572e-01 1.990518506783364172e-01
6.947757404632355360e-01 -7.182155388109777716e-01 -3.811968355351035703e-02 7.895879995334424528e+00 7.192107723829020971e-01 6.934342695809720958e-01 4.341403758109928929e-02 6.150897855803379777e+00 -4.747141471683008485e-03 -5.757910715841898369e-02 9.983296605163481940e-01 2.725687884532252969e-01
6.861902903503569462e-01 -7.262227155328224715e-01 -4.175467486433114689e-02 7.977235005446162930e+00 7.273196409075488589e-01 6.839991296526579667e-01 5.613671333913798633e-02 6.240885398471561984e+00 -1.220759513610417818e-02 -6.888946275403463881e-02 9.975496060559863043e-01 2.359546489643729872e-01
6.873082586948024986e-01 -7.257221719275078753e-01 -3.057264631560815960e-02 8.090668469858337986e+00 7.258500508200468326e-01 6.846256296743179481e-01 6.655412021489798269e-02 6.282266297441648106e+00 -2.736898343844676451e-02 -6.793435335575359613e-02 9.973143247641044207e-01 1.679392209278768866e-01
6.873638389852601005e-01 -7.260168705139992129e-01 -2.074744766240812360e-02 8.205548206579845072e+00 7.259089973047966327e-01 6.857479746814472144e-01 5.297020721347256433e-02 6.362225835578343869e+00 -2.422974385729771002e-02 -5.147056391134964548e-02 9.983805389545898912e-01 1.447255798060885223e-01
6.979401373699291034e-01 -7.159446621847773695e-01 -1.740130274346099459e-02 8.286176880905227193e+00 7.161498241227699513e-01 6.976262039925034131e-01 2.114495003389207234e-02 6.448189879051358098e+00 -2.999009331483821691e-03 -2.721984923057158001e-02 9.996249725526541452e-01 1.828823655586901964e-01
7.078185267275328707e-01 -7.062269330563436531e-01 -1.537700384000939731e-02 8.373240503636390386e+00 7.062139724447794586e-01 7.079619969833430559e-01 -7.185815967668526816e-03 6.554831894017179472e+00 1.596115111854743557e-02 -5.773201294581344067e-03 9.998559455250456418e-01 2.420616298855115534e-01
7.349111339076557226e-01 -6.779738623158566568e-01 -1.603331765678575951e-02 8.418147425717517507e+00 6.781082779226217383e-01 7.349474628576748714e-01 4.624959662849608202e-03 6.608815530801964044e+00 8.648044367368662097e-03 -1.427125977573132955e-02 9.998607615428428685e-01 2.492268579093879499e-01
