1.000000000000000000e+00 0.000000000000000000e+00 0.000000000000000000e+00 0.000000000000000000e+00 0.000000000000000000e+00 1.000000000000000000e+00 0.000000000000000000e+00 0.000000000000000000e+00 0.000000000000000000e+00 0.000000000000000000e+00 1.000000000000000000e+00 0.000000000000000000e+00
9.999984190850336185e-01 -1.743797149227345380e-03 -3.478490128072037665e-04 1.439313373576179937e-02 1.744023657215549705e-03 9.999982666825353306e-01 6.519305238973131193e-04 -4.854362909645514729e-02 3.467115752853683688e-04 -6.525361501580656705e-04 9.999997269937909161e-01 -1.332317086311213261e-02
9.999928670009785581e-01 -3.754515917877879975e-03 -4.117734639896804879e-04 1.479338258149727990e-02 3.754671815903963105e-03 9.999928795693043826e-01 3.784841416758020615e-04 -9.876255645920078985e-02 4.103495072506817363e-04 -3.800275161685690538e-04 9.999998435961722221e-01 -2.342590600827456140e-02
9.999944981554742540e-01 -3.300838204313635404e-03 -3.288250753788516355e-04 1.340031922945730467e-02 3.300899918828240857e-03 9.999945344712253270e-01 1.873163187815666078e-04 -1.073022507438579909e-01 3.282049773146146704e-04 -1.884007068609302744e-04 9.999999283933307392e-01 -1.853128660201178168e-02
9.999982845964330291e-01 -1.810717446487686766e-03 3.900083592778756355e-04 -2.164882406608865245e-02 1.810827473628519096e-03 9.999983207035477717e-01 -2.819467062511209947e-04 -6.457603417743162932e-02 -3.894971785182328988e-04 2.826524604506605544e-04 9.999998841997606025e-01 3.960048324828850316e-03
9.999996083147452142e-01 -7.334957109436691935e-04 4.953326136929009881e-04 -5.680422740316044827e-02 7.335728015096345308e-04 9.999997188499419876e-01 -1.554701962854546603e-04 -1.851707539695582674e-02 -4.952184377079529593e-04 1.558334979231770247e-04 9.999998652373008889e-01 1.208526756465885116e-02
9.999985475001468282e-01 1.491049596265048337e-03 8.256928593496770793e-04 -9.423275744413950328e-02 -1.491187058122816394e-03 9.999988744201961932e-01 1.658900189655285824e-04 2.172627632640664747e-02 -8.254445797206674601e-04 -1.671210405161470522e-04 9.999996453558389620e-01 1.604543754189038593e-02
9.999992962176700306e-01 7.968820179122626610e-04 8.789443748719136685e-04 -5.520405978357777188e-02 -7.977852609749010518e-04 9.999991536094081646e-01 1.027773878230960232e-03 3.167665664326191344e-05 -8.781246164196218184e-04 -1.028474363769355058e-03 9.999990855684024460e-01 1.849950677153865131e-02
9.999990147055023426e-01 -1.297808900495717828e-03 5.350514762348758998e-04 -4.864959813205974731e-02 1.297246434907885259e-03 9.999986070659098170e-01 1.050246603002371899e-03 -5.962390912466176973e-03 -5.364137503325264872e-04 -1.049551474580134869e-03 9.999993053507540974e-01 1.636455067195160401e-02
9.999967707597847699e-01 -2.453573583554585855e-03 6.621530582546098637e-04 -7.668486676189918694e-02 2.453205632575024015e-03 9.999968363569844421e-01 5.559299837502759386e-04 -4.191026083488025127e-03 -6.635149785611475087e-04 -5.543037909066784964e-04 9.999996262475204789e-01 1.889335046332501697e-02
9.999990817341786187e-01 -9.686857829289758281e-04 9.477228780598150873e-04 -7.715957825392565084e-02 9.681365483327919073e-04 9.999993632611408056e-01 5.798180203599651895e-04 -1.018656754405479828e-02 -9.482839360808395382e-04 -5.788999627769535541e-04 9.999993828160144149e-01 2.820892304698647060e-02
9.999998876114850610e-01 -1.646897345994541981e-05 4.738204197067655038e-04 -3.787052491036928953e-02 1.624888093451901103e-05 9.999998919849271140e-01 4.645063056861222493e-04 1.919187993797123737e-03 -4.738280184690386670e-04 -4.644985544293642730e-04 9.999997798640266611e-01 1.059870987810522525e-02
9.999999803870709414e-01 -1.879308966021655300e-04 -6.251268473424906520e-05 -7.412576088559411254e-03 1.879546735351263502e-04 9.999999099214418319e-01 3.805655646450203824e-04 8.091757980367073749e-03 6.244115907541689537e-05 -3.805773067322660501e-04 9.999999256310048157e-01 -6.039307452812008210e-03
9.999995953066364018e-01 -8.982247485605406858e-04 5.078252220706984567e-05 -6.325059474775514973e-03 8.982143057599487621e-04 9.999995755338848547e-01 2.052878734257961133e-04 4.822818509090122038e-03 -5.096689530010033885e-05 -2.052421767592271665e-04 9.999999776390119388e-01 -5.749826273311182262e-03
9.999995791070107609e-01 -9.174882712522973655e-04 1.036021925139470463e-06 -6.754321710281146161e-03 9.174881332703028287e-04 9.999995711520733854e-01 1.261395840301501620e-04 -5.370152700207572911e-03 -1.151753069731922482e-06 -1.261385804010614717e-04 9.999999920438659151e-01 -3.438724438267542691e-03
9.999999535398791384e-01 -1.494585748147399327e-04 2.656734346791577556e-04 -1.457277272779626889e-02 1.494771276365130586e-04 9.999999863912479858e-01 -6.981469944416623377e-05 -1.616298628524247966e-02 -2.656629966581938057e-04 6.985440830247201813e-05 9.999999622717662406e-01 5.441745112225239087e-03
9.999999193595922042e-01 -3.865313598372333232e-04 1.089693397778097899e-04 1.303821110387105506e-02 3.865381812686907769e-04 9.999999233356456907e-01 -6.258543964687618075e-05 -3.482538722311376289e-02 -1.089451401886529848e-04 6.262755541037255528e-05 9.999999921043728479e-01 2.184409216413314356e-03
9.999996310055054849e-01 -8.117847898953551439e-04 -2.810592600787535167e-04 3.835104804348384022e-02 8.117971227812779359e-04 9.999996695348106757e-01 4.376871932505123662e-05 -3.895461683674633635e-02 2.810236364178306896e-04 -4.399686627329774780e-05 9.999999595449949874e-01 -1.189523152105766320e-02
9.999997430822716860e-01 -5.615410718252287440e-04 -4.455412610264695723e-04 2.810491375029888078e-02 5.613866544289566451e-04 9.999997823451919343e-01 -3.466332253629524204e-04 -6.203765976757776024e-02 4.457358128451725191e-04 3.463830153887938841e-04 9.999998406691832376e-01 -3.017468918993917310e-02
9.999891749914456840e-01 4.646016252509090234e-03 -2.538363826960604564e-04 8.136216807623442016e-03 -4.646177818912733230e-03 9.999890018729368224e-01 -6.396599430202279824e-04 -7.118370318132041796e-02 2.508617204799192782e-04 6.408323876667884611e-04 9.999997632010960702e-01 -2.319112123508602907e-02
9.999820525677350913e-01 5.988278388605048838e-03 -1.872547995509486762e-04 -1.010003032014263752e-02 -5.988372392862663027e-03 9.999819417458354343e-01 -5.055475378632012058e-04 -6.545756246707683246e-02 1.842240586607861387e-04 5.066598160550706475e-04 9.999998546786529330e-01 -1.572990789846930720e-02
9.999853558085309846e-01 5.411636258298292528e-03 -4.859520017379825727e-05 -1.459809745761555741e-02 -5.411644109746159385e-03 9.999853436756108715e-01 -1.629171566609707888e-04 -7.744409848870584256e-02 4.771283955469537687e-05 1.631777507997175358e-04 9.999999855482532007e-01 -8.442983915278159945e-03
9.999906915448398825e-01 4.307009699009375220e-03 -2.578587319325625969e-04 2.092007144122319182e-02 -4.306987641967506900e-03 9.999907211847939292e-01 8.603352678919484742e-05 -8.579779406657164764e-02 2.582268865433607675e-04 -8.492213157816150423e-05 9.999999630535526540e-01 -1.388387483779102323e-02
9.999882786640478249e-01 4.829837989804071190e-03 -3.394105284442903926e-04 3.665455540953344721e-02 -4.829862834455416094e-03 9.999883335222693459e-01 -7.241791797931279833e-05 -7.715066057984962256e-02 3.390568019075197313e-04 7.405637544152315020e-05 9.999999397780673371e-01 -1.879346749879518691e-02
9.999825249535141403e-01 5.886815553813703333e-03 -5.433141170040335600e-04 6.238838773069155241e-02 -5.886995766392445067e-03 9.999826168113158387e-01 -3.306902470600017090e-04 -7.237624033630395137e-02 5.413579599823356093e-04 3.338829561391859187e-04 9.999997977268448857e-01 -2.873830569284143918e-02
9.999321509937747487e-01 1.163784617469939241e-02 -5.039299324634131981e-04 1.016849084744917558e-01 -1.163795970749118176e-02 9.999322517983254555e-01 -2.229515129200603343e-04 -7.097882548760982291e-02 5.013011167049385769e-04 2.288011021308802709e-04 9.999998481736115385e-01 -3.624120681699991714e-02
9.999083376268930179e-01 1.352942689113186513e-02 -5.205307108385520340e-04 7.864075023242626805e-02 -1.352943161691800254e-02 9.999084730360208173e-01 -5.558452182739418034e-06 -2.452387877911890723e-02 5.204078655704968623e-04 1.260042733861745436e-05 9.999998645084321458e-01 -5.092253605734609750e-02
9.999342553888311835e-01 1.144672830182338376e-02 -6.762478598521639087e-04 7.339093874979461807e-02 -1.144683242228691951e-02 9.999344715719432619e-01 -1.502984850135232842e-04 -2.295797622525506260e-02 6.744831204708056673e-04 1.580294996257246775e-04 9.999997600495699190e-01 -5.909379266154102944e-02
9.999571860057100414e-01 9.207737842499359032e-03 -9.185419781856640200e-04 9.655276486711236728e-02 -9.207836866498470690e-03 9.999576016012049484e-01 -1.036349643157435534e-04 -2.035575891243512556e-02 9.175487898938266889e-04 1.120883119791374853e-04 9.999995727701229686e-01 -6.248519375408877891e-02
9.999976612779274410e-01 -1.923336069065946421e-03 -9.890485533853466283e-04 1.306906855121002520e-01 1.924052978452049732e-03 9.999978866246470588e-01 7.244076031707122072e-04 -6.342033462420388831e-03 9.876531838826274525e-04 -7.263088907976359039e-04 9.999992485080093640e-01 -5.172877316592168484e-02
9.997079544999337708e-01 -2.415114336862371480e-02 -8.532195184326765670e-04 1.755463547846737582e-01 2.415205147648988998e-02 9.997077234422407921e-01 1.070560324855484224e-03 3.325197145051154296e-02 8.271148864784709205e-04 -1.090854674259992716e-03 9.999990629580830515e-01 -3.359761643524893093e-02
9.986154159583072731e-01 -5.259644976900840901e-02 -9.297753024772979638e-04 2.089282631612070784e-01 5.259810696695530613e-02 9.986140327744497114e-01 1.858141394755424532e-03 5.680512794706937818e-02 8.307550238479695761e-04 -1.904473062647971506e-03 9.999978414118922965e-01 -3.174549975997496831e-02
9.979138598586774211e-01 -6.454630017793680508e-02 -1.305157191911626930e-03 2.255221590613414873e-01 6.455006753690606391e-02 9.979096968461994566e-01 3.086376728020086540e-03 1.730475095763722021e-02 1.103214818968185516e-03 -3.164186098520694029e-03 9.999943854059367698e-01 -5.914285437797972556e-02
9.974992273208210802e-01 -7.066550172398679275e-02 -1.295515519812191893e-03 2.529898002861692974e-01 7.066732287012571223e-02 9.974989311816552240e-01 1.418368719681002005e-03 -2.960859319623188393e-02 1.192045609136040954e-03 -1.506372315459648600e-03 9.999981549331543595e-01 -4.458429482961445700e-02
9.969062575422974470e-01 -7.859152951630050954e-02 -1.133649548585332571e-03 2.639218978611270749e-01 7.859041289297251376e-02 9.969064905135778254e-01 -9.980847729107080856e-04 -6.728397209262848566e-02 1.208583601842487792e-03 9.059029695731147082e-04 9.999988593320929819e-01 -9.969723323336048687e-03
9.968467365911948264e-01 -7.930936495383138218e-02 -2.570676585059029472e-03 3.155603385828823493e-01 7.929832841121638165e-02 9.968423182252053039e-01 -4.143393124651509156e-03 -1.833069772953826726e-01 2.891169083927679333e-03 3.926477558642216086e-03 9.999881118869912155e-01 -5.888923014743979722e-02
9.964913173021925363e-01 -8.342306839821775344e-02 -6.756197182382475686e-03 3.791129002333168962e-01 8.322462344274883517e-02 9.962000620189670475e-01 -2.567291347351849384e-02 -1.854337983614043339e-01 8.872237268784652353e-03 2.502055339980290699e-02 9.996475655516867675e-01 -1.005133840928851968e-01
9.960175508322666182e-01 -8.842925428290349110e-02 -1.137125415522887567e-02 3.869617713950124216e-01 8.764280451441805453e-02 9.945103748565398138e-01 -5.716513902329061619e-02 -7.524506246809906096e-02 1.636390084731375108e-02 5.594087315795346488e-02 9.982999756883624842e-01 -3.793728917640681875e-02
9.987513582678498869e-01 -4.845018968016696903e-02 -1.217799154544168573e-02 4.671883814362908782e-01 4.755788371422502159e-02 9.967397634988427457e-01 -6.517738531803297930e-02 -4.795210241714375349e-02 1.529614509441047827e-02 6.451684260894151313e-02 9.977993811207861441e-01 1.124225302044338896e-02
9.991630121040563361e-01 -3.984267258345260132e-02 -9.264808932580611070e-03 7.067353709656476468e-01 3.924718653929981649e-02 9.975790367011410087e-01 -5.740839558089854550e-02 -6.640686819496044446e-02 1.152968307885496139e-02 5.699672776424382498e-02 9.983077879252819642e-01 -1.666884079772702754e-02
9.983001442114854962e-01 -5.785143260437256019e-02 -7.073458344324470327e-03 7.692001625017900190e-01 5.746455038194092646e-02 9.972765741796348893e-01 -4.623050986018437114e-02 -3.336393268638213061e-02 9.728695530672498010e-03 4.574545155699057120e-02 9.989057543858271826e-01 -5.465986965444630252e-02
9.982330024550379877e-01 -5.939893439461835928e-02 1.624623766890181085e-03 7.224447990095718142e-01 5.942074711387265035e-02 9.977526937998471013e-01 -3.096347570247586986e-02 -5.307794060854945442e-03 2.182247220547907851e-04 3.100529967493367497e-02 9.995191962989196099e-01 -1.124217857016747424e-02
9.978754536533698261e-01 -6.512144010969470043e-02 1.943459318007111124e-03 7.432994153725794861e-01 6.513005354693371385e-02 9.978654399601867286e-01 -4.758135983400944152e-03 -5.232543398825149211e-03 -1.629454219931062526e-03 4.874604712428729988e-03 9.999867914666886737e-01 -2.983908585222239118e-02
9.955929751329288813e-01 -9.375317789236217725e-02 -2.229237772493746286e-03 8.645501312097207958e-01 9.376810028837995192e-02 9.955622816536700004e-01 7.955294893778590976e-03 2.594648089650061426e-02 1.473510865769793888e-03 -8.129267102374663351e-03 9.999658713086695405e-01 5.766963362654481395e-02
9.855085763605332394e-01 -1.671317395785807403e-01 -2.897977821296228440e-02 9.795392198200543188e-01 1.675162732624416173e-01 9.858036886539711663e-01 1.137478037094392588e-02 1.243965452536715810e-01 2.666728542799205737e-02 -1.606452805599022787e-02 9.995152759344102522e-01 7.726113859201678979e-02
9.730782103981614473e-01 -2.255031975845204761e-01 -4.761411899288114924e-02 1.047488668327829053e+00 2.265411640392263060e-01 9.738427101669192565e-01 1.759195414108479655e-02 1.090181461197891055e-01 4.240162077166269305e-02 -2.790490519436284594e-02 9.987108784938860673e-01 -8.754345071835062386e-03
9.626418506089507998e-01 -2.674177936184229387e-01 -4.252518209754070633e-02 1.159434064522731012e+00 2.684748476595950062e-01 9.630497728669642488e-01 2.136331329747050145e-02 9.289287709503571411e-02 3.524093685377419072e-02 -3.198216123314958498e-02 9.988669669843552867e-01 -3.880917973877225091e-02
9.571181283564998976e-01 -2.879429326584602711e-01 -3.183953365544055919e-02 1.334325038394086782e+00 2.888086402205132242e-01 9.570046262701712436e-01 2.705022424062229411e-02 1.321010229838958383e-01 2.268166010962768125e-02 -3.508579241709108842e-02 9.991268835664147696e-01 -1.012488776941505020e-01
9.531331168789454189e-01 -3.019362547846471956e-01 -1.928106727458712283e-02 1.412660181184189900e+00 3.022979004535088499e-01 9.530066254406477366e-01 1.985827907018872240e-02 1.555625526789391200e-01 1.237905044932725157e-02 -2.475620958163144564e-02 9.996168712047247551e-01 -1.021045509131703055e-01
9.500329859264337040e-01 -3.119671504103127546e-01 -1.066877296477817400e-02 1.383626731193203563e+00 3.119173963126004034e-01 9.500897112026814861e-01 -6.089215415255177719e-03 2.048999857508838618e-01 1.203592660632477745e-02 2.457179617880275030e-03 9.999245465229127383e-01 5.565903092286142440e-02
9.552208858025524885e-01 -2.949777040622995061e-01 -2.326399434150381099e-02 1.380800878013981325e+00 2.945695823350211739e-01 9.554323165724378786e-01 -1.943835414833264275e-02 2.358304276164887581e-01 2.796105308385611263e-02 1.171505677149295606e-02 9.995403628444838873e-01 2.100832455328286441e-01
9.599506055077343669e-01 -2.764450260310579721e-01 -4.553001831782965692e-02 1.653487867418346857e+00 2.763906711794578697e-01 9.610152354252993190e-01 -7.610135703476549225e-03 2.883901651476387662e-01 4.585882543527471100e-02 -5.278717945129609602e-03 9.989339834376207428e-01 1.406197538226854615e-01
9.551940650412618083e-01 -2.922167525143943845e-01 -4.704962975296320127e-02 1.889970982677027900e+00 2.933759627369888490e-01 9.557916082504444022e-01 1.982286775857662955e-02 3.300514254708208361e-01 3.917706724723910017e-02 -3.273791606028463030e-02 9.986958427138540317e-01 -5.012240320794932036e-02
9.453697024464077225e-01 -3.238077443918046527e-01 -3.774480584507378805e-02 1.998595206137608660e+00 3.250376319478111564e-01 9.451300027676621252e-01 3.286054908485628451e-02 3.294182797493477866e-01 2.503324817417596632e-02 -4.333384982078884035e-02 9.987469719331114604e-01 -1.914992252008805573e-01
9.238950576140959603e-01 -3.821345578214492833e-01 -1.977630488366789382e-02 1.968192465001883384e+00 3.825536348673414522e-01 9.235729150449252245e-01 2.580284955589440266e-02 3.928193667188871196e-01 8.404699044651263440e-03 -3.140462249454281651e-02 9.994714156592694465e-01 -4.517695486365785884e-02
8.991430867751790679e-01 -4.373924577481143605e-01 -1.515082207231096406e-02 1.969775336387311615e+00 4.376260670413159581e-01 8.989417510962822710e-01 1.967621868905332361e-02 4.448900237030519178e-01 5.013476872637008010e-03 -2.432213068408707601e-02 9.996916019496381312e-01 1.060776200124613211e-01
8.586112239773882049e-01 -5.124535828069743948e-01 -1.334509379310023364e-02 2.108176713491810350e+00 5.126132138750710832e-01 8.581035168449125949e-01 2.976654731512258512e-02 5.111323014257485031e-01 -3.802501902943365708e-03 -3.239876304256361639e-02 9.994677889419898431e-01 1.464143662097587562e-01
8.336355369998549314e-01 -5.522194973182308342e-01 -1.026733814403681111e-02 2.232298916157706259e+00 5.519847247142199986e-01 8.323504357619956329e-01 5.005612618833802513e-02 5.146244598760750799e-01 -1.909594546311715185e-02 -4.739597945413163288e-02 9.986936296975430505e-01 -3.589202101086430563e-03
8.114200626518094372e-01 -5.844616434364637847e-01 -1.438498412040998403e-03 2.362640481966457706e+00 5.835280114281709007e-01 8.099797829441357511e-01 5.854751147961018143e-02 5.515186326841784448e-01 -3.305362014693774553e-02 -4.834602955071369557e-02 9.982835867737500646e-01 -4.696433165704413937e-02
8.080022955281362940e-01 -5.891743073657286223e-01 2.434329759150564293e-03 2.423409621026695770e+00 5.883202987629868597e-01 8.070403559235393987e-01 5.064671730958214546e-02 6.123840216908543743e-01 -3.180434694648105742e-02 -3.949049823591588293e-02 9.987136647029453140e-01 6.019086935715525777e-03
8.049779479409582272e-01 -5.932120483242659947e-01 -1.048661297525206940e-02 2.552213694921446674e+00 5.932903114165728464e-01 8.047094134313749203e-01 2.119826205514408965e-02 7.118617098585005021e-01 -4.136388278449651748e-03 -2.328573936685694387e-02 9.997202931991271413e-01 5.254237272943176884e-02
8.076039796473997168e-01 -5.888530982947618453e-01 -3.205995455926136800e-02 2.572398764200614085e+00 5.891260678127557826e-01 8.080403333228849405e-01 -1.138396644947074765e-03 7.559999038489199075e-01 2.657608475984754928e-02 -1.796798130287678014e-02 9.994852992249244616e-01 5.968809553156632225e-02
8.334120187271021329e-01 -5.495286733658976130e-01 -5.867405039651877457e-02 2.667375125022990012e+00 5.493647499887978070e-01 8.353350730574204963e-01 -2.033930160796359327e-02 8.110620940699856396e-01 6.018952160436388116e-02 -1.528243661432132638e-02 9.980699718056680325e-01 1.105554281027411323e-01
8.331771897221446066e-01 -5.478112651080960793e-01 -7.562134848954217559e-02 2.906220627811472834e+00 5.486302208420065218e-01 8.359882044171073057e-01 -1.134031985051402527e-02 9.069652332795057337e-01 6.943091030341323744e-02 -3.203966129858633327e-02 9.970721181531009281e-01 1.623415797181254894e-01
8.342625127854164102e-01 -5.466182134537812543e-01 -7.221210758286691900e-02 2.966620312840490659e+00 5.484185304555732055e-01 8.361803997175761838e-01 6.281288172363078126e-03 9.557336301753620589e-01 5.694888246412480037e-02 -4.484270117590054977e-02 9.973695187528723860e-01 7.506180233323749007e-02
8.171347155820951613e-01 -5.717216415289141374e-01 -7.365610088819674051e-02 3.062408910671347240e+00 5.736336406656317166e-01 8.190897424602557875e-01 6.036563019196253960e-03 9.899899232184258269e-01 5.687972298861205395e-02 -4.718430251551569699e-02 9.972654304190349261e-01 3.483960002113246218e-02
7.935641470670246056e-01 -6.029090316745929767e-01 -8.219880786842617693e-02 3.034570260335777370e+00 6.043892087394838741e-01 7.966458252051213940e-01 -8.313455509697281753e-03 1.037641148958314607e+00 7.049559453644099749e-02 -4.308281221619437301e-02 9.965812773891038479e-01 7.524858671273021438e-02
7.694030631187962488e-01 -6.313619064927166180e-01 -9.695911248199276522e-02 3.122677893171850183e+00 6.333130855530072489e-01 7.737855818053183121e-01 -1.305408202572671400e-02 1.099646963296700974e+00 8.326741337848120317e-02 -5.136162400165377590e-02 9.952027539397034772e-01 1.575723654918688710e-01
7.449608047686320234e-01 -6.568396934654894270e-01 -1.165976691303647617e-01 3.228340505434223129e+00 6.616691700401553522e-01 7.497869358359184888e-01 3.668823811008574409e-03 1.167128221422961909e+00 8.501357995546468538e-02 -7.988221290090835591e-02 9.931724539500729199e-01 1.336811716563647834e-01
7.413443599869822265e-01 -6.607195059698095507e-01 -1.177211720401332706e-01 3.414317639827542994e+00 6.677980509354720651e-01 7.436761136657712434e-01 3.148969878801140265e-02 1.226065823204836702e+00 6.674056549263296390e-02 -1.019586798364215535e-01 9.925472908248440529e-01 4.594891335900720686e-02
7.235300785545288882e-01 -6.835050544170451214e-01 -9.656638138208183120e-02 3.547691837903033552e+00 6.892929521446582442e-01 7.229045430363323366e-01 4.779380484051796996e-02 1.314573258317889959e+00 3.714096862737019389e-02 -1.011427814714619261e-01 9.941783975754234781e-01 -1.440107650683745966e-02
7.173861084404872246e-01 -6.927975201686433770e-01 -7.340822477618980102e-02 3.593770954511837701e+00 6.963433723305467726e-01 7.163068314953833227e-01 4.483782961257355704e-02 1.362474502792281772e+00 2.151927572979829215e-02 -8.328336689413258498e-02 9.962935318322819755e-01 8.705235558916474270e-03
7.152725900891669930e-01 -6.958670013214414141e-01 -6.445338112961637722e-02 3.646043949339006662e+00 6.982841162642692279e-01 7.153480243575058850e-01 2.600955633688850979e-02 1.459043337440514954e+00 2.800740688038072870e-02 -6.361069501049464170e-02 9.975817082525715307e-01 7.306656273479944508e-02
7.139052970144090793e-01 -6.973137621380260942e-01 -6.397455765912578307e-02 3.739368897298933181e+00 6.991402628840173161e-01 7.149243869443246968e-01 9.274360719130070319e-03 1.538660915935966544e+00 3.926983205000313115e-02 -5.134820430349924802e-02 9.979084337781551906e-01 1.258314484850209247e-01
7.229812300420879190e-01 -6.879104664736814811e-01 -6.385398282638102274e-02 3.799597003071246260e+00 6.898627565332302591e-01 7.238227445851173059e-01 1.303884847834119870e-02 1.620404627208030357e+00 3.724940476306671383e-02 -5.347732731943626722e-02 9.978740688621822175e-01 1.400422527454259491e-01
7.305542889808911422e-01 -6.806692147839337181e-01 -5.458801056136393381e-02 3.993522362273070669e+00 6.826172005846453672e-01 7.300708855220374716e-01 3.209765690903747942e-02 1.706452989760165018e+00 1.800523028474265361e-02 -6.071179587601776423e-02 9.979929305981591892e-01 9.834407721958288162e-02
7.195372799560955102e-01 -6.935981463906285560e-01 -3.446322789391326191e-02 4.109539925623128198e+00 6.943649127688816813e-01 7.177646466642465528e-01 5.168442622698528333e-02 1.813784080379773567e+00 -1.111173563611611223e-02 -6.111892769374764611e-02 9.980686379246266338e-01 3.272848127974429394e-02
7.107890324150301087e-01 -7.031792249712481846e-01 -1.783056273200543662e-02 4.138016487872535620e+00 7.028519145570312210e-01 7.089963939666168447e-01 5.764806628022800528e-02 1.869288541492091005e+00 -2.789511788863446862e-02 -5.350785840574005803e-02 9.981777254010482103e-01 4.215986516112654042e-02
6.926384465129367118e-01 -7.210887912941289501e-01 -1.682074558745343812e-02 4.181061050276018598e+00 7.206471128658838987e-01 6.908572087070646850e-01 5.817263871915530349e-02 1.933660992092935071e+00 -3.032690439546598116e-02 -5.241442785584392305e-02 9.981648193671889269e-01 9.048939169603496813e-02
6.647749891897662966e-01 -7.462826898947922949e-01 -3.370994676856040734e-02 4.341037928788640698e+00 7.467384534030621079e-01 6.625367912878226129e-01 5.853787149563128428e-02 2.041073699768745975e+00 -2.135172023395009305e-02 -6.408702640495456127e-02 9.977158699196990721e-01 1.026553564683077291e-01
6.482639917074373148e-01 -7.604447149203340528e-01 -3.843998706128409076e-02 4.405073044476499611e+00 7.609313491080370584e-01 6.452251898589578261e-01 6.832229735667948167e-02 2.118842186837510244e+00 -2.715288198630949265e-02 -7.354107642130193467e-02 9.969224799745634025e-01 6.157011011888638419e-02
6.399179133626385907e-01 -7.681802723847702685e-01 -2.010306634487689370e-02 4.517759727946097037e+00 7.669872179297775316e-01 6.368770999131858623e-01 7.821871348027759074e-02 2.191534019715732029e+00 -4.728289003377839084e-02 -6.547235084392419302e-02 9.967335148298284153e-01 7.315967267574675914e-02
6.358884693101609642e-01 -7.717699724617470558e-01 -4.118762529549829104e-03 4.567821241539470556e+00 7.699332524501087960e-01 6.339880032983453706e-01 7.253963361759141470e-02 2.289421907552949609e+00 -5.337266500726439711e-02 -4.929828881585603811e-02 9.973570260191937376e-01 9.004328871739548934e-02
6.427991070725123102e-01 -7.659958966363101807e-01 7.719733357820845326e-03 4.648490471092608267e+00 7.647590383821604165e-01 6.422773637918509637e-01 5.121914850310956002e-02 2.377410546797567026e+00 -4.419186757282492217e-02 -2.701988706351947378e-02 9.986576012545543835e-01 9.103771417528529197e-02
6.499823657449539382e-01 -7.597502109080105370e-01 1.739371282465002749e-02 4.725846526927957036e+00 7.589309124083600810e-01 6.501258176147821644e-01 3.688212930031514736e-02 2.490331003365851004e+00 -3.932930728613327070e-02 -1.077210731214948633e-02 9.991682377319889286e-01 1.132131918628625777e-01
6.732527341706464608e-01 -7.389801097966793852e-01 2.528148050721847756e-02 4.783583474659280910e+00 7.375248938633641727e-01 6.735829482414976699e-01 4.840498703775677342e-02 2.562946984196858402e+00 -5.279949681183051385e-02 -1.394306864286944114e-02 9.985077886392462743e-01 1.186393233691096782e-01
6.916254969552151355e-01 -7.218681550069075969e-01 2.367569953295685370e-02 4.912702813730551732e+00 7.195342225386026636e-01 6.914918627584534239e-01 6.410543139713587024e-02 2.685734461827245845e+00 -6.264722306072614821e-02 -2.730147479106887626e-02 9.976622449090735145e-01 9.490043274321172118e-02
6.828306053496076000e-01 -7.303244094939381759e-01 1.919951289014958096e-02 5.061181123916998814e+00 7.281722839742629239e-01 6.824786159186888579e-01 6.315111768936532144e-02 2.800961449985637675e+00 -5.922405971895022825e-02 -2.914096276792011928e-02 9.978192797492765331e-01 4.876726992013209749e-02
6.620177338685275803e-01 -7.492887276473261249e-01 1.728938009966007883e-02 5.091244505156657496e+00 7.475060999940301709e-01 6.617678434097671314e-01 5.742779728059323879e-02 2.859332397796912506e+00 -5.447155693840807777e-02 -2.509430312714822781e-02 9.981999426143384202e-01 4.460360251891053174e-02
6.410802463361544579e-01 -7.672286843117057664e-01 1.939751857595403348e-02 5.074261153971618477e+00 7.654863306245514032e-01 6.410335568859986122e-01 5.573738936338222538e-02 2.936876048830899144e+00 -5.519778423574304982e-02 -2.088360398528260609e-02 9.982570208618871677e-01 1.174445690077871862e-01
6.130177022780197715e-01 -7.899528154568752347e-01 1.355898394176920790e-02 5.182949914905275790e+00 7.877266784618942586e-01 6.124307089039117136e-01 6.644777521364987616e-02 3.028429612031753315e+00 -6.079454525834276230e-02 -3.005288909918998538e-02 9.976977734382407315e-01 1.575618475024125331e-01
5.939955819277056293e-01 -8.044345195626564360e-01 7.372407094329860855e-03 5.257492326259176174e+00 8.009830765272559772e-01 5.922494881558303392e-01 8.755943636233187721e-02 3.102815386799771868e+00 -7.480213745140269765e-02 -4.610474503947755570e-02 9.961320157075297388e-01 1.050189794094230217e-01
5.954970579827985055e-01 -8.033574863181699444e-01 5.577080808055051575e-05 5.348279699741097737e+00 7.996507717309199181e-01 5.927560757336508557e-01 9.591078120308735300e-02 3.193481470712849823e+00 -7.708370258346255999e-02 -5.706999086554873091e-02 9.953899331109544724e-01 6.931347964598472133e-02
6.024203476355995956e-01 -7.980877767868702621e-01 -1.206753073309220145e-02 5.460159384900357793e+00 7.956899480251974355e-01 5.992800503526500844e-01 8.798254293315267704e-02 3.298867530424893779e+00 -6.298596166021552811e-02 -6.260448700146052647e-02 9.960489178956131173e-01 6.864888920540504480e-02
6.130741544314810554e-01 -7.898651964646725698e-01 -1.590762653411310901e-02 5.509318091427996222e+00 7.888041781338437364e-01 6.108832508420554142e-01 6.789420004119547936e-02 3.432375831336250460e+00 -4.390956304401028715e-02 -5.417218155535896695e-02 9.975656996001903698e-01 1.093575536458532282e-01
6.369422222029137437e-01 -7.706720769801826965e-01 -1.921341558041121667e-02 5.600963265045616701e+00 7.703284000096413120e-01 6.352935081234916126e-01 5.473860314927123799e-02 3.485335273631767095e+00 -2.997935479292883343e-02 -4.966596721295871847e-02 9.983158468075126191e-01 1.154791737282498953e-01
6.526227642869339984e-01 -7.575163573382377447e-01 -1.589011955550194422e-02 5.678935867609912869e+00 7.570527471602275238e-01 6.510812669843015765e-01 5.444558567293651674e-02 3.583740285548547178e+00 -3.089766255938159595e-02 -4.756208728729012514e-02 9.983902955764557552e-01 1.278524730747888916e-01
6.802842029294824400e-01 -7.329281473671983571e-01 -5.452892946415082570e-03 5.718790159394567141e+00 7.315839064908621348e-01 6.785451770307229236e-01 6.604112727622360457e-02 3.650799200086444429e+00 -4.470336685494911977e-02 -4.891598435308509851e-02 9.978020021359952363e-01 1.680791968828845573e-01
6.873584651038323612e-01 -7.263183183612531568e-01 2.021459500753768068e-04 5.842991202873633938e+00 7.241825737983298428e-01 6.853585570734124222e-01 7.644114110265977369e-02 3.784004615003755845e+00 -5.565914351596099041e-02 -5.239607484470119869e-02 9.970740750234849958e-01 1.278267147604029985e-01
6.852776595606695498e-01 -7.282817441846382023e-01 -4.799942003801613288e-04 5.936851902749236132e+00 7.262891284473221853e-01 6.833536853839741187e-01 7.437635761026309411e-02 3.859669169273062472e+00 -5.383893764071005783e-02 -5.131707083926237423e-02 9.972301274200443544e-01 5.113743456387848108e-02
6.759029524455706373e-01 -7.369855331307889612e-01 -2.742778023757889289e-03 5.985908428692169991e+00 7.359149507445129634e-01 6.747107534585363720e-01 5.652065496891586771e-02 3.919031534971640696e+00 -3.980432320818862169e-02 -4.022092892190456959e-02 9.983976626227633044e-01 5.452372666879930913e-02
6.656847391734306285e-01 -7.461751186079950138e-01 -9.301634369640661426e-03 6.064473941662805956e+00 7.460980629428122235e-01 6.652754643706813020e-01 2.731733843839437292e-02 4.010402992821731516e+00 -1.419536912465467829e-02 -2.512466669866607327e-02 9.995835345876280531e-01 1.284427688112058930e-01
6.289401327769621464e-01 -7.773563579805666812e-01 -1.230455564766341423e-02 6.098665457726061945e+00 7.774519169826121789e-01 6.288941102196254906e-01 7.791977356684440942e-03 4.124500952660044462e+00 1.681119436225891363e-03 -1.446688764920334158e-02 9.998939358747939155e-01 1.948641598769313699e-01
6.309561398826450951e-01 -7.758179479219973196e-01 9.280228947259180558e-04 6.103623354758932251e+00 7.756714453640691787e-01 6.308593791584353738e-01 1.871503605792458266e-02 4.143576539512832113e+00 -1.510491281695684057e-02 -1.108852604878961257e-02 9.998244276866100622e-01 2.056559493016018036e-01
6.345095747248261642e-01 -7.728556071445790154e-01 9.581758069597077349e-03 6.251989365144321020e+00 7.722619785406760196e-01 6.344342600166923418e-01 3.323561670125419615e-02 4.274076439255775739e+00 -3.176532831501611975e-02 -1.368868957410500874e-02 9.994016128137791499e-01 1.532152241671987658e-01
6.463381152712200928e-01 -7.630385572608699984e-01 4.381880977029954660e-03 6.361668120407941274e+00 7.624518655436396397e-01 6.460474028123684986e-01 3.591526205413209799e-02 4.375605128648687447e+00 -3.023563256607415123e-02 -1.987242946001303162e-02 9.993452321748906853e-01 7.746191261933751959e-02
6.643179467304269892e-01 -7.474494749508290292e-01 -9.736773591246250525e-04 6.432949968136203900e+00 7.473635635073904160e-01 6.642206403239834245e-01 1.608244101909004492e-02 4.487478557201748153e+00 -1.137407549669980540e-02 -1.141154517703693756e-02 9.998701950969774987e-01 6.709645387592275134e-02
6.762945894723244589e-01 -7.366240812504757374e-01 -3.254408141664189361e-03 6.484932374445896208e+00 7.366004430863674068e-01 6.763001054229864639e-01 -6.160734519882306651e-03 4.583850536123612152e+00 6.739101974833312109e-03 1.769272943838059043e-03 9.999757267943172323e-01 1.163729156799452880e-01
6.980772922412930015e-01 -7.160208118791525633e-01 -1.513609257266963336e-03 6.547363649191549229e+00 7.159934769099715046e-01 6.980665269413167673e-01 -7.514318762073848336e-03 4.658627953581648384e+00 6.437008578105439527e-03 4.161840939672764063e-03 9.999706215687330646e-01 1.792400455289334671e-01
7.037729378816174330e-01 -7.104138519823541831e-01 3.976281814826181267e-03 6.701303726457727095e+00 7.104235903881808145e-01 7.037716074059795490e-01 -1.961333518342102313e-03 4.780704638047347466e+00 -1.405035744531870842e-03 4.205177855653358110e-03 9.999901711285761330e-01 1.720791666063133940e-01
6.997452222646911579e-01 -7.143231562516824118e-01 9.952505230971813235e-03 6.771844472576478147e+00 7.143703431836440076e-01 6.997653142274684601e-01 -1.875575595675580895e-03 4.849701074978433724e+00 -5.624650871009904962e-03 8.422199639456584910e-03 9.999487136127593878e-01 1.162253824058721852e-01
6.935863418159091687e-01 -7.203420971762112268e-01 6.726773535861768280e-03 6.851207063395317931e+00 7.203628530013769238e-01 6.934950664608381388e-01 -1.191439508302855922e-02 4.925820796142907021e+00 3.917456080375265187e-03 1.310937947637477556e-02 9.999063944728040498e-01 1.191944987980109033e-01
6.865489621892821859e-01 -7.270750802252609057e-01 -3.514289721994899064e-03 6.880949050926163046e+00 7.270509423687584460e-01 6.865559228380633261e-01 -6.155649167699774223e-03 5.026567998876720011e+00 6.888375535648401903e-03 1.671086893552365359e-03 9.999748785599936740e-01 1.693347524069439558e-01
6.765768590352672085e-01 -7.363252145935027526e-01 -8.302540081476390485e-03 6.989017088756101614e+00 7.362598320321535050e-01 6.762339739652175608e-01 2.508131159239124913e-02 5.114457799447796660e+00 -1.285354246725171033e-02 -2.308226178349293695e-02 9.996509368959751729e-01 1.528901040344611828e-01
6.693185687286860031e-01 -7.428705414466677537e-01 -1.249048460701095327e-02 7.074648103034276936e+00 7.422300915277427746e-01 6.677996358178771574e-01 5.601908275069555215e-02 5.210655427923319039e+00 -3.327378526260417468e-02 -4.676542582127696940e-02 9.983515664143832735e-01 1.344221551062981246e-01
6.733516700930297638e-01 -7.391087433968741571e-01 -1.777058854460148232e-02 7.170572647434465097e+00 7.382336594429674825e-01 6.708619372528751290e-01 7.039407084949855786e-02 5.316156479722015327e+00 -4.010726179100829181e-02 -6.051881178289333918e-02 9.973609582152362929e-01 1.231462935975772138e-01
6.667300452560834811e-01 -7.448451797347194203e-01 -2.601355375134985909e-02 7.286943945551458413e+00 7.447189786954276913e-01 6.644278612265832606e-01 6.268380968565430422e-02 5.418043056358968101e+00 -2.940560360985598060e-02 -6.116596645048390235e-02 9.976943595232551365e-01 1.043247242176271461e-01
6.704917758469099986e-01 -7.416093562047056942e-01 -2.136214669219739515e-02 7.301954921300227497e+00 7.417444977120237759e-01 6.694371878287179722e-01 4.085280487207001987e-02 5.509372363639086778e+00 -1.599620691272313905e-02 -4.323672445525604535e-02 9.989367883018352989e-01 1.137173794599960486e-01
6.880025342539977107e-01 -7.255508945944290078e-01 -1.511331245294802311e-02 7.363726327336880040e+00 7.256532792263389320e-01 6.875447853152272248e-01 2.663618842663218605e-02 5.586745388590247607e+00 -8.934831175664657149e-03 -2.929278988184394472e-02 9.995309406180483691e-01 1.857356753457458654e-01
7.162319860145487382e-01 -6.976237202901769408e-01 -1.824519383696161096e-02 7.426663041928906139e+00 6.978257617164727034e-01 7.156823006682613286e-01 2.894910698120342282e-02 5.677938254521361472e+00 -7.137821409930392505e-03 -3.346624267343739634e-02 9.994143595660622825e-01 2.599086035190092958e-01
7.232188393252454439e-01 -6.899872384297425221e-01 -2.953169905614086779e-02 7.643116334098295717e+00 6.905273105774154541e-01 7.217649496927467379e-01 4.719524066840054960e-02 5.784873861665670525e+00 -1.124916849221991796e-02 -5.452493190389482575e-02 9.984490412680605553e-01 2.204960864930414211e-01
7.158479356471845190e-01 -6.976228066034323438e-01 -2.973470592446561880e-02 7.693645181317337212e+00 6.980108960650418526e-01 7.138186114790140424e-01 5.695418229287212142e-02 5.878627188791224256e+00 -1.850735000321808779e-02 -6.152568254739269882e-02 9.979338998064630761e-01 1.445542901124622082e-01
7.138713860678405076e-01 -6.998174954122441394e-01 -2.535975687016885430e-02 7.770696917980328244e+00 7.000923319471704653e-01 7.123839281829862369e-01 4.878386634278483736e-02 5.965394399622270249e+00 -1.607391994359698775e-02 -5.257957760872188080e-02 9.984873645250275098e-01 1.503792195451968960e-01
7.018089336286721380e-01 -7.119103049529816873e-01 -2.545463377734845031e-02 7.796793869701201807e+00 7.122875959232456422e-01 7.007567921365305263e-01 3.982836888955836041e-02 6.052607449613259583e+00 -1.051671873112045366e-02 -4.608292499692449862e-02 9.988822566503312572e-01 1.990518506783358621e-01
6.947757404632355360e-01 -7.182155388109777716e-01 -3.811968355351035703e-02 7.895879995334426305e+00 7.192107723829020971e-01 6.934342695809722068e-01 4.341403758109922684e-02 6.150897855803384218e+00 -4.747141471682959912e-03 -5.757910715841894900e-02 9.983296605163481940e-01 2.725687884532249639e-01
6.861902903503571682e-01 -7.262227155328223605e-01 -4.175467486433113301e-02 7.977235005446164706e+00 7.273196409075487479e-01 6.839991296526581888e-01 5.613671333913791001e-02 6.240885398471560208e+00 -1.220759513610412440e-02 -6.888946275403456942e-02 9.975496060559863043e-01 2.359546489643735145e-01
6.873082586948024986e-01 -7.257221719275078753e-01 -3.057264631560812143e-02 8.090668469858341538e+00 7.258500508200468326e-01 6.846256296743180592e-01 6.655412021489789942e-02 6.282266297441644554e+00 -2.736898343844672635e-02 -6.793435335575351286e-02 9.973143247641044207e-01 1.679392209278774417e-01
6.873638389852602115e-01 -7.260168705139991019e-01 -2.074744766240809585e-02 8.205548206579843296e+00 7.259089973047965216e-01 6.857479746814472144e-01 5.297020721347256433e-02 6.362225835578343869e+00 -2.422974385729773084e-02 -5.147056391134963160e-02 9.983805389545898912e-01 1.447255798060881893e-01
6.979401373699291034e-01 -7.159446621847773695e-01 -1.740130274346099806e-02 8.286176880905225417e+00 7.161498241227699513e-01 6.976262039925034131e-01 2.114495003389209662e-02 6.448189879051357210e+00 -2.999009331483840773e-03 -2.721984923057160430e-02 9.996249725526541452e-01 1.828823655586896690e-01
7.078185267275328707e-01 -7.062269330563436531e-01 -1.537700384000942160e-02 8.373240503636390386e+00 7.062139724447794586e-01 7.079619969833430559e-01 -7.185815967668535489e-03 6.554831894017176808e+00 1.596115111854745638e-02 -5.773201294581356210e-03 9.998559455250456418e-01 2.420616298855111925e-01
7.349111339076557226e-01 -6.779738623158566568e-01 -1.603331765678579421e-02 8.418147425717515731e+00 6.781082779226217383e-01 7.349474628576748714e-01 4.624959662849596059e-03 6.608815530801963156e+00 8.648044367368695057e-03 -1.427125977573134516e-02 9.998607615428428685e-01 2.492268579093884773e-01
