1.000000000000000000e+00 0.000000000000000000e+00 0.000000000000000000e+00 0.000000000000000000e+00 0.000000000000000000e+00 1.000000000000000000e+00 0.000000000000000000e+00 0.000000000000000000e+00 0.000000000000000000e+00 0.000000000000000000e+00 1.000000000000000000e+00 0.000000000000000000e+00
9.999989235062088921e-01 -1.439159285669849939e-03 -2.860191844796347886e-04 1.475655534309892533e-02 1.439320177654055104e-03 9.999988056292173910e-01 5.631141668545808004e-04 -4.683721251069813962e-02 2.852084318845565574e-04 -5.635252338490941105e-04 9.999998005477107599e-01 -1.266816690462631463e-02
9.999946995766362257e-01 -3.252054870307953625e-03 -1.579802317377764040e-04 1.276259661696949738e-02 3.252113448983347515e-03 9.999946426851087367e-01 3.719666607960105706e-04 -9.278372598450361497e-02 1.567697293970945246e-04 -3.724784588515390473e-04 9.999999183415214654e-01 -1.894129558562726232e-02
9.999951634843688986e-01 -3.082125576109848858e-03 -4.165450798110195457e-04 1.104852708819720024e-02 3.082286933955727913e-03 9.999951747465070095e-01 3.872866634708196031e-04 -9.930877929320403030e-02 4.153494037446485237e-04 -3.885687018097230719e-04 9.999998382496052551e-01 -2.054872912098378718e-02
9.999982488527648927e-01 -1.862286781031755219e-03 1.848765776485548809e-04 -1.921110310940232074e-02 1.862302978825417128e-03 9.999982620858660631e-01 -8.748064072408214410e-05 -6.689770987555221371e-02 -1.847133423081209270e-04 8.782478373386996210e-05 9.999999790838940417e-01 -1.488047386095477792e-03
9.999997105248137341e-01 -4.943552043653551839e-04 5.784144022081299423e-04 -5.537321053518763636e-02 4.944649056565457576e-04 9.999998597912158615e-01 -1.895310151225652537e-04 -1.800083124531726142e-02 -5.783206254656353450e-04 1.898169658808575950e-04 9.999998147573696539e-01 1.117323722203878052e-02
9.999978946861403095e-01 1.817681196616795572e-03 9.521860923858766661e-04 -9.409080826413282472e-02 -1.817729100020531053e-03 9.999983467066455578e-01 4.944587417048418738e-05 2.635128577929244167e-02 -9.520946413072078679e-04 -5.117658644016463747e-05 9.999995454482721868e-01 1.850300530132299032e-02
9.999990976924207908e-01 8.534729012627103803e-04 1.037399802871112955e-03 -5.618502944230520380e-02 -8.546218214114506464e-04 9.999990214639590258e-01 1.107561586003304004e-03 -4.318629315059246965e-03 -1.036453513937883684e-03 -1.108447171151152096e-03 9.999988485538281457e-01 2.189067573706522662e-02
9.999991262187325480e-01 -1.165514050933705477e-03 6.238098816607213354e-04 -5.421713075987429076e-02 1.164684447748168435e-03 9.999984391481270274e-01 1.328612602278630463e-03 -1.060863672531473650e-02 -6.253574246421025103e-04 -1.327884899694304829e-03 9.999989228243121309e-01 1.705482291562904207e-02
9.999974102595119430e-01 -2.195893582975538914e-03 5.979344793091909138e-04 -7.804389016448118332e-02 2.195496508327643339e-03 9.999973694953713244e-01 6.639257637710792564e-04 -6.626840541469230725e-03 -5.993908167640125354e-04 -6.626112813141156813e-04 9.999996008383896795e-01 1.658606597769490820e-02
9.999995255718517884e-01 -6.202409874198282864e-04 7.511039800052165529e-04 -6.898426898855664069e-02 6.198862445304459618e-04 9.999996962725655747e-01 4.724360489463009117e-04 -4.802497622562983126e-03 -7.513967760758229501e-04 -4.719702257839237256e-04 9.999996063234179999e-01 2.377746103894547158e-02
9.999998385696838854e-01 3.404090111766779774e-04 4.549530869441841311e-04 -3.658179955905888764e-02 -3.405421982856802403e-04 9.999998991777698798e-01 2.927037089861140727e-04 1.155638073970889287e-02 -4.548534020946555490e-04 -2.928585924592066471e-04 9.999998536711030006e-01 1.042509499035737530e-02
9.999999794978460255e-01 -1.470559369083791063e-04 1.392079702766084318e-04 -1.209700174067106573e-02 1.469955528437762626e-04 9.999998951571389405e-01 4.336796265559540037e-04 5.647086491062807551e-03 -1.392717308454478019e-04 -4.336591547120364522e-04 9.999998962715558326e-01 -2.010990149995481140e-03
9.999998221168071577e-01 -5.778563412116242406e-04 1.478120528887619332e-04 -1.089801912475482290e-02 5.778006119968691475e-04 9.999997620867939752e-01 3.767927921280715036e-04 3.667134920812975627e-03 -1.480297498265765771e-04 -3.767073192083469262e-04 9.999999180893910378e-01 -5.049249299448575756e-03
9.999998772235427769e-01 -4.917021550373053707e-04 6.149707343814920894e-05 -1.254255899342858645e-02 4.916838526041441074e-04 9.999998349368044437e-01 2.972765598711809014e-04 -6.300589215639674188e-03 -6.164323481237647152e-05 -2.972462862546261021e-04 9.999999539223773937e-01 -3.479268258505728746e-03
9.999999516818764977e-01 1.778116920394818678e-04 2.549887188563509564e-04 -1.523459141080784306e-02 -1.777990740796853890e-04 9.999999829683126062e-01 -4.950619908825768997e-05 -1.434649327437774805e-02 -2.549975172944891704e-04 4.946085993809762262e-05 9.999999662649441401e-01 4.063180608773904121e-03
9.999999934895785758e-01 -7.395962227924577932e-05 8.689543786430529353e-05 1.112942296451863849e-02 7.397601658426281013e-05 9.999999794638962936e-01 -1.886789761053192516e-04 -2.591331713340681853e-02 -8.688148145400677259e-05 1.886854030552921721e-04 9.999999784247132206e-01 8.388550227127530151e-04
9.999997813411406478e-01 -5.854483230849073750e-04 -3.075189944361951251e-04 3.925450705583857780e-02 5.854679716605016215e-04 9.999998265778990980e-01 6.380772527386473626e-05 -3.490171870937849169e-02 3.074815849798435562e-04 -6.398775384365993561e-05 9.999999506803198823e-01 -1.228967963257329363e-02
9.999998712700096659e-01 -2.655212492330483783e-04 -4.323868989539154202e-04 3.020411656545414492e-02 2.653863717265151799e-04 9.999999161240826773e-01 -3.119645835854315224e-04 -5.839746470667629002e-02 4.324696959130176375e-04 3.118497938359382298e-04 9.999998578598240373e-01 -3.124654731671485178e-02
9.999884481585026297e-01 4.801377425622642067e-03 -2.243309306806893231e-04 1.470631892846465186e-02 -4.801529080319780901e-03 9.999882410802950483e-01 -6.804554566558104452e-04 -7.005615124991949882e-02 2.210611693225591643e-04 6.815247276295077284e-04 9.999997433279695924e-01 -2.470950984329760639e-02
9.999822680775465322e-01 5.954555932018444457e-03 -8.242656282938593459e-05 -4.559832368107451413e-03 -5.954589485580092344e-03 9.999821859909362454e-01 -4.129949717917520734e-04 -7.074971276216010518e-02 7.996589282267222310e-05 4.134784649412949920e-04 9.999999113205035872e-01 -1.311293460172707412e-02
9.999841601427472693e-01 5.628242027872740888e-03 -4.853122699092417850e-05 -1.350573212169474575e-02 -5.628252750465143409e-03 9.999841362363333097e-01 -2.237110890392764943e-04 -7.383473432882568799e-02 4.727135694957670307e-05 2.239806914993553962e-04 9.999999737990339366e-01 -8.689488164639767517e-03
9.999887879469890883e-01 4.720567516247746107e-03 -3.744631306258726497e-04 2.359446391504470969e-02 -4.720548535208025226e-03 9.999888568196505512e-01 5.155633057924144310e-05 -7.680560957500962016e-02 3.747023330550631071e-04 -4.978808114416457387e-05 9.999999285596516962e-01 -1.770216459018597935e-02
9.999860025129911900e-01 5.276073914148808781e-03 -3.972683480655907185e-04 3.741967264626523682e-02 -5.276109369921775684e-03 9.999860773436664019e-01 -8.825385830978951763e-05 -6.699777866658224168e-02 3.967971831552571309e-04 9.034865423115656386e-05 9.999999171945546106e-01 -2.128108775953456086e-02
9.999799649962303194e-01 6.311021680303959859e-03 -4.905216494802277930e-04 5.901691514413413830e-02 -6.311189067252834413e-03 9.999800262946441087e-01 -3.404472357869764388e-04 -6.448271908811989417e-02 4.883632820592791581e-04 3.435361897967745140e-04 9.999998217420795754e-01 -2.731211013670756249e-02
9.999283244258461156e-01 1.196070824334782151e-02 -5.361615776110280774e-04 9.975303950213219861e-02 -1.196080591652461111e-02 9.999284509205318416e-01 -1.793362560711204360e-04 -7.345086674868182841e-02 5.339782271073828697e-04 1.857363266117030814e-04 9.999998401846221796e-01 -3.752192795987059626e-02
9.998273147992984278e-01 1.857275105380224584e-02 -6.272953994744013021e-04 1.082903696568364160e-01 -1.857294264314289511e-02 9.998274627190587571e-01 -3.009889428159548365e-04 -1.775511684896187437e-02 6.215969749269611858e-04 3.125876879547011484e-04 9.999997579530397473e-01 -5.073082059910364455e-02
9.998218567417118674e-01 1.884871733514268191e-02 -9.902708597919038149e-04 1.104715982203069852e-01 -1.884914207063941374e-02 9.998222503604780043e-01 -4.213398990620031894e-04 -1.392145021751660383e-03 9.821531228441095999e-04 4.399305963241693495e-04 9.999994209179892124e-01 -6.768074743323271303e-02
9.999413102054987013e-01 1.076646234975389867e-02 -1.208069940865109113e-03 1.009862392560851863e-01 -1.076665326615571829e-02 9.999420264105990386e-01 -1.516420494619908277e-04 -6.628569576994331608e-03 1.206367256298217965e-03 1.646400197958300371e-04 9.999992587855787152e-01 -7.255590365499367533e-02
9.999904918879015669e-01 -4.241245799103418243e-03 -1.013887500795817567e-03 1.027143977157467386e-01 4.241690176923136948e-03 9.999909087058814761e-01 4.365432719809603343e-04 1.393352887502362358e-02 1.012026795927928888e-03 -4.408397179312253185e-04 9.999993907308680763e-01 -5.569224489946909828e-02
9.996650685655477098e-01 -2.586898286867025595e-02 -7.391990119764884400e-04 1.516841395052795360e-01 2.586954318502675612e-02 9.996650394013081309e-01 7.587714932845093666e-04 4.614266724097088046e-02 7.193227626718721578e-04 -7.776400976224970155e-04 9.999994389251634086e-01 -3.031643965756651224e-02
9.986250630121850103e-01 -5.240925359847434933e-02 -1.119670112238837925e-03 2.198600494105112380e-01 5.241144208868205728e-02 9.986235249617764209e-01 2.023890091123692770e-03 5.168011217304124133e-02 1.012058345237155195e-03 -2.079790895024168692e-03 9.999973251002918229e-01 -3.450539203782258812e-02
9.980853613618798637e-01 -6.182803771658936659e-02 -1.704460982714272026e-03 2.665289410514819490e-01 6.183353950648253633e-02 9.980807184347698646e-01 3.390115165285878269e-03 8.657598402552160732e-03 1.491585473868617655e-03 -3.489017175314665636e-03 9.999928009400490536e-01 -6.931399755367438631e-02
9.974240429890116610e-01 -7.171233270797029713e-02 -1.618581179766056220e-03 2.978352755728900236e-01 7.171498065220983931e-02 9.974238145342152473e-01 1.641873950231472357e-03 -5.055624359498932241e-02 1.496668803472001649e-03 -1.753721071509168131e-03 9.999973422189161187e-01 -5.061834377033991306e-02
9.967934223235607183e-01 -8.000740631864126928e-02 -1.299286976543262461e-03 2.668084097221941620e-01 8.000650488724751763e-02 9.967940729628251839e-01 -7.316296254278112365e-04 -8.416709632661072138e-02 1.353657346012471360e-03 6.253321883647471220e-04 9.999988882851039707e-01 -1.655769184549999579e-02
9.967995927446092752e-01 -7.990309851849348999e-02 -2.463077612454717732e-03 2.952645671172923203e-01 7.989275041558001333e-02 9.967952500408625571e-01 -4.046965160224426199e-03 -1.899702157500288147e-01 2.778549120475174491e-03 3.837231178617283266e-03 9.999887775978623106e-01 -6.073766723944665213e-02
9.965440211969297524e-01 -8.280477380271485111e-02 -6.586596399840233089e-03 3.726387180018265743e-01 8.260529166861681205e-02 9.962352584038274284e-01 -2.629972816213218753e-02 -1.824570592757052134e-01 8.739542607934799173e-03 2.566474914236508906e-02 9.996324029594396698e-01 -9.888593633332309896e-02
9.962188224436608897e-01 -8.606979024298014314e-02 -1.183423070989956388e-02 3.989342590956363455e-01 8.526643693490054687e-02 9.947355859757261998e-01 -5.683967563203824042e-02 -6.747984657111688600e-02 1.666410937891243602e-02 5.561569203973006775e-02 9.983131784452961011e-01 -3.735258544322511698e-02
9.987855944429553379e-01 -4.777345422049443513e-02 -1.204298156913710671e-02 4.911813197312824841e-01 4.689543296353453072e-02 9.967892789581983548e-01 -6.489955100890722195e-02 -5.920974785525677520e-02 1.510479064386172077e-02 6.425597579865575948e-02 9.978191293384626182e-01 2.219058083329981945e-02
9.991901079495953963e-01 -3.944242831829543328e-02 -7.963857358851625032e-03 6.967724640923118606e-01 3.891797070853750262e-02 9.975704852128114419e-01 -5.777991509344268528e-02 -6.645777492308826973e-02 1.022348920894554196e-02 5.742318243211669282e-02 9.982975800770842456e-01 1.725826553600730284e-02
9.983950728465814661e-01 -5.634387203899295787e-02 -5.713720269913711430e-03 7.535734696853717551e-01 5.601347215996029666e-02 9.973179261891128577e-01 -4.711098638781230363e-02 -1.370225865779967772e-02 8.352811039080676112e-03 4.671533137526556745e-02 9.988733194766213908e-01 -4.277534121624058938e-02
9.983088766273456871e-01 -5.813200547017861874e-02 2.383003611048790634e-04 7.248766210237340690e-01 5.811326952534898171e-02 9.978649367844824036e-01 -2.980630539290592476e-02 -3.040710489845173392e-04 1.494908733376582206e-03 2.976974766631638666e-02 9.995556649690715556e-01 -2.698329630088810993e-02
9.978868738352839607e-01 -6.496004099189991998e-02 1.407160820497992647e-03 7.524322771613504157e-01 6.496500972480936942e-02 9.978801831411655554e-01 -3.832441207551695681e-03 -2.080236712442161406e-02 -1.155222359326005168e-03 3.915758992149305506e-03 9.999916661116811101e-01 -2.752084045543239099e-02
9.955692199841710277e-01 -9.401610728243883774e-02 -1.702877437246891248e-03 8.720865665162937930e-01 9.402736040592205025e-02 9.955323345971607285e-01 8.615466709454207631e-03 8.026657971373977324e-03 8.852769081909005753e-04 -8.737410542250042753e-03 9.999614362273236967e-01 6.720008870394539313e-02
9.854398293035974143e-01 -1.693721998632195525e-01 -1.487954083936512961e-02 9.386661564853111539e-01 1.695113843754390004e-01 9.854903287649555699e-01 8.643059519746061972e-03 1.070541431120229647e-01 1.319974958924939254e-02 -1.103946666435105632e-02 9.998519374320118391e-01 1.518378520434032486e-01
9.735534424482724658e-01 -2.264433378408335917e-01 -3.028381489542364413e-02 9.743065285222226590e-01 2.268206266675618088e-01 9.738890428444605396e-01 9.619539782916195284e-03 1.345331635541833493e-01 2.731479480524671988e-02 -1.623412994289060232e-02 9.994950500176299490e-01 1.228325348839072462e-01
9.635862063465010507e-01 -2.648840122928442509e-01 -3.657981643478718653e-02 1.138078663240812638e+00 2.658180467720427376e-01 9.637363238905845009e-01 2.351731328529085840e-02 1.054955946138335376e-01 2.902393751809853248e-02 -3.238453404801058810e-02 9.990539790248766927e-01 -2.920187201952362255e-03
9.579122053744661969e-01 -2.851357190878939796e-01 -3.319380205484232654e-02 1.353460249261144277e+00 2.861687610328754183e-01 9.576395975848808195e-01 3.215340334049552468e-02 1.150219388390421593e-01 2.261961545949611047e-02 -4.029916671219354457e-02 9.989315943340502102e-01 -1.407677410485265179e-01
9.532830591256994390e-01 -3.010478639293653336e-01 -2.493176302459637270e-02 1.443145122977212758e+00 3.015470631483242459e-01 9.532528448009301991e-01 1.945205864565901707e-02 1.477691218254550409e-01 1.791027332479474751e-02 -2.606141789120335409e-02 9.994998872470828299e-01 -1.312383995847697937e-01
9.498215622729864194e-01 -3.125716556512948552e-01 -1.174563428308092634e-02 1.380333468434482791e+00 3.124873686267848338e-01 9.498840691524673696e-01 -8.479364307454193700e-03 2.113881936819649310e-01 1.380739982804108680e-02 4.383520703615429934e-03 9.998950647224085220e-01 6.900006525623975095e-02
9.551521082870118029e-01 -2.953663137688410933e-01 -2.105209551287281697e-02 1.362394856304489421e+00 2.949864971970534433e-01 9.553049296449069860e-01 -1.937673521396277368e-02 2.340354452065419866e-01 2.583440547582590771e-02 1.229764557733556765e-02 9.995905918959846481e-01 2.263844488804027943e-01
9.606494032692518559e-01 -2.758909529595339749e-01 -3.220102596984304733e-02 1.604427926853652098e+00 2.759069890144055237e-01 9.611758807229263679e-01 -4.032335490936705957e-03 2.542814138254885781e-01 3.206333437799278874e-02 -5.010827435364302584e-03 9.994732783806569154e-01 1.941644998005590261e-01
9.557837636398731629e-01 -2.907360806669361253e-01 -4.415799543489207224e-02 1.897251414689191229e+00 2.918456252245288374e-01 9.562337001137184433e-01 2.105330862670008046e-02 3.053639158270401444e-01 3.610440692911336125e-02 -3.300972834265717554e-02 9.988026980515426478e-01 -4.132963683877471928e-02
9.460480174723331359e-01 -3.215856381262670038e-01 -3.969667476741366857e-02 1.999844849794435886e+00 3.228654601805183710e-01 9.459190019484208234e-01 3.154578221134512334e-02 3.498474755851410656e-01 2.740516847403533587e-02 -4.266050988707443398e-02 9.987136915237943002e-01 -1.818073994031194351e-01
9.238768427465364752e-01 -3.815663288838644362e-01 -2.930385808698516420e-02 2.002237761282810169e+00 3.823355682624228757e-01 9.236058278597103488e-01 2.778107242402940227e-02 3.731714873488248818e-01 1.646489229061973841e-02 -3.687019671319402558e-02 9.991844153689490859e-01 -8.678619843740720263e-02
8.988626416489491344e-01 -4.378676255080903301e-01 -1.782958159295015832e-02 1.983709234062609683e+00 4.381903761287684329e-01 8.985865965783039755e-01 2.305043856304823252e-02 4.096674259271050333e-01 5.928382241502211727e-03 -2.853192916238173754e-02 9.995753014667136949e-01 7.410166776885132589e-02
8.583717885047560392e-01 -5.129136024957813289e-01 -1.084016023617593791e-02 2.100211316875364886e+00 5.129822960179711844e-01 8.578209933269184129e-01 3.150091077650837845e-02 4.839810309600701133e-01 -6.858328606657685365e-03 -3.260030340991648679e-02 9.994449377260883338e-01 1.477532214580072334e-01
8.339109963704497419e-01 -5.518816978223127778e-01 -4.363684361320382954e-03 2.213912769499743582e+00 5.514319578213723316e-01 8.328541416581594081e-01 4.771555947632666328e-02 5.226423398667912057e-01 -2.269903138312208066e-02 -4.219680475595442848e-02 9.988514322173522864e-01 4.457784082594526409e-02
8.126862561333625390e-01 -5.826654495745369200e-01 6.482512170573799179e-03 2.319563836003009083e+00 5.814913347996588655e-01 8.116648711832071816e-01 5.538920869681070863e-02 5.770348972017365075e-01 -3.753500559277740678e-02 -4.124452399107859241e-02 9.984437954115892300e-01 8.185828958140406453e-03
8.095136947664653970e-01 -5.870683415434100327e-01 6.191957930746347719e-03 2.399574757604531428e+00 5.861012141714231349e-01 8.087054538661898606e-01 4.980818842181882616e-02 6.317535335092758775e-01 -3.424828072078343194e-02 -3.669129657766203451e-02 9.987396077172069342e-01 3.231570510234896970e-02
8.053628146591943482e-01 -5.927228765727629023e-01 -8.386200064965100912e-03 2.538426669191151230e+00 5.927092364348890419e-01 8.049611357856514271e-01 2.708008344604637824e-02 6.882145172284449552e-01 -9.300419828751052900e-03 -2.677987046240944830e-02 9.995980895985273618e-01 6.767231140837379200e-02
8.077890039579679327e-01 -5.885694410201740556e-01 -3.260273273506292258e-02 2.564211012131822898e+00 5.888967066223371738e-01 8.082081259699354092e-01 5.422596517226183771e-04 7.526473476847020949e-01 2.603063606520169757e-02 -1.963767331851842823e-02 9.994682425033204476e-01 6.178608189967463304e-02
8.331479054904691317e-01 -5.496045991537096276e-01 -6.163888517757644403e-02 2.672046764108901851e+00 5.494843888395396503e-01 8.352546604962830523e-01 -2.040976582120668584e-02 8.172028139654484713e-01 6.270146727535137743e-02 -1.686525150506184081e-02 9.978898182130074845e-01 1.079813904973947608e-01
8.338403464528141296e-01 -5.466814496685643565e-01 -7.648313026888940713e-02 2.901490944623659640e+00 5.474602897429974302e-01 8.367420083185728163e-01 -1.224919056569301681e-02 9.144193808268994417e-01 7.069305327940110517e-02 -3.165760735239360468e-02 9.969956309406563522e-01 1.882532250111252081e-01
8.341472142448139726e-01 -5.467089981038614210e-01 -7.285393853381214035e-02 2.990286516701359254e+00 5.483711846910602761e-01 8.362280626740038469e-01 3.416284093180132347e-03 9.616244973866184820e-01 5.905479462448001704e-02 -4.280068444259131633e-02 9.973367699243351758e-01 1.063609057226405780e-01
8.165867381365465860e-01 -5.722483713211513612e-01 -7.561680117410950197e-02 3.088942998925599870e+00 5.742630568045371531e-01 8.186476623720893020e-01 6.160071608570617113e-03 9.731571066744294507e-01 5.837842657201360030e-02 -4.845416816955525063e-02 9.971179232658354818e-01 1.292995153510224926e-02
7.939599677969385594e-01 -6.020718608098509783e-01 -8.448102720047716285e-02 3.047351330296958594e+00 6.039266115059576112e-01 7.970276113467315016e-01 -4.431102103962632904e-03 1.009633381471644498e+00 7.000155320288579952e-02 -4.750222280995967938e-02 9.964152354201015749e-01 1.163286553320480587e-02
7.700893602218156220e-01 -6.306222996945248793e-01 -9.632181684926610643e-02 3.124241637047764364e+00 6.327253199804715456e-01 7.743015026920274657e-01 -1.076347455416395288e-02 1.095944849330313886e+00 8.136981460446338077e-02 -5.265641515387235044e-02 9.952920451879329056e-01 1.315099952397115468e-01
7.458128904382214097e-01 -6.566975719954650792e-01 -1.118545099289544320e-01 3.209051226187771277e+00 6.609377466806642953e-01 7.504399174021424423e-01 1.106969806095543796e-03 1.182069587398575816e+00 8.321314480820646287e-02 -7.475446009922509516e-02 9.937239773832580170e-01 1.732055297650071379e-01
7.420468763543611734e-01 -6.607993407093606386e-01 -1.127415833258065825e-01 3.398639493872702033e+00 6.671475119813123911e-01 7.443994544274764591e-01 2.799374046496989205e-02 1.232951214368045001e+00 6.542652787577926676e-02 -9.598793448215126034e-02 9.932299259909409539e-01 9.549886615874902951e-02
7.238973353062350125e-01 -6.830789276968535217e-01 -9.682885144960182155e-02 3.552616531741495276e+00 6.888678728252851657e-01 7.233547165361714493e-01 4.710634621833729302e-02 1.322910761322642514e+00 3.786425393031121051e-02 -1.008024434296700411e-01 9.941856796760397685e-01 7.683471281103027017e-04
7.175371593316082208e-01 -6.922027379125950119e-01 -7.743251645551441076e-02 3.616389663977650493e+00 6.961077382671563285e-01 7.164925126451505699e-01 4.552467515560257999e-02 1.375337666175504792e+00 2.396751349035889517e-02 -8.656701998882782023e-02 9.959576845164374026e-01 -1.302975733673221448e-02
7.153031356992428647e-01 -6.957419722376706472e-01 -6.545633755158566935e-02 3.640589771686173037e+00 6.982509362382250950e-01 7.153445650365266584e-01 2.697745939010294525e-02 1.446914175176127637e+00 2.805448451269123428e-02 -6.500201027305958779e-02 9.974906939712210319e-01 5.816499103843478929e-02
7.147680279347394805e-01 -6.967924138979265658e-01 -5.989155346611105268e-02 3.721350348569964162e+00 6.984615196330853371e-01 7.155691097469925044e-01 1.059975319230522031e-02 1.529678812015321077e+00 3.547071798152087729e-02 -4.940831013298506436e-02 9.981486097048265504e-01 1.209826885882099301e-01
7.244646599284971789e-01 -6.865867248133579182e-01 -6.123418836526954567e-02 3.785814878954221641e+00 6.884350307222830700e-01 7.251619314373694003e-01 1.404925864354479928e-02 1.627204346786793598e+00 3.475866782683137424e-02 -5.233395173394159161e-02 9.980245450422616793e-01 1.659227945359516287e-01
7.315834642025584866e-01 -6.795751923678252648e-01 -5.443521675916460079e-02 3.998079564383419271e+00 6.815301825572710470e-01 7.310466551076177932e-01 3.297572318261506041e-02 1.706459377069504901e+00 1.738519970655164060e-02 -6.122373701594020778e-02 9.979726493531605458e-01 1.235816940611608600e-01
7.187294092719939131e-01 -6.945125403870038294e-01 -3.286894419845419468e-02 4.105907255124624733e+00 6.951652758042909941e-01 7.169021759470171062e-01 5.288203322846266735e-02 1.786552767733109670e+00 -1.316341762137666557e-02 -6.085722116250918273e-02 9.980596791118768740e-01 4.377349642967325039e-02
7.100163682089073447e-01 -7.040339453228038336e-01 -1.459317335744968365e-02 4.122186907680599255e+00 7.034998406885851763e-01 7.082589614061487460e-01 5.879810999529374443e-02 1.840581857615492645e+00 -3.106011955174365485e-02 -5.201391564851307742e-02 9.981632239029550879e-01 4.427756421557443867e-02
6.922524933874955044e-01 -7.215048189230148790e-01 -1.474047725357430574e-02 4.167467513893879705e+00 7.209751153314032379e-01 6.905689754442634332e-01 5.752715208256064389e-02 1.944202922557673796e+00 -3.132680117192436497e-02 -5.045083175456992891e-02 9.982351151425232771e-01 1.107197980418948291e-01
6.648309223066983797e-01 -7.463096723760943574e-01 -3.196431858668988268e-02 4.338886912845211441e+00 7.466758326709631577e-01 6.626906502375329300e-01 5.758735097987691814e-02 2.050129323849080087e+00 -2.179554197418592451e-02 -6.215283586162773793e-02 9.978286322532586849e-01 1.222663360306646962e-01
6.488069738232757899e-01 -7.600951670218094591e-01 -3.612267692697782723e-02 4.398075015451691883e+00 7.603798578668592434e-01 6.457452723119636584e-01 6.953786764866386194e-02 2.110890319820471817e+00 -2.952934927590326192e-02 -7.258360942275894623e-02 9.969250910547422517e-01 9.126582688717621572e-02
6.407550687119518695e-01 -7.674992144830614649e-01 -1.943959073194051479e-02 4.504456678447020579e+00 7.661860846107677592e-01 6.376357521723650112e-01 7.987196817659922288e-02 2.180479988976912420e+00 -4.890629477647216727e-02 -6.607271236649694957e-02 9.966155582830176218e-01 8.383761296739124236e-02
6.355935123312930202e-01 -7.720093227848652262e-01 -4.742638044846494982e-03 4.576445573318211224e+00 7.702008947833196562e-01 6.336587927071531956e-01 7.257489993025741104e-02 2.277838487223904362e+00 -5.302328504859293162e-02 -4.978091961953860778e-02 9.973516888663139790e-01 8.940478120783172666e-02
6.430635948199971974e-01 -7.657619315592932852e-01 8.824805480175092198e-03 4.647726477212454022e+00 7.645095722901432689e-01 6.425986315760165990e-01 5.091279380836530311e-02 2.381716861534214580e+00 -4.465788725325887942e-02 -2.599351594554431821e-02 9.986641128201533268e-01 1.091450969248770331e-01
6.502220682941296515e-01 -7.594557669819831380e-01 2.093322481396601986e-02 4.723694181474956899e+00 7.586209209859552383e-01 6.505119493977860046e-01 3.644862045555960495e-02 2.514196262361403811e+00 -4.129842788442735640e-02 -7.819315091504731169e-03 9.991162585834415522e-01 1.362036652016713201e-01
6.738864482727083827e-01 -7.382331917650709618e-01 2.981290678129972643e-02 4.781294733067912972e+00 7.366637055723416205e-01 6.744500889741298355e-01 4.943341355009565896e-02 2.575031130834875448e+00 -5.660070429615485926e-02 -1.135042109987489251e-02 9.983323736181426433e-01 1.345690006083181955e-01
6.918937241064881949e-01 -7.214983383859289168e-01 2.689279175538827199e-02 4.903659390308493293e+00 7.190810106925010770e-01 6.919644822314705568e-01 6.409099306130321139e-02 2.683037952707431728e+00 -6.485040172201037012e-02 -2.500605999506061439e-02 9.975816369400638539e-01 1.031965752118142593e-01
6.827571493574935424e-01 -7.303104000789697459e-01 2.212226339515118573e-02 5.042999453152919642e+00 7.278997623936476202e-01 6.825020179752809835e-01 6.597674868421971039e-02 2.771210887136027257e+00 -6.328199513685350830e-02 -2.894330658657338212e-02 9.975758989146313871e-01 5.294581651330422523e-02
6.609938513709909813e-01 -7.501769658620597303e-01 1.793455713806293636e-02 5.093965928623913619e+00 7.482900717533448320e-01 6.607419949428372519e-01 5.900834376877474308e-02 2.845084177420245108e+00 -5.611681535082481409e-02 -2.558390136304027063e-02 9.980963716124449103e-01 6.047834222498463252e-02
6.414829549591103408e-01 -7.669121292921058375e-01 1.858505963337738626e-02 5.091541578536542545e+00 7.652811789032240020e-01 6.414273034249355909e-01 5.399751510493011608e-02 2.954910330524129769e+00 -5.333231397023349002e-02 -2.041568920374200666e-02 9.983681004123261538e-01 1.118634106241340187e-01
6.129961635316745205e-01 -7.899677324461704675e-01 1.366327886359100172e-02 5.190448694556128117e+00 7.879647411251975431e-01 6.125253749352719268e-01 6.264368925841820590e-02 3.054241401533032807e+00 -5.785559816430140001e-02 -2.763415919220986797e-02 9.979424246953280120e-01 1.404305111208851153e-01
5.942639211157136891e-01 -8.042206392435636841e-01 8.919387582703851292e-03 5.259158285867737703e+00 8.008356494282723448e-01 5.927136570551234662e-01 8.574837225941241148e-02 3.115532103911157868e+00 -7.424725358539618902e-02 -4.381420038087120716e-02 9.962768998526517761e-01 1.153277617267760430e-01
5.959483829809069100e-01 -8.030187056111592891e-01 2.546224856628469257e-03 5.347305218139164928e+00 7.990385352377527006e-01 5.933040621025937877e-01 9.760998462077516424e-02 3.190885331691755589e+00 -7.989332905536430940e-02 -5.613598071771577769e-02 9.952214867261013342e-01 9.529664961657499656e-02
6.028556439908541176e-01 -7.977702365609630197e-01 -1.130142317753774980e-02 5.460735292748478464e+00 7.950225138029601846e-01 5.994671904888647651e-01 9.261905891234854804e-02 3.273468922106761880e+00 -6.711389613779376873e-02 -6.482080827058782357e-02 9.956374780814315484e-01 8.271334946714750669e-02
6.134749493743257842e-01 -7.894918409698580275e-01 -1.873818380187719512e-02 5.526687036003785636e+00 7.884935623204304411e-01 6.110355403283943554e-01 7.009615278190860221e-02 3.407106426279741918e+00 -4.389064444054065206e-02 -5.777717107657352746e-02 9.973642312781135777e-01 8.747086020280246677e-02
6.370803743295008204e-01 -7.705431667178652688e-01 -1.979456664307786828e-02 5.615630891865821539e+00 7.702829054928963526e-01 6.355070613934818979e-01 5.286795271658392692e-02 3.489093268812997195e+00 -2.815745282522708753e-02 -4.892855141351842851e-02 9.984053058287349902e-01 1.227001886547641890e-01
6.529195158429219603e-01 -7.573296683199688406e-01 -1.216056387715238989e-02 5.667499774493330200e+00 7.566595352372240679e-01 6.514509173624285499e-01 5.548017666012073495e-02 3.581252313436005252e+00 -3.409477329492718173e-02 -4.542549669531450313e-02 9.983857324120529730e-01 1.409106605048824346e-01
6.801322145506409900e-01 -7.330866279433599919e-01 -2.041240082456579480e-03 5.711860957108692460e+00 7.316080226428559596e-01 6.785782253730247016e-01 6.543159217233500413e-02 3.662259940230725430e+00 -4.658188419386855017e-02 -4.599552130620999935e-02 9.978549694643601420e-01 1.854382748120547431e-01
6.871458105925862814e-01 -7.265134891567951447e-01 2.963959898014841693e-03 5.845250248479193722e+00 7.244245748297036824e-01 6.854682776490435003e-01 7.309087302568560707e-02 3.780637084577443741e+00 -5.513320567372019532e-02 -4.807692180322283709e-02 9.973208807711116952e-01 1.432137878599089031e-01
6.838503933019755010e-01 -7.296154459766710509e-01 3.152867424566961618e-03 5.925132117778198371e+00 7.275858588757961876e-01 6.822580056118532355e-01 7.171353946436090365e-02 3.841591842366023801e+00 -5.447437511989891568e-02 -4.674735041475487629e-02 9.974202863810704978e-01 8.494761647463752730e-02
6.752437231642731685e-01 -7.375946417962303547e-01 -2.423236291244704188e-04 5.975705627098420791e+00 7.364265439128540036e-01 6.741558126341338220e-01 5.647907322345179643e-02 3.910470504407733472e+00 -4.149529790012212310e-02 -3.831559323697576042e-02 9.984037537825459774e-01 8.105436506768050331e-02
6.658109075913833941e-01 -7.460666699949145553e-01 -8.964332381034815014e-03 6.061068547495031211e+00 7.459635306158831636e-01 6.653763120511959617e-01 2.850919767787141179e-02 4.010311139960565541e+00 -1.530510775606220945e-02 -2.566879981317674031e-02 9.995533334408556181e-01 1.211478287749463562e-01
6.285486742352923706e-01 -7.776581005908129729e-01 -1.320767589492371358e-02 6.120556310188859150e+00 7.777700661424440387e-01 6.284696144258066219e-01 9.983384008248250702e-03 4.112559963142659925e+00 5.369635318206973998e-04 -1.654757773714903707e-02 9.998629352772301360e-01 1.721475097083625116e-01
6.312574621422362142e-01 -7.755726826938200702e-01 1.015061010164170115e-03 6.127220395690528676e+00 7.754272099958052777e-01 6.311633830537638490e-01 1.858563666516104690e-02 4.144023611946322738e+00 -1.505518142915276275e-02 -1.094521590646013384e-02 9.998267568738578026e-01 2.087440086101778336e-01
6.347505523758502077e-01 -7.726520610197183947e-01 1.002640815719416448e-02 6.284928332059666722e+00 7.720522656783425086e-01 6.346891632496872715e-01 3.324101554330186059e-02 4.260986322850340180e+00 -3.204739177361007330e-02 -1.335884184326751635e-02 9.993970712510195087e-01 1.589312176567184154e-01
6.470434413897265813e-01 -7.624325518888857012e-01 5.602568584238198229e-03 6.362979682418132832e+00 7.618616701955733816e-01 6.468134247471104548e-01 3.462930917193662861e-02 4.384066796909736219e+00 -3.002632913546051871e-02 -1.813828512058573289e-02 9.993845216789848385e-01 9.575639970979296645e-02
6.642329984906838458e-01 -7.475250613523420906e-01 -8.979789821696223390e-04 6.439397936806241063e+00 7.474077555555163066e-01 6.641064754732677322e-01 1.855360261349464635e-02 4.471840153575154631e+00 -1.327292927506181983e-02 -1.299507155236555994e-02 9.998274638475420639e-01 7.459472379958215216e-02
6.774613705085590354e-01 -7.355431464588815249e-01 -4.729816701860479859e-03 6.507341298073368030e+00 7.355563493959453858e-01 6.774605293232458525e-01 2.021898211464556207e-03 4.543535317461396161e+00 1.717070754164105309e-03 -4.848804639900047841e-03 9.999867702932820901e-01 1.084382687523584299e-01
6.994907381082731135e-01 -7.146343144264331038e-01 -3.240979019600529268e-03 6.572403014447968594e+00 7.146136824401481125e-01 6.994962888092461917e-01 -5.676866338308959870e-03 4.654316876446883633e+00 6.323936280087117182e-03 1.654867473217749678e-03 9.999786343935411770e-01 1.544733848116245645e-01
7.039818109598526830e-01 -7.102121873145686992e-01 2.873817590302324247e-03 6.708780069512784827e+00 7.102178858242830239e-01 7.039736221806645045e-01 -3.419638741283702408e-03 4.782794172976426061e+00 4.055773317411005829e-04 4.448400127146524136e-03 9.999900235719038077e-01 1.499364846566958731e-01
6.991399383538070555e-01 -7.149140684503442200e-01 1.006088119457822748e-02 6.777647620865578482e+00 7.149639114208817814e-01 6.991579477581466584e-01 -2.183907591923044123e-03 4.833874706472506055e+00 -5.472838786978545533e-03 8.720023990403932834e-03 9.999470032042790946e-01 1.039249503954864373e-01
6.931855759053420218e-01 -7.207139989179219830e-01 8.067782874922685421e-03 6.843983212000503080e+00 7.207553975232318111e-01 6.931024003012948853e-01 -1.098724886910615144e-02 4.919046348644561029e+00 2.326864393841315999e-03 1.343110048809268743e-02 9.999070913048728748e-01 1.395035335165749346e-01
6.883317981879937264e-01 -7.253958003487905870e-01 -5.181115911022135360e-04 6.880587029626970441e+00 7.253794720510269300e-01 6.883207724106994441e-01 -6.255860844969117485e-03 5.042228423841486062e+00 4.894602155089444392e-03 3.930280432214213610e-03 9.999802976886432715e-01 1.945345710911943748e-01
6.777892779746980123e-01 -7.352286933029837934e-01 -6.361069605380536077e-03 6.997252003507253626e+00 7.351418390950509307e-01 6.775058929041331002e-01 2.349981898056933277e-02 5.126648139811916138e+00 -1.296807905912196641e-02 -2.060421374768726943e-02 9.997036037253022034e-01 1.557161037473532295e-01
6.696441606819065750e-01 -7.426183182481125300e-01 -9.733009142603868749e-03 7.074670611547626997e+00 7.419242368910363705e-01 6.683114915114061194e-01 5.392751642207341961e-02 5.222490906360035545e+00 -3.354287969566988742e-02 -4.333340185289894647e-02 9.984974168747643430e-01 1.306539504397762896e-01
6.740158105435651859e-01 -7.385329937136466683e-01 -1.648345636266209877e-02 7.179003725805423564e+00 7.375691915375481855e-01 6.715576913748368959e-01 7.072449964437217684e-02 5.297823198792815269e+00 -4.116278455047067686e-02 -5.982712053624274218e-02 9.973596847759556017e-01 1.287323025750234939e-01
6.669847241730112453e-01 -7.445943758038254812e-01 -2.665695483665644211e-02 7.303443975167628111e+00 7.444540378504819200e-01 6.645492559396444232e-01 6.451722218274799636e-02 5.409427942617610618e+00 -3.032430127744323300e-02 -6.287687930691587823e-02 9.975604918002007881e-01 1.023541201815971746e-01
6.707753396627735842e-01 -7.413344964950511207e-01 -2.199108925723663663e-02 7.313295095935158585e+00 7.414589596858477405e-01 6.696067463092312266e-01 4.319046652613606901e-02 5.490912344221332120e+00 -1.729320103020532198e-02 -4.527659001729187477e-02 9.988247972465116309e-01 1.343861368371677967e-01
6.880884329632652729e-01 -7.254643085614892462e-01 -1.535725970211868421e-02 7.374683444959641676e+00 7.255763278510604097e-01 6.876367113391689267e-01 2.635802877346663312e-02 5.598459712229550966e+00 -8.561593562440371341e-03 -2.927951881525365715e-02 9.995345961464359164e-01 1.867848364071340306e-01
7.170946113655636278e-01 -6.967330924227133071e-01 -1.839337580636216107e-02 7.448522617646260002e+00 6.969480878269431745e-01 7.165808261050198302e-01 2.784389579450046240e-02 5.692378023267660403e+00 -6.219423191815004817e-03 -3.278593573058702360e-02 9.994430454975565814e-01 2.441772320313417566e-01
7.246580188216527052e-01 -6.885896954275355641e-01 -2.673924285560786221e-02 7.646719301262855595e+00 6.889914938758135987e-01 7.232736163876690716e-01 4.654027507737504288e-02 5.791090835963884409e+00 -1.270736496099974730e-02 -5.214889441317877017e-02 9.985584688375693796e-01 2.267279802757584672e-01
7.168156082285610520e-01 -6.966358903080595022e-01 -2.956044882296587559e-02 7.705380445404663270e+00 6.970173232489872417e-01 7.147942142603832538e-01 5.688657443279542675e-02 5.868175714804374721e+00 -1.849959163696998296e-02 -6.138132936470592355e-02 9.979429329950119110e-01 1.421508242580304948e-01
7.131797617129522759e-01 -7.004577944589130967e-01 -2.708330970933481643e-02 7.773132126265639208e+00 7.008367600597028568e-01 7.117161625115331347e-01 4.783241337080594568e-02 5.956474463768119953e+00 -1.422895751892263791e-02 -5.309408819833051629e-02 9.984881344143817783e-01 1.481135633484418901e-01
7.014958081590991767e-01 -7.122155632955782245e-01 -2.554647793287217333e-02 7.802167471284775502e+00 7.125827459382050311e-01 7.003833291430394681e-01 4.109771830260607745e-02 6.054471752587652134e+00 -1.137810732854936668e-02 -4.703385650863745743e-02 9.988284912914453528e-01 1.924180573204821720e-01
6.961582795888623387e-01 -7.169904337461989741e-01 -3.589383897430176856e-02 7.903432604997658650e+00 7.178300952135518997e-01 6.945943419156639376e-01 4.752530467497153438e-02 6.127641944990064538e+00 -9.143531351646132233e-03 -5.885081218796763686e-02 9.982249134034063554e-01 2.416742403373836889e-01
6.871977823865422774e-01 -7.252578089704976305e-01 -4.195614865942480509e-02 8.011199335248644360e+00 7.263075502843759912e-01 6.846742942679762134e-01 6.081490909766830433e-02 6.213496406402761352e+00 -1.538019125132090645e-02 -7.226493822015074564e-02 9.972668792359999923e-01 2.143284204440479013e-01
6.883134314364200979e-01 -7.247331985135266885e-01 -3.140718192664687658e-02 8.117429317187742299e+00 7.249089547705914738e-01 6.855754261722883935e-01 6.703239755590875704e-02 6.293782590239635155e+00 -2.704861175049253635e-02 -6.890664700185325509e-02 9.972563595191223929e-01 1.592190074141946465e-01
6.878830249964679178e-01 -7.255525394668673744e-01 -1.975996950626665236e-02 8.205510630298544328e+00 7.254373283707697961e-01 6.863783204051899789e-01 5.123947583680428519e-02 6.382546006604504107e+00 -2.361411713337545695e-02 -4.958138512516831187e-02 9.984908911557885958e-01 1.513291784909290838e-01
6.978303120098439116e-01 -7.160969034767050712e-01 -1.542985649052999730e-02 8.270719629323908251e+00 7.162481256469970248e-01 6.975143851721786747e-01 2.150127868386085203e-02 6.452768937196638355e+00 -4.634452223015460108e-03 -2.605584980291348815e-02 9.996497459328644863e-01 1.975706707475370916e-01
7.072696380965604046e-01 -7.068259368049801816e-01 -1.291332979997129524e-02 8.355833474124583660e+00 7.068230361593982325e-01 7.073684870333921682e-01 -5.569479912867187667e-03 6.550264405889936192e+00 1.307113542009778057e-02 -5.188314933783705167e-03 9.999011085137256005e-01 2.499416012475707549e-01
7.366393922015190832e-01 -6.761007166787984524e-01 -1.581855756356835216e-02 8.427164128201741988e+00 6.762349183476172865e-01 7.366692662345508680e-01 4.972664561362165857e-03 6.603175462389574868e+00 8.291023119502681851e-03 -1.436012158248058460e-02 9.998625134706112805e-01 2.522016054921194517e-01
