1.000000000000000000e+00 0.000000000000000000e+00 0.000000000000000000e+00 0.000000000000000000e+00 0.000000000000000000e+00 1.000000000000000000e+00 0.000000000000000000e+00 0.000000000000000000e+00 0.000000000000000000e+00 0.000000000000000000e+00 1.000000000000000000e+00 0.000000000000000000e+00
9.999985869211177603e-01 -1.657619456682656034e-03 -2.800955273911653063e-04 1.276326907141608902e-02 1.657780389611016383e-03 9.999984603886982182e-01 5.753124480458893675e-04 -4.905845392962747409e-02 2.791414470453731618e-04 -5.757759719565451375e-04 9.999997952810203428e-01 -1.389142266222605920e-02
9.999938537152848195e-01 -3.500404326115643533e-03 -1.992516181246424610e-04 1.467613637834352773e-02 3.500469352857286769e-03 9.999938198908508991e-01 3.269471122890984962e-04 -9.670137686020409407e-02 1.981059396416265123e-04 -3.276425769618120988e-04 9.999999267021865146e-01 -2.140003327862249199e-02
9.999945072194145190e-01 -3.302170196014554519e-03 -2.849613954150193289e-04 1.341154193498714058e-02 3.302281037982697509e-03 9.999944716455313465e-01 3.893819728367774484e-04 -1.049144155182962224e-01 2.836740145018486507e-04 -3.903208566596728761e-04 9.999998835893344484e-01 -1.877904804737110661e-02
9.999979811770308702e-01 -1.997447103655750501e-03 2.187394128312945883e-04 -2.121991859536914021e-02 1.997463412672685189e-03 9.999980023028073317e-01 -7.436605126705443007e-05 -6.664973574421885483e-02 -2.185904336024699346e-04 7.480282510920202512e-05 9.999999733113794642e-01 -1.193619816387624100e-03
9.999994796685521825e-01 -8.636062377312226724e-04 5.429980581317505467e-04 -5.859603986706385381e-02 8.636471491242893534e-04 9.999996242357060972e-01 -7.511357006229990672e-05 -2.199343960600183556e-02 -5.429329855448246627e-04 7.558248970323275338e-05 9.999998497555189214e-01 1.063915202959684128e-02
9.999982976737452622e-01 1.558037474628798250e-03 9.885185072642267961e-04 -9.527043213137903477e-02 -1.558108810429454120e-03 9.999987835988655149e-01 7.139834930066092894e-05 2.103020444368368380e-02 -9.884060635253560326e-04 -7.293844715281733540e-05 9.999995088665976084e-01 1.885774515189509934e-02
9.999993362540732234e-01 5.992892821708947510e-04 9.840445971809302483e-04 -4.937920798156229807e-02 -6.004357529931145503e-04 9.999991409181885338e-01 1.165178008437150504e-03 -8.122905060593002546e-03 -9.833454731138374389e-04 -1.165768090613680374e-03 9.999988370075434396e-01 2.285352865552136778e-02
9.999987171928096386e-01 -1.501866331377230265e-03 5.567856478928781983e-04 -4.434610893257776021e-02 1.501168983035786443e-03 9.999980910396170097e-01 1.250763289458701804e-03 -1.449144326058660753e-02 -5.586630642840952326e-04 -1.249925855625744339e-03 9.999990627900288143e-01 1.810848619494006065e-02
9.999969030564415107e-01 -2.416405646147727279e-03 5.957023410387482770e-04 -7.649852019600919539e-02 2.415988063078515491e-03 9.999968359925417438e-01 7.007186200863376596e-04 -1.030135188627304306e-02 -5.973936766620357476e-04 -6.992772402552233698e-04 9.999995770659787508e-01 1.694265195553653486e-02
9.999993786939483931e-01 -6.845399048926207545e-04 8.797822661405598540e-04 -7.524784408041183814e-02 6.841122361959386337e-04 9.999996477433076292e-01 4.863164699473388939e-04 -4.676532207097581009e-03 -8.801148592614542899e-04 -4.857142979825182093e-04 9.999994947395999256e-01 2.530050134899508585e-02
9.999998448590261546e-01 1.654154570188075106e-04 5.319019178482426021e-04 -3.583899542232912155e-02 -1.656071939609096591e-04 9.999999213248769170e-01 3.604504087855992358e-04 6.181889216842179069e-03 -5.318422519316917977e-04 -3.605384396490490286e-04 9.999997935779050273e-01 1.130435918378572963e-02
9.999999666039079971e-01 -2.508463037435840941e-04 6.219577727705480948e-05 -7.190623689713833075e-03 2.508143159992906731e-04 9.999998365596808325e-01 5.137828243392241140e-04 1.161829038967197164e-03 -6.232464763416954061e-05 -5.137672075895498682e-04 9.999998660794383598e-01 -3.874262355046728841e-03
9.999996264263293355e-01 -8.623396810683975865e-04 5.930831513594855462e-05 -8.308374686411958837e-03 8.623138136201256680e-04 9.999995336803145785e-01 4.348034500839487258e-04 -3.122665632400221762e-03 -5.968323574778653100e-05 -4.347521452734235542e-04 9.999999037142371927e-01 -7.394819868154657930e-03
9.999995571006959905e-01 -9.398610403815102618e-04 4.959472388148437687e-05 -1.030060178003117631e-02 9.398481343327267637e-04 9.999995246426406359e-01 2.596150557577949609e-04 -9.347956187625999086e-03 -4.983870238267061354e-05 -2.595683292657546414e-04 9.999999650701925091e-01 -3.318607803882601438e-03
9.999999438330943180e-01 -3.443732352354070313e-05 3.333884805400601095e-04 -1.689299518024096891e-02 3.447045109894935960e-05 9.999999944695847631e-01 -9.936105083508875576e-05 -1.504056291621148553e-02 -3.333850569676301105e-04 9.937253730560140219e-05 9.999999394897495231e-01 6.590732976547161032e-03
9.999999551352521943e-01 -2.670566294731935666e-04 1.356843772296676797e-04 1.307501775381417555e-02 2.670826465406145865e-04 9.999999459465129803e-01 -1.917650410366857051e-04 -3.000784099406898775e-02 -1.356331577699439129e-04 1.918012713757602039e-04 9.999999724079590147e-01 2.217993165962260996e-03
9.999997527950511556e-01 -6.477036563315987858e-04 -2.736600265715258013e-04 3.897629758407979150e-02 6.477289088525845298e-04 9.999997859733320560e-01 9.219843089810269491e-05 -3.554966718003924747e-02 2.736002507401814757e-04 -9.237566561660204680e-05 9.999999583048186924e-01 -1.138968967883834810e-02
9.999997633550562481e-01 -5.527170612981964319e-04 -4.096262706097153115e-04 2.914253690179568340e-02 5.525763814729610108e-04 9.999997883444415869e-01 -3.434682150498076449e-04 -6.212659981932182329e-02 4.098160246525099268e-04 3.432417839674214055e-04 9.999998571179415929e-01 -2.949021665447911639e-02
9.999900452668882833e-01 4.455206011019213069e-03 -2.459807435098631330e-04 1.563561587540093778e-02 -4.455340564419475041e-03 9.999899241109065917e-01 -5.491967938180633167e-04 -7.666416217293586799e-02 2.435314801781216941e-04 5.502872546951806344e-04 9.999998189381613667e-01 -2.315080996521055867e-02
9.999822173014326632e-01 5.961639255242500227e-03 -1.547200720411810542e-04 -5.402714174141807178e-03 -5.961708069195296653e-03 9.999821284257131015e-01 -4.481808543802376821e-04 -6.680881481574191261e-02 1.520454143749985461e-04 4.490952804171549867e-04 9.999998875978042268e-01 -1.647724546333281109e-02
9.999855427237803740e-01 5.377061567021686368e-03 -3.939962932457610073e-05 -1.018201454632483224e-02 -5.377067675892654476e-03 9.999855312021576070e-01 -1.566191162747273267e-04 -7.904130676087434138e-02 3.855690862852260287e-05 1.568287064621854061e-04 9.999999869590607826e-01 -9.521681157632669659e-03
9.999906914475190645e-01 4.309432025225413097e-03 -2.140418948399365440e-04 2.506996833343674153e-02 -4.309416396757823585e-03 9.999907117265157686e-01 7.342353738766193541e-05 -8.716802651971929106e-02 2.143563205037039181e-04 -7.250045826959450020e-05 9.999999743975254152e-01 -1.300125663441186775e-02
9.999874348005054481e-01 5.003103751450564164e-03 -3.149507217528913243e-04 3.746736261462026846e-02 -5.003127149989143076e-03 9.999874815762984648e-01 -7.354871358056404426e-05 -7.438573480756081879e-02 3.145788072214819684e-04 7.512352793321590738e-05 9.999999476983134628e-01 -1.902931847607750721e-02
9.999821292041062293e-01 5.964586382692217345e-03 -4.061794007983032936e-04 6.875354681262059453e-02 -5.964736173890603302e-03 9.999821428785409250e-01 -3.685734895890211489e-04 -7.262581591696089245e-02 4.039737591863850523e-04 3.709896558524476630e-04 9.999998495859272474e-01 -2.408282294988997596e-02
9.999325744442222330e-01 1.160279192870210252e-02 -4.709403456051258850e-04 1.076105209054919187e-01 -1.160286818255865451e-02 9.999326717366484596e-01 -1.595103329277286215e-04 -7.787417209963436171e-02 4.690578728060756149e-04 1.649638366067835641e-04 9.999998763858146678e-01 -3.331877624978635960e-02
9.999101617156825883e-01 1.339095278234954910e-02 -5.923523431157074869e-04 7.756765024617907900e-02 -1.339084628414378454e-02 9.999103217806848409e-01 1.833909535376724502e-04 -3.428001899127557789e-02 5.947550016119026485e-04 -1.754423788363324672e-04 9.999998077432113996e-01 -5.496479060204253336e-02
9.999348187502620222e-01 1.139317814680652213e-02 -7.441388282738097644e-04 7.463013988638528273e-02 -1.139329577555219658e-02 9.999350824365097479e-01 -1.540261705706040605e-04 -2.125594524645606914e-02 7.423356729935984581e-04 1.624943247209102693e-04 9.999997112666297872e-01 -6.490270327075903234e-02
9.999567361261595400e-01 9.265171818826679201e-03 -8.261156611825181198e-04 9.629684348572301045e-02 -9.265276078002759874e-03 9.999570689090557796e-01 -1.224663560645312965e-04 -1.657776741671366377e-02 8.249455233049738951e-04 1.301152473687706599e-04 9.999996512673922089e-01 -6.220687491338521002e-02
9.999981224560723359e-01 -1.785043984475606985e-03 -7.541235334816728895e-04 1.308033747951507508e-01 1.785531946595476840e-03 9.999981967082866019e-01 6.468816295639404513e-04 -2.706169108086313793e-03 7.529674614154332080e-04 -6.482269266759759820e-04 9.999995064208049289e-01 -4.673199804624211806e-02
9.997164019283564240e-01 -2.380527765877090904e-02 -6.515143971836128865e-04 1.690635298744391779e-01 2.380580680969255139e-02 9.997162679049192979e-01 8.168527401646918712e-04 4.773115036134826378e-02 6.318841353527764959e-04 -8.321309081758507557e-04 9.999994541401465709e-01 -2.810638853641618529e-02
9.986161437576412947e-01 -5.258300838711753300e-02 -9.081054884456643203e-04 1.929976969288931254e-01 5.258448017133172947e-02 9.986150643549864814e-01 1.680978404712506636e-03 7.406060135327847960e-02 8.184569192317223824e-04 -1.726404427304523755e-03 9.999981748263467862e-01 -3.069013411824041485e-02
9.978499525966202377e-01 -6.552337913080767684e-02 -1.469316236605207240e-03 2.156164478909591564e-01 6.552725472864324996e-02 9.978469459815302312e-01 2.766095273220284603e-03 2.599717400091638986e-02 1.284908810078433557e-03 -2.856428296573556777e-03 9.999950949013381996e-01 -6.059445170512531287e-02
9.974574774950217826e-01 -7.125231085183587887e-02 -1.299533586116716211e-03 2.567991992893960407e-01 7.125425491007043866e-02 9.974570322349485263e-01 1.516575833782653204e-03 -3.559213737851538162e-02 1.188169381358555616e-03 -1.605317203004113288e-03 9.999980056031106956e-01 -4.183511631907530642e-02
9.969222964676129894e-01 -7.839013178728226894e-02 -9.602312811545112145e-04 2.752284031283965815e-01 7.838914462907328740e-02 9.969223086988516780e-01 -1.025876636639414799e-03 -7.000663438113871595e-02 1.037694590437069058e-03 9.474475837152549753e-04 9.999990127660192130e-01 -3.510780393145784828e-03
9.968692709944492192e-01 -7.903788196494285212e-02 -2.160963093397512934e-03 3.094621236897617256e-01 7.903092905275510560e-02 9.968672406505844075e-01 -3.133172632995790373e-03 -1.823522179390029141e-01 2.401832644805440391e-03 2.952580597634351517e-03 9.999927567076477564e-01 -4.053458582792687087e-02
9.964445775310520892e-01 -8.400981444964110423e-02 -6.368279602843042106e-03 3.811755030698265045e-01 8.382531347373377295e-02 9.961629452602617230e-01 -2.515359440380294381e-02 -1.797552259457957380e-01 8.456992964013990144e-03 2.453033971508816052e-02 9.996633141730614236e-01 -8.815416366637771062e-02
9.959397800996475647e-01 -8.954596320016605659e-02 -9.245263090914102727e-03 3.847165364163405710e-01 8.886451808513215478e-02 9.943519235523576860e-01 -5.802886827453569707e-02 -7.559197884189945704e-02 1.438929604125691042e-02 5.697168245962815070e-02 9.982720949506483921e-01 -2.897468383894610811e-02
9.987474625814191098e-01 -4.896062140574142935e-02 -1.031327003139656528e-02 4.523744879174582678e-01 4.818831181625677501e-02 9.967125333522196540e-01 -6.513073362783144971e-02 -5.422575436424761225e-02 1.346820669116924329e-02 6.455217587474476604e-02 9.978234432996450076e-01 2.800616401870536024e-02
9.991719210672982410e-01 -3.982153568455023412e-02 -8.349697384267039738e-03 6.890996347800548705e-01 3.928718700878588294e-02 9.976254782277996780e-01 -5.656785419026129358e-02 -7.140475663374067083e-02 1.058248967027273883e-02 5.619297541933572504e-02 9.983638417059687020e-01 -6.812192613369627558e-04
9.982917540503745135e-01 -5.808973549270950859e-02 -6.257509521649084680e-03 7.668718286118272331e-01 5.773923207933776697e-02 9.972569582705855806e-01 -4.631134050951242476e-02 -2.155769800083270904e-02 8.930558432419372777e-03 4.587092555515616399e-02 9.989074548299249345e-01 -4.306230103979018231e-02
9.982066849599255942e-01 -5.986069870755602457e-02 3.329437775852340901e-04 7.388823865284697145e-01 5.984435938078164902e-02 9.977697751016411098e-01 -2.956566494980963564e-02 -7.646909977044773557e-03 1.437620123566394010e-03 2.953256920526474774e-02 9.995627847236593366e-01 -1.564292387231767945e-02
9.978178756719466858e-01 -6.601318805828038094e-02 1.321359869830924551e-03 7.534006708433337307e-01 6.601806330892370789e-02 9.978101345567300662e-01 -4.068254271684139910e-03 -1.882718318652081696e-02 -1.049907835208270697e-03 4.146610454605560887e-03 9.999908516157911542e-01 -2.857599177625636325e-02
9.955234144609039770e-01 -9.449673388081644698e-02 -1.870440044820315551e-03 8.650792134248432852e-01 9.450884510290133433e-02 9.954913412595559619e-01 8.066453654864372269e-03 2.311840011182394322e-02 1.099753344578101918e-03 -8.207116613551404538e-03 9.999657163020503337e-01 5.891493759478537429e-02
9.853614947181678074e-01 -1.698267074810696498e-01 -1.488671061441584724e-02 9.309224721295462635e-01 1.699584715345964780e-01 9.854181378143790360e-01 8.075371202944806384e-03 1.260873525723483213e-01 1.329822094875565165e-02 -1.048728242114171406e-02 9.998565768284055633e-01 1.530988031734676347e-01
9.733755087242270676e-01 -2.271970550986434079e-01 -3.035814833543185737e-02 9.634400889892823505e-01 2.275736472101966834e-01 9.737141339215467095e-01 9.540466281122842937e-03 1.402459530567619628e-01 2.739259227055785423e-02 -1.619517075909667272e-02 9.994935529220699832e-01 1.294776722265272850e-01
9.629758083529710300e-01 -2.666351575870358759e-01 -3.979051728086224066e-02 1.146426105131623574e+00 2.675402473069832809e-01 9.633516555603259812e-01 1.938565965081288575e-02 1.079937017953182810e-01 3.316336228219726040e-02 -2.931348610649179079e-02 9.990199752429499425e-01 2.429654415771788367e-02
9.574403487580375183e-01 -2.866289964952786207e-01 -3.393813398224846539e-02 1.355521858137866520e+00 2.876243551912992524e-01 9.572946874192768130e-01 2.931060797080884892e-02 1.244836402129858299e-01 2.408752521279063086e-02 -3.782459262092147112e-02 9.989940396830125913e-01 -1.075229864695434745e-01
9.534056096105687494e-01 -3.007412226457857329e-01 -2.392614813583203090e-02 1.441257867559884165e+00 3.012479346306997652e-01 9.533041944908405840e-01 2.146612789739493418e-02 1.496789058695850161e-01 1.635314782656452012e-02 -2.767362946358182044e-02 9.994832388732063366e-01 -1.513180105984956447e-01
9.498280106718460791e-01 -3.125778112547815679e-01 -1.103911474411050329e-02 1.379383865953422106e+00 3.125429975614673062e-01 9.498915176879179079e-01 -4.793672896291451338e-03 2.054515985801526334e-01 1.198435724000834930e-02 1.102966778346769778e-03 9.999275767003477089e-01 3.503445560710927165e-02
9.550132017708728993e-01 -2.957926095668410582e-01 -2.136624836007352049e-02 1.362451291382875018e+00 2.954526048657398762e-01 9.551935342774691140e-01 -1.769379418232527867e-02 2.298048733034817326e-01 2.564259583963738806e-02 1.058509329934524332e-02 9.996151324777197145e-01 2.081497590845268753e-01
9.600413245323929923e-01 -2.778978602419659993e-01 -3.306712057354221912e-02 1.603348581544375762e+00 2.778163990523404014e-01 9.606077639946912772e-01 -7.125459333278912066e-03 2.622463806815826803e-01 3.374468265785260379e-02 -2.345852948548271446e-03 9.994277329383374209e-01 1.965201610150634770e-01
9.554082558133365488e-01 -2.919304473622659768e-01 -4.440358799224945058e-02 1.902905997214803469e+00 2.928322000499978262e-01 9.560425032098737175e-01 1.523268427023196162e-02 3.489306681062724902e-01 3.800483308207309313e-02 -2.755623267186163919e-02 9.988975356378341219e-01 6.721108264199471272e-03
9.456965044699852108e-01 -3.227551781100915229e-01 -3.856444523617900272e-02 2.008985029702446745e+00 3.238668697674120245e-01 9.457140389172278283e-01 2.711470563960290125e-02 3.718228263412884371e-01 2.771952561479635452e-02 -3.813202850606313421e-02 9.988881700679528297e-01 -1.219702226933563061e-01
9.235604327392703539e-01 -3.824186711445732856e-01 -2.814404090514429496e-02 2.005331197851663472e+00 3.831370910790151685e-01 9.232890843511173395e-01 2.726235788749500205e-02 3.823642283768404204e-01 1.555945108164745461e-02 -3.596146101167354420e-02 9.992320435233968956e-01 -8.480164774100637515e-02
8.983146613083158316e-01 -4.389835574485363989e-01 -1.800570932658345641e-02 1.983190213496455190e+00 4.393206069168193451e-01 8.979895704947067347e-01 2.474137467825348116e-02 4.015750226311008420e-01 5.307882512204362135e-03 -3.013581876371989807e-02 9.995317197621478300e-01 5.448751266058540765e-02
8.577852829920846744e-01 -5.138572626559571033e-01 -1.245479417396559360e-02 2.096655439303750423e+00 5.139574624871737774e-01 8.571084410784408636e-01 3.482595276270766815e-02 4.755564355854384750e-01 -7.220459537630126434e-03 -3.627442415547955934e-02 9.993157814806358230e-01 9.239276601289059254e-02
8.335213140193455938e-01 -5.524660781070981352e-01 -4.842686901410073880e-03 2.209154950974330234e+00 5.519969142555397612e-01 8.323802631970989019e-01 4.942169657438343078e-02 5.124369459791271453e-01 -2.327285388227176219e-02 -4.386718569602955642e-02 9.987662610897929394e-01 1.300739658097227469e-02
8.116653053523158468e-01 -5.840942808397225905e-01 5.770890542987107408e-03 2.343154264343583648e+00 5.830317667902321643e-01 8.107132950427279328e-01 5.308401034608518226e-02 5.750709340701547490e-01 -3.568460453462100890e-02 -3.972183695764990724e-02 9.985733747040913544e-01 1.395181796263743335e-02
8.089235879386449390e-01 -5.878794346344118349e-01 6.356037318476153580e-03 2.400954443247963255e+00 5.869487272363203001e-01 8.081677342147292054e-01 4.853972568829224149e-02 6.455983781224849949e-01 -3.367225077319981053e-02 -3.553426104698483717e-02 9.988010291442993571e-01 6.580827847806161590e-02
8.050279836044720305e-01 -5.931667486395059141e-01 -9.118877242025567181e-03 2.536164837550396456e+00 5.932136843433329920e-01 8.047656510620664339e-01 2.120781880478845791e-02 7.210678498714577778e-01 -5.241213745538374734e-03 -2.248233037488441347e-02 9.997335017390325262e-01 6.489061641788723689e-02
8.073494773615257358e-01 -5.891857526365852360e-01 -3.235692034375010906e-02 2.564999501892705425e+00 5.894848893056151562e-01 8.077793222146837371e-01 -3.631566230367123949e-04 7.556964162723077694e-01 2.635121789249781840e-02 -1.878072129729706913e-02 9.994763117868954438e-01 5.210806531575547240e-02
8.330625192364087273e-01 -5.498191494043238592e-01 -6.087480588711486479e-02 2.676553226228646665e+00 5.496832843023526927e-01 8.351224421592495784e-01 -2.046444625563751535e-02 8.114945662077778232e-01 6.208966099172274350e-02 -1.641370007879800613e-02 9.979356013529411262e-01 9.783619593937123438e-02
8.332318517742092201e-01 -5.474721562813885667e-01 -7.745269062808105009e-02 2.925544532466188397e+00 5.482853694781962828e-01 8.362016784706195471e-01 -1.224363259316603274e-02 9.051927260839198741e-01 7.146911784176468441e-02 -3.226439244005104012e-02 9.969208464945420456e-01 1.741887759481667297e-01
8.340147194431438704e-01 -5.468247071074590071e-01 -7.349957448186793252e-02 2.992479138466519029e+00 5.485741859114885433e-01 8.360902546802357893e-01 4.410054453858194140e-03 9.482721538523076754e-01 5.904075121237496726e-02 -4.399801956429505445e-02 9.972854977240460661e-01 8.747202025020393845e-02
8.160502925040150624e-01 -5.731801441686544818e-01 -7.434004597060678288e-02 3.080532410954711864e+00 5.748762651403512836e-01 8.182384902930133208e-01 1.747221019465453745e-03 9.961368687518403764e-01 5.982641458747078866e-02 -4.416214820194840074e-02 9.972314198739413715e-01 -5.982865114871747936e-03
7.931609583527564622e-01 -6.041961702492407715e-01 -7.643743847806153124e-02 3.025340106813379393e+00 6.053285971545964150e-01 7.959128474707347634e-01 -1.000143479083378563e-02 1.036971034802026237e+00 6.688036791006235493e-02 -3.833701980041542834e-02 9.970242170083117861e-01 6.650582081279821089e-02
7.694816997062975394e-01 -6.324422081748832802e-01 -8.896497701896563526e-02 3.100875062436292851e+00 6.340058573483897675e-01 7.732183154006312398e-01 -1.303877206424643859e-02 1.097653103048007672e+00 7.703561945646147935e-02 -4.637122003880974480e-02 9.959494079957432744e-01 2.095584980013757703e-01
7.456778543599398290e-01 -6.575038028918617217e-01 -1.079503899941835904e-01 3.185998729563270349e+00 6.614136478285471687e-01 7.500211196296010518e-01 5.536927796228954812e-04 1.171276950930433269e+00 8.060101725965383712e-02 -7.181273767445106593e-02 9.941561279418889008e-01 2.008941376217345254e-01
7.419558188219157469e-01 -6.606749502542995645e-01 -1.140621454417699854e-01 3.398454942616877528e+00 6.672166915535001630e-01 7.442998704836927271e-01 2.897566755675955175e-02 1.232089550964895919e+00 6.575294235775430707e-02 -9.760283246113905797e-02 9.930509743547210055e-01 6.742634747393547179e-02
7.232781117755615607e-01 -6.834138491799034432e-01 -9.906706705806063440e-02 3.567364344880114224e+00 6.894085234710701782e-01 7.228762032000098925e-01 4.653904395856071907e-02 1.333016087620393364e+00 3.980779812821892694e-02 -1.019583522632947353e-01 9.939918679807883128e-01 -3.566888023950887110e-02
7.164020725289192981e-01 -6.933888104499857929e-01 -7.733064088071836539e-02 3.619109157656724474e+00 6.972594830187007764e-01 7.154335357533880835e-01 4.454289236118032236e-02 1.365797670925107621e+00 2.443939067904726467e-02 -8.583014308597665398e-02 9.960099912757289786e-01 -2.246388634401925988e-02
7.150472937375871307e-01 -6.961434002070525651e-01 -6.396666371412774998e-02 3.637494754758546556e+00 6.985788186019907808e-01 7.149917475841889303e-01 2.782867383032305506e-02 1.441600702483068375e+00 2.636288905260021978e-02 -6.458457427800469441e-02 9.975639482489978560e-01 5.349365384690538128e-02
7.141771622009867038e-01 -6.975635620361352318e-01 -5.793149324853108517e-02 3.705983652198716172e+00 6.991062168375127284e-01 7.149522350821615468e-01 9.684995103897496571e-03 1.544893484433335740e+00 3.466235089670718916e-02 -4.741706939996043202e-02 9.982735812190127733e-01 1.421782764827479728e-01
7.233547396173893862e-01 -6.879153753183230302e-01 -5.941680800673883323e-02 3.795435388901890583e+00 6.896346656829140942e-01 7.240410263852554706e-01 1.298537636732736283e-02 1.626932739810623696e+00 3.408736659635518140e-02 -5.036892406669511019e-02 9.981487979890018014e-01 1.645249657561955459e-01
7.300291406372543257e-01 -6.810190919175440616e-01 -5.718785066983950865e-02 4.015971933631667490e+00 6.830878513549940578e-01 7.297123118194425162e-01 3.018160549643671489e-02 1.711569529521709265e+00 2.117642915247675700e-02 -6.109777756128724480e-02 9.979071201396558788e-01 1.101311424546702611e-01
7.192971031360996248e-01 -6.935754685423299870e-01 -3.955688127624247541e-02 4.135730018109016193e+00 6.946683556140084148e-01 7.175294908453023757e-01 5.086556276903579643e-02 1.815842977416618265e+00 -6.895877648632958018e-03 -6.406636561854080203e-02 9.979218144062622642e-01 7.404655493967727403e-03
7.112442055664343066e-01 -7.026971829411696735e-01 -1.866411355291603888e-02 4.136044840747629792e+00 7.023818992708330544e-01 7.093613571522308092e-01 5.887386989015387651e-02 1.864024511636726666e+00 -2.813090160071620230e-02 -5.498303434414777979e-02 9.980909368937487258e-01 1.288356425347329803e-02
6.926457557803233911e-01 -7.210821434204870428e-01 -1.680474455684025092e-02 4.176832504043434646e+00 7.206737816402188912e-01 6.909243270858296260e-01 5.703397844600557182e-02 1.948589138587302649e+00 -2.951537660085944148e-02 -5.161508191516814975e-02 9.982307978934530368e-01 8.168464301333766553e-02
6.642709958031032258e-01 -7.468762216918116703e-01 -3.033073698605649737e-02 4.326189506572049481e+00 7.471363118482234889e-01 6.621569114353034191e-01 5.775427392231442802e-02 2.053446970783101122e+00 -2.305158676940843171e-02 -6.102568401766175765e-02 9.978699766189926823e-01 1.201268836290059761e-01
6.478008864825357538e-01 -7.610145934526402201e-01 -3.479655190609476367e-02 4.393222545654579037e+00 7.612821275226728801e-01 6.449770355357618001e-01 6.673938826550193659e-02 2.119652548176089724e+00 -2.834667153288960087e-02 -6.972382794721923571e-02 9.971635041603723604e-01 7.718921378686402490e-02
6.399106888925056857e-01 -7.682100493656659479e-01 -1.917368756186341172e-02 4.508704125671486374e+00 7.669719010385788183e-01 6.369351327766232806e-01 7.789569726303198494e-02 2.196035065062705627e+00 -4.762786220677379945e-02 -6.455196889659099713e-02 9.967771215538537843e-01 8.381494112795721818e-02
6.352561910314025173e-01 -7.722933520536258145e-01 -3.542616271679479428e-03 4.579554431596274178e+00 7.704776911357612557e-01 6.334343120345009570e-01 7.158980234282520672e-02 2.294380460757648788e+00 -5.304431372334347805e-02 -4.820737195857770219e-02 9.974278671014094044e-01 8.616209520213363726e-02
6.422156256350519676e-01 -7.664541256108569067e-01 1.035198165936525999e-02 4.634055792244068606e+00 7.651838987928866187e-01 6.418325988443158714e-01 5.044319665593232499e-02 2.385517256491275884e+00 -4.530663547755819920e-02 -2.447423941307597800e-02 9.986732801005817617e-01 1.079786023474162693e-01
6.490342729638038932e-01 -7.604057338208117800e-01 2.318690343231314885e-02 4.709137204724894943e+00 7.594622108948719807e-01 6.494057246841292708e-01 3.859216203005524926e-02 2.486386078476621631e+00 -4.440340911483807440e-02 -7.438058880767792896e-03 9.989859921635870776e-01 1.373628281784360361e-01
6.733503043406501298e-01 -7.387389950985799869e-01 2.939497856937421660e-02 4.778814154103457668e+00 7.371007014576128613e-01 6.738757840095970231e-01 5.073444230644616471e-02 2.561204573698733888e+00 -5.728807515573326736e-02 -1.249499284478145303e-02 9.982794957319116591e-01 1.238416969479943924e-01
6.904297822001539409e-01 -7.230324890310042552e-01 2.303770076805971775e-02 4.936183731740390712e+00 7.206657502329916198e-01 6.902378039539820431e-01 6.490493381788148275e-02 2.672286806098261636e+00 -6.282986783502995942e-02 -2.820981741193840514e-02 9.976254878006163285e-01 8.098892605515359278e-02
6.823852383494497520e-01 -7.308152376627707891e-01 1.610822406947975613e-02 5.086294755951079161e+00 7.287634634074080520e-01 6.818586677207831848e-01 6.302834010568564294e-02 2.778098617324046948e+00 -5.704560355718990561e-02 -3.127052372357184279e-02 9.978817332033137477e-01 3.392770420320821712e-02
6.618260041715857689e-01 -7.494736408110239667e-01 1.660126295617957506e-02 5.105302952274971773e+00 7.477027688793097537e-01 6.615365899506082670e-01 5.753181351855865544e-02 2.844309601656693332e+00 -5.410092062511943911e-02 -2.566323997450351002e-02 9.982056343767679030e-01 5.722665319369466680e-02
6.416071835677495949e-01 -7.667946659408467758e-01 1.913536722734460530e-02 5.095546164432533942e+00 7.651502400022075490e-01 6.415798238216467997e-01 5.404109445180359239e-02 2.948497476295880215e+00 -5.371528850173075409e-02 -2.003172358160733649e-02 9.983553464731512728e-01 1.135419925660214047e-01
6.129901205143686305e-01 -7.900307902641801050e-01 9.719186505832023287e-03 5.203774964360773581e+00 7.881331891301917025e-01 6.122905853454154723e-01 6.281970462237314312e-02 3.059751665431634571e+00 -5.558046728171296691e-02 -3.084784485055303352e-02 9.979775659426531886e-01 1.285690053826130108e-01
5.951314841987895843e-01 -8.036108749853649869e-01 5.298879183552138161e-03 5.277751861656579280e+00 8.002275365433662024e-01 5.932060785877757425e-01 8.799112503115880113e-02 3.112783026623369587e+00 -7.385395231862153242e-02 -4.812597980061994463e-02 9.961071648146845314e-01 8.948315752848561011e-02
5.955146238176003415e-01 -8.033388029920958129e-01 3.016691334673471392e-03 5.351751276169656180e+00 7.992581918155623466e-01 5.928595859170858740e-01 9.850814282047704040e-02 3.179168156523323407e+00 -8.092388791389060199e-02 -5.625192435329004481e-02 9.951316723788122820e-01 6.902920205106240215e-02
6.011930153243323360e-01 -7.990614494980042837e-01 -8.231540037294256956e-03 5.453758681919152806e+00 7.964615160575411190e-01 5.983363080057331196e-01 8.742262842875161977e-02 3.296770779927731265e+00 -6.493082291608767709e-02 -5.911397845025161829e-02 9.961373026783119089e-01 9.142622059173224902e-02
6.128843242567800775e-01 -7.899701482023316901e-01 -1.788770609933310746e-02 5.510462890181020867e+00 7.889601402027034416e-01 6.105334397914761180e-01 6.921572124682702498e-02 3.424629692324230756e+00 -4.375731083648241176e-02 -5.653391765634184496e-02 9.974413335644284340e-01 1.033479600930856945e-01
6.380021413767764660e-01 -7.697609952215054285e-01 -2.052505381833178572e-02 5.607043318063198889e+00 7.694769629422655299e-01 6.362994026830960381e-01 5.502975237344410325e-02 3.479997192162306074e+00 -2.929967746913241661e-02 -5.090265593004757866e-02 9.982737342630386701e-01 1.142860975539631424e-01
6.527130240715981468e-01 -7.574242455414966768e-01 -1.655960365479878377e-02 5.688632439299365018e+00 7.570208885517931696e-01 6.511954195587170702e-01 5.351541686280890386e-02 3.579219580982622162e+00 -2.975033619243896282e-02 -4.746617544779749287e-02 9.984297069322385365e-01 1.092374620270222252e-01
6.799028091469656587e-01 -7.332613936611489525e-01 -7.739423762433885606e-03 5.738656930533550415e+00 7.320478337518518952e-01 6.780848824127576613e-01 6.562668163557944245e-02 3.660604972928910517e+00 -4.287352578556902216e-02 -5.028539359880138809e-02 9.978142311960316313e-01 1.451903574994503621e-01
6.867162261290238323e-01 -7.269255917571376679e-01 -9.391297339528606458e-05 5.858459114249705557e+00 7.248314022258383060e-01 6.847280643150335244e-01 7.594021521376115302e-02 3.784345879599924523e+00 -5.513858103394070342e-02 -5.221744907521324447e-02 9.971123682382246889e-01 1.214138764665419201e-01
6.852802893053697719e-01 -7.282749779336364915e-01 2.545899705390115147e-03 5.927659107674834615e+00 7.262280431527928792e-01 6.836080435902454067e-01 7.261454452919523239e-02 3.866872666176424111e+00 -5.462375333143942857e-02 -4.791241232163583746e-02 9.973568299848893925e-01 8.550600817197218095e-02
6.752884986682832213e-01 -7.375524276579268346e-01 1.363826321309588585e-03 5.972655700067103446e+00 7.363984141075745615e-01 6.743330572794701272e-01 5.470195206729019238e-02 3.924115280514807846e+00 -4.126523071770433343e-02 -3.593527954561424181e-02 9.985017959011356359e-01 8.338264726974244090e-02
6.655113042094378262e-01 -7.463657618723298359e-01 -5.731795023344697301e-03 6.041265423962978609e+00 7.461668278948883071e-01 6.651078457256376364e-01 2.943838486536549601e-02 3.995880175249668653e+00 -1.815954070821166472e-02 -2.386845321628158420e-02 9.995501628344267697e-01 1.311408434031121617e-01
6.285394495936629244e-01 -7.776802165469243189e-01 -1.231426392538053152e-02 6.090859474541913343e+00 7.777775044955435035e-01 6.284490997918636968e-01 1.067157305558828762e-02 4.103691949106140768e+00 -5.601831662614097096e-04 -1.628526212023999331e-02 9.998672294022318274e-01 1.593117689260312997e-01
6.304723641758406272e-01 -7.762093833341094928e-01 1.895055304711440632e-03 6.103948181710594056e+00 7.760753642394120355e-01 6.304055064174092227e-01 1.720251432999960264e-02 4.159109035208961913e+00 -1.454740633894078400e-02 -9.375004143545865448e-03 9.998502299175203722e-01 1.966057908910219809e-01
6.346771167655633761e-01 -7.727101771433108057e-01 1.019507691510424842e-02 6.272114828268250619e+00 7.721127814495424291e-01 6.346231067918832736e-01 3.309629961293590605e-02 4.274586492463972931e+00 -3.204387892254545456e-02 -1.313371481993423108e-02 9.994001677799668748e-01 1.597142565660809865e-01
6.473300816765289456e-01 -7.621960594653914844e-01 4.575182191737478879e-03 6.371652351353128907e+00 7.616859964526442317e-01 6.470960728592137778e-01 3.318305739568697815e-02 4.382944434101220921e+00 -2.825257801689527032e-02 -1.799553904756103981e-02 9.994388187426916925e-01 9.063387726258403942e-02
6.643638287014490551e-01 -7.474059689415708529e-01 -2.240692674929658026e-03 6.440082986130889253e+00 7.473269707799332640e-01 6.642431334930656295e-01 1.683622143482161812e-02 4.484838904352440814e+00 -1.109512767121745638e-02 -1.285990660250746313e-02 9.998557500680456123e-01 7.194081344616765072e-02
6.770340881060210592e-01 -7.359379085106221297e-01 -4.498706420700586232e-03 6.487300313707578425e+00 7.359481290528013808e-01 6.770371233451826232e-01 1.041612289323496721e-03 4.555421623477130311e+00 2.279229284161932503e-03 -4.016021599934580140e-03 9.999893382853534129e-01 1.140428692184828202e-01
6.988988000344582563e-01 -7.152172892762730383e-01 -2.167124983541630391e-03 6.542594711481070746e+00 7.151949790182797750e-01 6.988962154641035207e-01 -6.342081440320012503e-03 4.660582388936358456e+00 6.050561745549995311e-03 2.882556201226418868e-03 9.999775405339411671e-01 1.718311290786948553e-01
7.029767987905438664e-01 -7.111847405148586931e-01 6.315474725808420051e-03 6.683327828426821604e+00 7.112113978010953241e-01 7.029652305665168299e-01 -4.269924165124839611e-03 4.785751572544134191e+00 -1.402854237372492142e-03 7.493295228197540368e-03 9.999709408410885070e-01 1.817223416891682319e-01
6.985267539882042964e-01 -7.154353449638899409e-01 1.458221996482744059e-02 6.743308070295880974e+00 7.155575024182803112e-01 6.985310657108954047e-01 -5.640121427197077736e-03 4.856615037651350164e+00 -6.150991433556642594e-03 1.437419261038519816e-02 9.998777664750746474e-01 1.503418624245838053e-01
6.927972649149654050e-01 -7.210728525664105160e-01 9.267740721612273413e-03 6.831156382610573452e+00 7.211304274130265757e-01 6.927080273364112362e-01 -1.124702284177299914e-02 4.924037736494514483e+00 1.690084450263462483e-03 1.447515649094584418e-02 9.998938010904525608e-01 1.425802845238447469e-01
6.872666080249507647e-01 -7.264045206081403139e-01 -1.040160534141210905e-03 6.881501726822762954e+00 7.263941247134902968e-01 6.872632935707434498e-01 -4.554216948794866278e-03 5.028141084400804317e+00 4.023067933970994256e-03 2.374394733848967862e-03 9.999890885274931307e-01 1.832582978896309944e-01
6.776353614235488543e-01 -7.353622699135174967e-01 -7.255958655861958345e-03 7.014139140100190239e+00 7.353049244255037697e-01 6.773595222789539072e-01 2.259968348521098486e-02 5.137415675458368192e+00 -1.170406185820127912e-02 -2.064968681764191294e-02 9.997182629973070389e-01 1.693500445477987837e-01
6.699477847159451827e-01 -7.423415415019960495e-01 -9.949950484190945091e-03 7.087885465172657717e+00 7.417031359680850144e-01 6.686674358478417179e-01 5.253873172984682705e-02 5.232987868191750103e+00 -3.234847522381738283e-02 -4.257811641104780609e-02 9.985693166493657680e-01 1.458176441561861991e-01
6.737429084161188353e-01 -7.388289078933873988e-01 -1.422456396709127248e-02 7.169180245094310067e+00 7.377044319467580547e-01 6.713439898918036608e-01 7.134015925315100037e-02 5.295600312263482934e+00 -4.315859642180765871e-02 -5.855845026312043317e-02 9.973506121007201797e-01 1.337751171691217711e-01
6.663820816965970728e-01 -7.451866619658067403e-01 -2.513483682000473840e-02 7.294594294462802608e+00 7.449376174515687232e-01 6.639705838403501259e-01 6.489229461411180622e-02 5.400804331502746969e+00 -3.166808013268120753e-02 -6.196694782674899704e-02 9.975756763663331528e-01 1.007997355699976338e-01
6.708272760483877661e-01 -7.413010851100888532e-01 -2.152828195897421928e-02 7.307445654901531640e+00 7.414068747699728013e-01 6.696722275185589268e-01 4.306917382715270276e-02 5.492048579721454438e+00 -1.751033275874946601e-02 -4.485319280649322643e-02 9.988401170065914769e-01 1.156862213765404157e-01
6.879483905580672243e-01 -7.255896633750311686e-01 -1.570516895400284746e-02 7.374936176777328711e+00 7.257135642569438883e-01 6.874999035026866379e-01 2.614775969904583122e-02 5.602970387553117604e+00 -8.175242017671528402e-03 -2.938576334052457953e-02 9.995347129193898894e-01 1.913356132942348464e-01
7.163959408120320616e-01 -6.974727562250725432e-01 -1.756730804204544028e-02 7.447711860121565941e+00 6.976803981083107287e-01 7.159979261584933363e-01 2.426997800093375068e-02 5.703355694567466827e+00 -4.349492323541179900e-03 -2.964328019193184643e-02 9.995510781625870367e-01 2.775587008743551909e-01
7.233355949201119017e-01 -6.900561947766882254e-01 -2.465897751094060786e-02 7.629408118437778441e+00 6.903906670170546489e-01 7.221375882355461906e-01 4.333624987346287871e-02 5.796136762249009422e+00 -1.209727313546830711e-02 -4.837098001556473792e-02 9.987561785916619916e-01 2.748470258418193035e-01
7.163858080819653917e-01 -6.971786750599420213e-01 -2.707894053343249188e-02 7.684723339071397596e+00 6.973905777975772935e-01 7.143602354609153160e-01 5.775669650687083323e-02 5.876695537589709417e+00 -2.092261881100443768e-02 -6.026067568397620866e-02 9.979633735704933617e-01 1.559128080650209469e-01
7.133467381474797309e-01 -7.003215229641911455e-01 -2.619533636865246928e-02 7.766436645814422057e+00 7.005972528086840123e-01 7.117068578967313819e-01 5.135014877959567098e-02 5.947249842804717801e+00 -1.731821385928261625e-02 -5.498284183158968358e-02 9.983371006693313454e-01 1.130250336212208773e-01
7.010868106556531476e-01 -7.126029026647476838e-01 -2.596896298392824959e-02 7.796727773665646843e+00 7.130142740155419601e-01 7.000822499297119084e-01 3.867154488046836702e-02 6.063520693727000754e+00 -9.377045098221917230e-03 -4.562835135229660610e-02 9.989144731047284731e-01 1.776490232107304779e-01
6.954679934813772224e-01 -7.177503629056893875e-01 -3.403948577370634332e-02 7.886495747735599693e+00 7.185228781066399506e-01 6.941919801412672619e-01 4.268920642149688638e-02 6.161473067443691498e+00 -7.010255368945571969e-03 -5.414712602066426572e-02 9.985083600367923307e-01 2.890480308763577755e-01
6.872205722916381321e-01 -7.254207557774685622e-01 -3.863433843616127100e-02 7.993709801740821241e+00 7.262749448173837497e-01 6.849202616953473655e-01 5.838612548956395587e-02 6.229857064116418819e+00 -1.589306608743540350e-02 -6.818329858860869286e-02 9.975462135880808212e-01 2.605868999320880008e-01
6.881044483725820005e-01 -7.249662947594425200e-01 -3.059639836042507208e-02 8.121737736068681102e+00 7.250200677885053624e-01 6.852295978148745803e-01 6.932748071592062522e-02 6.280932217478316204e+00 -2.929452907652990365e-02 -6.988755068844887397e-02 9.971246465838430328e-01 1.667640572849196923e-01
6.877618884783855968e-01 -7.256396856372593351e-01 -2.075165981082452774e-02 8.215505748996729807e+00 7.255384713439878563e-01 6.861577068082189701e-01 5.274019328288202108e-02 6.381668382574869902e+00 -2.403146596597916310e-02 -5.132882246794610165e-02 9.983926284922080008e-01 1.304240539176246272e-01
6.966829795372996292e-01 -7.172135572641409329e-01 -1.541231000037349488e-02 8.252649587605827008e+00 7.173657102695190080e-01 6.963776966241856936e-01 2.108414982640292867e-02 6.451973487041131605e+00 -4.389049161166561769e-03 -2.574523103238117450e-02 9.996589014891780201e-01 1.816793414872361345e-01
7.068992595230856324e-01 -7.071966198360249978e-01 -1.289875103310015279e-02 8.349918990024264076e+00 7.071656362698292009e-01 7.070070123104931215e-01 -7.605749330450311402e-03 6.548789859647698108e+00 1.449826764826359603e-02 -3.745054911594857591e-03 9.998878811141319600e-01 2.644951781154425419e-01
7.349545119607340249e-01 -6.779582790532003855e-01 -1.464367480457751287e-02 8.412927941242591245e+00 6.780618695888744885e-01 7.349979080105895068e-01 3.190020328628606974e-03 6.618995866997062549e+00 8.600369654810076023e-03 -1.227383734941538303e-02 9.998876869721522453e-01 2.725235153992286996e-01
