1.000000000000000000e+00 0.000000000000000000e+00 0.000000000000000000e+00 0.000000000000000000e+00 0.000000000000000000e+00 1.000000000000000000e+00 0.000000000000000000e+00 0.000000000000000000e+00 0.000000000000000000e+00 0.000000000000000000e+00 1.000000000000000000e+00 0.000000000000000000e+00
9.999982121931578760e-01 -1.794682828419015162e-03 -5.955871334075423526e-04 2.582202143345036643e-02 1.794836720887577021e-03 9.999983560090855983e-01 2.579540101495214318e-04 -5.306482051289593965e-02 5.951232086351690648e-04 -2.590225306351051117e-04 9.999997893678254091e-01 -1.931624671804791846e-02
9.999884056779536623e-01 -4.775670813594362976e-03 -6.176390083548382107e-04 4.261898419212942213e-02 4.775863858420326125e-03 9.999885469940289484e-01 3.114565402767989878e-04 -1.243146252530276663e-01 6.161445206224846864e-04 -3.144026889669200575e-04 9.999997607584107939e-01 -2.829702014563434398e-02
9.999864607791222326e-01 -5.183618993215671246e-03 -4.564565458607819717e-04 4.628166049941456750e-02 5.183872010582167046e-03 9.999864096970846328e-01 5.548802683514639884e-04 -1.434649675397829949e-01 4.535740545800687543e-04 -5.572389680170848321e-04 9.999997418776214175e-01 -1.858099324610955339e-02
9.999923439831126526e-01 -3.913043618381551424e-03 8.049890164299644787e-06 8.992393293727821146e-04 3.913042777978170857e-03 9.999923388277184300e-01 1.018925285147912640e-04 -1.050836983843705108e-01 -8.448538401169810992e-06 -1.018602488593013206e-04 9.999999947765559893e-01 -3.765584209362727447e-03
9.999986384538820383e-01 -1.498699768544003216e-03 6.906441818952429234e-04 -6.875767717750042030e-02 1.498875008391866836e-03 9.999988446092361594e-01 -2.532862056479568075e-04 -3.208350096893602260e-02 -6.902637839535540791e-04 2.543210500910407512e-04 9.999997294283193838e-01 1.664442201903594890e-02
9.999868029430080130e-01 5.000972395740354778e-03 1.176526633213969761e-03 -1.411305081184291987e-01 -5.000644026872886130e-03 9.999874569737864372e-01 -2.818765971571313839e-04 5.213005585513304924e-02 -1.177921533090956537e-03 2.759894863347756499e-04 9.999992681650649029e-01 2.316332199617082699e-02
9.999951907726160050e-01 2.903236478427519834e-03 1.090710589316039921e-03 -8.480217521886102006e-02 -2.904068753988477657e-03 9.999954926689933465e-01 7.622508573070567407e-04 2.416866059867073258e-02 -1.088492678627734668e-03 -7.654146900114372704e-04 9.999991146616284965e-01 2.319887190181586095e-02
9.999974701481267880e-01 -2.108346699070029820e-03 7.839461351988683685e-04 -6.082305587948525633e-02 2.107704167993507301e-03 9.999974429686029342e-01 8.195360858457114480e-04 1.960364743363910388e-04 -7.856719968253485491e-04 -8.178816860041683047e-04 9.999993568943237321e-01 1.809075908569973690e-02
9.999925117933614604e-01 -3.824208765011535838e-03 5.931142600412747006e-04 -1.000947165016149443e-01 3.823972434525034145e-03 9.999926089575021937e-01 3.990804280315814320e-04 3.088542791746622801e-03 -5.946360431793956637e-04 -3.968093870539493584e-04 9.999997444751106412e-01 1.017766307359968536e-02
9.999989546146176300e-01 -1.284330805464864054e-03 6.642770913000644152e-04 -1.004568337538635642e-01 1.283993291950164114e-03 9.999990465116730398e-01 5.082686013253038745e-04 3.627458166634440258e-03 -6.649292429417446052e-04 -5.074151426595122343e-04 9.999996501994262710e-01 1.504463987367768256e-02
9.999998887332660624e-01 4.251151966476663562e-04 2.044762210885161049e-04 -5.010305250124402754e-02 -4.251831907746659060e-04 9.999998542982899696e-01 3.325998392559930891e-04 1.390916956665241323e-02 -2.043347980499107678e-04 -3.326867421008152664e-04 9.999999237834080734e-01 1.618593802734741294e-03
9.999999892383857336e-01 -8.517029723222430636e-05 -1.194539610929706668e-04 -4.631928775366092946e-03 8.518631407622400656e-05 9.999999873822326135e-01 1.340851468623616963e-04 1.513067466904332962e-02 1.194425395139156790e-04 -1.340953212620364058e-04 9.999999838759621174e-01 -7.711392011550264290e-03
9.999985580416484998e-01 -1.686550838543920267e-03 1.986476599235435293e-04 -9.806753073402896259e-03 1.686531603697412167e-03 9.999985731042555503e-01 9.695670531563702922e-05 -2.077962065997810553e-03 -1.988108988866954942e-04 -9.662153995164446711e-05 9.999999755692519088e-01 -3.547609173945790242e-03
9.999984114804097990e-01 -1.778508277759968713e-03 1.180887923991552011e-04 -1.784473605185812189e-02 1.778485418271773125e-03 9.999983997912729183e-01 1.934024575231623030e-04 -1.727021687917515771e-02 -1.184325713040830958e-04 -1.931921311042265313e-04 9.999999743252628859e-01 -7.554587108609321601e-04
9.999997942910996418e-01 -5.710146684721057993e-04 2.921643489852652500e-04 -2.323756014681066864e-02 5.710509792991878874e-04 9.999998292358316387e-01 -1.242138740883919155e-04 -2.561695890801694159e-02 -2.920933711499309354e-04 1.243806892740968359e-04 9.999999496054520209e-01 4.762612745994270098e-03
9.999999356408114659e-01 -3.570852338660843086e-04 3.476361074167562252e-05 2.196332777715445314e-02 3.570936968420850705e-04 9.999999065368476714e-01 -2.437424614724228815e-04 -3.315850548756094085e-02 -3.467657065870100302e-05 2.437548596516311546e-04 9.999999696905514934e-01 3.953944452733237219e-04
9.999991077574725828e-01 -1.286048731986830229e-03 -3.613349108242928259e-04 6.836701123824831527e-02 1.286063329877782258e-03 9.999991722133807492e-01 4.017044590319205217e-05 -5.550521615527385932e-02 3.612829505650714678e-04 -4.063510964002764735e-05 9.999999339117066066e-01 -1.085795783138840225e-02
9.999981727205166093e-01 -1.804380634381932361e-03 -6.314793377543638682e-04 6.440416577298591072e-02 1.804431623652468647e-03 9.999983687970835922e-01 8.018533240474263926e-05 -1.057470340615417614e-01 6.313336228224739142e-04 -8.132464717045696366e-05 9.999997974020586877e-01 -2.973299148135009548e-02
9.999917301989479368e-01 4.026405397929813494e-03 -5.723576557212519365e-04 2.575719329198534330e-02 -4.026540915434703195e-03 9.999918656464824585e-01 -2.358158681948973267e-04 -1.018931932650622568e-01 5.714035096771243483e-04 2.381185395636063588e-04 9.999998083987767794e-01 -3.147097531663563263e-02
9.999817594955024980e-01 6.032617110761355483e-03 -2.969967576231655930e-04 -2.105213637125817952e-02 -6.032765022086323051e-03 9.999816778690483465e-01 -4.996722837009575247e-04 -6.976399042234082692e-02 2.939769844412526293e-04 5.014548810774815089e-04 9.999998310602531415e-01 -2.303991550604741340e-02
9.999496990728574675e-01 1.002760789198541003e-02 -2.154160306906235305e-04 -2.979584828166625954e-02 -1.002768842240375421e-02 9.999496507516407728e-01 -3.760672478415630305e-04 -6.217036842846200562e-02 2.116341297530204078e-04 3.782084561472851946e-04 9.999999060846750387e-01 -1.765650970576798304e-02
9.999411222842089497e-01 1.083499234806978469e-02 -5.957397199943997900e-04 1.186170174654887360e-02 -1.083499463108312209e-02 9.999412997226280186e-01 -6.048530810212155011e-07 -7.095076906115088677e-02 5.956981963290900036e-04 7.059654136315699348e-06 9.999998225468943458e-01 -2.751518058160741520e-02
9.999454523569091258e-01 1.042088590681966576e-02 -7.052996904881402409e-04 4.988768908499197074e-02 -1.042084265062777695e-02 9.999456994339135374e-01 6.497747589754647956e-05 -7.571449385785770925e-02 7.059385151785274723e-04 -5.762411443326888679e-05 9.999997491651057002e-01 -2.942756467865201286e-02
9.999479710611214323e-01 1.016837475181574073e-02 -8.119887027199704623e-04 7.991882784361346859e-02 -1.016853010516538709e-02 9.999482815961386883e-01 -1.874257977198666870e-04 -8.110017392514301537e-02 8.100408922109388543e-04 1.956727777231550614e-04 9.999996527728982620e-01 -3.645961799482289739e-02
9.999419388258615760e-01 1.076319823610650053e-02 -5.220545060411428944e-04 9.816604393289946051e-02 -1.076320153234388080e-02 9.999420750625960252e-01 -3.504812228472060551e-06 -9.432049011323778709e-02 5.219865430777636400e-04 9.123586594347998040e-06 9.999998637233952214e-01 -3.819713942036700310e-02
9.999438387306404108e-01 1.057669308252440731e-02 -6.730141670546461487e-04 8.786873357389542172e-02 -1.057636911091098218e-02 9.999439519321032810e-01 4.831261090991103972e-04 -6.701218202873032714e-02 6.780863224870111068e-04 -4.759809298759204378e-04 9.999996568204879699e-01 -5.600900898457922272e-02
9.999464495130603314e-01 1.030798101695658622e-02 -9.184952796864037780e-04 8.302452687449976554e-02 -1.030775371886687164e-02 9.999468419772347128e-01 2.518591398003536957e-04 -4.402916128418213337e-02 9.210426135254254050e-04 -2.423780294858279664e-04 9.999995464665946132e-01 -6.822992467572881747e-02
9.999563851851981378e-01 9.247411762037749394e-03 -1.308855627998052260e-03 1.251988141449333625e-01 -9.247511201051331758e-03 9.999572384080429588e-01 -6.994245327054249414e-05 -2.245885002235230299e-02 1.308152872582717379e-03 8.204305982386739075e-05 9.999991410021301652e-01 -7.339955988689031430e-02
9.999961152692451449e-01 -2.391000652573918844e-03 -1.432676620175398581e-03 1.814179110315417010e-01 2.391773321583098074e-03 9.999969950653787576e-01 5.378481114212582377e-04 -7.780827878606265575e-03 1.431386319890427935e-03 -5.412726597447498024e-04 9.999988290778699662e-01 -6.022335231665093547e-02
9.996832838865085114e-01 -2.511583852548161799e-02 -1.589519753974095138e-03 2.131166400058508437e-01 2.511866503541761858e-02 9.996828847974000842e-01 1.783959076492267490e-03 1.188188415519264053e-02 1.544210064994029977e-03 -1.823320682174187817e-03 9.999971454544083205e-01 -6.171268474574058416e-02
9.984996429967721854e-01 -5.473230248419733157e-02 -1.684636488064578108e-03 2.213780944504568082e-01 5.473767620085293051e-02 9.984952210444126841e-01 3.328716809836750404e-03 8.848766027507441734e-03 1.499913147209306664e-03 -3.415935632859170602e-03 9.999930407979362723e-01 -6.597925838840526525e-02
9.978006796110123755e-01 -6.627898515801050605e-02 -9.486275486062158580e-04 2.343404573114707123e-01 6.628554227936567234e-02 9.977328142411040490e-01 1.163865418581065854e-02 -7.612994940563162782e-02 1.750786456969580392e-04 -1.167593734783993649e-02 9.999318185929064740e-01 -1.752346576823446411e-01
9.975394966127153484e-01 -7.009239234966016530e-02 -1.417473933343050239e-03 3.003609348809255786e-01 7.010542131855340697e-02 9.974402903626587991e-01 1.407469584051924093e-02 -1.291138092229477119e-01 4.273165085993878244e-04 -1.413943761103372311e-02 9.998999418465055466e-01 -2.437033413613596267e-01
9.969875544578461479e-01 -7.753377219186155522e-02 -2.080967530713876898e-03 2.981906808199170089e-01 7.755077747953048606e-02 9.969385044416649855e-01 9.974731772668773283e-03 -1.280751219863508483e-01 1.301218076924533186e-03 -1.010606408632253733e-02 9.999480858025577845e-01 -2.122568956681233354e-01
9.971331634809822431e-01 -7.558319469493547660e-02 -3.554569751216987098e-03 3.097785096622315826e-01 7.554531554533928939e-02 9.970942300358335286e-01 -9.798047172955223760e-03 -1.378495819584634186e-01 4.284808696302002361e-03 9.501426680021130000e-03 9.999456801774185832e-01 -1.320505689994913023e-01
9.962520699957169157e-01 -8.640683877790479583e-02 -3.958691912523749565e-03 3.727064207920208760e-01 8.614468233145942955e-02 9.952783767179184116e-01 -4.472187992199283535e-02 -1.192431058518872433e-01 7.804276728887440603e-03 4.421324518913277712e-02 9.989916327049914724e-01 -1.130398131961114078e-02
9.957064431149327266e-01 -9.207029027277285893e-02 -9.578141181700037046e-03 4.049399561175430207e-01 9.122394675236908390e-02 9.935541244456852494e-01 -6.729333797552927710e-02 -5.801224278032055676e-02 1.571211883643192780e-02 6.613065435979920137e-02 9.976872585513030245e-01 3.665608541397412379e-02
9.987089519505074620e-01 -4.923293268658264499e-02 -1.251189965582596812e-02 5.018019745480877258e-01 4.835494817403714063e-02 9.968549165351447972e-01 -6.278594083706715012e-02 -7.630061312283978325e-02 1.556368468599958997e-02 6.209986891119768232e-02 9.979485848480406096e-01 -3.201715404623002581e-02
9.992432261621154721e-01 -3.737277933703609528e-02 -1.078194480381865911e-02 7.256702584190478644e-01 3.678659830238733414e-02 9.980602088983947517e-01 -5.022514906928006451e-02 -9.395526437309420498e-02 1.263808349656616106e-02 4.979050891804399914e-02 9.986797204645821990e-01 -1.023890098996104864e-01
9.983599254767822062e-01 -5.676235944344876216e-02 -7.449412890053323452e-03 7.896478409070594173e-01 5.639202006462136485e-02 9.974840807916031116e-01 -4.295868527273587201e-02 -6.125494481492423787e-02 9.869107103740981310e-03 4.246814238630358673e-02 9.990490766760317110e-01 -1.030161804061177772e-01
9.981652583265339107e-01 -6.054054814318101524e-02 -9.793367383589260053e-04 7.503962897118995334e-01 6.047600876993432933e-02 9.976313722937060202e-01 -3.277647599477049450e-02 -1.922496799982289714e-02 2.961322877151876913e-03 3.265711325117581082e-02 9.994622271606451447e-01 -3.218999609031136799e-02
9.977125370062926990e-01 -6.759855470886960704e-02 -3.590288832764434199e-04 7.714101211113286727e-01 6.758920147520536270e-02 9.976390905172427548e-01 -1.216326090622203704e-02 3.771084138539673725e-03 1.180400106388837479e-03 1.211117142148905590e-02 9.999259603502591576e-01 2.587854364431398102e-02
9.956895045978612080e-01 -9.272593610936460951e-02 -2.076344457878397456e-03 8.649476489190022210e-01 9.273400183094282490e-02 9.956820586454973032e-01 4.200356637604960724e-03 5.369834664913730737e-02 1.677896923062428694e-03 -4.374798750389784219e-03 9.999890228386555391e-01 1.082904305860454552e-01
9.856638756992156525e-01 -1.680552125912808115e-01 -1.497229650055346452e-02 9.525992539665548708e-01 1.682066229920693434e-01 9.857060342938339659e-01 9.494521490142043829e-03 1.283344262451609763e-01 1.316267918035369903e-02 -1.187684628267697551e-02 9.998428298483580390e-01 1.293692142971600290e-01
9.733523088129311107e-01 -2.272023867929010565e-01 -3.105411992224901135e-02 9.914743203040266017e-01 2.276581897721481895e-01 9.736673956386368012e-01 1.198128957762271095e-02 1.175243954196093787e-01 2.751420647965330951e-02 -1.873174059940178882e-02 9.994458916499240342e-01 6.683860774837295515e-02
9.630787659401712775e-01 -2.666386637557526251e-01 -3.719023508534847339e-02 1.159092516060239442e+00 2.676099112278748082e-01 9.632259996134338031e-01 2.409583120189427718e-02 7.207863104728515213e-02 2.939772113218612135e-02 -3.315865888795690997e-02 9.990176561667898358e-01 -2.899165081050497639e-02
9.567574749331198003e-01 -2.888346621778941081e-01 -3.449162339152059276e-02 1.372157175463847967e+00 2.898783449644484200e-01 9.565791835238129925e-01 3.044356696557641920e-02 9.748512563659053609e-02 2.420081156227925703e-02 -3.912548496181328384e-02 9.989411980423221760e-01 -1.457306726478026226e-01
9.527892714341494873e-01 -3.025922243935846856e-01 -2.511075420064497882e-02 1.454153566239546613e+00 3.030576381925497165e-01 9.528140874676357397e-01 1.736037604345783830e-02 1.562861222779946269e-01 1.867276554601263877e-02 -2.415078590355016624e-02 9.995339250706323231e-01 -1.419870050014617191e-01
9.498103783161457869e-01 -3.126203376265874190e-01 -1.134767576107207666e-02 1.387716455972441754e+00 3.125460310425633437e-01 9.498700641159835145e-01 -7.863827047842199269e-03 2.027405446027207014e-01 1.323720976947044374e-02 3.922473522642763374e-03 9.999046906975600502e-01 6.895425901491991638e-02
9.553427066738630069e-01 -2.947413790492663943e-01 -2.116204813324982364e-02 1.372834248388134615e+00 2.944033308244524139e-01 9.555174413894873542e-01 -1.769457543869231569e-02 2.214879827681235369e-01 2.543602965333550264e-02 1.067420613554904106e-02 9.996194624550136520e-01 2.088836219513757475e-01
9.603786626671192428e-01 -2.768319855831932186e-01 -3.220055980541943613e-02 1.596861029322115266e+00 2.768231511143062207e-01 9.609087888757636975e-01 -4.821044332829393410e-03 2.566012304338077255e-01 3.227642019898894349e-02 -4.283832323959290388e-03 9.994698001839568136e-01 1.736335741022207446e-01
9.553880068463365127e-01 -2.918936702275050088e-01 -4.507595429163010342e-02 1.905889503689782050e+00 2.929649729017018700e-01 9.559305110753749668e-01 1.919329695173476596e-02 3.026455673106036026e-01 3.748707813219995938e-02 -3.154272144709350384e-02 9.987991668482815166e-01 -5.118699432137496785e-02
9.458509567952427810e-01 -3.223736173229365121e-01 -3.796338214185715487e-02 2.026152230362646911e+00 3.235724730687345452e-01 9.456867560656800897e-01 3.126362221742459008e-02 3.413162540392075672e-01 2.582290072216577789e-02 -4.185463243293021524e-02 9.987899516626093099e-01 -1.689385477059551777e-01
9.236815719025778249e-01 -3.824540265538928785e-01 -2.326523802365056126e-02 1.992132360277136360e+00 3.829562338204644534e-01 9.234693854281572634e-01 2.342684688530273160e-02 4.038293156558445118e-01 1.252504313879482939e-02 -3.054851468821132357e-02 9.994548071547384449e-01 -4.621292880672828174e-02
8.980405976764688214e-01 -4.394886164195633271e-01 -1.930909015227201889e-02 1.998735811934019058e+00 4.398283305840244295e-01 8.978622953627281023e-01 1.985795008663496924e-02 4.347081974346296285e-01 8.609560996980854253e-03 -2.632593025120138347e-02 9.996163368292098061e-01 5.384455057961371610e-02
8.581255648055777785e-01 -5.132161271618377318e-01 -1.515657771769615692e-02 2.129973928208328537e+00 5.134290409287168844e-01 8.575416259783663619e-01 3.182734116129615209e-02 4.846864125550498503e-01 -3.336908468358317816e-03 -3.509368227165536591e-02 9.993784560948318907e-01 7.487899182493400196e-02
8.336222671680103558e-01 -5.522854262870350306e-01 -7.397539632497781431e-03 2.236438434121275076e+00 5.519113267006149348e-01 8.323837054198376384e-01 5.031157333167001616e-02 4.923970231279993226e-01 -2.162875727436418261e-02 -4.602363373842859734e-02 9.987061740052864955e-01 -5.769851696488539905e-03
8.116795484117083070e-01 -5.840921250091019035e-01 3.563732946913793914e-03 2.347065031373299249e+00 5.829744762969529814e-01 8.104753389019619947e-01 5.718815452559419810e-02 5.581933668953349414e-01 -3.629146837010924220e-02 -4.434089009144402682e-02 9.983570577651263989e-01 -2.841602535498534421e-02
8.080690977484681348e-01 -5.890604991002553747e-01 5.662301981939843465e-03 2.416641984492345685e+00 5.881842056258069773e-01 8.073246117381854825e-01 4.760579307318026088e-02 6.297568490263193430e-01 -3.261400797686498515e-02 -3.513829366298433510e-02 9.988501523262329762e-01 2.597544160576237618e-02
8.044157857006961621e-01 -5.940064006991986334e-01 -8.464020552596802568e-03 2.539538133657869512e+00 5.940423402699400723e-01 8.041721311211212919e-01 2.051539652862682458e-02 7.241266932316473559e-01 -5.379747405251710489e-03 -2.153089539469415711e-02 9.997537091010757493e-01 7.518205336269327688e-02
8.075423786331509257e-01 -5.888665982266162446e-01 -3.333820937791538014e-02 2.575700112956088361e+00 5.891532430478186866e-01 8.080199439379223136e-01 -1.492114202990755395e-03 7.634687757704198274e-01 2.781659428741468584e-02 -1.843636871973058228e-02 9.994430135784028169e-01 7.447490731614286874e-02
8.328151825258384156e-01 -5.500202914346679073e-01 -6.242235789024198900e-02 2.708573896316370355e+00 5.499715285099107120e-01 8.349555052325747795e-01 -1.950953895632867585e-02 7.821415721821006750e-01 6.285053367257149859e-02 -1.808267933517924281e-02 9.978591218830110687e-01 8.902393504697674043e-02
8.330038764816125596e-01 -5.479261676818812932e-01 -7.669065481565073839e-02 2.934178728554615923e+00 5.489924646740605985e-01 8.357861254859176858e-01 -8.296154310182263583e-03 8.598681836281207858e-01 6.864266528702636649e-02 -3.519186290444024229e-02 9.970204196944054686e-01 8.744801055155078384e-02
8.331152117274804869e-01 -5.468785337177112238e-01 -8.272190367152795765e-02 3.046021102292236549e+00 5.493111590456908333e-01 8.355774370705252307e-01 8.221752035434820582e-03 9.281141669733593558e-01 6.462425656172099409e-02 -5.228973147204513811e-02 9.965387546134000241e-01 -2.092508113653869517e-02
8.160441085383429716e-01 -5.723251929104452573e-01 -8.072104112239240903e-02 3.099788126717485603e+00 5.744316057156361177e-01 8.185448228457496977e-01 3.564175553545791825e-03 1.007509877337421589e+00 6.403392284420338088e-02 -4.927724172924118073e-02 9.967303598128937070e-01 -3.443312680111318413e-02
7.934446613903538559e-01 -6.033889885375921525e-01 -7.979534963096657219e-02 3.028590524358874436e+00 6.045069780095760903e-01 7.965086652477344487e-01 -1.205237416455582147e-02 1.044123237136071580e+00 7.082995728416544012e-02 -3.867395372668730458e-02 9.967384022170858726e-01 8.384208566286160957e-02
7.701902553296776643e-01 -6.311336350346030688e-01 -9.207228314327008112e-02 3.114754433964971536e+00 6.327976911348540678e-01 7.741985054548820022e-01 -1.355567209048887459e-02 1.080837129439992328e+00 7.983766460514578334e-02 -4.782268164203683225e-02 9.956600516395948119e-01 1.795930505308011571e-01
7.458810510614102274e-01 -6.572336761532681093e-01 -1.081912778258357216e-01 3.198259560647651156e+00 6.612842002045579148e-01 7.501325246120869039e-01 2.098113179801658346e-03 1.144665839610491176e+00 7.977884573835518356e-02 -7.311012548996313754e-02 9.941278817755276886e-01 1.680158303121982999e-01
7.418098721259380746e-01 -6.608744702920473779e-01 -1.138553825372576878e-01 3.409389949800051056e+00 6.675154385924070288e-01 7.439589041505485500e-01 3.079428804017954324e-02 1.206194828451003787e+00 6.435256682748533019e-02 -9.884373248375873111e-02 9.930199714463919802e-01 5.400576880465541435e-02
7.226601577039968305e-01 -6.839570803353443029e-01 -9.982489031492050580e-02 3.569932803198017535e+00 6.900202642976647205e-01 7.223067047638644933e-01 4.631478286409583534e-02 1.317110495030645589e+00 4.042686391269204038e-02 -1.023510454871807002e-01 9.939265225165619944e-01 -5.761017524082008567e-02
7.177423946577625724e-01 -6.921119823363486301e-01 -7.633386415864587549e-02 3.601826893928488982e+00 6.958950129050973654e-01 7.167710712591306432e-01 4.437749902656250300e-02 1.363144475538927480e+00 2.399970676393800920e-02 -8.497196780402431482e-02 9.960942619866640646e-01 -2.779129510105446399e-02
7.153419432624434915e-01 -6.957967291525500864e-01 -6.444234562866227312e-02 3.643535900791112336e+00 6.982210716844333698e-01 7.153991859179800183e-01 2.629334219403856032e-02 1.451222511713343710e+00 2.780718010428932796e-02 -6.380373412665117649e-02 9.975749817663548402e-01 5.869181491030101006e-02
7.141861630341896916e-01 -6.974663163588583625e-01 -5.898187921138910161e-02 3.714850478341946705e+00 6.990417241154318617e-01 7.150217633906504888e-01 9.194880284655405911e-03 1.534346551963579941e+00 3.576020800032249369e-02 -4.779765080555434253e-02 9.982167059818444210e-01 1.503190692199103673e-01
7.236851124531060719e-01 -6.873973647877377191e-01 -6.135732145888798950e-02 3.809873487404480397e+00 6.891757758190971694e-01 7.244967585812166488e-01 1.188262721185394041e-02 1.614594011721877553e+00 3.628509388000661362e-02 -5.088526002865971509e-02 9.980451303793504980e-01 1.408050910584856541e-01
7.311370382939840207e-01 -6.801151609141260490e-01 -5.368425401785842377e-02 4.005439190301419039e+00 6.819866167064105866e-01 7.307136456672583824e-01 3.085162344201509282e-02 1.694545325621443110e+00 1.824516012658837852e-02 -5.916870735800295461e-02 9.980812482967196253e-01 9.696581792785993748e-02
7.190492605678570071e-01 -6.941608290993581676e-01 -3.330021352649045752e-02 4.123559387831801537e+00 6.948645046471022546e-01 7.173349351120249517e-01 5.093045306458735683e-02 1.783030327974742146e+00 -1.146651901647829583e-02 -5.976064099320501505e-02 9.981468753293405438e-01 2.325297193356089601e-02
7.117725499673597245e-01 -7.022312145398186267e-01 -1.584797901606482123e-02 4.138088581271579969e+00 7.018058444112149630e-01 7.100436847405295904e-01 5.750236960641698369e-02 1.857767926166870698e+00 -2.912720143137449008e-02 -5.205081253950560871e-02 9.982195745680172427e-01 4.556661828033023443e-02
6.936555365615620916e-01 -7.201406833319797807e-01 -1.547232392501678849e-02 4.182242087263827734e+00 7.196589852612428340e-01 6.919608652315134556e-01 5.728093854690057690e-02 1.947639596000075635e+00 -3.054409157676525599e-02 -5.086803709801101386e-02 9.982381986637987037e-01 1.074875858493033742e-01
6.643639037635882261e-01 -7.466409887047329441e-01 -3.387974855314408035e-02 4.347278967577160813e+00 7.471176320510335422e-01 6.621558704451282473e-01 5.800730224300201798e-02 2.038574516623310906e+00 -2.087695510514012143e-02 -6.385011527846461143e-02 9.977411064622249137e-01 1.143752247239142872e-01
6.484632975789982323e-01 -7.603006756025051383e-01 -3.792406058620256815e-02 4.426865683099259208e+00 7.606709758400055366e-01 6.452330824204256521e-01 7.109103927254160904e-02 2.091791249583237811e+00 -2.958070667826315225e-02 -7.494766192891259837e-02 9.967486291757836625e-01 5.699527504409637735e-02
6.397696730734405701e-01 -7.682997535003367462e-01 -2.025473245502947689e-02 4.524146131433663953e+00 7.670813621329873877e-01 6.366738244442473604e-01 7.894697673588542408e-02 2.177794793037232779e+00 -4.775928479053894588e-02 -6.604490925769716803e-02 9.966730259605899311e-01 3.189372053337734270e-02
6.364114176890425245e-01 -7.713333500494883310e-01 -5.036917356528149148e-03 4.575688335406105089e+00 7.694755585440218315e-01 6.343965831668967326e-01 7.381287197726545124e-02 2.263859614142612386e+00 -5.373892665832267351e-02 -5.085113929500587743e-02 9.972593892232909374e-01 4.349413567606620623e-02
6.422528570844017182e-01 -7.664616516113105238e-01 6.914056420440930356e-03 4.658496700755144104e+00 7.652142772843331109e-01 6.416762451925569488e-01 5.194907309853641353e-02 2.362638192691409955e+00 -4.425355812969895830e-02 -2.807370593355063004e-02 9.986258006020162226e-01 7.854169579972279658e-02
6.497424134620375380e-01 -7.599575520346029123e-01 1.730072987189950479e-02 4.738714868601599406e+00 7.591676011673156310e-01 6.498901580539333533e-01 3.615709892258091307e-02 2.494156639324472735e+00 -3.872143445677474205e-02 -1.035864712244970003e-02 9.991963515462825018e-01 1.007370159968457995e-01
6.751109168371609570e-01 -7.371793256946753692e-01 2.814057098979999560e-02 4.777813682957156693e+00 7.356256207898020927e-01 6.755775045052546668e-01 4.949728723951619946e-02 2.568969589871597847e+00 -5.549951355558424559e-02 -1.271523396547099075e-02 9.983777475586567141e-01 1.245965631150835196e-01
6.915906760621670646e-01 -7.218412160732083915e-01 2.544789896683923025e-02 4.916984600964775964e+00 7.193513614616369178e-01 6.915243618193160913e-01 6.578507257484063342e-02 2.674438675772115026e+00 -6.508421887957316354e-02 -2.719036204869877335e-02 9.975092624454654500e-01 1.081886066851514699e-01
6.819589427220884570e-01 -7.310779563113164459e-01 2.137807842254018861e-02 5.053406350061602659e+00 7.287098822778511620e-01 6.816694281000877931e-01 6.564067537967419042e-02 2.775916878519592235e+00 -6.256123329963853008e-02 -2.918582857087050758e-02 9.976142939526577713e-01 4.417523040253419631e-02
6.604453592065518963e-01 -7.506071994710384887e-01 2.001898111226628474e-02 5.084128634972411298e+00 7.486252196326544928e-01 6.602951316008731641e-01 5.975466269794709601e-02 2.825600198841411892e+00 -5.807071579108186166e-02 -2.447797553781971142e-02 9.980123349343340555e-01 5.788514791057645936e-02
6.405178855295510232e-01 -7.677111616215755996e-01 1.887884102385332594e-02 5.098005945017794360e+00 7.659554206359185935e-01 6.404345042580366076e-01 5.617774785638817575e-02 2.912212005324632091e+00 -5.521894525618953331e-02 -2.152250165324181425e-02 9.982422802142675300e-01 1.044609406036799276e-01
6.124654756948387790e-01 -7.904480136357917575e-01 8.830561767284708652e-03 5.225611081659661039e+00 7.886422727503771268e-01 6.117549250682980944e-01 6.163827776471832859e-02 3.035121904777795976e+00 -5.412399387530904271e-02 -3.078716281036481678e-02 9.980594891553676851e-01 1.171636961339244387e-01
5.945402316519778907e-01 -8.040493866352567132e-01 5.147504121409102185e-03 5.285607274660693022e+00 8.008193740535223260e-01 5.927022885756008108e-01 8.597864419592791962e-02 3.106006967617778169e+00 -7.218201360267832711e-02 -4.699554200892520905e-02 9.962836824637599786e-01 1.017357950214333590e-01
5.958518366913498898e-01 -8.030920622451774848e-01 1.930872945802838969e-03 5.357956579675514419e+00 7.992657616544341925e-01 5.932439846824364427e-01 9.610315751869104306e-02 3.196726806642711249e+00 -7.832516172024231449e-02 -5.571996228366511705e-02 9.953695066881468323e-01 9.087031210414492355e-02
6.014752890113048700e-01 -7.988395402815524626e-01 -9.103053966946647590e-03 5.456673132473961019e+00 7.962788381260923476e-01 5.985486348722950378e-01 8.763300545497990091e-02 3.288130129561179782e+00 -6.455608926606216935e-02 -5.995765651916269007e-02 9.961112341317119867e-01 8.430991445990644595e-02
6.116260091200511617e-01 -7.909988651051517161e-01 -1.531079260656206115e-02 5.514933524197232373e+00 7.898316736550529127e-01 6.093792710637799814e-01 6.944660746958219999e-02 3.388083817055459246e+00 -4.560210805584696825e-02 -5.456830032297362715e-02 9.974681690864749539e-01 9.747633155396973059e-02
6.370317707430427356e-01 -7.705943820696709023e-01 -1.936030440477799069e-02 5.603765133917325336e+00 7.702087927685025148e-01 6.352971427217131151e-01 5.635562076415676080e-02 3.455538821704316366e+00 -3.112777868833002670e-02 -5.081179756994894103e-02 9.982230325040796215e-01 1.087454283563990265e-01
6.523853282662399611e-01 -7.577165270613113179e-01 -1.609497067706169154e-02 5.680021324514865633e+00 7.572736139805142930e-01 6.508553889113143365e-01 5.407343427222466997e-02 3.571963847934101821e+00 -3.049683642349297619e-02 -4.746501177969714852e-02 9.984072393692424718e-01 1.155446584272936950e-01
6.803089260414429962e-01 -7.328909318936193129e-01 -7.116677345562028717e-03 5.719670072635162583e+00 7.316071654382675371e-01 6.784711088080257468e-01 6.654254272412349347e-02 3.654797687015768570e+00 -4.393996617798141824e-02 -5.047609791684065650e-02 9.977582086414360507e-01 1.284732610651410090e-01
6.872894928350260502e-01 -7.263836058674273399e-01 1.008246336707922797e-04 5.855803365676313987e+00 7.242472191069584397e-01 6.852787114862634033e-01 7.654445244146644567e-02 3.777474499445564238e+00 -5.566972834862818353e-02 -5.253517593727670409e-02 9.970661646224032726e-01 1.131666680172331296e-01
6.846362554878662188e-01 -7.288764167120411752e-01 3.516650760009544519e-03 5.925103510909332627e+00 7.267566795054845041e-01 6.829977113603997729e-01 7.306746930487251213e-02 3.863363199888828703e+00 -5.565901962589287627e-02 -4.746888915353754401e-02 9.973207999920655764e-01 9.155006777332813650e-02
6.748160258383575361e-01 -7.379859966411080885e-01 -5.775418527125680823e-06 5.984071802622778158e+00 7.368622432469228434e-01 6.737880314963573536e-01 5.516994733889543645e-02 3.910095789968500490e+00 -4.071075716365173125e-02 -3.723382029679647709e-02 9.984769786416050064e-01 8.182292500324539475e-02
6.658381289483770171e-01 -7.460690435248884533e-01 -6.369327467060087802e-03 6.054473660959740045e+00 7.458981019638506460e-01 6.654403302470675019e-01 2.872609210106483874e-02 3.983826837022799605e+00 -1.719324068491710766e-02 -2.387779668503810931e-02 9.995670279176972484e-01 1.193111107163103007e-01
6.286400747134230915e-01 -7.775949991525467064e-01 -1.255682114441279695e-02 6.115291581123687870e+00 7.776960218998906216e-01 6.285423857492924427e-01 1.110706251322332236e-02 4.106252499083343110e+00 -7.443019460207896468e-04 -1.674773445987763273e-02 9.998594698281726423e-01 1.561953410364292361e-01
6.308577392039833587e-01 -7.758920226509110618e-01 -3.175228041745198002e-03 6.162316178705027347e+00 7.757888498799671018e-01 6.306944849119893171e-01 1.939399658447215832e-02 4.146785185485616587e+00 -1.304504842294436882e-02 -1.469815935002201021e-02 9.998068767633899734e-01 1.447553788637765126e-01
6.353751192462726571e-01 -7.721645975995266031e-01 7.764795988689534439e-03 6.272079739521464248e+00 7.715244772120271044e-01 6.352058429906447534e-01 3.554599968002962462e-02 4.259845596310897875e+00 -3.237960632084889434e-02 -1.659431361959505524e-02 9.993378757207200813e-01 1.280768257448969827e-01
6.473797619622245758e-01 -7.621522345397735432e-01 4.838924236196778805e-03 6.359484620826778567e+00 7.615342178442920940e-01 6.470875177624375585e-01 3.665214056954157335e-02 4.352807014096477189e+00 -3.106571830838306819e-02 -2.004284765389591910e-02 9.993163690262993892e-01 9.417014950112256866e-02
6.632350878333646005e-01 -7.484099742657810417e-01 -1.314795102660470949e-03 6.449051511313480312e+00 7.483120985021307625e-01 6.631177263404601785e-01 1.743227605322069870e-02 4.459125060933521567e+00 -1.217462533330511236e-02 -1.254557422166547101e-02 9.998471818560286106e-01 8.603492773840053232e-02
6.751395678678875356e-01 -7.376677368856852102e-01 -5.733572805299229358e-03 6.520362313621561157e+00 7.376440799408068294e-01 6.751638716052252853e-01 -5.912512775746742860e-03 4.575039446842146695e+00 8.232571131949060345e-03 -2.375647163075601462e-04 9.999660835926201807e-01 1.036470986007114736e-01
6.975129250663731906e-01 -7.165675889544402821e-01 -2.570958065069850907e-03 6.565210313305880341e+00 7.165175092467619411e-01 6.974995262793388662e-01 -9.852399855600491030e-03 4.662875089741349122e+00 8.853152442412984269e-03 5.030039773041688859e-03 9.999481588521041964e-01 1.709106978894046891e-01
7.028675012774727726e-01 -7.113056123739393000e-01 4.647736362710179134e-03 6.692089044343106252e+00 7.113207410047083235e-01 7.028550254667140784e-01 -4.197212491327000430e-03 4.773831010632680893e+00 -2.811840581683380628e-04 6.256115529627136879e-03 9.999803907847419904e-01 1.575306700979938190e-01
6.985593757267407611e-01 -7.154816400933158294e-01 1.004097971541582576e-02 6.778712874588168624e+00 7.155233477605603687e-01 6.985883151051981432e-01 -8.395284394937508297e-04 4.823999140005144071e+00 -6.413843916603843842e-03 7.771015883367808630e-03 9.999492356706684015e-01 9.211063418487061560e-02
6.933978204606819906e-01 -7.204938344240998660e-01 9.386007523628704663e-03 6.840198320239145424e+00 7.205536711796918237e-01 6.933130242531055920e-01 -1.092965463686543064e-02 4.923938733618386188e+00 1.367307516376895134e-03 1.434172088246134756e-02 9.998962173707255374e-01 1.231328616001746423e-01
6.870256373159764340e-01 -7.266329813531453574e-01 5.329919473924357894e-04 6.882969104165999497e+00 7.266195251647344922e-01 6.870080486783152196e-01 -6.633754637418456945e-03 5.039392070639725496e+00 4.454135152013294005e-03 4.944841863301147750e-03 9.999778543642826589e-01 1.957204839915131500e-01
6.763390758240723777e-01 -7.365417166805523497e-01 -8.470779344600481292e-03 7.004808010382626016e+00 7.365086499510011819e-01 6.760479147114111242e-01 2.267654210206127008e-02 5.128126482815729581e+00 -1.097556653633337265e-02 -2.157583378731831730e-02 9.997069672336932333e-01 1.600338703820385344e-01
6.697025233670033106e-01 -7.425353367580811437e-01 -1.182386829390184510e-02 7.096597400609867989e+00 7.419285359130574076e-01 6.682940159260659652e-01 5.408471018058753910e-02 5.208138631693011611e+00 -3.225798806149322850e-02 -4.499313217563594147e-02 9.984663440813867918e-01 1.162589162877519788e-01
6.738205848651974694e-01 -7.387043176623020457e-01 -1.678542459981832019e-02 7.187889568033184240e+00 7.377069711377153283e-01 6.712758865113763740e-01 7.195212938603010033e-02 5.275877515695625242e+00 -4.188369786374410847e-02 -6.086555064598364595e-02 9.972668352040088280e-01 1.073460099638557513e-01
6.659864233209265016e-01 -7.456373015163949569e-01 -2.207030900437175966e-02 7.284899347352277843e+00 7.452455036618016448e-01 6.637557000979720234e-01 6.354140271758582093e-02 5.402383111936719828e+00 -3.272954665233186733e-02 -5.876551007861420539e-02 9.977351309847384275e-01 1.099540245845232328e-01
6.708301467621560210e-01 -7.413616806415787019e-01 -1.922947402708013662e-02 7.302590100619838154e+00 7.413735526452595037e-01 6.697337312004747467e-01 4.268471307666237696e-02 5.492788569372813789e+00 -1.876618323503899746e-02 -4.289041581267408892e-02 9.989035201650882101e-01 1.320602037450693822e-01
6.878712067286155696e-01 -7.256529086268679318e-01 -1.615732512158419773e-02 7.382892989326495403e+00 7.257946804132615615e-01 6.874366390436775776e-01 2.555287036995894032e-02 5.587855240117150402e+00 -7.435377430208194548e-03 -2.930398439971690708e-02 9.995428913562296458e-01 1.754755244877849174e-01
7.165533577500458051e-01 -6.972632788531538672e-01 -1.937022096115149222e-02 7.460868550244349251e+00 6.975167191812197132e-01 7.160755315917362029e-01 2.657554361212376495e-02 5.689822205463275218e+00 -4.659609404488459540e-03 -3.255384798393774759e-02 9.994591212358994170e-01 2.273936153596319010e-01
7.234801984326036939e-01 -6.897759568356861548e-01 -2.802734106785909063e-02 7.638744279946527271e+00 6.902591481440204513e-01 7.221529068102324755e-01 4.513853773687111215e-02 5.798228365523195649e+00 -1.089545223529775515e-02 -5.200296680907141866e-02 9.985874926933758777e-01 2.276519411016187655e-01
7.156386278919250055e-01 -6.979157957762385234e-01 -2.783695879550473692e-02 7.683207424750586156e+00 6.982453584239287636e-01 7.138269997824095991e-01 5.389279934353906343e-02 5.891389554508729809e+00 -1.774186316039350411e-02 -5.800479624706447734e-02 9.981586396479942280e-01 1.556385823048507255e-01
7.133746429606137029e-01 -7.003928126719271008e-01 -2.337791133364642421e-02 7.757995563034759456e+00 7.005565726493639955e-01 7.118996599038847073e-01 4.918701806889361205e-02 5.940922178803100806e+00 -1.780750680453122708e-02 -5.146632089279429279e-02 9.985159540614093610e-01 1.257304811870299244e-01
7.021625876388311038e-01 -7.116386898370780090e-01 -2.319645764568151886e-02 7.793613067532882077e+00 7.119189289666606468e-01 7.011538369677479121e-01 3.943013421696493770e-02 6.033941403934577785e+00 -1.179572377193161513e-02 -4.420036235566461580e-02 9.989530463782190228e-01 1.613661605782422126e-01
6.959348269531113740e-01 -7.172382006625459550e-01 -3.527152029749357209e-02 7.907996969201645854e+00 7.180775903818297223e-01 6.946396174779461141e-01 4.289960397856795032e-02 6.138461892659007546e+00 -6.268239399407318085e-03 -5.518301677550967871e-02 9.984565808458500946e-01 2.476989620306713769e-01
6.879171890974505876e-01 -7.245617092047038632e-01 -4.219325181377465983e-02 8.020149890411575555e+00 7.256655372030507145e-01 6.855637238706748793e-01 5.841154533464135157e-02 6.235729747010405610e+00 -1.339660628929132020e-02 -7.080049482123115800e-02 9.974005318190874991e-01 2.129016552266794760e-01
6.869058637881678697e-01 -7.259516610028234895e-01 -3.397823098209316883e-02 8.119194542460602904e+00 7.263627677345240174e-01 6.842735325264901469e-01 6.455123804204120075e-02 6.303060854194075802e+00 -2.361067433329053916e-02 -6.902114582474010163e-02 9.973357596549755621e-01 1.493688364209589392e-01
6.858533100805261906e-01 -7.274497568039375306e-01 -2.054478954571986593e-02 8.206837874115002762e+00 7.273549936843832775e-01 6.842994600134568728e-01 5.185520405593246895e-02 6.357477087650695857e+00 -2.366326718728040124e-02 -5.050841861693645962e-02 9.984432630023799549e-01 1.407454180428920343e-01
6.968734866509032067e-01 -7.170476052655163635e-01 -1.449397757697396850e-02 8.261856659629936317e+00 7.171820966529125485e-01 6.966027186194965193e-01 1.986183910062203767e-02 6.441363252217399804e+00 -4.145339979539934896e-03 -2.423601029284420949e-02 9.996976702791395830e-01 1.777960966639828833e-01
7.071240493485762002e-01 -7.069351860331029025e-01 -1.477232484122285687e-02 8.372550407413811513e+00 7.069246749874514846e-01 7.072559871427316347e-01 -6.817077427044296138e-03 6.543582576930755401e+00 1.526704708706179588e-02 -5.622401542256187830e-03 9.998676441780377511e-01 2.055088237262965856e-01
7.354335948646244514e-01 -6.774283244616914335e-01 -1.510936006324706260e-02 8.429897926428317589e+00 6.775450480965117261e-01 7.354701723439565075e-01 4.041459172925802867e-03 6.606915101758369602e+00 8.374684733827752331e-03 -1.320949693880367828e-02 9.998776794419569347e-01 2.376188992349428930e-01
