1.000000000000000000e+00 0.000000000000000000e+00 0.000000000000000000e+00 0.000000000000000000e+00 0.000000000000000000e+00 1.000000000000000000e+00 0.000000000000000000e+00 0.000000000000000000e+00 0.000000000000000000e+00 0.000000000000000000e+00 1.000000000000000000e+00 0.000000000000000000e+00
9.999978452664647355e-01 -2.026410449526358168e-03 -4.506918211635938540e-04 2.309326945140832699e-02 2.026522689713958908e-03 9.999979156692342386e-01 2.487226871705872457e-04 -5.251356620874296499e-02 4.501868675204483703e-04 -2.496354884411287477e-04 9.999998675069448062e-01 -1.886828759909243980e-02
9.999872964811835629e-01 -5.028835182330495916e-03 -3.430640793196950930e-04 3.722047301514285617e-02 5.028913788258545549e-03 9.999873287918022990e-01 2.286524571631096743e-04 -1.222978038203177686e-01 3.419098767622127401e-04 -2.303747921510647010e-04 9.999999150125420400e-01 -2.281755706000240802e-02
9.999854492215645152e-01 -5.386405690934160072e-03 -2.966123371088897655e-04 4.685551866448357111e-02 5.386535499384705918e-03 9.999853963300567861e-01 4.385908493179817074e-04 -1.419492475585468483e-01 2.942455772334595437e-04 -4.401821803631019575e-04 9.999998598295843921e-01 -1.471432831391798410e-02
9.999920821167291862e-01 -3.978741484071633520e-03 7.293868386726697225e-05 2.700257219376160644e-03 3.978735555029511671e-03 9.999920814992577789e-01 8.125370658492968843e-05 -1.035618108355272349e-01 -7.326139379536868472e-05 -8.096285949272586692e-05 9.999999940388917263e-01 -2.131887222380428153e-03
9.999986674781254914e-01 -1.465902337272370019e-03 7.184513282319592411e-04 -6.586700283561917890e-02 1.466096612502085575e-03 9.999988888415378696e-01 -2.699563158626606409e-04 -2.962691575200759875e-02 -7.180548003243016021e-04 2.710092751985330767e-04 9.999997054755949133e-01 1.612421071153182645e-02
9.999885832216953707e-01 4.606819170294897819e-03 1.269111263267148600e-03 -1.387022579458760951e-01 -4.606416075527463086e-03 9.999893390934163628e-01 -3.203598782015427775e-04 5.023176103774412010e-02 -1.270573573418818823e-03 3.145101661990888837e-04 9.999991433627080095e-01 2.211882492813382894e-02
9.999956297369554381e-01 2.693978922871760433e-03 1.217778532036942153e-03 -8.836402247392234621e-02 -2.694887030098902514e-03 9.999960915077484858e-01 7.446832357717457669e-04 2.551888864953218150e-02 -1.215767611417600770e-03 -7.479617568816397232e-04 9.999989812306436798e-01 2.306619417694781571e-02
9.999973132523812813e-01 -2.163706478890919591e-03 8.317825990475302082e-04 -6.486838805205452640e-02 2.163099989694079218e-03 9.999973945176889867e-01 7.293533217993285796e-04 8.338380899303932808e-03 -8.333585383604596997e-04 -7.275521332796004801e-04 9.999993880905326815e-01 1.713308912034445380e-02
9.999930775480823097e-01 -3.664253152015490168e-03 6.466102017603157478e-04 -1.031509323938512579e-01 3.664066715562310905e-03 9.999932454437390206e-01 2.892784157467626635e-04 1.045949843445176039e-02 -6.476658235420391018e-04 -2.869071903126257754e-04 9.999997491065910626e-01 1.186585251496269887e-02
9.999990938259750717e-01 -1.112955150548262115e-03 7.574153825071834774e-04 -1.077951652096794111e-01 1.112697082668670902e-03 9.999993227921374350e-01 3.410578670207092670e-04 1.229638306673212778e-02 -7.577944516892669378e-04 -3.402147840764450253e-04 9.999996550006753360e-01 1.621702414666047198e-02
9.999998152597256995e-01 4.843769700384220503e-04 3.672321683526683371e-04 -5.275837731694808797e-02 -4.844411864381669938e-04 9.999998673813355055e-01 1.747971635003864885e-04 1.665941839895408033e-02 -3.671474519304009933e-04 -1.749750335956455909e-04 9.999999172932396707e-01 2.112571938472519034e-03
9.999999120380221873e-01 -4.138488396077081460e-04 6.821353123931506277e-05 -6.155267454973090309e-03 4.138393306764847767e-04 9.999999046586329765e-01 1.393547037149983636e-04 1.017236346890013944e-02 -6.827119651817007469e-05 -1.393264620149718268e-04 9.999999879635902422e-01 -5.798216469329101758e-03
9.999980243350190534e-01 -1.974695829543390846e-03 2.278210690979796840e-04 -8.406863938496690614e-03 1.974649304291261655e-03 9.999980295164552224e-01 2.042628987562837822e-04 -8.685196685955673401e-03 -2.282239772746163750e-04 -2.038126284856305558e-04 9.999999531871132108e-01 -3.941356355481099444e-03
9.999977680179960027e-01 -2.103843872088270728e-03 1.944221907051399423e-04 -1.633007293809417629e-02 2.103813387938751819e-03 9.999977746787775956e-01 1.568652971815163576e-04 -2.108596543807433193e-02 -1.947517781475315241e-04 -1.564559190532781210e-04 9.999999687966446560e-01 2.788288631199562113e-04
9.999996718269972273e-01 -7.011693343225115912e-04 4.058416716562547491e-04 -2.612568270387647870e-02 7.012627326015537709e-04 9.999997276564577264e-01 -2.300382365981233450e-04 -2.172260114162419958e-02 -4.056802653706720568e-04 2.303227627454537197e-04 9.999998911874676821e-01 6.567216475663719202e-03
9.999997106133443614e-01 -7.582001762421367681e-04 6.249576236293344659e-05 1.501209843927667209e-02 7.582166140342739809e-04 9.999996778587326718e-01 -2.634198113616695075e-04 -3.224567473292034442e-02 -6.229601728306927762e-05 2.634671204568216313e-04 9.999999633521406972e-01 -3.496084984238798099e-04
9.999983105074498058e-01 -1.818318448737000440e-03 -2.696298666301670597e-04 6.512621787254524452e-02 1.818371323242284551e-03 9.999983275564022778e-01 1.959850226849215967e-04 -6.710253726644280214e-02 2.692730525069986897e-04 -1.964749787870557487e-04 9.999999444448014474e-01 -9.481917536649234896e-03
9.999982291261094725e-01 -1.798556799332300202e-03 -5.540199315824014935e-04 5.160735026431499672e-02 1.798454665802802759e-03 9.999983657048496788e-01 -1.847929784059968209e-04 -9.631727526265235206e-02 5.543513868180951522e-04 1.837962714300341157e-04 9.999998294567207235e-01 -3.234051789994632498e-02
9.999918746065226127e-01 4.008775801749909530e-03 -4.247793593646853280e-04 2.334537210065523033e-02 -4.008987219981926219e-03 9.999918399575117300e-01 -4.980360029574645549e-04 -9.045315529785571962e-02 4.227793784700086140e-04 4.997348912419797900e-04 9.999997857612948904e-01 -2.985754100948382825e-02
9.999814355384916142e-01 6.092506972911551806e-03 -9.968531733549270031e-05 -2.223432274620749938e-02 -6.092552380440791927e-03 9.999813336319219870e-01 -4.617285071787181395e-04 -6.218709640645137676e-02 9.687037242308896268e-05 4.623272734550466453e-04 9.999998884348053618e-01 -1.735028002746063364e-02
9.999502981255765643e-01 9.969605020799332182e-03 -9.085317749661634182e-05 -2.991905957493608270e-02 -9.969632190640278710e-03 9.999502558707821231e-01 -3.036740697943868294e-04 -6.041643624910594812e-02 8.782114755350641237e-05 3.045647493868965106e-04 9.999999497638785151e-01 -1.374087998393184323e-02
9.999445217361531135e-01 1.052179544864299647e-02 -4.952478096874245129e-04 1.304326420081394766e-02 -1.052183178051304020e-02 9.999446414884881618e-01 -7.081272073391002531e-05 -6.879951428613573228e-02 4.944753165431267508e-04 7.601970631030404520e-05 9.999998748575749108e-01 -2.541391537365059877e-02
9.999470986268216288e-01 1.026170063183473417e-02 -7.052998965824499363e-04 5.128048392490484192e-02 -1.026170633769729786e-02 9.999473472953682718e-01 -4.471570954059373599e-06 -7.550068856435665499e-02 7.052168747128338949e-04 1.170891482055301405e-05 9.999997512659994925e-01 -3.219750771239730802e-02
9.999494518423194256e-01 1.001704583831412344e-02 -8.674980795077323961e-04 8.721734958070614940e-02 -1.001718082405242578e-02 9.999498153241666021e-01 -1.513984915937100374e-04 -8.556790129109817511e-02 8.659379787676804024e-04 1.600807238058315129e-04 9.999996122627142769e-01 -3.924711441112069266e-02
9.999441489534901528e-01 1.055526473839335337e-02 -5.341909609414811520e-04 1.070828554852956971e-01 -1.055528851384823601e-02 9.999442905206578081e-01 -4.170764706572206785e-05 -9.515408944228433141e-02 5.337209661847836612e-04 4.734385736421314390e-05 9.999998564502343701e-01 -3.831282535014627483e-02
9.999436172917249843e-01 1.060244475182497460e-02 -5.919483293586691539e-04 8.030078591648824593e-02 -1.060220288857447422e-02 9.999437109133603174e-01 4.102422792112664189e-04 -6.136192219856852897e-02 5.962645802280719647e-04 -4.039431923531022284e-04 9.999997406491901719e-01 -5.682000220719063410e-02
9.999502722394032483e-01 9.937549270901480450e-03 -8.355613871567692816e-04 8.689946319575211908e-02 -9.937421889950765960e-03 9.999506103630320109e-01 1.564633533488384660e-04 -4.497276780637153581e-02 8.370749813661875751e-04 -1.481522467575316717e-04 9.999996386781283553e-01 -6.760908785149551126e-02
9.999582361699104194e-01 9.069370301613080207e-03 -1.128024066173839669e-03 1.225516827115660512e-01 -9.069599528807070418e-03 9.999588506816361466e-01 -1.982620698391607337e-04 -2.126776010069538619e-02 1.126179536624283143e-03 2.084845161948160766e-04 9.999993441267137628e-01 -6.963228484139080687e-02
9.999966414172385409e-01 -2.281190679169999534e-03 -1.230172072553934728e-03 1.775691646253825806e-01 2.281642392513137836e-03 9.999973301028279860e-01 3.659169419602417792e-04 -5.894003378913508298e-03 1.229334061803646948e-03 -3.687225257487332158e-04 9.999991763903925968e-01 -5.567360098317071515e-02
9.996889019840379254e-01 -2.489626748777851867e-02 -1.508348476200440692e-03 2.088353112947913537e-01 2.489853225917786073e-02 9.996888554509378855e-01 1.501791774050821419e-03 2.510799745487972065e-02 1.470490152076270058e-03 -1.538880232802284243e-03 9.999977347506051606e-01 -5.913842880878312364e-02
9.984918212931970238e-01 -5.487830227788328963e-02 -1.566764082954849157e-03 2.214465513426368548e-01 5.488309799494787977e-02 9.984876517020004894e-01 3.202335569770870839e-03 1.321880838840624323e-02 1.388655850567522155e-03 -3.283494742152280252e-03 9.999936451284112682e-01 -6.332546570521065121e-02
9.979440904707467253e-01 -6.408352446823097071e-02 -9.456142150849951734e-04 2.350681398810517131e-01 6.409020314756859460e-02 9.978757962700859352e-01 1.167651826725100116e-02 -6.789788081086672866e-02 1.953330937591265561e-04 -1.171311700922088479e-02 9.999313800131041097e-01 -1.796401808334230354e-01
9.977738330906835706e-01 -6.665721712477878924e-02 -2.047780433727124007e-03 2.815723187565822849e-01 6.667884679095514855e-02 9.976833843940184909e-01 1.348317079642381844e-02 -9.484194314083103927e-02 1.144285870309029365e-03 -1.358969864556616378e-02 9.999070010258802599e-01 -2.549355786701728022e-01
9.970579433249519008e-01 -7.661137954314077569e-02 -2.480761398000600523e-03 2.865784898819687121e-01 7.663165346240106979e-02 9.970142269259740786e-01 9.498473288944616830e-03 -1.113671344504371663e-01 1.745663265195646855e-03 -9.660633089976595686e-03 9.999518112529550695e-01 -2.164748410983471927e-01
9.970113151966304432e-01 -7.718359765978799469e-02 -3.336108837734495878e-03 3.005618350334645084e-01 7.714687321452834423e-02 9.969695078067655203e-01 -1.000801962214529876e-02 -1.381826466908712137e-01 4.098453745832886935e-03 9.720738440454198756e-03 9.999443534122613997e-01 -1.344126247637323357e-01
9.963576012727799469e-01 -8.501986822797827359e-02 -6.569048062638270513e-03 3.926426322288453785e-01 8.471985022596367765e-02 9.957120274708937124e-01 -3.714976887535699490e-02 -1.559795160604375286e-01 9.699348619485997219e-03 3.645792583649500040e-02 9.992881177518615488e-01 -6.269804884438320847e-02
9.958496353395850376e-01 -9.040279370267888248e-02 -1.052799528715277558e-02 4.177339807979058572e-01 8.958489473668478087e-02 9.940519702208080455e-01 -6.192921067756952669e-02 -8.289984693460436538e-02 1.606394811472365222e-02 6.072903252053805934e-02 9.980250168107445141e-01 3.383357214971671571e-03
9.987662049790136942e-01 -4.819648300234061905e-02 -1.196523372207423247e-02 4.821101954219149111e-01 4.731081319503987331e-02 9.967184860127561441e-01 -6.568064094741521419e-02 -5.080051053787871390e-02 1.509154553525953943e-02 6.503351956217906515e-02 9.977689545113702652e-01 -3.847097931722175124e-02
9.992357891049968854e-01 -3.787008212480429126e-02 -9.679599763154042233e-03 7.008698233798533739e-01 3.729382721659886546e-02 9.978423284116646474e-01 -5.403571116887443543e-02 -7.760055351392837475e-02 1.170505118539610749e-02 5.363342716858703757e-02 9.984920867322379934e-01 -8.441753187240869094e-02
9.983349106917013271e-01 -5.723054510154624436e-02 -7.216010086792217643e-03 7.926056712849787189e-01 5.685859733648138820e-02 9.974075923814881284e-01 -4.410435997371603412e-02 -5.081912365994361441e-02 9.721419809918543931e-03 4.362063006357352890e-02 9.990008681826738623e-01 -7.764363075545149817e-02
9.981926376445615645e-01 -6.009362677107067674e-02 -4.627890365588037446e-04 7.563517787171911699e-01 6.005097122448839475e-02 9.977210424281279799e-01 -3.076690350238722380e-02 -1.612195630458876719e-02 2.310629175953763520e-03 3.068350562808619744e-02 9.995264796268192864e-01 -3.530101225993377556e-02
9.977816975747743067e-01 -6.655966872554532066e-02 1.222490878230634822e-03 7.685887052138375974e-01 6.656751437254924963e-02 9.977478418362798473e-01 -8.246826135327822369e-03 -4.130401852453776529e-03 -6.708316198145653289e-04 8.309910360018336536e-03 9.999652470834905493e-01 -9.583205591617793839e-03
9.956925441546411459e-01 -9.271283040297938205e-02 -8.298153567785276430e-04 8.586338490111766752e-01 9.271609887295269303e-02 9.956756158546895552e-01 5.813174878286152952e-03 4.263703849598196594e-02 2.872710198127350787e-04 -5.865072126841957764e-03 9.999827590535289579e-01 1.122969757645638361e-01
9.855301163409198040e-01 -1.688542262886968681e-01 -1.478648198519909480e-02 9.458472979138985437e-01 1.689878495840375361e-01 9.855831854982219919e-01 8.300069646704816631e-03 1.180876038496088548e-01 1.317180617894795659e-02 -1.067870439814663959e-02 9.998562240614203844e-01 1.590292841126103029e-01
9.731705278059938902e-01 -2.278436408427793047e-01 -3.203746458928728724e-02 9.953879211898316592e-01 2.282429745277365085e-01 9.735591484474667157e-01 9.366378861360399530e-03 1.186055012964455646e-01 2.905629688267720098e-02 -1.642741007432695771e-02 9.994427806581603901e-01 7.617730773363048935e-02
9.632341986023498226e-01 -2.663017180335036649e-01 -3.554256061812591239e-02 1.144425478630520354e+00 2.672099589387266771e-01 9.633447281103215687e-01 2.378597624682598013e-02 7.913305747559826187e-02 2.790549205537926070e-02 -3.240879193143257619e-02 9.990850583001891216e-01 -2.430963237914035568e-02
9.574613397707845142e-01 -2.867048277101253428e-01 -3.268217575440431066e-02 1.366986646104916936e+00 2.876883487729555156e-01 9.572262587295514713e-01 3.087561463219980207e-02 9.731417690957232247e-02 2.243204905096102264e-02 -3.896448852908455940e-02 9.989887746161325577e-01 -1.467292224967291780e-01
9.530575324847291308e-01 -3.016924058572859058e-01 -2.574940819052136745e-02 1.455172383286337912e+00 3.021921164971569929e-01 9.530705362229127120e-01 1.834332878019354074e-02 1.467900758014905327e-01 1.900695928043507829e-02 -2.526351582445025140e-02 9.995001201936394297e-01 -1.612529257028296192e-01
9.497984478569888589e-01 -3.126220060754216767e-01 -1.226335051418987916e-02 1.374282403394253338e+00 3.125538475896058044e-01 9.498729260653825390e-01 -7.177512446644197797e-03 2.041665858404498324e-01 1.389247297598017288e-02 2.984232793746861064e-03 9.998990416783308799e-01 4.338943860827385035e-02
9.551253816310267819e-01 -2.954649380521186530e-01 -2.088003223281096471e-02 1.363149374984000239e+00 2.951246057023138580e-01 9.552908955631618237e-01 -1.791010784964610150e-02 2.242052138137549111e-01 2.523831359737212232e-02 1.094418731518614213e-02 9.996215545349004250e-01 2.039431627246865997e-01
9.602630979798201238e-01 -2.772886591256113475e-01 -3.171406909431325610e-02 1.597739892856208099e+00 2.772744637563903658e-01 9.607780914976870035e-01 -4.932610532807638754e-03 2.478937331784345777e-01 3.183793973869116639e-02 -4.056897630297066557e-03 9.994848108774904150e-01 1.833758405377574618e-01
9.554508764250034814e-01 -2.918519327854993128e-01 -4.400081894761848772e-02 1.913350019931309598e+00 2.929416426465435985e-01 9.559076817229783529e-01 2.063245081287855276e-02 2.945959055624078338e-01 3.603910018629013362e-02 -3.260296539226911067e-02 9.988184168833658116e-01 -7.510874021862110061e-02
9.456429392527578859e-01 -3.229836191109171639e-01 -3.796068001786511575e-02 2.025620152695410514e+00 3.241800040284135709e-01 9.454815447843117893e-01 3.117648890444666560e-02 3.440491561129397913e-01 2.582162716682453313e-02 -4.178792000429477210e-02 9.987927779635634717e-01 -1.751623994792296524e-01
9.238041319882088764e-01 -3.818178653131152345e-01 -2.830271098760184928e-02 1.998817632323525828e+00 3.825328330433968027e-01 9.235568047591711238e-01 2.667320803396107387e-02 3.942761736298868724e-01 1.595485397315220266e-02 -3.546753601205013956e-02 9.992434620871578632e-01 -8.819956804825498931e-02
8.983135587920300091e-01 -4.389474584683384362e-01 -1.891768470464649798e-02 1.994977717129426953e+00 4.392901902858718510e-01 8.980873252761301107e-01 2.152405391576860463e-02 4.209124206932414736e-01 7.541804094551014630e-03 -2.764570278637791187e-02 9.995893338308721177e-01 4.483643575222236860e-02
8.577884497254574248e-01 -5.138503297076094656e-01 -1.252254674487384735e-02 2.120411498749463775e+00 5.139585511781011862e-01 8.571398534811626169e-01 3.402762473635628782e-02 4.711139200033300778e-01 -6.751532307831301441e-03 -3.562457345249409046e-02 9.993424370944247181e-01 8.712486665572172218e-02
8.335608917036626542e-01 -5.524044277577352391e-01 -5.058459829230758237e-03 2.225773415445897463e+00 5.519105668254570274e-01 8.323497715580658873e-01 5.087812903044143520e-02 5.029946979341193281e-01 -2.389489586914933517e-02 -4.520183603444331844e-02 9.986920586299451452e-01 -5.509166166334289461e-03
8.124975760321597740e-01 -5.829457199620667884e-01 4.687912090961601774e-03 2.336195290603087837e+00 5.817868024571256624e-01 8.113407711224955854e-01 5.701113576370708813e-02 5.635786182827267066e-01 -3.703789179446460855e-02 -4.359404422925174105e-02 9.983625362958886695e-01 -3.661144990626219453e-02
8.083347478200427760e-01 -5.887058089169319164e-01 4.517301646871089288e-03 2.416710389343154741e+00 5.877611095231496385e-01 8.074285682807303965e-01 5.095081212548013827e-02 6.244732057828019656e-01 -3.364243746853071149e-02 -3.853021764266066629e-02 9.986909475556415838e-01 1.867372502850392357e-03
8.046093147219310904e-01 -5.937243653366607310e-01 -9.758517729863157297e-03 2.544681271276146184e+00 5.937829352414484285e-01 8.043311260153173103e-01 2.175466706207614467e-02 7.079315161213095564e-01 -5.067196340640242949e-03 -2.329844905806470814e-02 9.997157124866720146e-01 4.660353230135479141e-02
8.086902632953342218e-01 -5.872157256520569302e-01 -3.460851915715613958e-02 2.574175362247042465e+00 5.875093868051637358e-01 8.092147846317863102e-01 -2.037829519922408628e-03 7.708605529091728803e-01 2.920237091647957806e-02 -1.868485697723850508e-02 9.993988681465456603e-01 6.033814284403683781e-02
8.335927707966097611e-01 -5.488978488093156916e-01 -6.192127298543270708e-02 2.688173133362566691e+00 5.487500221909966669e-01 8.357253426553680198e-01 -2.089413288337949037e-02 8.029718098076251698e-01 6.321792167583031863e-02 -1.656210180120209347e-02 9.978623107237366563e-01 9.191429405581720558e-02
8.331312984344891870e-01 -5.477983038719491660e-01 -7.621848754651305846e-02 2.916583458093588987e+00 5.488311246794150833e-01 8.358896716565109575e-01 -8.535420382071473577e-03 8.574460988762490077e-01 6.838593533754350196e-02 -3.471995237591733729e-02 9.970546067066855533e-01 8.394067802800710132e-02
8.342904850272414574e-01 -5.467000593092263827e-01 -7.126311629657069990e-02 2.975998186898479947e+00 5.486486497157270215e-01 8.359964615791426468e-01 9.724988034064057513e-03 9.160478783362423494e-01 5.425906153003171029e-02 -4.721187751447175618e-02 9.974101427514353579e-01 1.019021298085073975e-02
8.166729097205273069e-01 -5.722641208141937552e-01 -7.455960405853376272e-02 3.076713823754457788e+00 5.740027466913307785e-01 8.188500480639905321e-01 2.333575884434287151e-03 9.985636530207147032e-01 5.971771361510348070e-02 -4.470318572941106572e-02 9.972138285574595473e-01 -1.725478335181659592e-02
7.938396316103510930e-01 -6.029949506328973197e-01 -7.883989342947989032e-02 3.042986213637145276e+00 6.040181465007921080e-01 7.968669409518081004e-01 -1.285134684985252650e-02 1.055949728828280643e+00 7.057420196140926083e-02 -3.741881785061064447e-02 9.968044512782699984e-01 8.448950629770449194e-02
7.698818163365033218e-01 -6.319335775518770681e-01 -8.911757647564376439e-02 3.106279316633161702e+00 6.333311291725927106e-01 7.737311898225878171e-01 -1.522257260423668518e-02 1.103060540540109491e+00 7.857270324594380073e-02 -4.472135349258031523e-02 9.959047800098242975e-01 2.193451670168052314e-01
7.461584740173263786e-01 -6.571874457059326824e-01 -1.065466698618336150e-01 3.178286493772714660e+00 6.609597888008501565e-01 7.504213096951264372e-01 1.246747236028911132e-04 1.173522840949449142e+00 7.987295687822276724e-02 -7.051609151082351146e-02 9.943076946285624995e-01 2.013336990739278132e-01
7.418198046332725726e-01 -6.607501276693273917e-01 -1.145104634468870064e-01 3.402547179598909288e+00 6.673265646015021924e-01 7.442070878341358053e-01 2.882822565805854415e-02 1.219101453230098775e+00 6.617124474430266523e-02 -9.780122290852188982e-02 9.930036692613916083e-01 4.794519919334129521e-02
7.231184303587954165e-01 -6.833064436674838316e-01 -1.009556324229981261e-01 3.578731926116438977e+00 6.894911700099797258e-01 7.228049410306606193e-01 4.642137115523843616e-02 1.312377626668000952e+00 4.125120790596392001e-02 -1.031761661633095045e-01 9.938073337333248602e-01 -7.569834283930097774e-02
7.171847775714399464e-01 -6.923407163756500893e-01 -7.943756836822135625e-02 3.623847247480577405e+00 6.963853675735747206e-01 7.163085347756701360e-01 4.415317470975127501e-02 1.381642958025318224e+00 2.633276759517432300e-02 -8.698514503054069480e-02 9.958615214450221576e-01 -4.584032525617998122e-02
7.145571333114888457e-01 -6.965598552515682718e-01 -6.490355372074450846e-02 3.649989486381802983e+00 6.990141629191509720e-01 7.146238660560622069e-01 2.630456427173942860e-02 1.446815259938762921e+00 2.805892499911737115e-02 -6.416461731360630083e-02 9.975447852667530535e-01 7.358321551906324420e-02
7.141728518886183430e-01 -6.975864952354043913e-01 -5.770805221511769029e-02 3.712725785451526317e+00 6.990970801852424144e-01 7.149692716603979203e-01 9.067141659250821384e-03 1.530890913204933534e+00 3.493436848930319555e-02 -4.681903722403154416e-02 9.982923257501623571e-01 1.601510403388204384e-01
7.242126732035232273e-01 -6.869514848941058460e-01 -6.011373697575267405e-02 3.797620845992644156e+00 6.886741742930884147e-01 7.249699851997249977e-01 1.209967855950908402e-02 1.622904918367440441e+00 3.526876285241543896e-02 -5.016151872993379612e-02 9.981181976126708433e-01 1.574136189009849307e-01
7.309697397108831929e-01 -6.802949869703873720e-01 -5.368398578686427169e-02 4.005060453868524384e+00 6.821816211823796827e-01 7.304951545768082477e-01 3.170275793657705010e-02 1.691084619989959403e+00 1.764866419828557340e-02 -5.979598517263176594e-02 9.980545900947755955e-01 9.556083315514117549e-02
7.187985934851808256e-01 -6.944508847202076618e-01 -3.265808804946634947e-02 4.113330627552554297e+00 6.951132742805256060e-01 7.170797659946865910e-01 5.112871130795648700e-02 1.784217540334857022e+00 -1.208792466606926908e-02 -5.945231629067523893e-02 9.981579555185345898e-01 3.148745965645665529e-02
7.114503507440388397e-01 -7.025632407265198776e-01 -1.559779490935513102e-02 4.131904852262095140e+00 7.021186518308262237e-01 7.097194232458966523e-01 5.768655838906478622e-02 1.861163967456209711e+00 -2.945839740120565625e-02 -5.199262493240675714e-02 9.982128880029503826e-01 5.181220807613862167e-02
6.931353148570887912e-01 -7.206282682641547144e-01 -1.607278061102009048e-02 4.185896363024355971e+00 7.201949127350781854e-01 6.914549590294618575e-01 5.665092500637965850e-02 1.946218053643801182e+00 -2.971065412402743022e-02 -5.084229157080596279e-02 9.982646635133147761e-01 1.033995094736985809e-01
6.639108022854933733e-01 -7.471113960028034073e-01 -3.235751182298700346e-02 4.337857137095102900e+00 7.475352659932502641e-01 6.618671918124854336e-01 5.588243461639117587e-02 2.049085245668688327e+00 -2.033402825396768768e-02 -6.128933320731121820e-02 9.979128944602179141e-01 1.022596298133058579e-01
6.476489451778155715e-01 -7.610079553328132906e-01 -3.765283163632850844e-02 4.416938242188920505e+00 7.614139771140859825e-01 6.445780739986701757e-01 6.904970655603831498e-02 2.097423157603435229e+00 -2.827718630580062370e-02 -7.338936190167988372e-02 9.969024035954027196e-01 4.819821983980683566e-02
6.402963068522046219e-01 -7.678750342766376136e-01 -1.971220855409566708e-02 4.522291388135686319e+00 7.666153797204446896e-01 6.372152208525766470e-01 7.910513188081047531e-02 2.188989318212089419e+00 -4.818193652714515551e-02 -6.576240604216618268e-02 9.966713635617506784e-01 4.575365893919410010e-02
6.360944251679366834e-01 -7.716056028829593183e-01 -2.945482965012818921e-03 4.577191209086403312e+00 7.696164225561513694e-01 6.341710334213073175e-01 7.428096998035649268e-02 2.269529113891749716e+00 -5.544767264857693168e-02 -4.951660296280488427e-02 9.972330026773482681e-01 5.586816982401976439e-02
6.425312896836226084e-01 -7.662019219964592009e-01 9.389169634889449334e-03 4.643935309942588852e+00 7.648856493749208729e-01 6.420645751406138801e-01 5.199062155628332571e-02 2.370541846820611642e+00 -4.586376737476326182e-02 -2.622396000673817354e-02 9.986034341838398998e-01 8.689386046454239398e-02
6.493727433146231354e-01 -7.601810352838166418e-01 2.097221578339791836e-02 4.722780878157072593e+00 7.592635434366038494e-01 6.496487014601819432e-01 3.841140845102818807e-02 2.486376692705242863e+00 -4.282419699343933961e-02 -9.019882811002898418e-03 9.990419059608774965e-01 1.231805665263265015e-01
6.750149466624113526e-01 -7.372271524878254434e-01 2.917100301728605891e-02 4.767989469200365704e+00 7.356852213922263628e-01 6.755444137380030023e-01 4.906118723032404372e-02 2.573918397328414986e+00 -5.587554749094587880e-02 -1.165635886846637381e-02 9.983696973018144627e-01 1.281396583839198300e-01
6.927960424893846447e-01 -7.205274452521041040e-01 2.956085502015881258e-02 4.880894501791654072e+00 7.181739570372950299e-01 6.930828477943884458e-01 6.214767515051697333e-02 2.703045295911350898e+00 -6.526722718516837773e-02 -2.182582717096079317e-02 9.976291005799013956e-01 1.247318057246935147e-01
6.830435735423188159e-01 -7.299908835801451890e-01 2.376523789945481427e-02 5.038419255190752288e+00 7.276818891874268225e-01 6.829552145914439265e-01 6.364937557409439117e-02 2.801783693426889155e+00 -6.269405706409657275e-02 -2.618176373420268849e-02 9.976893155971001681e-01 6.617513950766731878e-02
6.611379442107113702e-01 -7.499584916469775875e-01 2.142147360534583239e-02 5.069598922480905046e+00 7.480372660309609900e-01 6.611049869774812127e-01 5.814159287833078893e-02 2.840038551790983856e+00 -5.776562432588622925e-02 -2.241555263861846545e-02 9.980784917260495659e-01 5.263794718045677890e-02
6.403899998306089580e-01 -7.678094269502097058e-01 1.921801247120562273e-02 5.095521271265405439e+00 7.661583143486568881e-01 6.403678423248688745e-01 5.413375906600750159e-02 2.929308789892709264e+00 -5.387100770709030151e-02 -1.994267791904041215e-02 9.983487387311309469e-01 8.847215527755575293e-02
6.124611584116095298e-01 -7.904158251528086154e-01 1.158243433453208862e-02 5.210837776514398278e+00 7.884760509007520124e-01 6.118749323042602661e-01 6.256663946234897189e-02 3.032523956203577953e+00 -5.654066318203121444e-02 -2.918716439912263580e-02 9.979735782280384493e-01 1.257776304971674475e-01
5.948918636898361534e-01 -8.037396237395264542e-01 1.030959488426952397e-02 5.263217378589111206e+00 8.002873165707840020e-01 5.934379278865804519e-01 8.585823595681219000e-02 3.109985300719415147e+00 -7.512577088833870265e-02 -4.282572797660577635e-02 9.962540216087996114e-01 1.109047205828520288e-01
5.953341162063929826e-01 -8.034722400967241329e-01 3.106360363044229078e-03 5.356466403578609814e+00 7.995758631233708114e-01 5.928188107784524430e-01 9.614726567998838069e-02 3.187009066641888211e+00 -7.909316779134434316e-02 -5.475597667080383396e-02 9.953622726563211565e-01 8.468450663301026193e-02
6.014637613475739553e-01 -7.988173893941036274e-01 -1.149444157919093240e-02 5.466559755612512284e+00 7.962706385343732984e-01 5.982557157949919269e-01 8.968371494693450074e-02 3.268937163387765299e+00 -6.476429567045260960e-02 -6.309419085946527117e-02 9.959039657949453339e-01 7.041015694462274266e-02
6.120670925983544564e-01 -7.905836697016517256e-01 -1.874394193511615125e-02 5.527875169250370924e+00 7.894702618025029039e-01 6.094847583521628698e-01 7.256056136699119696e-02 3.374003407750422845e+00 -4.594104796023656956e-02 -5.920971657992583903e-02 9.971878607237655290e-01 8.327944457203935447e-02
6.373629785271324177e-01 -7.703498921043728798e-01 -1.815151062041420876e-02 5.596720090410244985e+00 7.698874794567983626e-01 6.356402776781466812e-01 5.687447906492319044e-02 3.450390669310620773e+00 -3.227541756011809149e-02 -5.022430813888247719e-02 9.982163173848094262e-01 1.088208429015310730e-01
6.526843092032019733e-01 -7.575068944977341179e-01 -1.365640173463320006e-02 5.672472410507436891e+00 7.569246482317029123e-01 6.511931239678712124e-01 5.488708587889808838e-02 3.578220306869403622e+00 -3.268439106441847763e-02 -4.616080681014347181e-02 9.983991739256321551e-01 1.144595167646776102e-01
6.810091245270269988e-01 -7.322634051770285923e-01 -4.108253823120168458e-03 5.723600923798661810e+00 7.308128924538398463e-01 6.792844045742274517e-01 6.697173975259827772e-02 3.654218493495093423e+00 -4.625028144978940436e-02 -4.861073071637784376e-02 9.977464148394796783e-01 1.285699304270018772e-01
6.874747492570311147e-01 -7.262008775089803247e-01 3.279426652502356182e-03 5.851664390218536127e+00 7.239442077067639314e-01 6.856807548296735000e-01 7.580690327427401509e-02 3.777506481932288551e+00 -5.729967942151253935e-02 -4.974120989075526966e-02 9.971171239010970799e-01 1.207583321745427374e-01
6.835275876068283019e-01 -7.299033710964566435e-01 5.577261193271520340e-03 5.916098786854958824e+00 7.277962401937767556e-01 6.820976321580316526e-01 7.110170858853402664e-02 3.860265850729118764e+00 -5.570161344334624565e-02 -4.454086961920269983e-02 9.974534782100733521e-01 9.409268365574656456e-02
6.743344428927130485e-01 -7.384256236402091389e-01 -8.108514922380016809e-04 5.986855729697464490e+00 7.373452970284533059e-01 6.732876819289326242e-01 5.482344674303467336e-02 3.900275508099701582e+00 -3.993710152973363459e-02 -3.756721595131280733e-02 9.984957346964838942e-01 8.681180192662306394e-02
6.658441040416974710e-01 -7.460274062707377141e-01 -9.733355324091636299e-03 6.083800705542281584e+00 7.459340559806264537e-01 6.653799943314693266e-01 2.918642272950940780e-02 3.984430823989488779e+00 -1.529749133684693042e-02 -2.669404870771272670e-02 9.995265952051447522e-01 9.708209359876220079e-02
6.297774757465184337e-01 -7.766655482418878265e-01 -1.307506085917534491e-02 6.114047424540206777e+00 7.767754175117862481e-01 6.296766010474637021e-01 1.128400827291102006e-02 4.115029898722935897e+00 -5.308405913521749980e-04 -1.726280010429467882e-02 9.998508458469321791e-01 1.301615306030440844e-01
6.303627050170717006e-01 -7.762952012841870530e-01 -2.936083565536973944e-03 6.143839768408623669e+00 7.761888389680613454e-01 6.302031020293463737e-01 1.936327591091585934e-02 4.139120243584637038e+00 -1.318128919996688908e-02 -1.448484227504417618e-02 9.998082030866189962e-01 1.445545306248838813e-01
6.347779063771031849e-01 -7.726303039322245381e-01 9.971109321443851273e-03 6.247014346899097070e+00 7.719648461350240298e-01 6.346862842496141521e-01 3.526466953122755349e-02 4.256087339686384752e+00 -3.357507866305568800e-02 -1.468788722098914555e-02 9.993282644165295547e-01 1.526389639719643032e-01
6.469387916068396471e-01 -7.625113190061810764e-01 6.832883852105495204e-03 6.353613096764970436e+00 7.619140854318079414e-01 6.467437229146846267e-01 3.477762630004337802e-02 4.365882121275631356e+00 -3.093745844270446438e-02 -1.729292508246558363e-02 9.993717168337306056e-01 1.182741202952292958e-01
6.637672028825940540e-01 -7.479390893047452860e-01 4.680463713309700527e-04 6.450736606199031442e+00 7.478423578148238882e-01 6.636911692030880161e-01 1.567927867611070350e-02 4.474034438853135676e+00 -1.203778365739546080e-02 -1.005736604815588020e-02 9.998769630073447434e-01 8.543021659367261433e-02
6.758881100740777859e-01 -7.369881625769998390e-01 -4.869382082881735553e-03 6.522772696364112832e+00 7.369581143641790177e-01 6.759049747718663959e-01 -6.723299148209875217e-03 4.587047245494607850e+00 8.246231459579460993e-03 9.556673168269872766e-04 9.999655425896907257e-01 9.794630244167823463e-02
6.987168086520487709e-01 -7.153865615355717855e-01 -4.109608425137386070e-03 6.569482903457561918e+00 7.153302201959302886e-01 6.987180116255548024e-01 -9.788580309375261371e-03 4.664554069663429559e+00 9.874076237210392681e-03 3.899718495328390652e-03 9.999436458191626187e-01 1.552119824451677621e-01
7.025186989393041870e-01 -7.116383543463550287e-01 6.191143984667489553e-03 6.669273246168896385e+00 7.116645665875079851e-01 7.025037653236424484e-01 -4.690881571622931324e-03 4.773223592572050755e+00 -1.011090718826343580e-03 7.701449819104147325e-03 9.999698322280737850e-01 1.768607544336540383e-01
6.975801879681059470e-01 -7.163663844602045083e-01 1.418042911186044586e-02 6.747300743820220603e+00 7.164547080677802215e-01 6.976313927686907945e-01 -1.758155604175754526e-03 4.820264448519078648e+00 -8.633228937883062615e-03 1.138608971645192758e-02 9.998979069480419257e-01 1.344042842644646019e-01
6.930746865783614652e-01 -7.207948307195343185e-01 1.011389303404244822e-02 6.842785622535479284e+00 7.208657837443713801e-01 6.930059715323820813e-01 -9.759367145085700093e-03 4.916203422568621306e+00 2.551312124064990944e-05 1.405472975397517761e-02 9.999012270822670301e-01 1.207005407807367481e-01
6.882247741151035214e-01 -7.254898125266894260e-01 -3.345476678106593885e-03 6.904779642650618499e+00 7.254724058627971539e-01 6.882320006027544679e-01 -5.147978047249949715e-03 5.042036853468932378e+00 6.037269735534037812e-03 1.115915014294238845e-03 9.999811528763036250e-01 1.583942456806534671e-01
6.774210046195663359e-01 -7.355456446183817887e-01 -8.566631960507402679e-03 7.004651234186113129e+00 7.355091612698269055e-01 6.771170776537744906e-01 2.321070524064560922e-02 5.125141171281472730e+00 -1.127192034984372641e-02 -2.202425555022687401e-02 9.996938911382249326e-01 1.412270874930828812e-01
6.691089414300253058e-01 -7.430864088121750255e-01 -1.076166980613244700e-02 7.083085071093968565e+00 7.424588448832226684e-01 6.677728384692013242e-01 5.323814288136802242e-02 5.217702551254681076e+00 -3.237418961243584969e-02 -4.361221436032834686e-02 9.985238537989600260e-01 1.324221676286498339e-01
6.732934385431293967e-01 -7.392375619159915479e-01 -1.427489640137799380e-02 7.170125765092539183e+00 7.381842257800542706e-01 6.709879889771825923e-01 6.970772882441640672e-02 5.295598970490158486e+00 -4.195228747364441318e-02 -5.747125978136503888e-02 9.974653176300776192e-01 1.287592544156056229e-01
6.668533103852722910e-01 -7.448303578546310311e-01 -2.311710289690317374e-02 7.287790906879870967e+00 7.445308702107914511e-01 6.646401830652399756e-01 6.266745852646296577e-02 5.410437493945019050e+00 -3.131207005876995159e-02 -5.900139890838731332e-02 9.977667007850522518e-01 9.530909295286763006e-02
6.710283911403205348e-01 -7.410612613434526263e-01 -2.343299425348614740e-02 7.355373355903703114e+00 7.411972409307796550e-01 6.696864387821993558e-01 4.633275027251667483e-02 5.450854347452308346e+00 -1.864264788684152213e-02 -4.845906155990386405e-02 9.986511758529604821e-01 8.979849435406729585e-02
6.875409020500380386e-01 -7.259201581460450470e-01 -1.809508235518491118e-02 7.400299817075241648e+00 7.260996329059008492e-01 6.870032922990406687e-01 2.838660712722055127e-02 5.559767625645577027e+00 -8.175029182587275484e-03 -3.265578612589106755e-02 9.994332236474650077e-01 1.451572417734189324e-01
7.160506341969679056e-01 -6.978169409460537320e-01 -1.797237309905728997e-02 7.444101622003004515e+00 6.980367770911590775e-01 7.156531926036029390e-01 2.419019934721278187e-02 5.692004429581659863e+00 -4.018344722343788165e-03 -2.986678497866859100e-02 9.995458108864897495e-01 2.429037736624910515e-01
7.232165206431964144e-01 -6.901979760616649973e-01 -2.417887733395639172e-02 7.614268187389635401e+00 6.904950655518540259e-01 7.219714557493981388e-01 4.442726113137780014e-02 5.806620203875429098e+00 -1.320714644765740194e-02 -4.882592470682222546e-02 9.987199809552395058e-01 2.682544205648377811e-01
7.163299171181565228e-01 -6.971901242809006582e-01 -2.823792567943048115e-02 7.701588366496983085e+00 6.974998016411557700e-01 7.143656083535478984e-01 5.635427501275968448e-02 5.877282883409407077e+00 -1.911744104327736671e-02 -6.006420070930441196e-02 9.980114304160595529e-01 1.617188617192695521e-01
7.132653629061900258e-01 -7.003582473955576315e-01 -2.740159453980610740e-02 7.792994022405087762e+00 7.006902561370103033e-01 7.115700011189378671e-01 5.197401718402686749e-02 5.905136990641944195e+00 -1.690227892776113502e-02 -5.627129652511673324e-02 9.982724348365182854e-01 1.026911487363643960e-01
7.019117436382227293e-01 -7.117427115649829217e-01 -2.724365388260820142e-02 7.809440957809525408e+00 7.121548385409245396e-01 7.006212615183238235e-01 4.433208602380560998e-02 6.002749725319763030e+00 -1.246555596431393742e-02 -5.051891173212275793e-02 9.986453071395782199e-01 1.501607880513546878e-01
6.957254773150020055e-01 -7.174120912084258617e-01 -3.586016735551985496e-02 7.900906677346325679e+00 7.182801184900460267e-01 6.943931119609236813e-01 4.349571752655344292e-02 6.140518971991366648e+00 -6.303300463896733055e-03 -5.601872409451556789e-02 9.984098211426429836e-01 2.452480018681235108e-01
6.871113931189448687e-01 -7.253269610894825803e-01 -4.217502771592436528e-02 8.003862809856432392e+00 7.264261905092204152e-01 6.847533352468819778e-01 5.846246326090762113e-02 6.242244583128441882e+00 -1.352490992223076213e-02 -7.080726929466710229e-02 9.973983193421913640e-01 2.197780020548564250e-01
6.873753633261021623e-01 -7.255649225743209252e-01 -3.272083467805730200e-02 8.119221917590651927e+00 7.259063426785924422e-01 6.848155452517328268e-01 6.393473735428700788e-02 6.297789604627123339e+00 -2.398106651712717322e-02 -6.769942474860138337e-02 9.974175135505740641e-01 1.468837729464825270e-01
6.862254542807306734e-01 -7.270737516721428317e-01 -2.140993990183021750e-02 8.233443765071116971e+00 7.270347428289363201e-01 6.846757525768143449e-01 5.137700412670486577e-02 6.356490933792139586e+00 -2.269600442516850336e-02 -5.082197814694113663e-02 9.984498074116517907e-01 1.365530139097468620e-01
6.965513146174626691e-01 -7.173407074472214484e-01 -1.544589083881025074e-02 8.278188316567520744e+00 7.174888673823119900e-01 6.962193602008075466e-01 2.209813711663053543e-02 6.427448877985877829e+00 -5.098165074981467204e-03 -2.647474118283473649e-02 9.996364823235345254e-01 1.943994207558549792e-01
7.075772112658766932e-01 -7.065389872848012454e-01 -1.171108636175030755e-02 8.346457914074887796e+00 7.065253052483498886e-01 7.076625524323354455e-01 -5.975360129591712234e-03 6.551000447727811427e+00 1.250932216113544333e-02 -4.046150209719610695e-03 9.999135690286182765e-01 2.324084364835191097e-01
7.352482050181023965e-01 -6.777003859705952316e-01 -1.150060315656400642e-02 8.403740040404377609e+00 6.777330521009379272e-01 7.353067743823082925e-01 -1.362951735283045220e-03 6.633028025713446851e+00 9.380144327564683693e-03 -6.792231061406635989e-03 9.999329369960779923e-01 2.436198668408802170e-01
