1.000000000000000000e+00 0.000000000000000000e+00 0.000000000000000000e+00 0.000000000000000000e+00 0.000000000000000000e+00 1.000000000000000000e+00 0.000000000000000000e+00 0.000000000000000000e+00 0.000000000000000000e+00 0.000000000000000000e+00 1.000000000000000000e+00 0.000000000000000000e+00
9.999989235062088921e-01 -1.439159285669849722e-03 -2.860191844796346802e-04 1.475655534309892533e-02 1.439320177654054888e-03 9.999988056292173910e-01 5.631141668545805836e-04 -4.683721251069811881e-02 2.852084318845564490e-04 -5.635252338490938937e-04 9.999998005477107599e-01 -1.266816690462630249e-02
9.999946995766362257e-01 -3.252054870307952324e-03 -1.579802317377758077e-04 1.276259661696952860e-02 3.252113448983346214e-03 9.999946426851087367e-01 3.719666607960106790e-04 -9.278372598450349007e-02 1.567697293970939283e-04 -3.724784588515391557e-04 9.999999183415214654e-01 -1.894129558562716170e-02
9.999951634843688986e-01 -3.082125576109857532e-03 -4.165450798110385193e-04 1.104852708819512030e-02 3.082286933955736587e-03 9.999951747465070095e-01 3.872866634708109295e-04 -9.930877929320472419e-02 4.153494037446674972e-04 -3.885687018097143982e-04 9.999998382496052551e-01 -2.054872912098391902e-02
9.999982488527648927e-01 -1.862286781031758038e-03 1.848765776485473186e-04 -1.921110310940311178e-02 1.862302978825419947e-03 9.999982620858660631e-01 -8.748064072409649622e-05 -6.689770987555335169e-02 -1.847133423081133105e-04 8.782478373388431423e-05 9.999999790838940417e-01 -1.488047386095536773e-03
9.999997105248137341e-01 -4.943552043653470524e-04 5.784144022081317855e-04 -5.537321053518737268e-02 4.944649056565376261e-04 9.999998597912158615e-01 -1.895310151225415097e-04 -1.800083124531558568e-02 -5.783206254656371881e-04 1.898169658808338510e-04 9.999998147573696539e-01 1.117323722203881348e-02
9.999978946861403095e-01 1.817681196616797090e-03 9.521860923858499947e-04 -9.409080826413324106e-02 -1.817729100020532571e-03 9.999983467066455578e-01 4.944587417048636256e-05 2.635128577929270882e-02 -9.520946413071811965e-04 -5.117658644016675844e-05 9.999995454482721868e-01 1.850300530132282378e-02
9.999990976924207908e-01 8.534729012627116813e-04 1.037399802871098427e-03 -5.618502944230542584e-02 -8.546218214114519474e-04 9.999990214639590258e-01 1.107561586003333711e-03 -4.318629315057428975e-03 -1.036453513937869155e-03 -1.108447171151181803e-03 9.999988485538281457e-01 2.189067573706513295e-02
9.999991262187325480e-01 -1.165514050933706344e-03 6.238098816607351048e-04 -5.421713075987468627e-02 1.164684447748169302e-03 9.999984391481270274e-01 1.328612602278658218e-03 -1.060863672531305382e-02 -6.253574246421162797e-04 -1.327884899694332585e-03 9.999989228243121309e-01 1.705482291562877492e-02
9.999974102595119430e-01 -2.195893582975531107e-03 5.979344793092112968e-04 -7.804389016447960126e-02 2.195496508327635533e-03 9.999973694953713244e-01 6.639257637710727512e-04 -6.626840541469284501e-03 -5.993908167640329184e-04 -6.626112813141091760e-04 9.999996008383896795e-01 1.658606597769512331e-02
9.999995255718517884e-01 -6.202409874198321895e-04 7.511039800052446338e-04 -6.898426898855636313e-02 6.198862445304498649e-04 9.999996962725655747e-01 4.724360489462722345e-04 -4.802497622563867835e-03 -7.513967760758510309e-04 -4.719702257838950484e-04 9.999996063234179999e-01 2.377746103894604057e-02
9.999998385696838854e-01 3.404090111766642623e-04 4.549530869441934010e-04 -3.658179955906018521e-02 -3.405421982856665251e-04 9.999998991777698798e-01 2.927037089860968339e-04 1.155638073970843491e-02 -4.548534020946649273e-04 -2.928585924591894083e-04 9.999998536711030006e-01 1.042509499035719836e-02
9.999999794978460255e-01 -1.470559369083840936e-04 1.392079702765913556e-04 -1.209700174067110043e-02 1.469955528437812500e-04 9.999998951571389405e-01 4.336796265559615389e-04 5.647086491064698399e-03 -1.392717308454307257e-04 -4.336591547120439874e-04 9.999998962715558326e-01 -2.010990149995684102e-03
9.999998221168071577e-01 -5.778563412116190364e-04 1.478120528887465375e-04 -1.089801912475461820e-02 5.778006119968639434e-04 9.999997620867939752e-01 3.767927921280924287e-04 3.667134920815166583e-03 -1.480297498265611814e-04 -3.767073192083678513e-04 9.999999180893910378e-01 -5.049249299448556674e-03
9.999998772235427769e-01 -4.917021550372934445e-04 6.149707343814798922e-05 -1.254255899342788735e-02 4.916838526041321811e-04 9.999998349368044437e-01 2.972765598711874066e-04 -6.300589215640545020e-03 -6.164323481237525180e-05 -2.972462862546326073e-04 9.999999539223773937e-01 -3.479268258505568284e-03
9.999999516818764977e-01 1.778116920394826538e-04 2.549887188563543716e-04 -1.523459141080735040e-02 -1.777990740796861209e-04 9.999999829683126062e-01 -4.950619908827823561e-05 -1.434649327437921909e-02 -2.549975172944925856e-04 4.946085993811816825e-05 9.999999662649441401e-01 4.063180608774159125e-03
9.999999934895785758e-01 -7.395962227924827298e-05 8.689543786431537661e-05 1.112942296451789256e-02 7.397601658426530380e-05 9.999999794638962936e-01 -1.886789761053062411e-04 -2.591331713340488604e-02 -8.688148145401685567e-05 1.886854030552791617e-04 9.999999784247132206e-01 8.388550227127998526e-04
9.999997813411406478e-01 -5.854483230849078087e-04 -3.075189944361912220e-04 3.925450705583900801e-02 5.854679716605020552e-04 9.999998265778990980e-01 6.380772527389147540e-05 -3.490171870937610471e-02 3.074815849798396531e-04 -6.398775384368667475e-05 9.999999506803198823e-01 -1.228967963257334220e-02
9.999998712700096659e-01 -2.655212492330447462e-04 -4.323868989539535841e-04 3.020411656545356205e-02 2.653863717265115478e-04 9.999999161240826773e-01 -3.119645835854084289e-04 -5.839746470667501327e-02 4.324696959130558014e-04 3.118497938359151363e-04 9.999998578598240373e-01 -3.124654731671516056e-02
9.999884481585026297e-01 4.801377425622632526e-03 -2.243309306807208462e-04 1.470631892846319816e-02 -4.801529080319771360e-03 9.999882410802950483e-01 -6.804554566558659564e-04 -7.005615124992242704e-02 2.210611693225904165e-04 6.815247276295632395e-04 9.999997433279695924e-01 -2.470950984329777639e-02
9.999822680775465322e-01 5.954555932018431447e-03 -8.242656282939162665e-05 -4.559832368109515734e-03 -5.954589485580079333e-03 9.999821859909362454e-01 -4.129949717917887736e-04 -7.074971276216096561e-02 7.996589282267772543e-05 4.134784649413316923e-04 9.999999113205035872e-01 -1.311293460172689718e-02
9.999841601427472693e-01 5.628242027872734816e-03 -4.853122699092276226e-05 -1.350573212169300062e-02 -5.628252750465137337e-03 9.999841362363333097e-01 -2.237110890392779309e-04 -7.383473432882455001e-02 4.727135694957527328e-05 2.239806914993568328e-04 9.999999737990339366e-01 -8.689488164639193324e-03
9.999887879469890883e-01 4.720567516247762586e-03 -3.744631306258844133e-04 2.359446391504513990e-02 -4.720548535208041706e-03 9.999888568196505512e-01 5.155633057926889374e-05 -7.680560957500782993e-02 3.747023330550750876e-04 -4.978808114419195675e-05 9.999999285596516962e-01 -1.770216459018623609e-02
9.999860025129911900e-01 5.276073914148826129e-03 -3.972683480655773286e-04 3.741967264626530620e-02 -5.276109369921793031e-03 9.999860773436664019e-01 -8.825385830976567873e-05 -6.699777866658185310e-02 3.967971831552438494e-04 9.034865423113264365e-05 9.999999171945546106e-01 -2.128108775953517495e-02
9.999799649962303194e-01 6.311021680303963328e-03 -4.905216494801979774e-04 5.901691514413412443e-02 -6.311189067252837882e-03 9.999800262946441087e-01 -3.404472357869762220e-04 -6.448271908811992192e-02 4.883632820592493425e-04 3.435361897967740804e-04 9.999998217420795754e-01 -2.731211013670773596e-02
9.999283244258461156e-01 1.196070824334780763e-02 -5.361615776110507372e-04 9.975303950213108839e-02 -1.196080591652459724e-02 9.999284509205318416e-01 -1.793362560711383796e-04 -7.345086674868185617e-02 5.339782271074053127e-04 1.857363266117212960e-04 9.999998401846221796e-01 -3.752192795987037421e-02
9.998273147992984278e-01 1.857275105380222849e-02 -6.272953994744370808e-04 1.082903696568355278e-01 -1.857294264314287777e-02 9.998274627190587571e-01 -3.009889428159744605e-04 -1.775511684896111109e-02 6.215969749269965308e-04 3.125876879547214229e-04 9.999997579530397473e-01 -5.073082059910344332e-02
9.998218567417118674e-01 1.884871733514268885e-02 -9.902708597919016465e-04 1.104715982203071378e-01 -1.884914207063942068e-02 9.998222503604780043e-01 -4.213398990619970095e-04 -1.392145021750501588e-03 9.821531228441074315e-04 4.399305963241630611e-04 9.999994209179892124e-01 -6.768074743323251874e-02
9.999413102054987013e-01 1.076646234975392642e-02 -1.208069940865091766e-03 1.009862392560865046e-01 -1.076665326615574604e-02 9.999420264105990386e-01 -1.516420494619724775e-04 -6.628569576993918744e-03 1.206367256298200618e-03 1.646400197958115244e-04 9.999992587855787152e-01 -7.255590365499368921e-02
9.999904918879015669e-01 -4.241245799103421713e-03 -1.013887500795816916e-03 1.027143977157459892e-01 4.241690176923140418e-03 9.999909087058814761e-01 4.365432719809727484e-04 1.393352887502415094e-02 1.012026795927927804e-03 -4.408397179312377326e-04 9.999993907308680763e-01 -5.569224489946936196e-02
9.996650685655477098e-01 -2.586898286867026983e-02 -7.391990119765487217e-04 1.516841395052774266e-01 2.586954318502677000e-02 9.996650394013081309e-01 7.587714932845077403e-04 4.614266724097072087e-02 7.193227626719324395e-04 -7.776400976224969071e-04 9.999994389251634086e-01 -3.031643965756687653e-02
9.986250630121850103e-01 -5.240925359847437709e-02 -1.119670112238878475e-03 2.198600494105089898e-01 5.241144208868208504e-02 9.986235249617764209e-01 2.023890091123645932e-03 5.168011217303923599e-02 1.012058345237198346e-03 -2.079790895024123589e-03 9.999973251002918229e-01 -3.450539203782223424e-02
9.980853613618798637e-01 -6.182803771658942210e-02 -1.704460982714259883e-03 2.665289410514765644e-01 6.183353950648259184e-02 9.980807184347698646e-01 3.390115165285830130e-03 8.657598402547386773e-03 1.491585473868608114e-03 -3.489017175314617497e-03 9.999928009400490536e-01 -6.931399755367445570e-02
9.974240429890116610e-01 -7.171233270797032489e-02 -1.618581179766024778e-03 2.978352755728881918e-01 7.171498065220986706e-02 9.974238145342152473e-01 1.641873950231482115e-03 -5.055624359499007875e-02 1.496668803471969339e-03 -1.753721071509175720e-03 9.999973422189161187e-01 -5.061834377034056531e-02
9.967934223235607183e-01 -8.000740631864125540e-02 -1.299286976543268099e-03 2.668084097221949391e-01 8.000650488724750375e-02 9.967940729628251839e-01 -7.316296254277907451e-04 -8.416709632660911156e-02 1.353657346012475263e-03 6.253321883647264138e-04 9.999988882851039707e-01 -1.655769184550023171e-02
9.967995927446092752e-01 -7.990309851849346223e-02 -2.463077612454752426e-03 2.952645671172927644e-01 7.989275041557998558e-02 9.967952500408625571e-01 -4.046965160224402780e-03 -1.899702157500261224e-01 2.778549120475206583e-03 3.837231178617256811e-03 9.999887775978623106e-01 -6.073766723944669377e-02
9.965440211969297524e-01 -8.280477380271485111e-02 -6.586596399840279926e-03 3.726387180018239098e-01 8.260529166861681205e-02 9.962352584038274284e-01 -2.629972816213219100e-02 -1.824570592757046583e-01 8.739542607934846011e-03 2.566474914236508559e-02 9.996324029594396698e-01 -9.888593633332376509e-02
9.962188224436608897e-01 -8.606979024298017089e-02 -1.183423070989954480e-02 3.989342590956338475e-01 8.526643693490057463e-02 9.947355859757261998e-01 -5.683967563203824735e-02 -6.747984657111866236e-02 1.666410937891241867e-02 5.561569203973007469e-02 9.983131784452961011e-01 -3.735258544322539453e-02
9.987855944429553379e-01 -4.777345422049443513e-02 -1.204298156913703385e-02 4.911813197312845936e-01 4.689543296353453072e-02 9.967892789581983548e-01 -6.489955100890723583e-02 -5.920974785525853767e-02 1.510479064386164791e-02 6.425597579865577336e-02 9.978191293384626182e-01 2.219058083330054804e-02
9.991901079495953963e-01 -3.944242831829538470e-02 -7.963857358851597276e-03 6.967724640923150803e-01 3.891797070853745405e-02 9.975704852128114419e-01 -5.777991509344267140e-02 -6.645777492308767298e-02 1.022348920894551420e-02 5.742318243211667894e-02 9.982975800770842456e-01 1.725826553600780244e-02
9.983950728465814661e-01 -5.634387203899295093e-02 -5.713720269913741788e-03 7.535734696853699788e-01 5.601347215996028972e-02 9.973179261891128577e-01 -4.711098638781229669e-02 -1.370225865779933078e-02 8.352811039080705602e-03 4.671533137526554663e-02 9.988733194766213908e-01 -4.277534121624096408e-02
9.983088766273456871e-01 -5.813200547017865344e-02 2.383003611048414416e-04 7.248766210237315155e-01 5.811326952534901641e-02 9.978649367844824036e-01 -2.980630539290591088e-02 -3.040710489846457087e-04 1.494908733376619937e-03 2.976974766631637279e-02 9.995556649690715556e-01 -2.698329630088890096e-02
9.978868738352839607e-01 -6.496004099189991998e-02 1.407160820497987226e-03 7.524322771613504157e-01 6.496500972480936942e-02 9.978801831411655554e-01 -3.832441207551674431e-03 -2.080236712442141631e-02 -1.155222359326001048e-03 3.915758992149283822e-03 9.999916661116811101e-01 -2.752084045543242569e-02
9.955692199841710277e-01 -9.401610728243882387e-02 -1.702877437246895368e-03 8.720865665162932379e-01 9.402736040592203637e-02 9.955323345971607285e-01 8.615466709454244060e-03 8.026657971375888989e-03 8.852769081909015510e-04 -8.737410542250079182e-03 9.999614362273236967e-01 6.720008870394608702e-02
9.854398293035974143e-01 -1.693721998632194969e-01 -1.487954083936513655e-02 9.386661564853121531e-01 1.695113843754390004e-01 9.854903287649555699e-01 8.643059519746070646e-03 1.070541431120230896e-01 1.319974958924939948e-02 -1.103946666435106500e-02 9.998519374320118391e-01 1.518378520434028600e-01
9.735534424482724658e-01 -2.264433378408335917e-01 -3.028381489542366148e-02 9.743065285222213268e-01 2.268206266675618088e-01 9.738890428444605396e-01 9.619539782916207427e-03 1.345331635541827664e-01 2.731479480524673029e-02 -1.623412994289061967e-02 9.994950500176299490e-01 1.228325348839069686e-01
9.635862063465009397e-01 -2.648840122928443064e-01 -3.657981643478718653e-02 1.138078663240809973e+00 2.658180467720427931e-01 9.637363238905845009e-01 2.351731328529086534e-02 1.054955946138334544e-01 2.902393751809852901e-02 -3.238453404801059504e-02 9.990539790248766927e-01 -2.920187201952806344e-03
9.579122053744661969e-01 -2.851357190878940906e-01 -3.319380205484230573e-02 1.353460249261142945e+00 2.861687610328755293e-01 9.576395975848808195e-01 3.215340334049554549e-02 1.150219388390424924e-01 2.261961545949608271e-02 -4.029916671219355151e-02 9.989315943340502102e-01 -1.407677410485270453e-01
9.532830591256994390e-01 -3.010478639293653336e-01 -2.493176302459636576e-02 1.443145122977214312e+00 3.015470631483242459e-01 9.532528448009301991e-01 1.945205864565903789e-02 1.477691218254556516e-01 1.791027332479473363e-02 -2.606141789120336796e-02 9.994998872470828299e-01 -1.312383995847696549e-01
9.498215622729864194e-01 -3.125716556512947997e-01 -1.174563428308092287e-02 1.380333468434485011e+00 3.124873686267847783e-01 9.498840691524673696e-01 -8.479364307454207578e-03 2.113881936819634877e-01 1.380739982804108680e-02 4.383520703615444679e-03 9.998950647224085220e-01 6.900006525624027831e-02
9.551521082870118029e-01 -2.953663137688410378e-01 -2.105209551287280309e-02 1.362394856304490531e+00 2.949864971970533878e-01 9.553049296449070971e-01 -1.937673521396277368e-02 2.340354452065438740e-01 2.583440547582589383e-02 1.229764557733557459e-02 9.995905918959846481e-01 2.263844488804033217e-01
9.606494032692518559e-01 -2.758909529595339749e-01 -3.220102596984303345e-02 1.604427926853651432e+00 2.759069890144055237e-01 9.611758807229263679e-01 -4.032335490936695549e-03 2.542814138254909095e-01 3.206333437799277486e-02 -5.010827435364307789e-03 9.994732783806569154e-01 1.941644998005586653e-01
9.557837636398731629e-01 -2.907360806669361253e-01 -4.415799543489206530e-02 1.897251414689192561e+00 2.918456252245288374e-01 9.562337001137184433e-01 2.105330862670009087e-02 3.053639158270409770e-01 3.610440692911334043e-02 -3.300972834265718248e-02 9.988026980515426478e-01 -4.132963683877477479e-02
9.460480174723331359e-01 -3.215856381262669483e-01 -3.969667476741366857e-02 1.999844849794439439e+00 3.228654601805183155e-01 9.459190019484208234e-01 3.154578221134512334e-02 3.498474755851417317e-01 2.740516847403533934e-02 -4.266050988707443398e-02 9.987136915237943002e-01 -1.818073994031195184e-01
9.238768427465364752e-01 -3.815663288838643807e-01 -2.930385808698517808e-02 2.002237761282810613e+00 3.823355682624228202e-01 9.236058278597103488e-01 2.778107242402938493e-02 3.731714873488245487e-01 1.646489229061975923e-02 -3.687019671319401171e-02 9.991844153689490859e-01 -8.678619843740736917e-02
8.988626416489491344e-01 -4.378676255080903301e-01 -1.782958159295016179e-02 1.983709234062608351e+00 4.381903761287684329e-01 8.985865965783039755e-01 2.305043856304823599e-02 4.096674259271060325e-01 5.928382241502216064e-03 -2.853192916238174101e-02 9.995753014667136949e-01 7.410166776885136752e-02
8.583717885047560392e-01 -5.129136024957813289e-01 -1.084016023617592230e-02 2.100211316875363554e+00 5.129822960179711844e-01 8.578209933269184129e-01 3.150091077650837845e-02 4.839810309600707794e-01 -6.858328606657698376e-03 -3.260030340991647291e-02 9.994449377260883338e-01 1.477532214580072889e-01
8.339109963704497419e-01 -5.518816978223127778e-01 -4.363684361320363872e-03 2.213912769499744027e+00 5.514319578213723316e-01 8.328541416581594081e-01 4.771555947632666328e-02 5.226423398667898734e-01 -2.269903138312209800e-02 -4.219680475595441460e-02 9.988514322173522864e-01 4.457784082594495878e-02
8.126862561333625390e-01 -5.826654495745369200e-01 6.482512170573811322e-03 2.319563836003009527e+00 5.814913347996588655e-01 8.116648711832071816e-01 5.538920869681072251e-02 5.770348972017361744e-01 -3.753500559277742066e-02 -4.124452399107859241e-02 9.984437954115892300e-01 8.185828958140184408e-03
8.095136947664653970e-01 -5.870683415434100327e-01 6.191957930746361596e-03 2.399574757604530983e+00 5.861012141714231349e-01 8.087054538661898606e-01 4.980818842181884698e-02 6.317535335092774318e-01 -3.424828072078345276e-02 -3.669129657766204144e-02 9.987396077172069342e-01 3.231570510234847704e-02
8.053628146591943482e-01 -5.927228765727629023e-01 -8.386200064965111320e-03 2.538426669191149898e+00 5.927092364348890419e-01 8.049611357856514271e-01 2.708008344604645456e-02 6.882145172284491741e-01 -9.300419828751091064e-03 -2.677987046240951768e-02 9.995980895985273618e-01 6.767231140837323689e-02
8.077890039579679327e-01 -5.885694410201740556e-01 -3.260273273506290870e-02 2.564211012131820677e+00 5.888967066223371738e-01 8.082081259699354092e-01 5.422596517226253160e-04 7.526473476847028721e-01 2.603063606520168022e-02 -1.963767331851842823e-02 9.994682425033204476e-01 6.178608189967471631e-02
8.331479054904691317e-01 -5.496045991537096276e-01 -6.163888517757645097e-02 2.672046764108899630e+00 5.494843888395396503e-01 8.352546604962830523e-01 -2.040976582120672053e-02 8.172028139654468060e-01 6.270146727535139131e-02 -1.686525150506181306e-02 9.978898182130074845e-01 1.079813904973950384e-01
8.338403464528141296e-01 -5.466814496685643565e-01 -7.648313026888940713e-02 2.901490944623656976e+00 5.474602897429974302e-01 8.367420083185728163e-01 -1.224919056569300467e-02 9.144193808268995527e-01 7.069305327940110517e-02 -3.165760735239361162e-02 9.969956309406563522e-01 1.882532250111250138e-01
8.341472142448139726e-01 -5.467089981038614210e-01 -7.285393853381209872e-02 2.990286516701359254e+00 5.483711846910602761e-01 8.362280626740038469e-01 3.416284093180149695e-03 9.616244973866218126e-01 5.905479462447997541e-02 -4.280068444259131633e-02 9.973367699243351758e-01 1.063609057226401755e-01
8.165867381365465860e-01 -5.722483713211513612e-01 -7.561680117410947422e-02 3.088942998925602978e+00 5.742630568045371531e-01 8.186476623720893020e-01 6.160071608570624052e-03 9.731571066744326703e-01 5.837842657201357255e-02 -4.845416816955525063e-02 9.971179232658354818e-01 1.292995153510206885e-02
7.939599677969385594e-01 -6.020718608098509783e-01 -8.448102720047719061e-02 3.047351330296959038e+00 6.039266115059576112e-01 7.970276113467315016e-01 -4.431102103962625965e-03 1.009633381471645386e+00 7.000155320288579952e-02 -4.750222280995970714e-02 9.964152354201015749e-01 1.163286553320452832e-02
7.700893602218156220e-01 -6.306222996945248793e-01 -9.632181684926613419e-02 3.124241637047762143e+00 6.327253199804715456e-01 7.743015026920274657e-01 -1.076347455416396329e-02 1.095944849330312554e+00 8.136981460446340852e-02 -5.265641515387237126e-02 9.952920451879329056e-01 1.315099952397118799e-01
7.458128904382214097e-01 -6.566975719954650792e-01 -1.118545099289544320e-01 3.209051226187771721e+00 6.609377466806642953e-01 7.504399174021424423e-01 1.106969806095522979e-03 1.182069587398574706e+00 8.321314480820646287e-02 -7.475446009922506740e-02 9.937239773832580170e-01 1.732055297650076375e-01
7.420468763543611734e-01 -6.607993407093606386e-01 -1.127415833258065964e-01 3.398639493872702921e+00 6.671475119813123911e-01 7.443994544274764591e-01 2.799374046496987123e-02 1.232951214368046555e+00 6.542652787577928064e-02 -9.598793448215124646e-02 9.932299259909409539e-01 9.549886615874968177e-02
7.238973353062350125e-01 -6.830789276968535217e-01 -9.682885144960177992e-02 3.552616531741494832e+00 6.888678728252851657e-01 7.233547165361714493e-01 4.710634621833725832e-02 1.322910761322640072e+00 3.786425393031121744e-02 -1.008024434296699856e-01 9.941856796760397685e-01 7.683471281104900519e-04
7.175371593316082208e-01 -6.922027379125950119e-01 -7.743251645551441076e-02 3.616389663977650049e+00 6.961077382671563285e-01 7.164925126451505699e-01 4.552467515560260081e-02 1.375337666175503903e+00 2.396751349035888129e-02 -8.656701998882782023e-02 9.959576845164374026e-01 -1.302975733673231162e-02
7.153031356992428647e-01 -6.957419722376706472e-01 -6.545633755158569711e-02 3.640589771686170373e+00 6.982509362382250950e-01 7.153445650365266584e-01 2.697745939010297300e-02 1.446914175176128747e+00 2.805448451269123428e-02 -6.500201027305962942e-02 9.974906939712210319e-01 5.816499103843440766e-02
7.147680279347394805e-01 -6.967924138979266768e-01 -5.989155346611103881e-02 3.721350348569961053e+00 6.984615196330854481e-01 7.155691097469923934e-01 1.059975319230523072e-02 1.529678812015321965e+00 3.547071798152086342e-02 -4.940831013298507129e-02 9.981486097048265504e-01 1.209826885882091807e-01
7.244646599284971789e-01 -6.865867248133579182e-01 -6.123418836526954567e-02 3.785814878954222973e+00 6.884350307222830700e-01 7.251619314373694003e-01 1.404925864354479234e-02 1.627204346786796485e+00 3.475866782683137424e-02 -5.233395173394157773e-02 9.980245450422616793e-01 1.659227945359520451e-01
7.315834642025584866e-01 -6.795751923678252648e-01 -5.443521675916462854e-02 3.998079564383421936e+00 6.815301825572710470e-01 7.310466551076180153e-01 3.297572318261503266e-02 1.706459377069506234e+00 1.738519970655168570e-02 -6.122373701594020778e-02 9.979726493531605458e-01 1.235816940611617204e-01
7.187294092719940242e-01 -6.945125403870038294e-01 -3.286894419845420162e-02 4.105907255124623845e+00 6.951652758042909941e-01 7.169021759470171062e-01 5.288203322846270898e-02 1.786552767733111668e+00 -1.316341762137666731e-02 -6.085722116250922437e-02 9.980596791118768740e-01 4.377349642967365284e-02
7.100163682089073447e-01 -7.040339453228039446e-01 -1.459317335744967498e-02 4.122186907680595702e+00 7.034998406885852873e-01 7.082589614061487460e-01 5.879810999529379995e-02 1.840581857615494421e+00 -3.106011955174369649e-02 -5.201391564851310517e-02 9.981632239029550879e-01 4.427756421557439703e-02
6.922524933874955044e-01 -7.215048189230147679e-01 -1.474047725357431789e-02 4.167467513893877928e+00 7.209751153314031269e-01 6.905689754442634332e-01 5.752715208256065083e-02 1.944202922557673796e+00 -3.132680117192437191e-02 -5.045083175456993585e-02 9.982351151425232771e-01 1.107197980418947181e-01
6.648309223066983797e-01 -7.463096723760944684e-01 -3.196431858668988268e-02 4.338886912845212329e+00 7.466758326709632687e-01 6.626906502375328190e-01 5.758735097987689733e-02 2.050129323849078755e+00 -2.179554197418591410e-02 -6.215283586162771712e-02 9.978286322532586849e-01 1.222663360306647656e-01
6.488069738232757899e-01 -7.600951670218093481e-01 -3.612267692697777866e-02 4.398075015451693659e+00 7.603798578668591324e-01 6.457452723119636584e-01 6.953786764866382031e-02 2.110890319820469596e+00 -2.952934927590323763e-02 -7.258360942275887684e-02 9.969250910547422517e-01 9.126582688717654879e-02
6.407550687119518695e-01 -7.674992144830614649e-01 -1.943959073194050785e-02 4.504456678447018803e+00 7.661860846107677592e-01 6.376357521723650112e-01 7.987196817659920900e-02 2.180479988976911532e+00 -4.890629477647216033e-02 -6.607271236649693569e-02 9.966155582830176218e-01 8.383761296739156155e-02
6.355935123312930202e-01 -7.720093227848652262e-01 -4.742638044846501921e-03 4.576445573318210336e+00 7.702008947833196562e-01 6.336587927071533066e-01 7.257489993025741104e-02 2.277838487223903474e+00 -5.302328504859291775e-02 -4.978091961953862166e-02 9.973516888663139790e-01 8.940478120783142135e-02
6.430635948199971974e-01 -7.657619315592932852e-01 8.824805480175099137e-03 4.647726477212453133e+00 7.645095722901432689e-01 6.425986315760165990e-01 5.091279380836533086e-02 2.381716861534215468e+00 -4.465788725325890718e-02 -2.599351594554433209e-02 9.986641128201533268e-01 1.091450969248768388e-01
6.502220682941296515e-01 -7.594557669819831380e-01 2.093322481396601986e-02 4.723694181474956011e+00 7.586209209859552383e-01 6.505119493977860046e-01 3.644862045555960495e-02 2.514196262361402479e+00 -4.129842788442735640e-02 -7.819315091504734638e-03 9.991162585834415522e-01 1.362036652016712368e-01
6.738864482727082716e-01 -7.382331917650711839e-01 2.981290678129974725e-02 4.781294733067912972e+00 7.366637055723418426e-01 6.744500889741296135e-01 4.943341355009567284e-02 2.575031130834873228e+00 -5.660070429615488008e-02 -1.135042109987487863e-02 9.983323736181426433e-01 1.345690006083182233e-01
6.918937241064881949e-01 -7.214983383859288057e-01 2.689279175538831015e-02 4.903659390308494181e+00 7.190810106925009659e-01 6.919644822314706678e-01 6.409099306130314200e-02 2.683037952707431728e+00 -6.485040172201034236e-02 -2.500605999506054500e-02 9.975816369400638539e-01 1.031965752118140650e-01
6.827571493574935424e-01 -7.303104000789697459e-01 2.212226339515118573e-02 5.042999453152921419e+00 7.278997623936476202e-01 6.825020179752809835e-01 6.597674868421969652e-02 2.771210887136028589e+00 -6.328199513685350830e-02 -2.894330658657337518e-02 9.975758989146313871e-01 5.294581651330384359e-02
6.609938513709909813e-01 -7.501769658620597303e-01 1.793455713806295371e-02 5.093965928623916284e+00 7.482900717533448320e-01 6.607419949428372519e-01 5.900834376877479165e-02 2.845084177420247773e+00 -5.611681535082486960e-02 -2.558390136304027757e-02 9.980963716124449103e-01 6.047834222498441048e-02
6.414829549591103408e-01 -7.669121292921058375e-01 1.858505963337739320e-02 5.091541578536543433e+00 7.652811789032240020e-01 6.414273034249355909e-01 5.399751510493014384e-02 2.954910330524131545e+00 -5.333231397023351084e-02 -2.041568920374201013e-02 9.983681004123261538e-01 1.118634106241338383e-01
6.129961635316745205e-01 -7.899677324461704675e-01 1.366327886359098090e-02 5.190448694556126341e+00 7.879647411251975431e-01 6.125253749352719268e-01 6.264368925841819202e-02 3.054241401533031919e+00 -5.785559816430138613e-02 -2.763415919220987838e-02 9.979424246953280120e-01 1.404305111208853096e-01
5.942639211157136891e-01 -8.042206392435636841e-01 8.919387582703844353e-03 5.259158285867737703e+00 8.008356494282723448e-01 5.927136570551234662e-01 8.574837225941236984e-02 3.115532103911156536e+00 -7.424725358539614739e-02 -4.381420038087118635e-02 9.962768998526517761e-01 1.153277617267765148e-01
5.959483829809069100e-01 -8.030187056111592891e-01 2.546224856628490074e-03 5.347305218139166705e+00 7.990385352377527006e-01 5.933040621025937877e-01 9.760998462077516424e-02 3.190885331691758697e+00 -7.989332905536432328e-02 -5.613598071771577075e-02 9.952214867261013342e-01 9.529664961657485778e-02
6.028556439908541176e-01 -7.977702365609630197e-01 -1.130142317753771164e-02 5.460735292748480241e+00 7.950225138029601846e-01 5.994671904888646541e-01 9.261905891234858967e-02 3.273468922106765433e+00 -6.711389613779383811e-02 -6.482080827058783745e-02 9.956374780814315484e-01 8.271334946714699321e-02
6.134749493743257842e-01 -7.894918409698579165e-01 -1.873818380187717778e-02 5.526687036003786524e+00 7.884935623204303301e-01 6.110355403283943554e-01 7.009615278190860221e-02 3.407106426279742806e+00 -4.389064444054066594e-02 -5.777717107657349971e-02 9.973642312781135777e-01 8.747086020280211982e-02
6.370803743295005983e-01 -7.705431667178653798e-01 -1.979456664307784053e-02 5.615630891865821539e+00 7.702829054928964636e-01 6.355070613934817869e-01 5.286795271658389223e-02 3.489093268812994086e+00 -2.815745282522708753e-02 -4.892855141351837994e-02 9.984053058287349902e-01 1.227001886547637866e-01
6.529195158429217383e-01 -7.573296683199689516e-01 -1.216056387715235866e-02 5.667499774493330200e+00 7.566595352372241789e-01 6.514509173624285499e-01 5.548017666012074883e-02 3.581252313436005252e+00 -3.409477329492721642e-02 -4.542549669531448925e-02 9.983857324120529730e-01 1.409106605048816296e-01
6.801322145506409900e-01 -7.330866279433599919e-01 -2.041240082456541316e-03 5.711860957108693349e+00 7.316080226428559596e-01 6.785782253730247016e-01 6.543159217233501801e-02 3.662259940230727207e+00 -4.658188419386858486e-02 -4.599552130620997159e-02 9.978549694643600310e-01 1.854382748120543545e-01
6.871458105925862814e-01 -7.265134891567951447e-01 2.963959898014848632e-03 5.845250248479193722e+00 7.244245748297036824e-01 6.854682776490435003e-01 7.309087302568559319e-02 3.780637084577443741e+00 -5.513320567372019532e-02 -4.807692180322282322e-02 9.973208807711116952e-01 1.432137878599093472e-01
6.838503933019755010e-01 -7.296154459766710509e-01 3.152867424566978966e-03 5.925132117778200147e+00 7.275858588757961876e-01 6.822580056118532355e-01 7.171353946436090365e-02 3.841591842366026466e+00 -5.447437511989892955e-02 -4.674735041475485547e-02 9.974202863810704978e-01 8.494761647463797138e-02
6.752437231642731685e-01 -7.375946417962303547e-01 -2.423236291245085827e-04 5.975705627098419015e+00 7.364265439128540036e-01 6.741558126341338220e-01 5.647907322345182418e-02 3.910470504407733916e+00 -4.149529790012211616e-02 -3.831559323697580205e-02 9.984037537825459774e-01 8.105436506768010085e-02
6.658109075913833941e-01 -7.460666699949145553e-01 -8.964332381034827157e-03 6.061068547495030323e+00 7.459635306158831636e-01 6.653763120511959617e-01 2.850919767787139791e-02 4.010311139960563764e+00 -1.530510775606219037e-02 -2.566879981317674031e-02 9.995533334408556181e-01 1.211478287749457317e-01
6.285486742352923706e-01 -7.776581005908129729e-01 -1.320767589492371011e-02 6.120556310188860039e+00 7.777700661424440387e-01 6.284696144258066219e-01 9.983384008248252436e-03 4.112559963142658148e+00 5.369635318206939303e-04 -1.654757773714903707e-02 9.998629352772301360e-01 1.721475097083628447e-01
6.312574621422362142e-01 -7.755726826938200702e-01 1.015061010164192666e-03 6.127220395690530452e+00 7.754272099958052777e-01 6.311633830537638490e-01 1.858563666516100527e-02 4.144023611946318297e+00 -1.505518142915274540e-02 -1.094521590646009047e-02 9.998267568738578026e-01 2.087440086101790826e-01
6.347505523758502077e-01 -7.726520610197183947e-01 1.002640815719417836e-02 6.284928332059665834e+00 7.720522656783425086e-01 6.346891632496872715e-01 3.324101554330182590e-02 4.260986322850336627e+00 -3.204739177361005942e-02 -1.335884184326748512e-02 9.993970712510195087e-01 1.589312176567190260e-01
6.470434413897265813e-01 -7.624325518888857012e-01 5.602568584238187821e-03 6.362979682418130167e+00 7.618616701955733816e-01 6.468134247471104548e-01 3.462930917193661473e-02 4.384066796909737107e+00 -3.002632913546050136e-02 -1.813828512058573983e-02 9.993845216789848385e-01 9.575639970979252236e-02
6.642329984906838458e-01 -7.475250613523420906e-01 -8.979789821696188695e-04 6.439397936806240175e+00 7.474077555555163066e-01 6.641064754732677322e-01 1.855360261349464288e-02 4.471840153575154631e+00 -1.327292927506181809e-02 -1.299507155236555647e-02 9.998274638475420639e-01 7.459472379958130561e-02
6.774613705085590354e-01 -7.355431464588815249e-01 -4.729816701860472920e-03 6.507341298073368030e+00 7.355563493959453858e-01 6.774605293232458525e-01 2.021898211464591769e-03 4.543535317461397938e+00 1.717070754164074300e-03 -4.848804639900066056e-03 9.999867702932820901e-01 1.084382687523574029e-01
6.994907381082731135e-01 -7.146343144264331038e-01 -3.240979019600520594e-03 6.572403014447966818e+00 7.146136824401481125e-01 6.994962888092461917e-01 -5.676866338308932114e-03 4.654316876446884521e+00 6.323936280087091161e-03 1.654867473217736234e-03 9.999786343935411770e-01 1.544733848116239816e-01
7.039818109598525719e-01 -7.102121873145688102e-01 2.873817590302327717e-03 6.708780069512780386e+00 7.102178858242831350e-01 7.039736221806642824e-01 -3.419638741283717153e-03 4.782794172976425173e+00 4.055773317411090397e-04 4.448400127146537146e-03 9.999900235719038077e-01 1.499364846566966225e-01
6.991399383538068335e-01 -7.149140684503445531e-01 1.006088119457823615e-02 6.777647620865574041e+00 7.149639114208821145e-01 6.991579477581464364e-01 -2.183907591923069276e-03 4.833874706472505167e+00 -5.472838786978531656e-03 8.720023990403957120e-03 9.999470032042790946e-01 1.039249503954874643e-01
6.931855759053420218e-01 -7.207139989179220940e-01 8.067782874922678482e-03 6.843983212000500416e+00 7.207553975232319221e-01 6.931024003012947743e-01 -1.098724886910616011e-02 4.919046348644560140e+00 2.326864393841326407e-03 1.343110048809268917e-02 9.999070913048728748e-01 1.395035335165752399e-01
6.883317981879939484e-01 -7.253958003487904760e-01 -5.181115911022178729e-04 6.880587029626971329e+00 7.253794720510268190e-01 6.883207724106996661e-01 -6.255860844969108811e-03 5.042228423841485174e+00 4.894602155089440923e-03 3.930280432214204936e-03 9.999802976886432715e-01 1.945345710911939030e-01
6.777892779746981233e-01 -7.352286933029837934e-01 -6.361069605380553424e-03 6.997252003507255402e+00 7.351418390950509307e-01 6.775058929041332112e-01 2.349981898056936747e-02 5.126648139811917915e+00 -1.296807905912197335e-02 -2.060421374768731106e-02 9.997036037253022034e-01 1.557161037473527299e-01
6.696441606819065750e-01 -7.426183182481125300e-01 -9.733009142603863545e-03 7.074670611547627885e+00 7.419242368910363705e-01 6.683114915114061194e-01 5.392751642207340573e-02 5.222490906360036433e+00 -3.354287969566988048e-02 -4.333340185289893259e-02 9.984974168747643430e-01 1.306539504397764007e-01
6.740158105435651859e-01 -7.385329937136466683e-01 -1.648345636266208489e-02 7.179003725805422675e+00 7.375691915375481855e-01 6.715576913748370069e-01 7.072449964437216297e-02 5.297823198792816157e+00 -4.116278455047067686e-02 -5.982712053624272830e-02 9.973596847759556017e-01 1.287323025750244931e-01
6.669847241730111342e-01 -7.445943758038257032e-01 -2.665695483665645252e-02 7.303443975167627222e+00 7.444540378504821421e-01 6.645492559396443122e-01 6.451722218274802412e-02 5.409427942617612395e+00 -3.032430127744324341e-02 -6.287687930691590599e-02 9.975604918002007881e-01 1.023541201815976465e-01
6.707753396627735842e-01 -7.413344964950512317e-01 -2.199108925723669561e-02 7.313295095935157697e+00 7.414589596858478515e-01 6.696067463092312266e-01 4.319046652613609677e-02 5.490912344221332120e+00 -1.729320103020531157e-02 -4.527659001729193028e-02 9.988247972465116309e-01 1.343861368371678244e-01
6.880884329632652729e-01 -7.254643085614892462e-01 -1.535725970211868074e-02 7.374683444959640788e+00 7.255763278510604097e-01 6.876367113391689267e-01 2.635802877346661577e-02 5.598459712229547414e+00 -8.561593562440360933e-03 -2.927951881525364675e-02 9.995345961464359164e-01 1.867848364071337253e-01
7.170946113655636278e-01 -6.967330924227133071e-01 -1.839337580636211944e-02 7.448522617646260002e+00 6.969480878269431745e-01 7.165808261050198302e-01 2.784389579450044158e-02 5.692378023267659515e+00 -6.219423191815022164e-03 -3.278593573058698196e-02 9.994430454975565814e-01 2.441772320313415900e-01
7.246580188216528162e-01 -6.885896954275354531e-01 -2.673924285560783792e-02 7.646719301262857371e+00 6.889914938758134877e-01 7.232736163876691826e-01 4.654027507737503594e-02 5.791090835963884409e+00 -1.270736496099975771e-02 -5.214889441317874935e-02 9.985584688375693796e-01 2.267279802757587726e-01
7.168156082285610520e-01 -6.966358903080598353e-01 -2.956044882296588253e-02 7.705380445404662382e+00 6.970173232489875748e-01 7.147942142603831428e-01 5.688657443279540593e-02 5.868175714804373833e+00 -1.849959163696996214e-02 -6.138132936470591661e-02 9.979429329950119110e-01 1.421508242580309944e-01
7.131797617129521649e-01 -7.004577944589132077e-01 -2.708330970933476092e-02 7.773132126265639208e+00 7.008367600597029679e-01 7.117161625115330237e-01 4.783241337080595262e-02 5.956474463768124394e+00 -1.422895751892268648e-02 -5.309408819833048160e-02 9.984881344143817783e-01 1.481135633484416958e-01
7.014958081590989547e-01 -7.122155632955784466e-01 -2.554647793287216639e-02 7.802167471284775502e+00 7.125827459382052531e-01 7.003833291430393571e-01 4.109771830260607745e-02 6.054471752587651245e+00 -1.137810732854938750e-02 -4.703385650863745743e-02 9.988284912914453528e-01 1.924180573204823941e-01
6.961582795888623387e-01 -7.169904337461989741e-01 -3.589383897430178938e-02 7.903432604997655986e+00 7.178300952135518997e-01 6.945943419156639376e-01 4.752530467497149969e-02 6.127641944990060097e+00 -9.143531351646092334e-03 -5.885081218796762992e-02 9.982249134034063554e-01 2.416742403373842718e-01
6.871977823865424995e-01 -7.252578089704974085e-01 -4.195614865942481203e-02 8.011199335248642583e+00 7.263075502843757691e-01 6.846742942679762134e-01 6.081490909766833208e-02 6.213496406402763128e+00 -1.538019125132091859e-02 -7.226493822015077340e-02 9.972668792359999923e-01 2.143284204440478735e-01
6.883134314364199868e-01 -7.247331985135270216e-01 -3.140718192664692515e-02 8.117429317187740523e+00 7.249089547705918068e-01 6.855754261722882825e-01 6.703239755590879867e-02 6.293782590239638708e+00 -2.704861175049255023e-02 -6.890664700185332447e-02 9.972563595191223929e-01 1.592190074141950906e-01
6.878830249964678067e-01 -7.255525394668674855e-01 -1.975996950626670787e-02 8.205510630298537222e+00 7.254373283707699072e-01 6.863783204051898679e-01 5.123947583680427131e-02 6.382546006604506772e+00 -2.361411713337542226e-02 -4.958138512516833962e-02 9.984908911557885958e-01 1.513291784909291116e-01
6.978303120098439116e-01 -7.160969034767050712e-01 -1.542985649052999730e-02 8.270719629323904698e+00 7.162481256469970248e-01 6.975143851721786747e-01 2.150127868386085897e-02 6.452768937196641019e+00 -4.634452223015468782e-03 -2.605584980291348815e-02 9.996497459328644863e-01 1.975706707475367030e-01
7.072696380965604046e-01 -7.068259368049800706e-01 -1.291332979997126401e-02 8.355833474124587212e+00 7.068230361593981215e-01 7.073684870333921682e-01 -5.569479912867185065e-03 6.550264405889937969e+00 1.307113542009775628e-02 -5.188314933783685218e-03 9.999011085137256005e-01 2.499416012475706439e-01
7.366393922015190832e-01 -6.761007166787984524e-01 -1.581855756356835563e-02 8.427164128201741988e+00 6.762349183476172865e-01 7.366692662345508680e-01 4.972664561362222235e-03 6.603175462389577532e+00 8.291023119502647157e-03 -1.436012158248062970e-02 9.998625134706112805e-01 2.522016054921186745e-01
