1.000000000000000000e+00 0.000000000000000000e+00 0.000000000000000000e+00 0.000000000000000000e+00 0.000000000000000000e+00 1.000000000000000000e+00 0.000000000000000000e+00 0.000000000000000000e+00 0.000000000000000000e+00 0.000000000000000000e+00 1.000000000000000000e+00 0.000000000000000000e+00
9.999989235062088921e-01 -1.439159285669850156e-03 -2.860191844796346802e-04 1.475655534309891319e-02 1.439320177654055321e-03 9.999988056292173910e-01 5.631141668545806920e-04 -4.683721251069809799e-02 2.852084318845564490e-04 -5.635252338490940021e-04 9.999998005477107599e-01 -1.266816690462629902e-02
9.999946995766362257e-01 -3.252054870307954492e-03 -1.579802317377755909e-04 1.276259661696957370e-02 3.252113448983348382e-03 9.999946426851087367e-01 3.719666607960099201e-04 -9.278372598450351783e-02 1.567697293970937115e-04 -3.724784588515383968e-04 9.999999183415214654e-01 -1.894129558562723456e-02
9.999951634843688986e-01 -3.082125576109858399e-03 -4.165450798110230694e-04 1.104852708819540306e-02 3.082286933955737454e-03 9.999951747465070095e-01 3.872866634708144531e-04 -9.930877929320450215e-02 4.153494037446520473e-04 -3.885687018097179219e-04 9.999998382496052551e-01 -2.054872912098380799e-02
9.999982488527648927e-01 -1.862286781031758254e-03 1.848765776485571848e-04 -1.921110310940297300e-02 1.862302978825420164e-03 9.999982620858660631e-01 -8.748064072408986904e-05 -6.689770987555310189e-02 -1.847133423081231767e-04 8.782478373387768704e-05 9.999999790838940417e-01 -1.488047386095259217e-03
9.999997105248137341e-01 -4.943552043653562681e-04 5.784144022081191003e-04 -5.537321053518722003e-02 4.944649056565468418e-04 9.999998597912158615e-01 -1.895310151225387449e-04 -1.800083124531487791e-02 -5.783206254656245030e-04 1.898169658808310863e-04 9.999998147573696539e-01 1.117323722203906848e-02
9.999978946861403095e-01 1.817681196616787766e-03 9.521860923858393696e-04 -9.409080826413361576e-02 -1.817729100020523247e-03 9.999983467066455578e-01 4.944587417048732479e-05 2.635128577929326393e-02 -9.520946413071705713e-04 -5.117658644016769356e-05 9.999995454482721868e-01 1.850300530132294174e-02
9.999990976924207908e-01 8.534729012626973699e-04 1.037399802871099294e-03 -5.618502944230636953e-02 -8.546218214114376360e-04 9.999990214639590258e-01 1.107561586003310292e-03 -4.318629315058719609e-03 -1.036453513937870023e-03 -1.108447171151158385e-03 9.999988485538281457e-01 2.189067573706494907e-02
9.999991262187325480e-01 -1.165514050933718054e-03 6.238098816607531025e-04 -5.421713075987481811e-02 1.164684447748181011e-03 9.999984391481270274e-01 1.328612602278640871e-03 -1.060863672531472263e-02 -6.253574246421342775e-04 -1.327884899694315238e-03 9.999989228243121309e-01 1.705482291562884778e-02
9.999974102595119430e-01 -2.195893582975540648e-03 5.979344793092147663e-04 -7.804389016447994820e-02 2.195496508327645074e-03 9.999973694953713244e-01 6.639257637710781722e-04 -6.626840541469350421e-03 -5.993908167640363879e-04 -6.626112813141145971e-04 9.999996008383896795e-01 1.658606597769498453e-02
9.999995255718517884e-01 -6.202409874198330569e-04 7.511039800052542832e-04 -6.898426898855615497e-02 6.198862445304507323e-04 9.999996962725655747e-01 4.724360489462954907e-04 -4.802497622562734193e-03 -7.513967760758606803e-04 -4.719702257839183046e-04 9.999996063234179999e-01 2.377746103894564506e-02
9.999998385696838854e-01 3.404090111766694664e-04 4.549530869442082004e-04 -3.658179955905821457e-02 -3.405421982856718377e-04 9.999998991777698798e-01 2.927037089861099528e-04 1.155638073970999789e-02 -4.548534020946796183e-04 -2.928585924592025272e-04 9.999998536711030006e-01 1.042509499035765980e-02
9.999999794978460255e-01 -1.470559369083758536e-04 1.392079702766071850e-04 -1.209700174066902223e-02 1.469955528437730100e-04 9.999998951571389405e-01 4.336796265559607257e-04 5.647086491065208408e-03 -1.392717308454465550e-04 -4.336591547120431742e-04 9.999998962715558326e-01 -2.010990149995091261e-03
9.999998221168071577e-01 -5.778563412116317216e-04 1.478120528887314129e-04 -1.089801912475604068e-02 5.778006119968766285e-04 9.999997620867939752e-01 3.767927921280831045e-04 3.667134920814545552e-03 -1.480297498265460568e-04 -3.767073192083585272e-04 9.999999180893910378e-01 -5.049249299448561878e-03
9.999998772235427769e-01 -4.917021550373234769e-04 6.149707343813211921e-05 -1.254255899343014249e-02 4.916838526041622135e-04 9.999998349368044437e-01 2.972765598711793835e-04 -6.300589215641336921e-03 -6.164323481235940889e-05 -2.972462862546245842e-04 9.999999539223773937e-01 -3.479268258505457262e-03
9.999999516818764977e-01 1.778116920394826267e-04 2.549887188563677615e-04 -1.523459141080624191e-02 -1.777990740796861480e-04 9.999999829683126062e-01 -4.950619908825368520e-05 -1.434649327437799611e-02 -2.549975172945059755e-04 4.946085993809361785e-05 9.999999662649441401e-01 4.063180608774640511e-03
9.999999934895785758e-01 -7.395962227924198461e-05 8.689543786431450925e-05 1.112942296451957871e-02 7.397601658425901542e-05 9.999999794638962936e-01 -1.886789761053134782e-04 -2.591331713340456686e-02 -8.688148145401598831e-05 1.886854030552863987e-04 9.999999784247132206e-01 8.388550227134607823e-04
9.999997813411406478e-01 -5.854483230849183255e-04 -3.075189944362016303e-04 3.925450705583808514e-02 5.854679716605125719e-04 9.999998265778990980e-01 6.380772527387177002e-05 -3.490171870937668064e-02 3.074815849798500614e-04 -6.398775384366699648e-05 9.999999506803198823e-01 -1.228967963257334567e-02
9.999998712700096659e-01 -2.655212492330640450e-04 -4.323868989539314121e-04 3.020411656545243795e-02 2.653863717265308466e-04 9.999999161240826773e-01 -3.119645835854204094e-04 -5.839746470667709494e-02 4.324696959130336295e-04 3.118497938359271167e-04 9.999998578598240373e-01 -3.124654731671528199e-02
9.999884481585026297e-01 4.801377425622622118e-03 -2.243309306807160215e-04 1.470631892846457033e-02 -4.801529080319760952e-03 9.999882410802950483e-01 -6.804554566558659564e-04 -7.005615124992299603e-02 2.210611693225855918e-04 6.815247276295632395e-04 9.999997433279695924e-01 -2.470950984329769312e-02
9.999822680775465322e-01 5.954555932018446192e-03 -8.242656282939574662e-05 -4.559832368107256256e-03 -5.954589485580094078e-03 9.999821859909362454e-01 -4.129949717917715890e-04 -7.074971276215968885e-02 7.996589282268192671e-05 4.134784649413145077e-04 9.999999113205035872e-01 -1.311293460172660574e-02
9.999841601427472693e-01 5.628242027872742623e-03 -4.853122699093905239e-05 -1.350573212169464687e-02 -5.628252750465145143e-03 9.999841362363333097e-01 -2.237110890392648933e-04 -7.383473432882370346e-02 4.727135694959164474e-05 2.239806914993438495e-04 9.999999737990339366e-01 -8.689488164639528125e-03
9.999887879469890883e-01 4.720567516247740902e-03 -3.744631306258793717e-04 2.359446391504379723e-02 -4.720548535208020022e-03 9.999888568196505512e-01 5.155633057926682021e-05 -7.680560957500842667e-02 3.747023330550700460e-04 -4.978808114418991032e-05 9.999999285596516962e-01 -1.770216459018616670e-02
9.999860025129911900e-01 5.276073914148805312e-03 -3.972683480655787381e-04 3.741967264626681888e-02 -5.276109369921772214e-03 9.999860773436664019e-01 -8.825385830977153343e-05 -6.699777866658146452e-02 3.967971831552452588e-04 9.034865423113849834e-05 9.999999171945546106e-01 -2.128108775953468923e-02
9.999799649962303194e-01 6.311021680303962461e-03 -4.905216494802339729e-04 5.901691514413670570e-02 -6.311189067252837015e-03 9.999800262946441087e-01 -3.404472357869842993e-04 -6.448271908811911701e-02 4.883632820592853380e-04 3.435361897967824829e-04 9.999998217420795754e-01 -2.731211013670722942e-02
9.999283244258461156e-01 1.196070824334783539e-02 -5.361615776110338237e-04 9.975303950213369741e-02 -1.196080591652462499e-02 9.999284509205318416e-01 -1.793362560711376748e-04 -7.345086674868164800e-02 5.339782271073883991e-04 1.857363266117203744e-04 9.999998401846221796e-01 -3.752192795986986767e-02
9.998273147992984278e-01 1.857275105380223543e-02 -6.272953994744184325e-04 1.082903696568347507e-01 -1.857294264314288471e-02 9.998274627190587571e-01 -3.009889428159645401e-04 -1.775511684896084741e-02 6.215969749269780993e-04 3.125876879547111772e-04 9.999997579530397473e-01 -5.073082059910307556e-02
9.998218567417118674e-01 1.884871733514265763e-02 -9.902708597919133559e-04 1.104715982203037794e-01 -1.884914207063938946e-02 9.998222503604780043e-01 -4.213398990619969010e-04 -1.392145021751181599e-03 9.821531228441191409e-04 4.399305963241631695e-04 9.999994209179892124e-01 -6.768074743323268527e-02
9.999413102054987013e-01 1.076646234975388999e-02 -1.208069940865092633e-03 1.009862392560839650e-01 -1.076665326615570961e-02 9.999420264105990386e-01 -1.516420494619760283e-04 -6.628569576994355894e-03 1.206367256298201485e-03 1.646400197958150209e-04 9.999992587855787152e-01 -7.255590365499407779e-02
9.999904918879015669e-01 -4.241245799103419978e-03 -1.013887500795789594e-03 1.027143977157465027e-01 4.241690176923138683e-03 9.999909087058814761e-01 4.365432719809644001e-04 1.393352887502341889e-02 1.012026795927900482e-03 -4.408397179312292758e-04 9.999993907308680763e-01 -5.569224489946959789e-02
9.996650685655477098e-01 -2.586898286867023861e-02 -7.391990119765258450e-04 1.516841395052795916e-01 2.586954318502673877e-02 9.996650394013081309e-01 7.587714932845154381e-04 4.614266724097199068e-02 7.193227626719093460e-04 -7.776400976225039544e-04 9.999994389251634086e-01 -3.031643965756647408e-02
9.986250630121850103e-01 -5.240925359847434933e-02 -1.119670112238879342e-03 2.198600494105090730e-01 5.241144208868205728e-02 9.986235249617764209e-01 2.023890091123666749e-03 5.168011217304116500e-02 1.012058345237197912e-03 -2.079790895024144406e-03 9.999973251002918229e-01 -3.450539203782182485e-02
9.980853613618798637e-01 -6.182803771658942210e-02 -1.704460982714267256e-03 2.665289410514765644e-01 6.183353950648259184e-02 9.980807184347698646e-01 3.390115165285834901e-03 8.657598402549905592e-03 1.491585473868615487e-03 -3.489017175314622268e-03 9.999928009400490536e-01 -6.931399755367440019e-02
9.974240429890116610e-01 -7.171233270797035264e-02 -1.618581179766028031e-03 2.978352755728878587e-01 7.171498065220989482e-02 9.974238145342152473e-01 1.641873950231462383e-03 -5.055624359499150122e-02 1.496668803471973893e-03 -1.753721071509156421e-03 9.999973422189161187e-01 -5.061834377034049592e-02
9.967934223235607183e-01 -8.000740631864128316e-02 -1.299286976543252920e-03 2.668084097221952167e-01 8.000650488724753151e-02 9.967940729628251839e-01 -7.316296254277868420e-04 -8.416709632661015239e-02 1.353657346012460084e-03 6.253321883647235948e-04 9.999988882851039707e-01 -1.655769184550007558e-02
9.967995927446092752e-01 -7.990309851849347611e-02 -2.463077612454749390e-03 2.952645671172917097e-01 7.989275041557999946e-02 9.967952500408625571e-01 -4.046965160224401045e-03 -1.899702157500267885e-01 2.778549120475203547e-03 3.837231178617255944e-03 9.999887775978623106e-01 -6.073766723944661050e-02
9.965440211969297524e-01 -8.280477380271483723e-02 -6.586596399840251304e-03 3.726387180018256307e-01 8.260529166861679817e-02 9.962352584038274284e-01 -2.629972816213219100e-02 -1.824570592757042420e-01 8.739542607934816520e-03 2.566474914236508559e-02 9.996324029594396698e-01 -9.888593633332311283e-02
9.962188224436608897e-01 -8.606979024298014314e-02 -1.183423070989954307e-02 3.989342590956350132e-01 8.526643693490054687e-02 9.947355859757261998e-01 -5.683967563203824735e-02 -6.747984657111709417e-02 1.666410937891241867e-02 5.561569203973007469e-02 9.983131784452961011e-01 -3.735258544322501983e-02
9.987855944429553379e-01 -4.777345422049443513e-02 -1.204298156913707375e-02 4.911813197312827617e-01 4.689543296353453072e-02 9.967892789581983548e-01 -6.489955100890722195e-02 -5.920974785525803807e-02 1.510479064386168781e-02 6.425597579865575948e-02 9.978191293384626182e-01 2.219058083330047518e-02
9.991901079495953963e-01 -3.944242831829539164e-02 -7.963857358851647583e-03 6.967724640923144142e-01 3.891797070853746099e-02 9.975704852128114419e-01 -5.777991509344262977e-02 -6.645777492308628520e-02 1.022348920894556104e-02 5.742318243211663731e-02 9.982975800770842456e-01 1.725826553600770530e-02
9.983950728465814661e-01 -5.634387203899295093e-02 -5.713720269913733982e-03 7.535734696853727543e-01 5.601347215996028972e-02 9.973179261891128577e-01 -4.711098638781231751e-02 -1.370225865779939323e-02 8.352811039080698663e-03 4.671533137526556745e-02 9.988733194766213908e-01 -4.277534121624064489e-02
9.983088766273456871e-01 -5.813200547017861874e-02 2.383003611048719076e-04 7.248766210237347352e-01 5.811326952534898171e-02 9.978649367844824036e-01 -2.980630539290593170e-02 -3.040710489838407971e-04 1.494908733376589579e-03 2.976974766631639360e-02 9.995556649690715556e-01 -2.698329630088820708e-02
9.978868738352839607e-01 -6.496004099189990610e-02 1.407160820497989611e-03 7.524322771613503047e-01 6.496500972480935554e-02 9.978801831411655554e-01 -3.832441207551676166e-03 -2.080236712441985852e-02 -1.155222359326003433e-03 3.915758992149285557e-03 9.999916661116811101e-01 -2.752084045543209262e-02
9.955692199841710277e-01 -9.401610728243885162e-02 -1.702877437246900355e-03 8.720865665162911284e-01 9.402736040592206412e-02 9.955323345971607285e-01 8.615466709454237121e-03 8.026657971374032835e-03 8.852769081909066468e-04 -8.737410542250075712e-03 9.999614362273236967e-01 6.720008870394586498e-02
9.854398293035974143e-01 -1.693721998632195247e-01 -1.487954083936514176e-02 9.386661564853107098e-01 1.695113843754390281e-01 9.854903287649555699e-01 8.643059519746084524e-03 1.070541431120216325e-01 1.319974958924940121e-02 -1.103946666435108234e-02 9.998519374320118391e-01 1.518378520434027767e-01
9.735534424482724658e-01 -2.264433378408335917e-01 -3.028381489542363719e-02 9.743065285222244354e-01 2.268206266675618088e-01 9.738890428444605396e-01 9.619539782916209161e-03 1.345331635541840709e-01 2.731479480524670600e-02 -1.623412994289061273e-02 9.994950500176299490e-01 1.228325348839070658e-01
9.635862063465010507e-01 -2.648840122928442509e-01 -3.657981643478714490e-02 1.138078663240812638e+00 2.658180467720427376e-01 9.637363238905845009e-01 2.351731328529086534e-02 1.054955946138360634e-01 2.902393751809849085e-02 -3.238453404801058116e-02 9.990539790248766927e-01 -2.920187201953167166e-03
9.579122053744661969e-01 -2.851357190878939796e-01 -3.319380205484225715e-02 1.353460249261142501e+00 2.861687610328754183e-01 9.576395975848808195e-01 3.215340334049554549e-02 1.150219388390435471e-01 2.261961545949604108e-02 -4.029916671219353763e-02 9.989315943340502102e-01 -1.407677410485272118e-01
9.532830591256994390e-01 -3.010478639293653336e-01 -2.493176302459633106e-02 1.443145122977213868e+00 3.015470631483242459e-01 9.532528448009301991e-01 1.945205864565906217e-02 1.477691218254554850e-01 1.791027332479469200e-02 -2.606141789120338531e-02 9.994998872470828299e-01 -1.312383995847694884e-01
9.498215622729864194e-01 -3.125716556512948552e-01 -1.174563428308092114e-02 1.380333468434485678e+00 3.124873686267848338e-01 9.498840691524673696e-01 -8.479364307454174618e-03 2.113881936819655416e-01 1.380739982804107466e-02 4.383520703615414321e-03 9.998950647224085220e-01 6.900006525624008402e-02
9.551521082870118029e-01 -2.953663137688410933e-01 -2.105209551287283432e-02 1.362394856304492308e+00 2.949864971970534433e-01 9.553049296449069860e-01 -1.937673521396277368e-02 2.340354452065441793e-01 2.583440547582592506e-02 1.229764557733556071e-02 9.995905918959846481e-01 2.263844488804032939e-01
9.606494032692518559e-01 -2.758909529595339749e-01 -3.220102596984305426e-02 1.604427926853652764e+00 2.759069890144055237e-01 9.611758807229263679e-01 -4.032335490936693814e-03 2.542814138254915757e-01 3.206333437799279568e-02 -5.010827435364316462e-03 9.994732783806569154e-01 1.941644998005592482e-01
9.557837636398731629e-01 -2.907360806669361253e-01 -4.415799543489205836e-02 1.897251414689192561e+00 2.918456252245288374e-01 9.562337001137184433e-01 2.105330862670007352e-02 3.053639158270389786e-01 3.610440692911334737e-02 -3.300972834265716860e-02 9.988026980515426478e-01 -4.132963683877410865e-02
9.460480174723331359e-01 -3.215856381262669483e-01 -3.969667476741365469e-02 1.999844849794438773e+00 3.228654601805183155e-01 9.459190019484208234e-01 3.154578221134514415e-02 3.498474755851419538e-01 2.740516847403531506e-02 -4.266050988707444092e-02 9.987136915237943002e-01 -1.818073994031190743e-01
9.238768427465364752e-01 -3.815663288838644362e-01 -2.930385808698519889e-02 2.002237761282809281e+00 3.823355682624228757e-01 9.236058278597103488e-01 2.778107242402941615e-02 3.731714873488258255e-01 1.646489229061976617e-02 -3.687019671319404640e-02 9.991844153689490859e-01 -8.678619843740739692e-02
8.988626416489491344e-01 -4.378676255080903301e-01 -1.782958159295017914e-02 1.983709234062607241e+00 4.381903761287684329e-01 8.985865965783039755e-01 2.305043856304823599e-02 4.096674259271054774e-01 5.928382241502230809e-03 -2.853192916238174795e-02 9.995753014667136949e-01 7.410166776885121487e-02
8.583717885047560392e-01 -5.129136024957813289e-01 -1.084016023617591189e-02 2.100211316875365331e+00 5.129822960179711844e-01 8.578209933269184129e-01 3.150091077650838539e-02 4.839810309600707239e-01 -6.858328606657712254e-03 -3.260030340991647985e-02 9.994449377260883338e-01 1.477532214580075665e-01
8.339109963704497419e-01 -5.518816978223127778e-01 -4.363684361320339586e-03 2.213912769499745803e+00 5.514319578213723316e-01 8.328541416581594081e-01 4.771555947632667022e-02 5.226423398667919828e-01 -2.269903138312211882e-02 -4.219680475595440766e-02 9.988514322173522864e-01 4.457784082594529185e-02
8.126862561333625390e-01 -5.826654495745369200e-01 6.482512170573832139e-03 2.319563836003012192e+00 5.814913347996588655e-01 8.116648711832071816e-01 5.538920869681075027e-02 5.770348972017393940e-01 -3.753500559277746229e-02 -4.124452399107860628e-02 9.984437954115892300e-01 8.185828958140670131e-03
8.095136947664653970e-01 -5.870683415434100327e-01 6.191957930746378944e-03 2.399574757604534092e+00 5.861012141714231349e-01 8.087054538661898606e-01 4.980818842181882616e-02 6.317535335092764326e-01 -3.424828072078345276e-02 -3.669129657766202063e-02 9.987396077172069342e-01 3.231570510234974686e-02
8.053628146591943482e-01 -5.927228765727629023e-01 -8.386200064965116524e-03 2.538426669191150786e+00 5.927092364348890419e-01 8.049611357856514271e-01 2.708008344604644763e-02 6.882145172284499512e-01 -9.300419828751078921e-03 -2.677987046240951075e-02 9.995980895985273618e-01 6.767231140837386139e-02
8.077890039579679327e-01 -5.885694410201740556e-01 -3.260273273506293645e-02 2.564211012131821565e+00 5.888967066223371738e-01 8.082081259699354092e-01 5.422596517226131729e-04 7.526473476847022059e-01 2.603063606520170797e-02 -1.963767331851843170e-02 9.994682425033204476e-01 6.178608189967452202e-02
8.331479054904691317e-01 -5.496045991537096276e-01 -6.163888517757643015e-02 2.672046764108900962e+00 5.494843888395396503e-01 8.352546604962830523e-01 -2.040976582120673788e-02 8.172028139654441414e-01 6.270146727535139131e-02 -1.686525150506178877e-02 9.978898182130074845e-01 1.079813904973946359e-01
8.338403464528141296e-01 -5.466814496685643565e-01 -7.648313026888937938e-02 2.901490944623659196e+00 5.474602897429974302e-01 8.367420083185728163e-01 -1.224919056569303936e-02 9.144193808268971102e-01 7.069305327940110517e-02 -3.165760735239356999e-02 9.969956309406563522e-01 1.882532250111253469e-01
8.341472142448139726e-01 -5.467089981038614210e-01 -7.285393853381208484e-02 2.990286516701359698e+00 5.483711846910602761e-01 8.362280626740038469e-01 3.416284093180115000e-03 9.616244973866189261e-01 5.905479462447998235e-02 -4.280068444259128163e-02 9.973367699243351758e-01 1.063609057226401061e-01
8.165867381365465860e-01 -5.722483713211513612e-01 -7.561680117410948809e-02 3.088942998925598982e+00 5.742630568045371531e-01 8.186476623720893020e-01 6.160071608570627522e-03 9.731571066744314491e-01 5.837842657201358643e-02 -4.845416816955525757e-02 9.971179232658354818e-01 1.292995153510165252e-02
7.939599677969385594e-01 -6.020718608098509783e-01 -8.448102720047717673e-02 3.047351330296957705e+00 6.039266115059576112e-01 7.970276113467315016e-01 -4.431102103962598210e-03 1.009633381471649161e+00 7.000155320288578564e-02 -4.750222280995972102e-02 9.964152354201015749e-01 1.163286553320468097e-02
7.700893602218156220e-01 -6.306222996945248793e-01 -9.632181684926612031e-02 3.124241637047761699e+00 6.327253199804715456e-01 7.743015026920274657e-01 -1.076347455416395982e-02 1.095944849330312554e+00 8.136981460446339465e-02 -5.265641515387235738e-02 9.952920451879329056e-01 1.315099952397114080e-01
7.458128904382214097e-01 -6.566975719954650792e-01 -1.118545099289544459e-01 3.209051226187772166e+00 6.609377466806642953e-01 7.504399174021424423e-01 1.106969806095564612e-03 1.182069587398576038e+00 8.321314480820644899e-02 -7.475446009922510904e-02 9.937239773832580170e-01 1.732055297650078873e-01
7.420468763543611734e-01 -6.607993407093606386e-01 -1.127415833258065825e-01 3.398639493872704254e+00 6.671475119813123911e-01 7.443994544274764591e-01 2.799374046496984347e-02 1.232951214368044335e+00 6.542652787577929452e-02 -9.598793448215121871e-02 9.932299259909409539e-01 9.549886615874991769e-02
7.238973353062350125e-01 -6.830789276968535217e-01 -9.682885144960177992e-02 3.552616531741495276e+00 6.888678728252851657e-01 7.233547165361714493e-01 4.710634621833725832e-02 1.322910761322642292e+00 3.786425393031121744e-02 -1.008024434296699856e-01 9.941856796760397685e-01 7.683471281106149520e-04
7.175371593316082208e-01 -6.922027379125950119e-01 -7.743251645551441076e-02 3.616389663977649604e+00 6.961077382671563285e-01 7.164925126451505699e-01 4.552467515560260081e-02 1.375337666175505236e+00 2.396751349035887435e-02 -8.656701998882782023e-02 9.959576845164374026e-01 -1.302975733673229775e-02
7.153031356992429757e-01 -6.957419722376703142e-01 -6.545633755158565548e-02 3.640589771686169485e+00 6.982509362382247620e-01 7.153445650365267694e-01 2.697745939010295912e-02 1.446914175176128081e+00 2.805448451269121346e-02 -6.500201027305960166e-02 9.974906939712210319e-01 5.816499103843482399e-02
7.147680279347394805e-01 -6.967924138979265658e-01 -5.989155346611103881e-02 3.721350348569963273e+00 6.984615196330853371e-01 7.155691097469925044e-01 1.059975319230522378e-02 1.529678812015321521e+00 3.547071798152086342e-02 -4.940831013298506436e-02 9.981486097048265504e-01 1.209826885882098191e-01
7.244646599284971789e-01 -6.865867248133579182e-01 -6.123418836526954567e-02 3.785814878954220752e+00 6.884350307222830700e-01 7.251619314373694003e-01 1.404925864354480622e-02 1.627204346786797373e+00 3.475866782683137424e-02 -5.233395173394159161e-02 9.980245450422616793e-01 1.659227945359517120e-01
7.315834642025584866e-01 -6.795751923678252648e-01 -5.443521675916458691e-02 3.998079564383420159e+00 6.815301825572710470e-01 7.310466551076177932e-01 3.297572318261503960e-02 1.706459377069505345e+00 1.738519970655165101e-02 -6.122373701594018697e-02 9.979726493531605458e-01 1.235816940611609710e-01
7.187294092719939131e-01 -6.945125403870038294e-01 -3.286894419845418081e-02 4.105907255124626509e+00 6.951652758042909941e-01 7.169021759470171062e-01 5.288203322846267429e-02 1.786552767733109226e+00 -1.316341762137667945e-02 -6.085722116250917579e-02 9.980596791118768740e-01 4.377349642967370835e-02
7.100163682089073447e-01 -7.040339453228038336e-01 -1.459317335744966630e-02 4.122186907680600143e+00 7.034998406885851763e-01 7.082589614061487460e-01 5.879810999529377913e-02 1.840581857615494643e+00 -3.106011955174368955e-02 -5.201391564851308436e-02 9.981632239029550879e-01 4.427756421557495908e-02
6.922524933874955044e-01 -7.215048189230148790e-01 -1.474047725357430921e-02 4.167467513893879705e+00 7.209751153314032379e-01 6.905689754442634332e-01 5.752715208256064389e-02 1.944202922557674462e+00 -3.132680117192435804e-02 -5.045083175456992891e-02 9.982351151425232771e-01 1.107197980418950234e-01
6.648309223066983797e-01 -7.463096723760943574e-01 -3.196431858668987575e-02 4.338886912845212329e+00 7.466758326709631577e-01 6.626906502375329300e-01 5.758735097987690427e-02 2.050129323849079643e+00 -2.179554197418592104e-02 -6.215283586162772406e-02 9.978286322532586849e-01 1.222663360306648350e-01
6.488069738232757899e-01 -7.600951670218094591e-01 -3.612267692697777866e-02 4.398075015451695435e+00 7.603798578668592434e-01 6.457452723119636584e-01 6.953786764866384806e-02 2.110890319820471817e+00 -2.952934927590328273e-02 -7.258360942275890459e-02 9.969250910547422517e-01 9.126582688717674308e-02
6.407550687119518695e-01 -7.674992144830614649e-01 -1.943959073194050091e-02 4.504456678447021467e+00 7.661860846107677592e-01 6.376357521723650112e-01 7.987196817659926451e-02 2.180479988976913752e+00 -4.890629477647220891e-02 -6.607271236649696344e-02 9.966155582830176218e-01 8.383761296739097868e-02
6.355935123312930202e-01 -7.720093227848652262e-01 -4.742638044846512330e-03 4.576445573318209448e+00 7.702008947833196562e-01 6.336587927071531956e-01 7.257489993025742492e-02 2.277838487223904362e+00 -5.302328504859293856e-02 -4.978091961953862860e-02 9.973516888663139790e-01 8.940478120783103277e-02
6.430635948199971974e-01 -7.657619315592932852e-01 8.824805480175088729e-03 4.647726477212454022e+00 7.645095722901432689e-01 6.425986315760165990e-01 5.091279380836529617e-02 2.381716861534214580e+00 -4.465788725325887942e-02 -2.599351594554431127e-02 9.986641128201533268e-01 1.091450969248774494e-01
6.502220682941296515e-01 -7.594557669819831380e-01 2.093322481396603721e-02 4.723694181474956899e+00 7.586209209859552383e-01 6.505119493977860046e-01 3.644862045555959107e-02 2.514196262361404699e+00 -4.129842788442734947e-02 -7.819315091504710352e-03 9.991162585834415522e-01 1.362036652016717087e-01
6.738864482727083827e-01 -7.382331917650709618e-01 2.981290678129976460e-02 4.781294733067912084e+00 7.366637055723416205e-01 6.744500889741298355e-01 4.943341355009564508e-02 2.575031130834874560e+00 -5.660070429615488008e-02 -1.135042109987486128e-02 9.983323736181426433e-01 1.345690006083185286e-01
6.918937241064880839e-01 -7.214983383859289168e-01 2.689279175538831015e-02 4.903659390308493293e+00 7.190810106925010770e-01 6.919644822314705568e-01 6.409099306130319751e-02 2.683037952707432616e+00 -6.485040172201038400e-02 -2.500605999506057622e-02 9.975816369400638539e-01 1.031965752118141899e-01
6.827571493574935424e-01 -7.303104000789697459e-01 2.212226339515118573e-02 5.042999453152916978e+00 7.278997623936476202e-01 6.825020179752809835e-01 6.597674868421973815e-02 2.771210887136029921e+00 -6.328199513685353605e-02 -2.894330658657340294e-02 9.975758989146313871e-01 5.294581651330310806e-02
6.609938513709909813e-01 -7.501769658620597303e-01 1.793455713806296065e-02 5.093965928623914508e+00 7.482900717533448320e-01 6.607419949428372519e-01 5.900834376877478471e-02 2.845084177420245997e+00 -5.611681535082486266e-02 -2.558390136304028104e-02 9.980963716124449103e-01 6.047834222498387619e-02
6.414829549591103408e-01 -7.669121292921058375e-01 1.858505963337741748e-02 5.091541578536544321e+00 7.652811789032240020e-01 6.414273034249355909e-01 5.399751510493014384e-02 2.954910330524131101e+00 -5.333231397023352471e-02 -2.041568920374199625e-02 9.983681004123261538e-01 1.118634106241340465e-01
6.129961635316745205e-01 -7.899677324461704675e-01 1.366327886359101212e-02 5.190448694556129006e+00 7.879647411251975431e-01 6.125253749352719268e-01 6.264368925841819202e-02 3.054241401533032807e+00 -5.785559816430139307e-02 -2.763415919220985409e-02 9.979424246953280120e-01 1.404305111208861145e-01
5.942639211157136891e-01 -8.042206392435636841e-01 8.919387582703872108e-03 5.259158285867737703e+00 8.008356494282723448e-01 5.927136570551234662e-01 8.574837225941239760e-02 3.115532103911157868e+00 -7.424725358539617515e-02 -4.381420038087117247e-02 9.962768998526517761e-01 1.153277617267762234e-01
5.959483829809067990e-01 -8.030187056111594002e-01 2.546224856628476196e-03 5.347305218139164040e+00 7.990385352377528116e-01 5.933040621025936767e-01 9.760998462077516424e-02 3.190885331691755589e+00 -7.989332905536432328e-02 -5.613598071771577075e-02 9.952214867261013342e-01 9.529664961657442757e-02
6.028556439908538955e-01 -7.977702365609631308e-01 -1.130142317753774286e-02 5.460735292748478464e+00 7.950225138029602956e-01 5.994671904888646541e-01 9.261905891234858967e-02 3.273468922106762768e+00 -6.711389613779382424e-02 -6.482080827058783745e-02 9.956374780814315484e-01 8.271334946714689607e-02
6.134749493743257842e-01 -7.894918409698580275e-01 -1.873818380187719512e-02 5.526687036003786524e+00 7.884935623204304411e-01 6.110355403283943554e-01 7.009615278190861609e-02 3.407106426279745026e+00 -4.389064444054066594e-02 -5.777717107657353440e-02 9.973642312781135777e-01 8.747086020280128715e-02
6.370803743295008204e-01 -7.705431667178651578e-01 -1.979456664307785441e-02 5.615630891865821539e+00 7.702829054928962416e-01 6.355070613934818979e-01 5.286795271658392692e-02 3.489093268812998971e+00 -2.815745282522709447e-02 -4.892855141351841464e-02 9.984053058287349902e-01 1.227001886547632731e-01
6.529195158429219603e-01 -7.573296683199688406e-01 -1.216056387715238295e-02 5.667499774493329312e+00 7.566595352372240679e-01 6.514509173624286609e-01 5.548017666012065863e-02 3.581252313436000811e+00 -3.409477329492713316e-02 -4.542549669531445455e-02 9.983857324120529730e-01 1.409106605048817684e-01
6.801322145506409900e-01 -7.330866279433599919e-01 -2.041240082456576010e-03 5.711860957108689796e+00 7.316080226428559596e-01 6.785782253730247016e-01 6.543159217233500413e-02 3.662259940230724098e+00 -4.658188419386855017e-02 -4.599552130620999241e-02 9.978549694643601420e-01 1.854382748120548263e-01
6.871458105925862814e-01 -7.265134891567951447e-01 2.963959898014852101e-03 5.845250248479192834e+00 7.244245748297036824e-01 6.854682776490435003e-01 7.309087302568560707e-02 3.780637084577445517e+00 -5.513320567372020226e-02 -4.807692180322283015e-02 9.973208807711116952e-01 1.432137878599091252e-01
6.838503933019755010e-01 -7.296154459766710509e-01 3.152867424566996313e-03 5.925132117778200147e+00 7.275858588757961876e-01 6.822580056118532355e-01 7.171353946436090365e-02 3.841591842366026022e+00 -5.447437511989894343e-02 -4.674735041475484854e-02 9.974202863810704978e-01 8.494761647463758281e-02
6.752437231642731685e-01 -7.375946417962303547e-01 -2.423236291244842966e-04 5.975705627098420791e+00 7.364265439128540036e-01 6.741558126341338220e-01 5.647907322345181030e-02 3.910470504407731696e+00 -4.149529790012212310e-02 -3.831559323697577429e-02 9.984037537825459774e-01 8.105436506768026739e-02
6.658109075913833941e-01 -7.460666699949145553e-01 -8.964332381034846239e-03 6.061068547495032988e+00 7.459635306158831636e-01 6.653763120511959617e-01 2.850919767787140832e-02 4.010311139960563764e+00 -1.530510775606218864e-02 -2.566879981317676460e-02 9.995533334408556181e-01 1.211478287749468419e-01
6.285486742352923706e-01 -7.776581005908129729e-01 -1.320767589492371878e-02 6.120556310188860927e+00 7.777700661424440387e-01 6.284696144258066219e-01 9.983384008248247232e-03 4.112559963142659925e+00 5.369635318207034713e-04 -1.654757773714904054e-02 9.998629352772301360e-01 1.721475097083630945e-01
6.312574621422362142e-01 -7.755726826938200702e-01 1.015061010164158839e-03 6.127220395690530452e+00 7.754272099958052777e-01 6.311633830537638490e-01 1.858563666516099833e-02 4.144023611946321850e+00 -1.505518142915271765e-02 -1.094521590646011303e-02 9.998267568738578026e-01 2.087440086101790548e-01
6.347505523758502077e-01 -7.726520610197183947e-01 1.002640815719416101e-02 6.284928332059669387e+00 7.720522656783425086e-01 6.346891632496872715e-01 3.324101554330183284e-02 4.260986322850338404e+00 -3.204739177361004554e-02 -1.335884184326749727e-02 9.993970712510195087e-01 1.589312176567194701e-01
6.470434413897265813e-01 -7.624325518888857012e-01 5.602568584238198229e-03 6.362979682418133720e+00 7.618616701955733816e-01 6.468134247471104548e-01 3.462930917193662861e-02 4.384066796909738883e+00 -3.002632913546051871e-02 -1.813828512058573289e-02 9.993845216789848385e-01 9.575639970979329951e-02
6.642329984906838458e-01 -7.475250613523420906e-01 -8.979789821696154001e-04 6.439397936806240175e+00 7.474077555555163066e-01 6.641064754732677322e-01 1.855360261349464288e-02 4.471840153575156407e+00 -1.327292927506182156e-02 -1.299507155236555647e-02 9.998274638475420639e-01 7.459472379958205501e-02
6.774613705085590354e-01 -7.355431464588815249e-01 -4.729816701860466849e-03 6.507341298073367142e+00 7.355563493959453858e-01 6.774605293232458525e-01 2.021898211464592636e-03 4.543535317461397049e+00 1.717070754164069747e-03 -4.848804639900062587e-03 9.999867702932820901e-01 1.084382687523582356e-01
6.994907381082731135e-01 -7.146343144264331038e-01 -3.240979019600531003e-03 6.572403014447967706e+00 7.146136824401481125e-01 6.994962888092461917e-01 -5.676866338308940788e-03 4.654316876446883633e+00 6.323936280087105039e-03 1.654867473217734499e-03 9.999786343935411770e-01 1.544733848116243702e-01
7.039818109598526830e-01 -7.102121873145686992e-01 2.873817590302312104e-03 6.708780069512783939e+00 7.102178858242830239e-01 7.039736221806645045e-01 -3.419638741283692867e-03 4.782794172976426061e+00 4.055773317411025345e-04 4.448400127146508523e-03 9.999900235719038077e-01 1.499364846566964560e-01
6.991399383538070555e-01 -7.149140684503442200e-01 1.006088119457823615e-02 6.777647620865576705e+00 7.149639114208817814e-01 6.991579477581466584e-01 -2.183907591923058434e-03 4.833874706472505167e+00 -5.472838786978542931e-03 8.720023990403950181e-03 9.999470032042790946e-01 1.039249503954868120e-01
6.931855759053420218e-01 -7.207139989179219830e-01 8.067782874922692360e-03 6.843983212000500416e+00 7.207553975232318111e-01 6.931024003012948853e-01 -1.098724886910613756e-02 4.919046348644561029e+00 2.326864393841301254e-03 1.343110048809268396e-02 9.999070913048728748e-01 1.395035335165748791e-01
6.883317981879937264e-01 -7.253958003487905870e-01 -5.181115911022131024e-04 6.880587029626969553e+00 7.253794720510269300e-01 6.883207724106994441e-01 -6.255860844969094066e-03 5.042228423841486951e+00 4.894602155089427045e-03 3.930280432214198864e-03 9.999802976886432715e-01 1.945345710911942361e-01
6.777892779746980123e-01 -7.352286933029837934e-01 -6.361069605380536944e-03 6.997252003507254514e+00 7.351418390950509307e-01 6.775058929041331002e-01 2.349981898056934665e-02 5.126648139811917915e+00 -1.296807905912197509e-02 -2.060421374768727637e-02 9.997036037253022034e-01 1.557161037473532295e-01
6.696441606819065750e-01 -7.426183182481125300e-01 -9.733009142603844463e-03 7.074670611547629662e+00 7.419242368910363705e-01 6.683114915114061194e-01 5.392751642207340573e-02 5.222490906360035545e+00 -3.354287969566988742e-02 -4.333340185289891872e-02 9.984974168747643430e-01 1.306539504397766227e-01
6.740158105435651859e-01 -7.385329937136466683e-01 -1.648345636266207795e-02 7.179003725805422675e+00 7.375691915375481855e-01 6.715576913748368959e-01 7.072449964437219072e-02 5.297823198792817045e+00 -4.116278455047070461e-02 -5.982712053624273524e-02 9.973596847759556017e-01 1.287323025750240213e-01
6.669847241730112453e-01 -7.445943758038254812e-01 -2.665695483665644558e-02 7.303443975167624558e+00 7.444540378504819200e-01 6.645492559396444232e-01 6.451722218274799636e-02 5.409427942617609730e+00 -3.032430127744322954e-02 -6.287687930691587823e-02 9.975604918002007881e-01 1.023541201815973134e-01
6.707753396627735842e-01 -7.413344964950511207e-01 -2.199108925723663663e-02 7.313295095935155921e+00 7.414589596858477405e-01 6.696067463092312266e-01 4.319046652613606901e-02 5.490912344221330343e+00 -1.729320103020532198e-02 -4.527659001729187477e-02 9.988247972465116309e-01 1.343861368371672971e-01
6.880884329632652729e-01 -7.254643085614892462e-01 -1.535725970211869462e-02 7.374683444959643452e+00 7.255763278510604097e-01 6.876367113391689267e-01 2.635802877346664005e-02 5.598459712229550966e+00 -8.561593562440371341e-03 -2.927951881525367103e-02 9.995345961464359164e-01 1.867848364071342249e-01
7.170946113655636278e-01 -6.967330924227133071e-01 -1.839337580636217495e-02 7.448522617646258226e+00 6.969480878269431745e-01 7.165808261050198302e-01 2.784389579450044852e-02 5.692378023267660403e+00 -6.219423191814987470e-03 -3.278593573058702360e-02 9.994430454975565814e-01 2.441772320313412292e-01
7.246580188216527052e-01 -6.885896954275355641e-01 -2.673924285560786568e-02 7.646719301262855595e+00 6.889914938758135987e-01 7.232736163876690716e-01 4.654027507737503594e-02 5.791090835963884409e+00 -1.270736496099974210e-02 -5.214889441317877711e-02 9.985584688375693796e-01 2.267279802757581342e-01
7.168156082285610520e-01 -6.966358903080595022e-01 -2.956044882296586865e-02 7.705380445404664158e+00 6.970173232489872417e-01 7.147942142603832538e-01 5.688657443279543369e-02 5.868175714804374721e+00 -1.849959163696998990e-02 -6.138132936470591661e-02 9.979429329950119110e-01 1.421508242580309944e-01
7.131797617129522759e-01 -7.004577944589130967e-01 -2.708330970933476439e-02 7.773132126265641872e+00 7.008367600597028568e-01 7.117161625115331347e-01 4.783241337080595956e-02 5.956474463768123506e+00 -1.422895751892268301e-02 -5.309408819833048854e-02 9.984881344143817783e-01 1.481135633484424174e-01
7.014958081590991767e-01 -7.122155632955782245e-01 -2.554647793287216639e-02 7.802167471284776390e+00 7.125827459382050311e-01 7.003833291430394681e-01 4.109771830260609826e-02 6.054471752587653022e+00 -1.137810732854938923e-02 -4.703385650863746437e-02 9.988284912914453528e-01 1.924180573204822831e-01
6.961582795888623387e-01 -7.169904337461989741e-01 -3.589383897430180326e-02 7.903432604997657762e+00 7.178300952135518997e-01 6.945943419156639376e-01 4.752530467497154132e-02 6.127641944990065426e+00 -9.143531351646113151e-03 -5.885081218796765767e-02 9.982249134034063554e-01 2.416742403373838277e-01
6.871977823865422774e-01 -7.252578089704976305e-01 -4.195614865942481203e-02 8.011199335248644360e+00 7.263075502843759912e-01 6.846742942679761024e-01 6.081490909766835984e-02 6.213496406402765793e+00 -1.538019125132094288e-02 -7.226493822015080115e-02 9.972668792359999923e-01 2.143284204440474017e-01
6.883134314364200979e-01 -7.247331985135266885e-01 -3.140718192664691821e-02 8.117429317187736970e+00 7.249089547705914738e-01 6.855754261722883935e-01 6.703239755590874316e-02 6.293782590239636043e+00 -2.704861175049250860e-02 -6.890664700185326896e-02 9.972563595191223929e-01 1.592190074141951461e-01
6.878830249964679178e-01 -7.255525394668673744e-01 -1.975996950626669746e-02 8.205510630298538999e+00 7.254373283707697961e-01 6.863783204051899789e-01 5.123947583680423662e-02 6.382546006604504107e+00 -2.361411713337539103e-02 -4.958138512516831881e-02 9.984908911557885958e-01 1.513291784909300552e-01
6.978303120098439116e-01 -7.160969034767050712e-01 -1.542985649053000771e-02 8.270719629323908251e+00 7.162481256469970248e-01 6.975143851721786747e-01 2.150127868386083121e-02 6.452768937196638355e+00 -4.634452223015440159e-03 -2.605584980291348121e-02 9.996497459328644863e-01 1.975706707475372303e-01
7.072696380965604046e-01 -7.068259368049801816e-01 -1.291332979997130564e-02 8.355833474124583660e+00 7.068230361593982325e-01 7.073684870333921682e-01 -5.569479912867163381e-03 6.550264405889937969e+00 1.307113542009777016e-02 -5.188314933783729453e-03 9.999011085137256005e-01 2.499416012475702276e-01
7.366393922015190832e-01 -6.761007166787984524e-01 -1.581855756356836951e-02 8.427164128201740212e+00 6.762349183476172865e-01 7.366692662345508680e-01 4.972664561362238715e-03 6.603175462389577532e+00 8.291023119502647157e-03 -1.436012158248065052e-02 9.998625134706112805e-01 2.522016054921196737e-01
