1.000000000000000000e+00 0.000000000000000000e+00 0.000000000000000000e+00 0.000000000000000000e+00 0.000000000000000000e+00 1.000000000000000000e+00 0.000000000000000000e+00 0.000000000000000000e+00 0.000000000000000000e+00 0.000000000000000000e+00 1.000000000000000000e+00 0.000000000000000000e+00
9.999985869211177603e-01 -1.657619456682656468e-03 -2.800955273911649268e-04 1.276326907141608034e-02 1.657780389611016817e-03 9.999984603886982182e-01 5.753124480458883918e-04 -4.905845392962739082e-02 2.791414470453727824e-04 -5.757759719565441617e-04 9.999997952810203428e-01 -1.389142266222602971e-02
9.999938537152848195e-01 -3.500404326115644400e-03 -1.992516181246445210e-04 1.467613637834354855e-02 3.500469352857287636e-03 9.999938198908508991e-01 3.269471122890989299e-04 -9.670137686020399692e-02 1.981059396416285723e-04 -3.276425769618125324e-04 9.999999267021865146e-01 -2.140003327862233934e-02
9.999945072194145190e-01 -3.302170196014557555e-03 -2.849613954150226358e-04 1.341154193498641720e-02 3.302281037982700545e-03 9.999944716455313465e-01 3.893819728367714310e-04 -1.049144155182963611e-01 2.836740145018519575e-04 -3.903208566596668588e-04 9.999998835893344484e-01 -1.877904804737094702e-02
9.999979811770308702e-01 -1.997447103655753536e-03 2.187394128312915526e-04 -2.121991859537006309e-02 1.997463412672688225e-03 9.999980023028073317e-01 -7.436605126706559736e-05 -6.664973574421934055e-02 -2.185904336024668989e-04 7.480282510921319240e-05 9.999999733113794642e-01 -1.193619816387467975e-03
9.999994796685521825e-01 -8.636062377312247323e-04 5.429980581317516309e-04 -5.859603986706416606e-02 8.636471491242914134e-04 9.999996242357060972e-01 -7.511357006230971875e-05 -2.199343960600270292e-02 -5.429329855448257469e-04 7.558248970324256541e-05 9.999998497555189214e-01 1.063915202959684475e-02
9.999982976737452622e-01 1.558037474628804321e-03 9.885185072642309161e-04 -9.527043213137977029e-02 -1.558108810429460192e-03 9.999987835988655149e-01 7.139834930065820488e-05 2.103020444368323971e-02 -9.884060635253601526e-04 -7.293844715281461134e-05 9.999995088665976084e-01 1.885774515189509934e-02
9.999993362540732234e-01 5.992892821709034246e-04 9.840445971809449934e-04 -4.937920798156143765e-02 -6.004357529931232240e-04 9.999991409181885338e-01 1.165178008437154624e-03 -8.122905060592822135e-03 -9.833454731138521841e-04 -1.165768090613684927e-03 9.999988370075434396e-01 2.285352865552156901e-02
9.999987171928096386e-01 -1.501866331377224410e-03 5.567856478928861130e-04 -4.434610893257782960e-02 1.501168983035780589e-03 9.999980910396170097e-01 1.250763289458703322e-03 -1.449144326058590324e-02 -5.586630642841031473e-04 -1.249925855625745857e-03 9.999990627900288143e-01 1.810848619494042494e-02
9.999969030564415107e-01 -2.416405646147733784e-03 5.957023410387532643e-04 -7.649852019601004194e-02 2.415988063078521996e-03 9.999968359925417438e-01 7.007186200863348407e-04 -1.030135188627260938e-02 -5.973936766620407349e-04 -6.992772402552205509e-04 9.999995770659787508e-01 1.694265195553655221e-02
9.999993786939483931e-01 -6.845399048926259587e-04 8.797822661405735149e-04 -7.524784408041312878e-02 6.841122361959438378e-04 9.999996477433076292e-01 4.863164699473279977e-04 -4.676532207097930556e-03 -8.801148592614679508e-04 -4.857142979825072046e-04 9.999994947395999256e-01 2.530050134899474584e-02
9.999998448590261546e-01 1.654154570188145850e-04 5.319019178482529021e-04 -3.583899542233025259e-02 -1.656071939609167335e-04 9.999999213248769170e-01 3.604504087856152819e-04 6.181889216843389039e-03 -5.318422519317020977e-04 -3.605384396490650747e-04 9.999997935779050273e-01 1.130435918378551452e-02
9.999999666039079971e-01 -2.508463037435774805e-04 6.219577727702470932e-05 -7.190623689714677885e-03 2.508143159992841679e-04 9.999998365596808325e-01 5.137828243392411360e-04 1.161829038967970851e-03 -6.232464763413944045e-05 -5.137672075895668902e-04 9.999998660794383598e-01 -3.874262355047301300e-03
9.999996264263293355e-01 -8.623396810683966107e-04 5.930831513593206119e-05 -8.308374686412000470e-03 8.623138136201246922e-04 9.999995336803145785e-01 4.348034500839382090e-04 -3.122665632400924325e-03 -5.968323574777002402e-05 -4.347521452734130374e-04 9.999999037142371927e-01 -7.394819868154921608e-03
9.999995571006959905e-01 -9.398610403815031060e-04 4.959472388149425667e-05 -1.030060178003093865e-02 9.398481343327196079e-04 9.999995246426406359e-01 2.596150557577685605e-04 -9.347956187627627991e-03 -4.983870238268046622e-05 -2.595683292657282410e-04 9.999999650701925091e-01 -3.318607803882290923e-03
9.999999438330943180e-01 -3.443732352352877013e-05 3.333884805400819020e-04 -1.689299518024051094e-02 3.447045109893742660e-05 9.999999944695847631e-01 -9.936105083509985528e-05 -1.504056291621145430e-02 -3.333850569676519030e-04 9.937253730561250171e-05 9.999999394897495231e-01 6.590732976547586906e-03
9.999999551352521943e-01 -2.670566294731909103e-04 1.356843772297022929e-04 1.307501775381331166e-02 2.670826465406119302e-04 9.999999459465129803e-01 -1.917650410366729115e-04 -3.000784099406775263e-02 -1.356331577699785261e-04 1.918012713757474104e-04 9.999999724079590147e-01 2.217993165961894969e-03
9.999997527950511556e-01 -6.477036563316077846e-04 -2.736600265715324149e-04 3.897629758407937517e-02 6.477289088525935287e-04 9.999997859733320560e-01 9.219843089811880887e-05 -3.554966718003821358e-02 2.736002507401880893e-04 -9.237566561661816075e-05 9.999999583048186924e-01 -1.138968967883861177e-02
9.999997633550562481e-01 -5.527170612981900351e-04 -4.096262706097475123e-04 2.914253690179571810e-02 5.525763814729546140e-04 9.999997883444415869e-01 -3.434682150498140417e-04 -6.212659981932294739e-02 4.098160246525421276e-04 3.432417839674278023e-04 9.999998571179415929e-01 -2.949021665447955701e-02
9.999900452668882833e-01 4.455206011019215671e-03 -2.459807435098966349e-04 1.563561587539934530e-02 -4.455340564419477643e-03 9.999899241109065917e-01 -5.491967938180533420e-04 -7.666416217293575697e-02 2.435314801781552501e-04 5.502872546951706597e-04 9.999998189381613667e-01 -2.315080996521090215e-02
9.999822173014326632e-01 5.961639255242487216e-03 -1.547200720411586112e-04 -5.402714174142885309e-03 -5.961708069195283642e-03 9.999821284257131015e-01 -4.481808543802292253e-04 -6.680881481574052483e-02 1.520454143749761574e-04 4.490952804171464215e-04 9.999998875978042268e-01 -1.647724546333252313e-02
9.999855427237803740e-01 5.377061567021685501e-03 -3.939962932454025429e-05 -1.018201454632383998e-02 -5.377067675892653609e-03 9.999855312021576070e-01 -1.566191162747180567e-04 -7.904130676087355034e-02 3.855690862848681064e-05 1.568287064621759193e-04 9.999999869590607826e-01 -9.521681157632404247e-03
9.999906914475190645e-01 4.309432025225429577e-03 -2.140418948399101979e-04 2.506996833343752909e-02 -4.309416396757840065e-03 9.999907117265157686e-01 7.342353738766751905e-05 -8.716802651971970739e-02 2.143563205036775720e-04 -7.250045826960019226e-05 9.999999743975254152e-01 -1.300125663441198225e-02
9.999874348005054481e-01 5.003103751450576307e-03 -3.149507217528913785e-04 3.746736261461927620e-02 -5.003127149989155219e-03 9.999874815762984648e-01 -7.354871358054353929e-05 -7.438573480756013878e-02 3.145788072214821310e-04 7.512352793319540241e-05 9.999999476983134628e-01 -1.902931847607782986e-02
9.999821292041062293e-01 5.964586382692204335e-03 -4.061794007983135393e-04 6.875354681261959533e-02 -5.964736173890590291e-03 9.999821428785409250e-01 -3.685734895890131258e-04 -7.262581591696010141e-02 4.039737591863952980e-04 3.709896558524397483e-04 9.999998495859272474e-01 -2.408282294989032984e-02
9.999325744442222330e-01 1.160279192870207476e-02 -4.709403456051197050e-04 1.076105209054908640e-01 -1.160286818255862676e-02 9.999326717366484596e-01 -1.595103329277349098e-04 -7.787417209963368170e-02 4.690578728060694350e-04 1.649638366067897983e-04 9.999998763858146678e-01 -3.331877624978669961e-02
9.999101617156825883e-01 1.339095278234953348e-02 -5.923523431157682023e-04 7.756765024617706672e-02 -1.339084628414376893e-02 9.999103217806848409e-01 1.833909535376368341e-04 -3.428001899127753466e-02 5.947550016119629301e-04 -1.754423788362960380e-04 9.999998077432113996e-01 -5.496479060204260969e-02
9.999348187502620222e-01 1.139317814680651172e-02 -7.441388282738592040e-04 7.463013988638401985e-02 -1.139329577555218617e-02 9.999350824365097479e-01 -1.540261705706460463e-04 -2.125594524645774142e-02 7.423356729936474640e-04 1.624943247209527971e-04 9.999997112666297872e-01 -6.490270327075903234e-02
9.999567361261595400e-01 9.265171818826672262e-03 -8.261156611825252755e-04 9.629684348572287167e-02 -9.265276078002752935e-03 9.999570689090557796e-01 -1.224663560645609223e-04 -1.657776741671374010e-02 8.249455233049808340e-04 1.301152473688003399e-04 9.999996512673922089e-01 -6.220687491338495329e-02
9.999981224560723359e-01 -1.785043984475598311e-03 -7.541235334816569517e-04 1.308033747951521109e-01 1.785531946595468166e-03 9.999981967082866019e-01 6.468816295639499923e-04 -2.706169108085052649e-03 7.529674614154172703e-04 -6.482269266759853061e-04 9.999995064208049289e-01 -4.673199804624184744e-02
9.997164019283564240e-01 -2.380527765877091945e-02 -6.515143971836005266e-04 1.690635298744410098e-01 2.380580680969256180e-02 9.997162679049192979e-01 8.168527401647003279e-04 4.773115036134845113e-02 6.318841353527639192e-04 -8.321309081758589956e-04 9.999994541401465709e-01 -2.810638853641562671e-02
9.986161437576412947e-01 -5.258300838711752606e-02 -9.081054884456281080e-04 1.929976969288953736e-01 5.258448017133172253e-02 9.986150643549864814e-01 1.680978404712500131e-03 7.406060135327696692e-02 8.184569192316866037e-04 -1.726404427304515082e-03 9.999981748263467862e-01 -3.069013411824043219e-02
9.978499525966202377e-01 -6.552337913080767684e-02 -1.469316236605222419e-03 2.156164478909591009e-01 6.552725472864324996e-02 9.978469459815302312e-01 2.766095273220266822e-03 2.599717400091568209e-02 1.284908810078450037e-03 -2.856428296573540731e-03 9.999950949013381996e-01 -6.059445170512560430e-02
9.974574774950217826e-01 -7.125231085183587887e-02 -1.299533586116732040e-03 2.567991992893940978e-01 7.125425491007043866e-02 9.974570322349485263e-01 1.516575833782653204e-03 -3.559213737851619347e-02 1.188169381358571445e-03 -1.605317203004114155e-03 9.999980056031106956e-01 -4.183511631907525785e-02
9.969222964676129894e-01 -7.839013178728228282e-02 -9.602312811545157681e-04 2.752284031283941945e-01 7.838914462907330127e-02 9.969223086988516780e-01 -1.025876636639414582e-03 -7.000663438113877146e-02 1.037694590437073612e-03 9.474475837152545417e-04 9.999990127660192130e-01 -3.510780393145673806e-03
9.968692709944492192e-01 -7.903788196494287988e-02 -2.160963093397520740e-03 3.094621236897581174e-01 7.903092905275513336e-02 9.968672406505844075e-01 -3.133172632995799480e-03 -1.823522179390029696e-01 2.401832644805449064e-03 2.952580597634359757e-03 9.999927567076477564e-01 -4.053458582792714149e-02
9.964445775310520892e-01 -8.400981444964113198e-02 -6.368279602843102821e-03 3.811755030698235069e-01 8.382531347373380071e-02 9.961629452602617230e-01 -2.515359440380295769e-02 -1.797552259457971813e-01 8.456992964014054329e-03 2.453033971508816746e-02 9.996633141730614236e-01 -8.815416366637833512e-02
9.959397800996475647e-01 -8.954596320016605659e-02 -9.245263090914151299e-03 3.847165364163390722e-01 8.886451808513215478e-02 9.943519235523576860e-01 -5.802886827453570401e-02 -7.559197884189911010e-02 1.438929604125695899e-02 5.697168245962815764e-02 9.982720949506483921e-01 -2.897468383894695465e-02
9.987474625814191098e-01 -4.896062140574137383e-02 -1.031327003139657396e-02 4.523744879174610434e-01 4.818831181625671950e-02 9.967125333522196540e-01 -6.513073362783143583e-02 -5.422575436424615508e-02 1.346820669116924850e-02 6.455217587474475216e-02 9.978234432996450076e-01 2.800616401870553371e-02
9.991719210672982410e-01 -3.982153568455020637e-02 -8.349697384266996369e-03 6.890996347800565358e-01 3.928718700878585518e-02 9.976254782277996780e-01 -5.656785419026130052e-02 -7.140475663373997695e-02 1.058248967027269200e-02 5.619297541933573198e-02 9.983638417059687020e-01 -6.812192613360329441e-04
9.982917540503745135e-01 -5.808973549270953635e-02 -6.257509521649056057e-03 7.668718286118241245e-01 5.773923207933779472e-02 9.972569582705854696e-01 -4.631134050951248721e-02 -2.155769800083642135e-02 8.930558432419348491e-03 4.587092555515622644e-02 9.989074548299249345e-01 -4.306230103979008517e-02
9.982066849599255942e-01 -5.986069870755608008e-02 3.329437775852189113e-04 7.388823865284674941e-01 5.984435938078170453e-02 9.977697751016411098e-01 -2.956566494980967033e-02 -7.646909977046437157e-03 1.437620123566413092e-03 2.953256920526478244e-02 9.995627847236593366e-01 -1.564292387231798476e-02
9.978178756719466858e-01 -6.601318805828038094e-02 1.321359869830917395e-03 7.534006708433353960e-01 6.601806330892370789e-02 9.978101345567300662e-01 -4.068254271684130369e-03 -1.882718318651995654e-02 -1.049907835208264409e-03 4.146610454605549612e-03 9.999908516157911542e-01 -2.857599177625696346e-02
9.955234144609039770e-01 -9.449673388081641923e-02 -1.870440044820306661e-03 8.650792134248466159e-01 9.450884510290130658e-02 9.954913412595559619e-01 8.066453654864375739e-03 2.311840011182498406e-02 1.099753344578093027e-03 -8.207116613551408008e-03 9.999657163020503337e-01 5.891493759478543674e-02
9.853614947181678074e-01 -1.698267074810696220e-01 -1.488671061441583510e-02 9.309224721295468186e-01 1.699584715345964503e-01 9.854181378143790360e-01 8.075371202944771690e-03 1.260873525723485156e-01 1.329822094875564645e-02 -1.048728242114167590e-02 9.998565768284055633e-01 1.530988031734679122e-01
9.733755087242270676e-01 -2.271970550986434356e-01 -3.035814833543188859e-02 9.634400889892802411e-01 2.275736472101967112e-01 9.737141339215465985e-01 9.540466281122813447e-03 1.402459530567616852e-01 2.739259227055789239e-02 -1.619517075909665191e-02 9.994935529220699832e-01 1.294776722265275903e-01
9.629758083529709189e-01 -2.666351575870360424e-01 -3.979051728086227535e-02 1.146426105131622020e+00 2.675402473069834475e-01 9.633516555603259812e-01 1.938565965081287534e-02 1.079937017953187806e-01 3.316336228219729509e-02 -2.931348610649179426e-02 9.990199752429499425e-01 2.429654415771791143e-02
9.574403487580375183e-01 -2.866289964952786762e-01 -3.393813398224847927e-02 1.355521858137866520e+00 2.876243551912993079e-01 9.572946874192768130e-01 2.931060797080885932e-02 1.244836402129855524e-01 2.408752521279063086e-02 -3.782459262092149194e-02 9.989940396830125913e-01 -1.075229864695439463e-01
9.534056096105687494e-01 -3.007412226457855664e-01 -2.392614813583204131e-02 1.441257867559882611e+00 3.012479346306995986e-01 9.533041944908405840e-01 2.146612789739493765e-02 1.496789058695827401e-01 1.635314782656453053e-02 -2.767362946358182391e-02 9.994832388732063366e-01 -1.513180105984960888e-01
9.498280106718460791e-01 -3.125778112547814569e-01 -1.103911474411050329e-02 1.379383865953422550e+00 3.125429975614671951e-01 9.498915176879179079e-01 -4.793672896291489502e-03 2.054515985801500522e-01 1.198435724000835971e-02 1.102966778346806858e-03 9.999275767003477089e-01 3.503445560711004880e-02
9.550132017708728993e-01 -2.957926095668410582e-01 -2.136624836007351008e-02 1.362451291382873242e+00 2.954526048657398762e-01 9.551935342774691140e-01 -1.769379418232532378e-02 2.298048733034794011e-01 2.564259583963739153e-02 1.058509329934529015e-02 9.996151324777197145e-01 2.081497590845276524e-01
9.600413245323929923e-01 -2.778978602419661104e-01 -3.306712057354220524e-02 1.603348581544375095e+00 2.778163990523405125e-01 9.606077639946912772e-01 -7.125459333278955434e-03 2.622463806815806819e-01 3.374468265785260379e-02 -2.345852948548229813e-03 9.994277329383374209e-01 1.965201610150634215e-01
9.554082558133364378e-01 -2.919304473622660878e-01 -4.440358799224944364e-02 1.902905997214802358e+00 2.928322000499979372e-01 9.560425032098737175e-01 1.523268427023193039e-02 3.489306681062715465e-01 3.800483308207308619e-02 -2.755623267186160796e-02 9.988975356378341219e-01 6.721108264198916160e-03
9.456965044699852108e-01 -3.227551781100915229e-01 -3.856444523617900272e-02 2.008985029702446301e+00 3.238668697674120245e-01 9.457140389172278283e-01 2.711470563960288044e-02 3.718228263412885481e-01 2.771952561479635452e-02 -3.813202850606311339e-02 9.988881700679528297e-01 -1.219702226933566391e-01
9.235604327392703539e-01 -3.824186711445732301e-01 -2.814404090514428802e-02 2.005331197851663916e+00 3.831370910790151130e-01 9.232890843511173395e-01 2.726235788749501246e-02 3.823642283768414751e-01 1.555945108164744767e-02 -3.596146101167355114e-02 9.992320435233968956e-01 -8.480164774100676373e-02
8.983146613083158316e-01 -4.389835574485363989e-01 -1.800570932658349804e-02 1.983190213496455190e+00 4.393206069168193451e-01 8.979895704947067347e-01 2.474137467825349157e-02 4.015750226311005089e-01 5.307882512204394228e-03 -3.013581876371992235e-02 9.995317197621478300e-01 5.448751266058626808e-02
8.577852829920846744e-01 -5.138572626559571033e-01 -1.245479417396562830e-02 2.096655439303749535e+00 5.139574624871737774e-01 8.571084410784408636e-01 3.482595276270764734e-02 4.755564355854380310e-01 -7.220459537630088270e-03 -3.627442415547956628e-02 9.993157814806358230e-01 9.239276601289100888e-02
8.335213140193455938e-01 -5.524660781070981352e-01 -4.842686901410091227e-03 2.209154950974328901e+00 5.519969142555397612e-01 8.323802631970989019e-01 4.942169657438340302e-02 5.124369459791257020e-01 -2.327285388227173443e-02 -4.386718569602954254e-02 9.987662610897929394e-01 1.300739658097217755e-02
8.116653053523158468e-01 -5.840942808397225905e-01 5.770890542987110877e-03 2.343154264343583204e+00 5.830317667902321643e-01 8.107132950427279328e-01 5.308401034608518920e-02 5.750709340701546379e-01 -3.568460453462102278e-02 -3.972183695764991418e-02 9.985733747040913544e-01 1.395181796263729457e-02
8.089235879386449390e-01 -5.878794346344118349e-01 6.356037318476158784e-03 2.400954443247964143e+00 5.869487272363203001e-01 8.081677342147292054e-01 4.853972568829226925e-02 6.455983781224871043e-01 -3.367225077319983134e-02 -3.553426104698486493e-02 9.988010291442993571e-01 6.580827847806139386e-02
8.050279836044720305e-01 -5.931667486395059141e-01 -9.118877242025555038e-03 2.536164837550398232e+00 5.932136843433329920e-01 8.047656510620664339e-01 2.120781880478841280e-02 7.210678498714575557e-01 -5.241213745538358254e-03 -2.248233037488436836e-02 9.997335017390325262e-01 6.489061641788747281e-02
8.073494773615257358e-01 -5.891857526365852360e-01 -3.235692034375010212e-02 2.564999501892708089e+00 5.894848893056151562e-01 8.077793222146837371e-01 -3.631566230367228032e-04 7.556964162723091016e-01 2.635121789249782187e-02 -1.878072129729705872e-02 9.994763117868954438e-01 5.210806531575608996e-02
8.330625192364088383e-01 -5.498191494043237482e-01 -6.087480588711485785e-02 2.676553226228647109e+00 5.496832843023525816e-01 8.351224421592495784e-01 -2.046444625563752923e-02 8.114945662077762689e-01 6.208966099172275044e-02 -1.641370007879798532e-02 9.979356013529411262e-01 9.783619593937158132e-02
8.332318517742092201e-01 -5.474721562813885667e-01 -7.745269062808098071e-02 2.925544532466189729e+00 5.482853694781962828e-01 8.362016784706195471e-01 -1.224363259316605876e-02 9.051927260839196521e-01 7.146911784176464277e-02 -3.226439244005098461e-02 9.969208464945420456e-01 1.741887759481665909e-01
8.340147194431438704e-01 -5.468247071074590071e-01 -7.349957448186793252e-02 2.992479138466516364e+00 5.485741859114885433e-01 8.360902546802357893e-01 4.410054453858180262e-03 9.482721538523097848e-01 5.904075121237496726e-02 -4.399801956429504057e-02 9.972854977240460661e-01 8.747202025020271721e-02
8.160502925040150624e-01 -5.731801441686544818e-01 -7.434004597060679675e-02 3.080532410954709643e+00 5.748762651403512836e-01 8.182384902930133208e-01 1.747221019465467623e-03 9.961368687518415976e-01 5.982641458747079560e-02 -4.416214820194841462e-02 9.972314198739413715e-01 -5.982865114871595280e-03
7.931609583527564622e-01 -6.041961702492407715e-01 -7.643743847806154512e-02 3.025340106813378949e+00 6.053285971545964150e-01 7.959128474707347634e-01 -1.000143479083379604e-02 1.036971034802026237e+00 6.688036791006236881e-02 -3.833701980041542834e-02 9.970242170083117861e-01 6.650582081279873825e-02
7.694816997062976505e-01 -6.324422081748831692e-01 -8.896497701896562138e-02 3.100875062436295071e+00 6.340058573483896565e-01 7.732183154006312398e-01 -1.303877206424643859e-02 1.097653103048008338e+00 7.703561945646146547e-02 -4.637122003880972398e-02 9.959494079957432744e-01 2.095584980013756593e-01
7.456778543599396070e-01 -6.575038028918618327e-01 -1.079503899941836459e-01 3.185998729563271681e+00 6.614136478285472798e-01 7.500211196296009408e-01 5.536927796228746645e-04 1.171276950930431049e+00 8.060101725965389263e-02 -7.181273767445109368e-02 9.941561279418889008e-01 2.008941376217350527e-01
7.419558188219156358e-01 -6.606749502542995645e-01 -1.140621454417699854e-01 3.398454942616875307e+00 6.672166915535001630e-01 7.442998704836926160e-01 2.897566755675951011e-02 1.232089550964893254e+00 6.575294235775430707e-02 -9.760283246113904410e-02 9.930509743547210055e-01 6.742634747393527750e-02
7.232781117755615607e-01 -6.834138491799035542e-01 -9.906706705806066215e-02 3.567364344880113780e+00 6.894085234710702892e-01 7.228762032000097815e-01 4.653904395856071907e-02 1.333016087620390477e+00 3.980779812821895469e-02 -1.019583522632947631e-01 9.939918679807883128e-01 -3.566888023950945397e-02
7.164020725289192981e-01 -6.933888104499857929e-01 -7.733064088071839315e-02 3.619109157656723141e+00 6.972594830187007764e-01 7.154335357533880835e-01 4.454289236118030848e-02 1.365797670925106955e+00 2.443939067904728896e-02 -8.583014308597664010e-02 9.960099912757289786e-01 -2.246388634401985662e-02
7.150472937375872418e-01 -6.961434002070524540e-01 -6.396666371412777774e-02 3.637494754758545223e+00 6.985788186019906698e-01 7.149917475841889303e-01 2.782867383032303771e-02 1.441600702483068153e+00 2.636288905260025794e-02 -6.458457427800470829e-02 9.975639482489978560e-01 5.349365384690565883e-02
7.141771622009868148e-01 -6.975635620361350098e-01 -5.793149324853107129e-02 3.705983652198717060e+00 6.991062168375125063e-01 7.149522350821616579e-01 9.684995103897479224e-03 1.544893484433335518e+00 3.466235089670718916e-02 -4.741706939996040426e-02 9.982735812190127733e-01 1.421782764827482781e-01
7.233547396173893862e-01 -6.879153753183230302e-01 -5.941680800673883323e-02 3.795435388901890139e+00 6.896346656829140942e-01 7.240410263852554706e-01 1.298537636732734896e-02 1.626932739810622808e+00 3.408736659635518140e-02 -5.036892406669509631e-02 9.981487979890018014e-01 1.645249657561960732e-01
7.300291406372543257e-01 -6.810190919175440616e-01 -5.718785066983951559e-02 4.015971933631666602e+00 6.830878513549940578e-01 7.297123118194425162e-01 3.018160549643669754e-02 1.711569529521709043e+00 2.117642915247677435e-02 -6.109777756128723092e-02 9.979071201396558788e-01 1.101311424546695256e-01
7.192971031360996248e-01 -6.935754685423299870e-01 -3.955688127624248235e-02 4.135730018109015305e+00 6.946683556140084148e-01 7.175294908453023757e-01 5.086556276903582419e-02 1.815842977416619153e+00 -6.895877648632968426e-03 -6.406636561854082978e-02 9.979218144062622642e-01 7.404655493967272906e-03
7.112442055664343066e-01 -7.026971829411696735e-01 -1.866411355291604235e-02 4.136044840747629792e+00 7.023818992708330544e-01 7.093613571522308092e-01 5.887386989015390426e-02 1.864024511636727555e+00 -2.813090160071621965e-02 -5.498303434414779367e-02 9.980909368937487258e-01 1.288356425347352008e-02
6.926457557803231690e-01 -7.210821434204873759e-01 -1.680474455684027174e-02 4.176832504043436423e+00 7.206737816402192243e-01 6.909243270858294039e-01 5.703397844600555100e-02 1.948589138587300873e+00 -2.951537660085942760e-02 -5.161508191516814281e-02 9.982307978934530368e-01 8.168464301333813737e-02
6.642709958031032258e-01 -7.468762216918116703e-01 -3.033073698605646962e-02 4.326189506572052146e+00 7.471363118482234889e-01 6.621569114353034191e-01 5.775427392231442109e-02 2.053446970783102898e+00 -2.305158676940844559e-02 -6.102568401766173684e-02 9.978699766189926823e-01 1.201268836290063091e-01
6.478008864825359758e-01 -7.610145934526402201e-01 -3.479655190609479143e-02 4.393222545654579925e+00 7.612821275226728801e-01 6.449770355357619112e-01 6.673938826550193659e-02 2.119652548176089280e+00 -2.834667153288956964e-02 -6.972382794721926347e-02 9.971635041603723604e-01 7.718921378686419144e-02
6.399106888925059078e-01 -7.682100493656659479e-01 -1.917368756186344642e-02 4.508704125671485485e+00 7.669719010385788183e-01 6.369351327766233917e-01 7.789569726303197106e-02 2.196035065062705183e+00 -4.762786220677375087e-02 -6.455196889659103876e-02 9.967771215538537843e-01 8.381494112795680185e-02
6.352561910314025173e-01 -7.722933520536258145e-01 -3.542616271679475959e-03 4.579554431596271513e+00 7.704776911357612557e-01 6.334343120345009570e-01 7.158980234282520672e-02 2.294380460757648788e+00 -5.304431372334348499e-02 -4.820737195857770219e-02 9.974278671014094044e-01 8.616209520213310991e-02
6.422156256350517456e-01 -7.664541256108570177e-01 1.035198165936527040e-02 4.634055792244066829e+00 7.651838987928867297e-01 6.418325988443156493e-01 5.044319665593228336e-02 2.385517256491275440e+00 -4.530663547755818532e-02 -2.447423941307593637e-02 9.986732801005817617e-01 1.079786023474156170e-01
6.490342729638036712e-01 -7.604057338208118910e-01 2.318690343231316620e-02 4.709137204724894943e+00 7.594622108948720918e-01 6.494057246841291597e-01 3.859216203005525619e-02 2.486386078476622963e+00 -4.440340911483808828e-02 -7.438058880767775549e-03 9.989859921635870776e-01 1.373628281784360916e-01
6.733503043406501298e-01 -7.387389950985799869e-01 2.939497856937419926e-02 4.778814154103456779e+00 7.371007014576128613e-01 6.738757840095970231e-01 5.073444230644613695e-02 2.561204573698734333e+00 -5.728807515573323961e-02 -1.249499284478144956e-02 9.982794957319116591e-01 1.238416969479944757e-01
6.904297822001539409e-01 -7.230324890310042552e-01 2.303770076805970735e-02 4.936183731740389824e+00 7.206657502329916198e-01 6.902378039539821541e-01 6.490493381788146887e-02 2.672286806098259859e+00 -6.282986783502993167e-02 -2.820981741193839820e-02 9.976254878006163285e-01 8.098892605515413401e-02
6.823852383494498630e-01 -7.308152376627706781e-01 1.610822406947970409e-02 5.086294755951078272e+00 7.287634634074079409e-01 6.818586677207832958e-01 6.302834010568564294e-02 2.778098617324047392e+00 -5.704560355718987785e-02 -3.127052372357189136e-02 9.978817332033137477e-01 3.392770420320887631e-02
6.618260041715857689e-01 -7.494736408110239667e-01 1.660126295617959241e-02 5.105302952274969996e+00 7.477027688793097537e-01 6.615365899506082670e-01 5.753181351855865544e-02 2.844309601656693332e+00 -5.410092062511944605e-02 -2.566323997450349614e-02 9.982056343767679030e-01 5.722665319369410475e-02
6.416071835677492619e-01 -7.667946659408471088e-01 1.913536722734463305e-02 5.095546164432535718e+00 7.651502400022078820e-01 6.415798238216465776e-01 5.404109445180362015e-02 2.948497476295879771e+00 -5.371528850173079572e-02 -2.003172358160731914e-02 9.983553464731512728e-01 1.135419925660211826e-01
6.129901205143685194e-01 -7.900307902641802160e-01 9.719186505832026757e-03 5.203774964360773581e+00 7.881331891301918136e-01 6.122905853454153613e-01 6.281970462237315700e-02 3.059751665431635903e+00 -5.558046728171297385e-02 -3.084784485055303352e-02 9.979775659426531886e-01 1.285690053826132329e-01
5.951314841987896953e-01 -8.036108749853649869e-01 5.298879183552131222e-03 5.277751861656576615e+00 8.002275365433662024e-01 5.932060785877758535e-01 8.799112503115877337e-02 3.112783026623369587e+00 -7.385395231862149079e-02 -4.812597980061997238e-02 9.961071648146845314e-01 8.948315752848552684e-02
5.955146238176005635e-01 -8.033388029920957019e-01 3.016691334673436697e-03 5.351751276169654403e+00 7.992581918155622356e-01 5.928595859170859850e-01 9.850814282047704040e-02 3.179168156523323407e+00 -8.092388791389057423e-02 -5.625192435329010032e-02 9.951316723788122820e-01 6.902920205106259643e-02
6.011930153243321140e-01 -7.990614494980043947e-01 -8.231540037294281242e-03 5.453758681919156359e+00 7.964615160575412300e-01 5.983363080057331196e-01 8.742262842875164752e-02 3.296770779927731709e+00 -6.493082291608770484e-02 -5.911397845025164605e-02 9.961373026783119089e-01 9.142622059173281801e-02
6.128843242567798555e-01 -7.899701482023319121e-01 -1.788770609933307623e-02 5.510462890181022644e+00 7.889601402027036636e-01 6.105334397914758959e-01 6.921572124682705274e-02 3.424629692324230312e+00 -4.375731083648246034e-02 -5.653391765634181720e-02 9.974413335644284340e-01 1.033479600930858333e-01
6.380021413767762439e-01 -7.697609952215055396e-01 -2.052505381833177184e-02 5.607043318063198889e+00 7.694769629422656410e-01 6.362994026830959271e-01 5.502975237344412407e-02 3.479997192162304742e+00 -2.929967746913244436e-02 -5.090265593004757172e-02 9.982737342630386701e-01 1.142860975539634893e-01
6.527130240715979248e-01 -7.574242455414967878e-01 -1.655960365479881499e-02 5.688632439299366794e+00 7.570208885517932806e-01 6.511954195587168481e-01 5.351541686280888305e-02 3.579219580982618165e+00 -2.975033619243893160e-02 -4.746617544779749981e-02 9.984297069322385365e-01 1.092374620270230579e-01
6.799028091469654367e-01 -7.332613936611490635e-01 -7.739423762433899484e-03 5.738656930533550415e+00 7.320478337518520062e-01 6.780848824127574392e-01 6.562668163557944245e-02 3.660604972928910517e+00 -4.287352578556902216e-02 -5.028539359880138115e-02 9.978142311960316313e-01 1.451903574994505008e-01
6.867162261290238323e-01 -7.269255917571377790e-01 -9.391297339524443122e-05 5.858459114249704669e+00 7.248314022258384171e-01 6.847280643150335244e-01 7.594021521376116690e-02 3.784345879599925411e+00 -5.513858103394073118e-02 -5.221744907521323059e-02 9.971123682382246889e-01 1.214138764665414344e-01
6.852802893053699940e-01 -7.282749779336363805e-01 2.545899705390104739e-03 5.927659107674834615e+00 7.262280431527927682e-01 6.836080435902456287e-01 7.261454452919523239e-02 3.866872666176424556e+00 -5.462375333143941469e-02 -4.791241232163585828e-02 9.973568299848893925e-01 8.550600817197208381e-02
6.752884986682834434e-01 -7.375524276579265015e-01 1.363826321309581646e-03 5.972655700067103446e+00 7.363984141075742285e-01 6.743330572794703492e-01 5.470195206729014381e-02 3.924115280514804738e+00 -4.126523071770429180e-02 -3.593527954561422100e-02 9.985017959011356359e-01 8.338264726974260743e-02
6.655113042094376041e-01 -7.463657618723300580e-01 -5.731795023344719853e-03 6.041265423962979497e+00 7.461668278948885291e-01 6.651078457256375254e-01 2.943838486536547866e-02 3.995880175249665545e+00 -1.815954070821164043e-02 -2.386845321628158767e-02 9.995501628344267697e-01 1.311408434031130499e-01
6.285394495936628134e-01 -7.776802165469245409e-01 -1.231426392538048642e-02 6.090859474541913343e+00 7.777775044955437256e-01 6.284490997918634747e-01 1.067157305558828068e-02 4.103691949106138992e+00 -5.601831662614348631e-04 -1.628526212023995515e-02 9.998672294022318274e-01 1.593117689260319936e-01
6.304723641758407382e-01 -7.762093833341093818e-01 1.895055304711490071e-03 6.103948181710594945e+00 7.760753642394119245e-01 6.304055064174093337e-01 1.720251432999958877e-02 4.159109035208961025e+00 -1.454740633894080308e-02 -9.375004143545823815e-03 9.998502299175203722e-01 1.966057908910225360e-01
6.346771167655633761e-01 -7.727101771433106947e-01 1.019507691510425362e-02 6.272114828268251507e+00 7.721127814495423181e-01 6.346231067918832736e-01 3.309629961293589218e-02 4.274586492463973819e+00 -3.204387892254544762e-02 -1.313371481993422241e-02 9.994001677799668748e-01 1.597142565660814584e-01
6.473300816765288346e-01 -7.621960594653915955e-01 4.575182191737444184e-03 6.371652351353127131e+00 7.616859964526443427e-01 6.470960728592136668e-01 3.318305739568695734e-02 4.382944434101221809e+00 -2.825257801689523562e-02 -1.799553904756105369e-02 9.994388187426916925e-01 9.063387726258451127e-02
6.643638287014490551e-01 -7.474059689415707419e-01 -2.240692674929679711e-03 6.440082986130884812e+00 7.473269707799331529e-01 6.642431334930656295e-01 1.683622143482159383e-02 4.484838904352439037e+00 -1.109512767121742516e-02 -1.285990660250746313e-02 9.998557500680456123e-01 7.194081344616828910e-02
6.770340881060208371e-01 -7.359379085106223517e-01 -4.498706420700599243e-03 6.487300313707576649e+00 7.359481290528016029e-01 6.770371233451824011e-01 1.041612289323480675e-03 4.555421623477129422e+00 2.279229284161952019e-03 -4.016021599934578405e-03 9.999893382853534129e-01 1.140428692184829312e-01
6.988988000344582563e-01 -7.152172892762731493e-01 -2.167124983541621717e-03 6.542594711481068970e+00 7.151949790182798861e-01 6.988962154641035207e-01 -6.342081440319996891e-03 4.660582388936359344e+00 6.050561745549977964e-03 2.882556201226414965e-03 9.999775405339411671e-01 1.718311290786939116e-01
7.029767987905438664e-01 -7.111847405148586931e-01 6.315474725808426990e-03 6.683327828426822492e+00 7.112113978010953241e-01 7.029652305665168299e-01 -4.269924165124826601e-03 4.785751572544136856e+00 -1.402854237372506887e-03 7.493295228197537766e-03 9.999709408410885070e-01 1.817223416891677046e-01
6.985267539882042964e-01 -7.154353449638899409e-01 1.458221996482744059e-02 6.743308070295880974e+00 7.155575024182803112e-01 6.985310657108954047e-01 -5.640121427197110696e-03 4.856615037651346611e+00 -6.150991433556616574e-03 1.437419261038522071e-02 9.998777664750746474e-01 1.503418624245839164e-01
6.927972649149654050e-01 -7.210728525664105160e-01 9.267740721612242188e-03 6.831156382610571676e+00 7.211304274130265757e-01 6.927080273364112362e-01 -1.124702284177302690e-02 4.924037736494512707e+00 1.690084450263504984e-03 1.447515649094584071e-02 9.998938010904525608e-01 1.425802845238454131e-01
6.872666080249507647e-01 -7.264045206081403139e-01 -1.040160534141210255e-03 6.881501726822762066e+00 7.263941247134902968e-01 6.872632935707434498e-01 -4.554216948794886227e-03 5.028141084400805205e+00 4.023067933971008134e-03 2.374394733848982173e-03 9.999890885274931307e-01 1.832582978896309389e-01
6.776353614235488543e-01 -7.353622699135174967e-01 -7.255958655861951406e-03 7.014139140100187575e+00 7.353049244255037697e-01 6.773595222789539072e-01 2.259968348521095710e-02 5.137415675458363751e+00 -1.170406185820126524e-02 -2.064968681764189212e-02 9.997182629973070389e-01 1.693500445477985061e-01
6.699477847159450716e-01 -7.423415415019961605e-01 -9.949950484190939887e-03 7.087885465172656829e+00 7.417031359680851255e-01 6.686674358478416069e-01 5.253873172984680623e-02 5.232987868191744774e+00 -3.234847522381736895e-02 -4.257811641104778527e-02 9.985693166493657680e-01 1.458176441561860881e-01
6.737429084161188353e-01 -7.388289078933873988e-01 -1.422456396709125340e-02 7.169180245094307402e+00 7.377044319467580547e-01 6.713439898918036608e-01 7.134015925315094486e-02 5.295600312263479381e+00 -4.315859642180762401e-02 -5.855845026312038459e-02 9.973506121007201797e-01 1.337751171691217156e-01
6.663820816965970728e-01 -7.451866619658067403e-01 -2.513483682000472799e-02 7.294594294462803497e+00 7.449376174515687232e-01 6.639705838403501259e-01 6.489229461411179234e-02 5.400804331502748745e+00 -3.166808013268120059e-02 -6.196694782674898316e-02 9.975756763663331528e-01 1.007997355699968567e-01
6.708272760483877661e-01 -7.413010851100888532e-01 -2.152828195897424010e-02 7.307445654901531640e+00 7.414068747699728013e-01 6.696722275185589268e-01 4.306917382715270970e-02 5.492048579721454438e+00 -1.751033275874945908e-02 -4.485319280649324725e-02 9.988401170065914769e-01 1.156862213765394720e-01
6.879483905580672243e-01 -7.255896633750311686e-01 -1.570516895400285093e-02 7.374936176777327823e+00 7.257135642569438883e-01 6.874999035026866379e-01 2.614775969904582428e-02 5.602970387553117604e+00 -8.175242017671521463e-03 -2.938576334052457259e-02 9.995347129193898894e-01 1.913356132942343746e-01
7.163959408120320616e-01 -6.974727562250725432e-01 -1.756730804204543334e-02 7.447711860121565053e+00 6.976803981083107287e-01 7.159979261584933363e-01 2.426997800093373681e-02 5.703355694567467715e+00 -4.349492323541172094e-03 -2.964328019193183256e-02 9.995510781625870367e-01 2.775587008743557460e-01
7.233355949201119017e-01 -6.900561947766882254e-01 -2.465897751094061827e-02 7.629408118437777553e+00 6.903906670170546489e-01 7.221375882355461906e-01 4.333624987346285790e-02 5.796136762249007646e+00 -1.209727313546828456e-02 -4.837098001556473098e-02 9.987561785916619916e-01 2.748470258418201917e-01
7.163858080819653917e-01 -6.971786750599420213e-01 -2.707894053343248147e-02 7.684723339071396708e+00 6.973905777975772935e-01 7.143602354609153160e-01 5.775669650687076384e-02 5.876695537589706753e+00 -2.092261881100439952e-02 -6.026067568397615315e-02 9.979633735704933617e-01 1.559128080650210857e-01
7.133467381474796198e-01 -7.003215229641912565e-01 -2.619533636865243806e-02 7.766436645814422945e+00 7.005972528086841233e-01 7.117068578967313819e-01 5.135014877959565016e-02 5.947249842804716025e+00 -1.731821385928262666e-02 -5.498284183158964888e-02 9.983371006693313454e-01 1.130250336212206552e-01
7.010868106556531476e-01 -7.126029026647475728e-01 -2.596896298392827040e-02 7.796727773665647732e+00 7.130142740155418490e-01 7.000822499297119084e-01 3.867154488046838784e-02 6.063520693726998978e+00 -9.377045098221918965e-03 -4.562835135229662692e-02 9.989144731047284731e-01 1.776490232107304779e-01
6.954679934813772224e-01 -7.177503629056892764e-01 -3.403948577370635720e-02 7.886495747735600581e+00 7.185228781066398396e-01 6.941919801412672619e-01 4.268920642149690026e-02 6.161473067443691498e+00 -7.010255368945568499e-03 -5.414712602066427960e-02 9.985083600367923307e-01 2.890480308763577755e-01
6.872205722916381321e-01 -7.254207557774685622e-01 -3.863433843616126406e-02 7.993709801740821241e+00 7.262749448173837497e-01 6.849202616953473655e-01 5.838612548956399056e-02 6.229857064116417931e+00 -1.589306608743542779e-02 -6.818329858860872061e-02 9.975462135880808212e-01 2.605868999320874457e-01
6.881044483725821115e-01 -7.249662947594424089e-01 -3.059639836042504432e-02 8.121737736068677549e+00 7.250200677885052514e-01 6.852295978148745803e-01 6.932748071592058359e-02 6.280932217478314428e+00 -2.929452907652988977e-02 -6.988755068844883234e-02 9.971246465838430328e-01 1.667640572849196368e-01
6.877618884783855968e-01 -7.256396856372593351e-01 -2.075165981082451386e-02 8.215505748996729807e+00 7.255384713439878563e-01 6.861577068082187481e-01 5.274019328288202108e-02 6.381668382574870790e+00 -2.403146596597917697e-02 -5.132882246794608777e-02 9.983926284922080008e-01 1.304240539176250713e-01
6.966829795372996292e-01 -7.172135572641408219e-01 -1.541231000037351570e-02 8.252649587605828785e+00 7.173657102695188970e-01 6.963776966241856936e-01 2.108414982640291133e-02 6.451973487041131605e+00 -4.389049161166536615e-03 -2.574523103238117797e-02 9.996589014891780201e-01 1.816793414872364121e-01
7.068992595230856324e-01 -7.071966198360252198e-01 -1.289875103310016494e-02 8.349918990024265852e+00 7.071656362698294229e-01 7.070070123104930104e-01 -7.605749330450323545e-03 6.548789859647696332e+00 1.449826764826361511e-02 -3.745054911594859759e-03 9.998878811141319600e-01 2.644951781154432080e-01
7.349545119607340249e-01 -6.779582790532004966e-01 -1.464367480457754583e-02 8.412927941242589469e+00 6.780618695888745995e-01 7.349979080105895068e-01 3.190020328628589627e-03 6.618995866997062549e+00 8.600369654810112452e-03 -1.227383734941539344e-02 9.998876869721522453e-01 2.725235153992294768e-01
