1.000000000000000000e+00 0.000000000000000000e+00 0.000000000000000000e+00 0.000000000000000000e+00 0.000000000000000000e+00 1.000000000000000000e+00 0.000000000000000000e+00 0.000000000000000000e+00 0.000000000000000000e+00 0.000000000000000000e+00 1.000000000000000000e+00 0.000000000000000000e+00
9.999984190850336185e-01 -1.743797149227345597e-03 -3.478490128072039291e-04 1.439313373576179070e-02 1.744023657215549921e-03 9.999982666825353306e-01 6.519305238973123603e-04 -4.854362909645513341e-02 3.467115752853685315e-04 -6.525361501580649115e-04 9.999997269937909161e-01 -1.332317086311215516e-02
9.999928670009785581e-01 -3.754515917877879107e-03 -4.117734639896808674e-04 1.479338258149728857e-02 3.754671815903962238e-03 9.999928795693043826e-01 3.784841416758018447e-04 -9.876255645920073434e-02 4.103495072506821158e-04 -3.800275161685688369e-04 9.999998435961722221e-01 -2.342590600827459610e-02
9.999944981554742540e-01 -3.300838204313638006e-03 -3.288250753788684406e-04 1.340031922945755447e-02 3.300899918828243459e-03 9.999945344712253270e-01 1.873163187815649272e-04 -1.073022507438577966e-01 3.282049773146315840e-04 -1.884007068609286481e-04 9.999999283933307392e-01 -1.853128660201143474e-02
9.999982845964330291e-01 -1.810717446487695222e-03 3.900083592778736297e-04 -2.164882406608919369e-02 1.810827473628527553e-03 9.999983207035477717e-01 -2.819467062511107490e-04 -6.457603417743092156e-02 -3.894971785182308930e-04 2.826524604506503086e-04 9.999998841997606025e-01 3.960048324829355121e-03
9.999996083147452142e-01 -7.334957109436704946e-04 4.953326136929142153e-04 -5.680422740316013602e-02 7.335728015096358318e-04 9.999997188499419876e-01 -1.554701962854702728e-04 -1.851707539695751636e-02 -4.952184377079661866e-04 1.558334979231926372e-04 9.999998652373008889e-01 1.208526756465891708e-02
9.999985475001468282e-01 1.491049596265047903e-03 8.256928593496914992e-04 -9.423275744413904531e-02 -1.491187058122815960e-03 9.999988744201961932e-01 1.658900189655043776e-04 2.172627632640485029e-02 -8.254445797206818800e-04 -1.671210405161229016e-04 9.999996453558389620e-01 1.604543754189054205e-02
9.999992962176700306e-01 7.968820179122591916e-04 8.789443748718991402e-04 -5.520405978357796617e-02 -7.977852609748975823e-04 9.999991536094081646e-01 1.027773878230955461e-03 3.167665664378233048e-05 -8.781246164196072901e-04 -1.028474363769350287e-03 9.999990855684024460e-01 1.849950677153899131e-02
9.999990147055023426e-01 -1.297808900495715442e-03 5.350514762348884765e-04 -4.864959813205926853e-02 1.297246434907882873e-03 9.999986070659098170e-01 1.050246603002380572e-03 -5.962390912464300002e-03 -5.364137503325390639e-04 -1.049551474580143542e-03 9.999993053507540974e-01 1.636455067195197871e-02
9.999967707597847699e-01 -2.453573583554575447e-03 6.621530582546408718e-04 -7.668486676189834039e-02 2.453205632575013607e-03 9.999968363569844421e-01 5.559299837502858048e-04 -4.191026083487514250e-03 -6.635149785611785169e-04 -5.543037909066883626e-04 9.999996262475204789e-01 1.889335046332495452e-02
9.999990817341786187e-01 -9.686857829289706239e-04 9.477228780598163883e-04 -7.715957825392469327e-02 9.681365483327867031e-04 9.999993632611408056e-01 5.798180203599546728e-04 -1.018656754405489369e-02 -9.482839360808408393e-04 -5.788999627769430374e-04 9.999993828160144149e-01 2.820892304698628672e-02
9.999998876114850610e-01 -1.646897345996092390e-05 4.738204197067531439e-04 -3.787052491037109364e-02 1.624888093453452867e-05 9.999998919849271140e-01 4.645063056861057694e-04 1.919187993795354319e-03 -4.738280184690263071e-04 -4.644985544293476847e-04 9.999997798640266611e-01 1.059870987810531892e-02
9.999999803870709414e-01 -1.879308966021812509e-04 -6.251268473425433713e-05 -7.412576088561610016e-03 1.879546735351420711e-04 9.999999099214418319e-01 3.805655646450243398e-04 8.091757980367167424e-03 6.244115907542216730e-05 -3.805773067322700074e-04 9.999999256310048157e-01 -6.039307452811909331e-03
9.999995953066364018e-01 -8.982247485605454563e-04 5.078252220707611371e-05 -6.325059474776354579e-03 8.982143057599535326e-04 9.999995755338848547e-01 2.052878734258166860e-04 4.822818509092281769e-03 -5.096689530010663400e-05 -2.052421767592476850e-04 9.999999776390119388e-01 -5.749826273311348795e-03
9.999995791070107609e-01 -9.174882712522831624e-04 1.036021925164724539e-06 -6.754321710279803485e-03 9.174881332702886257e-04 9.999995711520733854e-01 1.261395840301745023e-04 -5.370152700205995180e-03 -1.151753069757196887e-06 -1.261385804010857579e-04 9.999999920438659151e-01 -3.438724438267342330e-03
9.999999535398791384e-01 -1.494585748147251605e-04 2.656734346791927753e-04 -1.457277272779483254e-02 1.494771276364983406e-04 9.999999863912479858e-01 -6.981469944419470763e-05 -1.616298628524433581e-02 -2.656629966582288254e-04 6.985440830250049199e-05 9.999999622717662406e-01 5.441745112225540928e-03
9.999999193595922042e-01 -3.865313598372222643e-04 1.089693397778123649e-04 1.303821110387329979e-02 3.865381812686797180e-04 9.999999233356456907e-01 -6.258543964690722959e-05 -3.482538722311613599e-02 -1.089451401886555598e-04 6.262755541040360412e-05 9.999999921043728479e-01 2.184409216413664770e-03
9.999996310055054849e-01 -8.117847898953542765e-04 -2.810592600787713518e-04 3.835104804348445778e-02 8.117971227812770686e-04 9.999996695348106757e-01 4.376871932504237326e-05 -3.895461683674699555e-02 2.810236364178485247e-04 -4.399686627328889800e-05 9.999999595449949874e-01 -1.189523152105761289e-02
9.999997430822716860e-01 -5.615410718252401281e-04 -4.455412610264839379e-04 2.810491375029788158e-02 5.613866544289680292e-04 9.999997823451919343e-01 -3.466332253629424999e-04 -6.203765976757742717e-02 4.457358128451868848e-04 3.463830153887839636e-04 9.999998406691832376e-01 -3.017468918993903779e-02
9.999891749914456840e-01 4.646016252509075489e-03 -2.538363826960503733e-04 8.136216807622840066e-03 -4.646177818912718485e-03 9.999890018729368224e-01 -6.396599430202177909e-04 -7.118370318131926611e-02 2.508617204799093036e-04 6.408323876667782696e-04 9.999997632010960702e-01 -2.319112123508562315e-02
9.999820525677350913e-01 5.988278388605057512e-03 -1.872547995509428215e-04 -1.010003032014258201e-02 -5.988372392862671700e-03 9.999819417458354343e-01 -5.055475378632046752e-04 -6.545756246707636061e-02 1.842240586607802840e-04 5.066598160550741170e-04 9.999998546786529330e-01 -1.572990789846903312e-02
9.999853558085309846e-01 5.411636258298304671e-03 -4.859520017381426958e-05 -1.459809745761447668e-02 -5.411644109746171528e-03 9.999853436756108715e-01 -1.629171566609825524e-04 -7.744409848870544011e-02 4.771283955471132142e-05 1.631777507997294078e-04 9.999999855482532007e-01 -8.442983915277811266e-03
9.999906915448398825e-01 4.307009699009372618e-03 -2.578587319325698611e-04 2.092007144122330284e-02 -4.306987641967504298e-03 9.999907211847939292e-01 8.603352678918285343e-05 -8.579779406657191132e-02 2.582268865433679232e-04 -8.492213157814948313e-05 9.999999630535526540e-01 -1.388387483779060863e-02
9.999882786640478249e-01 4.829837989804064251e-03 -3.394105284442875737e-04 3.665455540953256597e-02 -4.829862834455409155e-03 9.999883335222693459e-01 -7.241791797931778566e-05 -7.715066057985073278e-02 3.390568019075169124e-04 7.405637544152813753e-05 9.999999397780673371e-01 -1.879346749879505507e-02
9.999825249535141403e-01 5.886815553813701599e-03 -5.433141170040464620e-04 6.238838773069065730e-02 -5.886995766392443333e-03 9.999826168113158387e-01 -3.306902470600006790e-04 -7.237624033630485343e-02 5.413579599823485113e-04 3.338829561391849971e-04 9.999997977268448857e-01 -2.873830569284128306e-02
9.999321509937747487e-01 1.163784617469940975e-02 -5.039299324634108129e-04 1.016849084744931853e-01 -1.163795970749119911e-02 9.999322517983254555e-01 -2.229515129200597650e-04 -7.097882548761025312e-02 5.013011167049361916e-04 2.288011021308796475e-04 9.999998481736115385e-01 -3.624120681699934815e-02
9.999083376268930179e-01 1.352942689113187380e-02 -5.205307108385220016e-04 7.864075023242622642e-02 -1.352943161691801122e-02 9.999084730360208173e-01 -5.558452182738659092e-06 -2.452387877911905989e-02 5.204078655704668299e-04 1.260042733861629562e-05 9.999998645084321458e-01 -5.092253605734605587e-02
9.999342553888311835e-01 1.144672830182337508e-02 -6.762478598521533919e-04 7.339093874979370213e-02 -1.144683242228691084e-02 9.999344715719432619e-01 -1.502984850135205737e-04 -2.295797622525622139e-02 6.744831204707951505e-04 1.580294996257218586e-04 9.999997600495699190e-01 -5.909379266154133475e-02
9.999571860057100414e-01 9.207737842499346889e-03 -9.185419781856515517e-04 9.655276486711242279e-02 -9.207836866498458547e-03 9.999576016012049484e-01 -1.036349643157544225e-04 -2.035575891243641619e-02 9.175487898938142206e-04 1.120883119791482189e-04 9.999995727701229686e-01 -6.248519375408881360e-02
9.999976612779274410e-01 -1.923336069065927339e-03 -9.890485533853613734e-04 1.306906855121020838e-01 1.924052978452030650e-03 9.999978866246470588e-01 7.244076031707263018e-04 -6.342033462419550960e-03 9.876531838826421977e-04 -7.263088907976499985e-04 9.999992485080093640e-01 -5.172877316592175423e-02
9.997079544999337708e-01 -2.415114336862369052e-02 -8.532195184327243803e-04 1.755463547846734806e-01 2.415205147648986569e-02 9.997077234422407921e-01 1.070560324855499186e-03 3.325197145051268094e-02 8.271148864785183002e-04 -1.090854674260008546e-03 9.999990629580830515e-01 -3.359761643524881991e-02
9.986154159583072731e-01 -5.259644976900840208e-02 -9.297753024773249605e-04 2.089282631612077445e-01 5.259810696695529919e-02 9.986140327744497114e-01 1.858141394755416943e-03 5.680512794707003738e-02 8.307550238479967895e-04 -1.904473062647965651e-03 9.999978414118922965e-01 -3.174549975997478790e-02
9.979138598586774211e-01 -6.454630017793683283e-02 -1.305157191911652517e-03 2.255221590613416260e-01 6.455006753690609167e-02 9.979096968461994566e-01 3.086376728020067024e-03 1.730475095763643612e-02 1.103214818968212404e-03 -3.164186098520676248e-03 9.999943854059367698e-01 -5.914285437798012801e-02
9.974992273208210802e-01 -7.066550172398683438e-02 -1.295515519812215745e-03 2.529898002861680206e-01 7.066732287012575386e-02 9.974989311816551130e-01 1.418368719680975117e-03 -2.960859319623524583e-02 1.192045609136066541e-03 -1.506372315459623447e-03 9.999981549331543595e-01 -4.458429482961438067e-02
9.969062575422974470e-01 -7.859152951630052342e-02 -1.133649548585363796e-03 2.639218978611264088e-01 7.859041289297252764e-02 9.969064905135778254e-01 -9.980847729107328054e-04 -6.728397209263051182e-02 1.208583601842520752e-03 9.059029695731367175e-04 9.999988593320929819e-01 -9.969723323335500514e-03
9.968467365911948264e-01 -7.930936495383136831e-02 -2.570676585059044651e-03 3.155603385828817942e-01 7.929832841121636777e-02 9.968423182252053039e-01 -4.143393124651470125e-03 -1.833069772953790921e-01 2.891169083927691043e-03 3.926477558642175320e-03 9.999881118869912155e-01 -5.888923014743947804e-02
9.964913173021925363e-01 -8.342306839821769793e-02 -6.756197182382468747e-03 3.791129002333189502e-01 8.322462344274877966e-02 9.962000620189671585e-01 -2.567291347351842098e-02 -1.854337983613989493e-01 8.872237268784638475e-03 2.502055339980284107e-02 9.996475655516867675e-01 -1.005133840928850303e-01
9.960175508322666182e-01 -8.842925428290344947e-02 -1.137125415522889302e-02 3.869617713950135873e-01 8.764280451441801290e-02 9.945103748565398138e-01 -5.716513902329060232e-02 -7.524506246809754828e-02 1.636390084731376149e-02 5.594087315795345100e-02 9.982999756883624842e-01 -3.793728917640686038e-02
9.987513582678498869e-01 -4.845018968016694128e-02 -1.217799154544169267e-02 4.671883814362940979e-01 4.755788371422499383e-02 9.967397634988427457e-01 -6.517738531803303481e-02 -4.795210241714530780e-02 1.529614509441048521e-02 6.451684260894156864e-02 9.977993811207861441e-01 1.124225302044378795e-02
9.991630121040563361e-01 -3.984267258345259438e-02 -9.264808932580597192e-03 7.067353709656513105e-01 3.924718653929980955e-02 9.975790367011410087e-01 -5.740839558089856631e-02 -6.640686819496167959e-02 1.152968307885494752e-02 5.699672776424384579e-02 9.983077879252819642e-01 -1.666884079772630589e-02
9.983001442114854962e-01 -5.785143260437256019e-02 -7.073458344324472929e-03 7.692001625017907962e-01 5.746455038194092646e-02 9.972765741796348893e-01 -4.623050986018432951e-02 -3.336393268637956322e-02 9.728695530672498010e-03 4.574545155699052956e-02 9.989057543858271826e-01 -5.465986965444551843e-02
9.982330024550379877e-01 -5.939893439461837316e-02 1.624623766890167425e-03 7.224447990095712591e-01 5.942074711387266422e-02 9.977526937998471013e-01 -3.096347570247582476e-02 -5.307794060851925289e-03 2.182247220548023860e-04 3.100529967493362987e-02 9.995191962989196099e-01 -1.124217857016661382e-02
9.978754536533698261e-01 -6.512144010969472818e-02 1.943459318007089006e-03 7.432994153725780428e-01 6.513005354693374160e-02 9.978654399601867286e-01 -4.758135983400958030e-03 -5.232543398826467601e-03 -1.629454219931039541e-03 4.874604712428743866e-03 9.999867914666886737e-01 -2.983908585222241200e-02
9.955929751329288813e-01 -9.375317789236216337e-02 -2.229237772493748888e-03 8.645501312097213509e-01 9.376810028837993805e-02 9.955622816536700004e-01 7.955294893778568424e-03 2.594648089649794279e-02 1.473510865769799092e-03 -8.129267102374640799e-03 9.999658713086695405e-01 5.766963362654518171e-02
9.855085763605332394e-01 -1.671317395785807125e-01 -2.897977821296227052e-02 9.795392198200549849e-01 1.675162732624415896e-01 9.858036886539711663e-01 1.137478037094392068e-02 1.243965452536710814e-01 2.666728542799204349e-02 -1.606452805599022093e-02 9.995152759344102522e-01 7.726113859201726164e-02
9.730782103981614473e-01 -2.255031975845204761e-01 -4.761411899288114924e-02 1.047488668327828165e+00 2.265411640392262504e-01 9.738427101669192565e-01 1.759195414108478614e-02 1.090181461197869267e-01 4.240162077166269305e-02 -2.790490519436283554e-02 9.987108784938860673e-01 -8.754345071834618297e-03
9.626418506089507998e-01 -2.674177936184229387e-01 -4.252518209754076184e-02 1.159434064522726349e+00 2.684748476595950062e-01 9.630497728669642488e-01 2.136331329747049451e-02 9.289287709503382673e-02 3.524093685377424623e-02 -3.198216123314959886e-02 9.988669669843552867e-01 -3.880917973877216764e-02
9.571181283564998976e-01 -2.879429326584603266e-01 -3.183953365544060776e-02 1.334325038394085228e+00 2.888086402205132797e-01 9.570046262701712436e-01 2.705022424062229758e-02 1.321010229838958105e-01 2.268166010962771942e-02 -3.508579241709110230e-02 9.991268835664147696e-01 -1.012488776941506963e-01
9.531331168789454189e-01 -3.019362547846471956e-01 -1.928106727458710895e-02 1.412660181184191011e+00 3.022979004535088499e-01 9.530066254406477366e-01 1.985827907018875363e-02 1.555625526789395086e-01 1.237905044932722902e-02 -2.475620958163147686e-02 9.996168712047247551e-01 -1.021045509131702639e-01
9.500329859264337040e-01 -3.119671504103127546e-01 -1.066877296477813063e-02 1.383626731193204895e+00 3.119173963126004034e-01 9.500897112026814861e-01 -6.089215415255165575e-03 2.048999857508853051e-01 1.203592660632473409e-02 2.457179617880276331e-03 9.999245465229127383e-01 5.565903092286213216e-02
9.552208858025524885e-01 -2.949777040622995061e-01 -2.326399434150382139e-02 1.380800878013980215e+00 2.945695823350211739e-01 9.554323165724378786e-01 -1.943835414833268785e-02 2.358304276164852609e-01 2.796105308385613691e-02 1.171505677149299422e-02 9.995403628444838873e-01 2.100832455328287551e-01
9.599506055077343669e-01 -2.764450260310579721e-01 -4.553001831782969161e-02 1.653487867418344415e+00 2.763906711794578697e-01 9.610152354252993190e-01 -7.610135703476563970e-03 2.883901651476364902e-01 4.585882543527475957e-02 -5.278717945129607000e-03 9.989339834376207428e-01 1.406197538226848232e-01
9.551940650412618083e-01 -2.922167525143943845e-01 -4.704962975296322902e-02 1.889970982677027012e+00 2.933759627369888490e-01 9.557916082504444022e-01 1.982286775857664690e-02 3.300514254708215023e-01 3.917706724723912792e-02 -3.273791606028465112e-02 9.986958427138540317e-01 -5.012240320794997261e-02
9.453697024464077225e-01 -3.238077443918046527e-01 -3.774480584507376724e-02 1.998595206137611324e+00 3.250376319478111564e-01 9.451300027676621252e-01 3.286054908485628451e-02 3.294182797493475645e-01 2.503324817417594550e-02 -4.333384982078884035e-02 9.987469719331114604e-01 -1.914992252008800300e-01
9.238950576140959603e-01 -3.821345578214492833e-01 -1.977630488366785566e-02 1.968192465001885383e+00 3.825536348673414522e-01 9.235729150449252245e-01 2.580284955589440959e-02 3.928193667188870086e-01 8.404699044651221806e-03 -3.140462249454280957e-02 9.994714156592694465e-01 -4.517695486365758128e-02
8.991430867751790679e-01 -4.373924577481143605e-01 -1.515082207231097447e-02 1.969775336387308284e+00 4.376260670413159581e-01 8.989417510962822710e-01 1.967621868905331320e-02 4.448900237030518623e-01 5.013476872637021887e-03 -2.432213068408707254e-02 9.996916019496381312e-01 1.060776200124610713e-01
8.586112239773882049e-01 -5.124535828069743948e-01 -1.334509379310020588e-02 2.108176713491809462e+00 5.126132138750710832e-01 8.581035168449125949e-01 2.976654731512255736e-02 5.111323014257475039e-01 -3.802501902943373514e-03 -3.239876304256358169e-02 9.994677889419898431e-01 1.464143662097594500e-01
8.336355369998549314e-01 -5.522194973182308342e-01 -1.026733814403679203e-02 2.232298916157704483e+00 5.519847247142199986e-01 8.323504357619956329e-01 5.005612618833801125e-02 5.146244598760745248e-01 -1.909594546311716573e-02 -4.739597945413161900e-02 9.986936296975430505e-01 -3.589202101086264030e-03
8.114200626518094372e-01 -5.844616434364637847e-01 -1.438498412041019220e-03 2.362640481966455930e+00 5.835280114281709007e-01 8.099797829441357511e-01 5.854751147961016755e-02 5.515186326841783337e-01 -3.305362014693771777e-02 -4.834602955071369557e-02 9.982835867737500646e-01 -4.696433165704458346e-02
8.080022955281362940e-01 -5.891743073657286223e-01 2.434329759150550415e-03 2.423409621026695770e+00 5.883202987629868597e-01 8.070403559235393987e-01 5.064671730958214546e-02 6.123840216908549294e-01 -3.180434694648104355e-02 -3.949049823591588293e-02 9.987136647029453140e-01 6.019086935715137199e-03
8.049779479409582272e-01 -5.932120483242659947e-01 -1.048661297525208327e-02 2.552213694921446230e+00 5.932903114165728464e-01 8.047094134313749203e-01 2.119826205514411394e-02 7.118617098585012792e-01 -4.136388278449651748e-03 -2.328573936685696816e-02 9.997202931991271413e-01 5.254237272943217130e-02
8.076039796473997168e-01 -5.888530982947618453e-01 -3.205995455926138188e-02 2.572398764200614085e+00 5.891260678127557826e-01 8.080403333228849405e-01 -1.138396644947060887e-03 7.559999038489203516e-01 2.657608475984754928e-02 -1.796798130287679401e-02 9.994852992249244616e-01 5.968809553156726594e-02
8.334120187271021329e-01 -5.495286733658976130e-01 -5.867405039651876764e-02 2.667375125022991345e+00 5.493647499887978070e-01 8.353350730574204963e-01 -2.033930160796365225e-02 8.110620940699813097e-01 6.018952160436390197e-02 -1.528243661432126740e-02 9.980699718056680325e-01 1.105554281027417013e-01
8.331771897221446066e-01 -5.478112651080960793e-01 -7.562134848954217559e-02 2.906220627811474611e+00 5.486302208420065218e-01 8.359882044171073057e-01 -1.134031985051400966e-02 9.069652332795044014e-01 6.943091030341323744e-02 -3.203966129858634715e-02 9.970721181531009281e-01 1.623415797181257392e-01
8.342625127854164102e-01 -5.466182134537812543e-01 -7.221210758286694675e-02 2.966620312840488882e+00 5.484185304555732055e-01 8.361803997175761838e-01 6.281288172363092004e-03 9.557336301753616148e-01 5.694888246412482119e-02 -4.484270117590057753e-02 9.973695187528723860e-01 7.506180233323751783e-02
8.171347155820951613e-01 -5.717216415289141374e-01 -7.365610088819674051e-02 3.062408910671347240e+00 5.736336406656317166e-01 8.190897424602557875e-01 6.036563019196253960e-03 9.899899232184258269e-01 5.687972298861205395e-02 -4.718430251551569699e-02 9.972654304190349261e-01 3.483960002113282300e-02
7.935641470670246056e-01 -6.029090316745929767e-01 -8.219880786842617693e-02 3.034570260335777814e+00 6.043892087394838741e-01 7.966458252051213940e-01 -8.313455509697271345e-03 1.037641148958315496e+00 7.049559453644099749e-02 -4.308281221619437995e-02 9.965812773891038479e-01 7.524858671273021438e-02
7.694030631187962488e-01 -6.313619064927166180e-01 -9.695911248199277910e-02 3.122677893171851071e+00 6.333130855530072489e-01 7.737855818053183121e-01 -1.305408202572673135e-02 1.099646963296699198e+00 8.326741337848121705e-02 -5.136162400165376896e-02 9.952027539397033662e-01 1.575723654918691485e-01
7.449608047686320234e-01 -6.568396934654894270e-01 -1.165976691303647617e-01 3.228340505434226237e+00 6.616691700401553522e-01 7.497869358359184888e-01 3.668823811008539715e-03 1.167128221422958134e+00 8.501357995546471313e-02 -7.988221290090832816e-02 9.931724539500729199e-01 1.336811716563658381e-01
7.413443599869823375e-01 -6.607195059698093287e-01 -1.177211720401332290e-01 3.414317639827544770e+00 6.677980509354718430e-01 7.436761136657712434e-01 3.148969878801143041e-02 1.226065823204836480e+00 6.674056549263292226e-02 -1.019586798364215258e-01 9.925472908248440529e-01 4.594891335900824769e-02
7.235300785545288882e-01 -6.835050544170450104e-01 -9.656638138208183120e-02 3.547691837903033107e+00 6.892929521446581331e-01 7.229045430363323366e-01 4.779380484051799771e-02 1.314573258317891069e+00 3.714096862737016613e-02 -1.011427814714619539e-01 9.941783975754234781e-01 -1.440107650683694618e-02
7.173861084404872246e-01 -6.927975201686433770e-01 -7.340822477618980102e-02 3.593770954511833704e+00 6.963433723305467726e-01 7.163068314953833227e-01 4.483782961257351540e-02 1.362474502792279107e+00 2.151927572979831296e-02 -8.328336689413254335e-02 9.962935318322819755e-01 8.705235558916314675e-03
7.152725900891669930e-01 -6.958670013214414141e-01 -6.445338112961637722e-02 3.646043949339004442e+00 6.982841162642692279e-01 7.153480243575059960e-01 2.600955633688847857e-02 1.459043337440509180e+00 2.800740688038076340e-02 -6.361069501049461394e-02 9.975817082525715307e-01 7.306656273480000019e-02
7.139052970144090793e-01 -6.973137621380262052e-01 -6.397455765912581083e-02 3.739368897298932293e+00 6.991402628840174271e-01 7.149243869443246968e-01 9.274360719130052971e-03 1.538660915935966766e+00 3.926983205000317279e-02 -5.134820430349926190e-02 9.979084337781551906e-01 1.258314484850212578e-01
7.229812300420878080e-01 -6.879104664736814811e-01 -6.385398282638103662e-02 3.799597003071245815e+00 6.898627565332302591e-01 7.238227445851173059e-01 1.303884847834118482e-02 1.620404627208032133e+00 3.724940476306672771e-02 -5.347732731943628109e-02 9.978740688621822175e-01 1.400422527454261712e-01
7.305542889808911422e-01 -6.806692147839338292e-01 -5.458801056136394769e-02 3.993522362273071558e+00 6.826172005846454782e-01 7.300708855220373605e-01 3.209765690903744473e-02 1.706452989760163907e+00 1.800523028474268136e-02 -6.071179587601775729e-02 9.979929305981591892e-01 9.834407721958293713e-02
7.195372799560955102e-01 -6.935981463906285560e-01 -3.446322789391328967e-02 4.109539925623128198e+00 6.943649127688816813e-01 7.177646466642465528e-01 5.168442622698529720e-02 1.813784080379773567e+00 -1.111173563611611050e-02 -6.111892769374767387e-02 9.980686379246266338e-01 3.272848127974394006e-02
7.107890324150301087e-01 -7.031792249712481846e-01 -1.783056273200543662e-02 4.138016487872534732e+00 7.028519145570312210e-01 7.089963939666168447e-01 5.764806628022800528e-02 1.869288541492091227e+00 -2.789511788863447556e-02 -5.350785840574005803e-02 9.981777254010482103e-01 4.215986516112617960e-02
6.926384465129367118e-01 -7.210887912941289501e-01 -1.682074558745343465e-02 4.181061050276019486e+00 7.206471128658838987e-01 6.908572087070646850e-01 5.817263871915531737e-02 1.933660992092935071e+00 -3.032690439546599157e-02 -5.241442785584392305e-02 9.981648193671889269e-01 9.048939169603564814e-02
6.647749891897664076e-01 -7.462826898947922949e-01 -3.370994676856042122e-02 4.341037928788640698e+00 7.467384534030621079e-01 6.625367912878226129e-01 5.853787149563127734e-02 2.041073699768746419e+00 -2.135172023395007571e-02 -6.408702640495457514e-02 9.977158699196990721e-01 1.026553564683081593e-01
6.482639917074373148e-01 -7.604447149203340528e-01 -3.843998706128412546e-02 4.405073044476497834e+00 7.609313491080370584e-01 6.452251898589578261e-01 6.832229735667946779e-02 2.118842186837510244e+00 -2.715288198630945449e-02 -7.354107642130194855e-02 9.969224799745634025e-01 6.157011011888597479e-02
6.399179133626385907e-01 -7.681802723847702685e-01 -2.010306634487688676e-02 4.517759727946096149e+00 7.669872179297775316e-01 6.368770999131858623e-01 7.821871348027764625e-02 2.191534019715735138e+00 -4.728289003377843941e-02 -6.547235084392422078e-02 9.967335148298284153e-01 7.315967267574575994e-02
6.358884693101609642e-01 -7.717699724617470558e-01 -4.118762529549815227e-03 4.567821241539470556e+00 7.699332524501087960e-01 6.339880032983453706e-01 7.253963361759144246e-02 2.289421907552951829e+00 -5.337266500726442486e-02 -4.929828881585605199e-02 9.973570260191937376e-01 9.004328871739525342e-02
6.427991070725124212e-01 -7.659958966363101807e-01 7.719733357820869613e-03 4.648490471092610932e+00 7.647590383821604165e-01 6.422773637918510747e-01 5.121914850310954614e-02 2.377410546797567914e+00 -4.419186757282492911e-02 -2.701988706351945643e-02 9.986576012545543835e-01 9.103771417528648546e-02
6.499823657449540493e-01 -7.597502109080104260e-01 1.739371282465000668e-02 4.725846526927956148e+00 7.589309124083599700e-01 6.501258176147822754e-01 3.688212930031511960e-02 2.490331003365849227e+00 -3.932930728613322907e-02 -1.077210731214948633e-02 9.991682377319889286e-01 1.132131918628633133e-01
6.732527341706464608e-01 -7.389801097966792742e-01 2.528148050721845327e-02 4.783583474659281798e+00 7.375248938633640616e-01 6.735829482414976699e-01 4.840498703775673872e-02 2.562946984196855738e+00 -5.279949681183046528e-02 -1.394306864286942726e-02 9.985077886392462743e-01 1.186393233691097338e-01
6.916254969552149134e-01 -7.218681550069078190e-01 2.367569953295687105e-02 4.912702813730554396e+00 7.195342225386028856e-01 6.914918627584532018e-01 6.410543139713592575e-02 2.685734461827245845e+00 -6.264722306072620372e-02 -2.730147479106889361e-02 9.976622449090735145e-01 9.490043274321172118e-02
6.828306053496076000e-01 -7.303244094939381759e-01 1.919951289014956708e-02 5.061181123916998814e+00 7.281722839742629239e-01 6.824786159186888579e-01 6.315111768936537695e-02 2.800961449985640783e+00 -5.922405971895025600e-02 -2.914096276792015744e-02 9.978192797492765331e-01 4.876726992013166728e-02
6.620177338685278023e-01 -7.492887276473259028e-01 1.728938009966003719e-02 5.091244505156657496e+00 7.475060999940299489e-01 6.617678434097672424e-01 5.742779728059323185e-02 2.859332397796915615e+00 -5.447155693840803614e-02 -2.509430312714826250e-02 9.981999426143384202e-01 4.460360251891140604e-02
6.410802463361542358e-01 -7.672286843117058774e-01 1.939751857595403001e-02 5.074261153971618477e+00 7.654863306245515142e-01 6.410335568859983901e-01 5.573738936338221150e-02 2.936876048830900476e+00 -5.519778423574304288e-02 -2.088360398528260262e-02 9.982570208618871677e-01 1.174445690077876858e-01
6.130177022780195495e-01 -7.899528154568754568e-01 1.355898394176920790e-02 5.182949914905275790e+00 7.877266784618944806e-01 6.124307089039114915e-01 6.644777521364991779e-02 3.028429612031751983e+00 -6.079454525834280393e-02 -3.005288909918999579e-02 9.976977734382407315e-01 1.575618475024125609e-01
5.939955819277058513e-01 -8.044345195626562139e-01 7.372407094329867794e-03 5.257492326259175286e+00 8.009830765272557551e-01 5.922494881558304503e-01 8.755943636233184946e-02 3.102815386799767872e+00 -7.480213745140265602e-02 -4.610474503947753488e-02 9.961320157075297388e-01 1.050189794094229800e-01
5.954970579827982835e-01 -8.033574863181700554e-01 5.577080808054357686e-05 5.348279699741098625e+00 7.996507717309200292e-01 5.927560757336507447e-01 9.591078120308736688e-02 3.193481470712848935e+00 -7.708370258346257387e-02 -5.706999086554874479e-02 9.953899331109544724e-01 6.931347964598466582e-02
6.024203476355994846e-01 -7.980877767868702621e-01 -1.206753073309220492e-02 5.460159384900356905e+00 7.956899480251974355e-01 5.992800503526498623e-01 8.798254293315269092e-02 3.298867530424893335e+00 -6.298596166021554199e-02 -6.260448700146051260e-02 9.960489178956131173e-01 6.864888920540515582e-02
6.130741544314810554e-01 -7.898651964646725698e-01 -1.590762653411311595e-02 5.509318091427995334e+00 7.888041781338437364e-01 6.108832508420554142e-01 6.789420004119549323e-02 3.432375831336251348e+00 -4.390956304401029409e-02 -5.417218155535898083e-02 9.975656996001903698e-01 1.093575536458529784e-01
6.369422222029137437e-01 -7.706720769801825854e-01 -1.921341558041122013e-02 5.600963265045617590e+00 7.703284000096412010e-01 6.352935081234916126e-01 5.473860314927122411e-02 3.485335273631767095e+00 -2.997935479292881608e-02 -4.966596721295871847e-02 9.983158468075126191e-01 1.154791737282497288e-01
6.526227642869337764e-01 -7.575163573382380777e-01 -1.589011955550196503e-02 5.678935867609911092e+00 7.570527471602278569e-01 6.510812669843013545e-01 5.444558567293654450e-02 3.583740285548544957e+00 -3.089766255938160289e-02 -4.756208728729015289e-02 9.983902955764557552e-01 1.278524730747886140e-01
6.802842029294824400e-01 -7.329281473671983571e-01 -5.452892946415117265e-03 5.718790159394562700e+00 7.315839064908621348e-01 6.785451770307229236e-01 6.604112727622357681e-02 3.650799200086438656e+00 -4.470336685494906426e-02 -4.891598435308509851e-02 9.978020021359952363e-01 1.680791968828845573e-01
6.873584651038324722e-01 -7.263183183612530458e-01 2.021459500753906846e-04 5.842991202873635714e+00 7.241825737983297318e-01 6.853585570734125332e-01 7.644114110265973205e-02 3.784004615003756289e+00 -5.565914351596097653e-02 -5.239607484470117788e-02 9.970740750234849958e-01 1.278267147604033593e-01
6.852776595606697718e-01 -7.282817441846378692e-01 -4.799942003801301038e-04 5.936851902749239684e+00 7.262891284473218523e-01 6.833536853839743408e-01 7.437635761026308023e-02 3.859669169273066913e+00 -5.383893764071007171e-02 -5.131707083926235341e-02 9.972301274200443544e-01 5.113743456387863373e-02
6.759029524455705262e-01 -7.369855331307889612e-01 -2.742778023757885819e-03 5.985908428692170880e+00 7.359149507445129634e-01 6.747107534585363720e-01 5.652065496891587465e-02 3.919031534971640252e+00 -3.980432320818864250e-02 -4.022092892190456265e-02 9.983976626227633044e-01 5.452372666879910096e-02
6.656847391734304065e-01 -7.461751186079951248e-01 -9.301634369640709998e-03 6.064473941662804179e+00 7.460980629428123345e-01 6.652754643706811910e-01 2.731733843839438680e-02 4.010402992821727963e+00 -1.419536912465466094e-02 -2.512466669866611491e-02 9.995835345876280531e-01 1.284427688112071975e-01
6.289401327769619243e-01 -7.773563579805667922e-01 -1.230455564766344545e-02 6.098665457726060168e+00 7.774519169826122900e-01 6.288941102196254906e-01 7.791977356684435738e-03 4.124500952660045350e+00 1.681119436225913914e-03 -1.446688764920336413e-02 9.998939358747939155e-01 1.948641598769325078e-01
6.309561398826450951e-01 -7.758179479219974306e-01 9.280228947259163211e-04 6.103623354758932251e+00 7.756714453640692897e-01 6.308593791584353738e-01 1.871503605792456185e-02 4.143576539512832113e+00 -1.510491281695682322e-02 -1.108852604878959869e-02 9.998244276866100622e-01 2.056559493016030249e-01
6.345095747248263862e-01 -7.728556071445786824e-01 9.581758069597087757e-03 6.251989365144321020e+00 7.722619785406756865e-01 6.344342600166924528e-01 3.323561670125419615e-02 4.274076439255775739e+00 -3.176532831501611975e-02 -1.368868957410500353e-02 9.994016128137791499e-01 1.532152241671986825e-01
6.463381152712199818e-01 -7.630385572608701095e-01 4.381880977029949456e-03 6.361668120407943050e+00 7.624518655436397507e-01 6.460474028123683876e-01 3.591526205413213269e-02 4.375605128648688336e+00 -3.023563256607417898e-02 -1.987242946001305591e-02 9.993452321748906853e-01 7.746191261933707550e-02
6.643179467304267671e-01 -7.474494749508291402e-01 -9.736773591246319914e-04 6.432949968136197683e+00 7.473635635073905270e-01 6.642206403239832024e-01 1.608244101909002757e-02 4.487478557201746376e+00 -1.137407549669978979e-02 -1.141154517703692889e-02 9.998701950969774987e-01 6.709645387592277910e-02
6.762945894723244589e-01 -7.366240812504757374e-01 -3.254408141664204973e-03 6.484932374445892656e+00 7.366004430863674068e-01 6.763001054229864639e-01 -6.160734519882329202e-03 4.583850536123609487e+00 6.739101974833339864e-03 1.769272943838061645e-03 9.999757267943172323e-01 1.163729156799454545e-01
6.980772922412931125e-01 -7.160208118791524523e-01 -1.513609257266997597e-03 6.547363649191547452e+00 7.159934769099713936e-01 6.980665269413168783e-01 -7.514318762073857877e-03 4.658627953581650161e+00 6.437008578105469885e-03 4.161840939672747583e-03 9.999706215687330646e-01 1.792400455289333283e-01
7.037729378816175441e-01 -7.104138519823539610e-01 3.976281814826187339e-03 6.701303726457726206e+00 7.104235903881805925e-01 7.037716074059796600e-01 -1.961333518342105349e-03 4.780704638047350130e+00 -1.405035744531874095e-03 4.205177855653364181e-03 9.999901711285761330e-01 1.720791666063131720e-01
6.997452222646912690e-01 -7.143231562516823008e-01 9.952505230971856603e-03 6.771844472576478147e+00 7.143703431836438966e-01 6.997653142274686822e-01 -1.875575595675576558e-03 4.849701074978434612e+00 -5.624650871009938789e-03 8.422199639456610931e-03 9.999487136127593878e-01 1.162253824058720880e-01
6.935863418159091687e-01 -7.203420971762112268e-01 6.726773535861809046e-03 6.851207063395317931e+00 7.203628530013769238e-01 6.934950664608381388e-01 -1.191439508302855922e-02 4.925820796142906133e+00 3.917456080375238299e-03 1.310937947637480679e-02 9.999063944728040498e-01 1.191944987980110005e-01
6.865489621892819638e-01 -7.270750802252610168e-01 -3.514289721994901233e-03 6.880949050926162158e+00 7.270509423687585571e-01 6.865559228380631041e-01 -6.155649167699782029e-03 5.026567998876719123e+00 6.888375535648409709e-03 1.671086893552367961e-03 9.999748785599936740e-01 1.693347524069439558e-01
6.765768590352669865e-01 -7.363252145935028636e-01 -8.302540081476419975e-03 6.989017088756098062e+00 7.362598320321536161e-01 6.762339739652173387e-01 2.508131159239127689e-02 5.114457799447798436e+00 -1.285354246725171554e-02 -2.308226178349297164e-02 9.996509368959751729e-01 1.528901040344607387e-01
6.693185687286860031e-01 -7.428705414466676427e-01 -1.249048460701096541e-02 7.074648103034276936e+00 7.422300915277426636e-01 6.677996358178771574e-01 5.601908275069554521e-02 5.210655427923317262e+00 -3.327378526260416775e-02 -4.676542582127697634e-02 9.983515664143832735e-01 1.344221551062981246e-01
6.733516700930297638e-01 -7.391087433968740461e-01 -1.777058854460147885e-02 7.170572647434466873e+00 7.382336594429673715e-01 6.708619372528752400e-01 7.039407084949853011e-02 5.316156479722015327e+00 -4.010726179100827793e-02 -6.051881178289333224e-02 9.973609582152362929e-01 1.231462935975774775e-01
6.667300452560833701e-01 -7.448451797347196424e-01 -2.601355375134987991e-02 7.286943945551459301e+00 7.447189786954279134e-01 6.644278612265830386e-01 6.268380968565430422e-02 5.418043056358967213e+00 -2.940560360985597366e-02 -6.116596645048390929e-02 9.976943595232551365e-01 1.043247242176274792e-01
6.704917758469097766e-01 -7.416093562047058052e-01 -2.136214669219739168e-02 7.301954921300227497e+00 7.417444977120238869e-01 6.694371878287177502e-01 4.085280487207004763e-02 5.509372363639087666e+00 -1.599620691272317721e-02 -4.323672445525605923e-02 9.989367883018352989e-01 1.137173794599961457e-01
6.880025342539977107e-01 -7.255508945944288968e-01 -1.511331245294799189e-02 7.363726327336880928e+00 7.256532792263388210e-01 6.875447853152272248e-01 2.663618842663218605e-02 5.586745388590242278e+00 -8.934831175664681435e-03 -2.929278988184392390e-02 9.995309406180483691e-01 1.857356753457467535e-01
7.162319860145487382e-01 -6.976237202901768297e-01 -1.824519383696160402e-02 7.426663041928902587e+00 6.978257617164725923e-01 7.156823006682613286e-01 2.894910698120339507e-02 5.677938254521355255e+00 -7.137821409930382097e-03 -3.346624267343736858e-02 9.994143595660623935e-01 2.599086035190100175e-01
7.232188393252454439e-01 -6.899872384297426331e-01 -2.953169905614088514e-02 7.643116334098291276e+00 6.905273105774155651e-01 7.217649496927467379e-01 4.719524066840054266e-02 5.784873861665671413e+00 -1.124916849221990582e-02 -5.452493190389483269e-02 9.984490412680605553e-01 2.204960864930411990e-01
7.158479356471845190e-01 -6.976228066034323438e-01 -2.973470592446563615e-02 7.693645181317335435e+00 6.980108960650418526e-01 7.138186114790140424e-01 5.695418229287212836e-02 5.878627188791229585e+00 -1.850735000321808432e-02 -6.152568254739271963e-02 9.979338998064630761e-01 1.445542901124618196e-01
7.138713860678406187e-01 -6.998174954122439173e-01 -2.535975687016886471e-02 7.770696917980328244e+00 7.000923319471702433e-01 7.123839281829864589e-01 4.878386634278488593e-02 5.965394399622272914e+00 -1.607391994359699816e-02 -5.257957760872191549e-02 9.984873645250275098e-01 1.503792195451966462e-01
7.018089336286721380e-01 -7.119103049529815763e-01 -2.545463377734844684e-02 7.796793869701203583e+00 7.122875959232455312e-01 7.007567921365305263e-01 3.982836888955836041e-02 6.052607449613259583e+00 -1.051671873112045713e-02 -4.608292499692449862e-02 9.988822566503312572e-01 1.990518506783361119e-01
6.947757404632355360e-01 -7.182155388109777716e-01 -3.811968355351037785e-02 7.895879995334424528e+00 7.192107723829020971e-01 6.934342695809720958e-01 4.341403758109928929e-02 6.150897855803384218e+00 -4.747141471682998076e-03 -5.757910715841899757e-02 9.983296605163481940e-01 2.725687884532254079e-01
6.861902903503569462e-01 -7.262227155328224715e-01 -4.175467486433116771e-02 7.977235005446163818e+00 7.273196409075488589e-01 6.839991296526579667e-01 5.613671333913793082e-02 6.240885398471558432e+00 -1.220759513610412614e-02 -6.888946275403461106e-02 9.975496060559863043e-01 2.359546489643732647e-01
6.873082586948024986e-01 -7.257221719275078753e-01 -3.057264631560818735e-02 8.090668469858337986e+00 7.258500508200468326e-01 6.846256296743179481e-01 6.655412021489798269e-02 6.282266297441643665e+00 -2.736898343844673676e-02 -6.793435335575359613e-02 9.973143247641044207e-01 1.679392209278769976e-01
6.873638389852601005e-01 -7.260168705139992129e-01 -2.074744766240818258e-02 8.205548206579841519e+00 7.259089973047966327e-01 6.857479746814472144e-01 5.297020721347257127e-02 6.362225835578342981e+00 -2.422974385729767879e-02 -5.147056391134969405e-02 9.983805389545898912e-01 1.447255798060877452e-01
6.979401373699291034e-01 -7.159446621847773695e-01 -1.740130274346105010e-02 8.286176880905225417e+00 7.161498241227699513e-01 6.976262039925034131e-01 2.114495003389208622e-02 6.448189879051358098e+00 -2.999009331483793936e-03 -2.721984923057163552e-02 9.996249725526541452e-01 1.828823655586905295e-01
7.078185267275328707e-01 -7.062269330563436531e-01 -1.537700384000940945e-02 8.373240503636390386e+00 7.062139724447794586e-01 7.079619969833430559e-01 -7.185815967668556306e-03 6.554831894017178584e+00 1.596115111854746332e-02 -5.773201294581331924e-03 9.998559455250456418e-01 2.420616298855118864e-01
7.349111339076557226e-01 -6.779738623158566568e-01 -1.603331765678573870e-02 8.418147425717521060e+00 6.781082779226217383e-01 7.349474628576748714e-01 4.624959662849590855e-03 6.608815530801962268e+00 8.648044367368660362e-03 -1.427125977573130526e-02 9.998607615428428685e-01 2.492268579093875058e-01
