1.000000000000000000e+00 0.000000000000000000e+00 0.000000000000000000e+00 0.000000000000000000e+00 0.000000000000000000e+00 1.000000000000000000e+00 0.000000000000000000e+00 0.000000000000000000e+00 0.000000000000000000e+00 0.000000000000000000e+00 1.000000000000000000e+00 0.000000000000000000e+00
9.999985926858503404e-01 -1.651841808864999315e-03 -2.933342075690396683e-04 1.258288226721082474e-02 1.652017846521920469e-03 9.999984548758449332e-01 6.009017869758109462e-04 -4.789372804463137151e-02 2.923411596365216650e-04 -6.013855346641229418e-04 9.999997764360175623e-01 -1.379158619960981803e-02
9.999940972721348409e-01 -3.431789579866930274e-03 -1.680510861650503086e-04 1.304535188536519626e-02 3.431847874331085419e-03 9.999940506979935195e-01 3.478344237199119580e-04 -9.604720649792433673e-02 1.668563918275451849e-04 -3.484090963108011220e-04 9.999999253850202496e-01 -1.904521498829192180e-02
9.999944533303306571e-01 -3.315705142432040509e-03 -3.152903130688620385e-04 1.232104046367637346e-02 3.315843091332005936e-03 9.999944066466422976e-01 4.380182911736912031e-04 -1.062592032037957407e-01 3.138362100382069420e-04 -4.390613148372742827e-04 9.999998543659869288e-01 -1.890675673984262145e-02
9.999984009390869844e-01 -1.774409259405113288e-03 2.226904782258383214e-04 -2.343481562049971184e-02 1.774424568257641820e-03 9.999984233568178782e-01 -6.856624468622002334e-05 -6.394274771508998145e-02 -2.225684625429602331e-04 6.896128250029916055e-05 9.999999728538101484e-01 -1.206766316274164585e-03
9.999996872110108459e-01 -6.069272269993028707e-04 5.071658718844102237e-04 -5.981866569231333169e-02 6.070063749913063396e-04 9.999998036160832049e-01 -1.559200297632221718e-04 -1.676524177113292852e-02 -5.070711401738919140e-04 1.562278339105655129e-04 9.999998592358514404e-01 1.120257697274047726e-02
9.999982656232577760e-01 1.543322434349060591e-03 1.042548003690795628e-03 -9.408838008052705648e-02 -1.543355940808896444e-03 9.999988085345609123e-01 3.133526169854777138e-05 2.351985759547216975e-02 -1.042498401118515132e-03 -3.294423000647331463e-05 9.999994560557327050e-01 2.096942221618041183e-02
9.999990538441878574e-01 8.092768161744491465e-04 1.112376628600401972e-03 -5.480424530894541235e-02 -8.103862713616088185e-04 9.999991743479379469e-01 9.972850813548665184e-04 8.289749634226573072e-04 -1.111568630468887662e-03 -9.981855925161918844e-04 9.999988840197285844e-01 2.425527275119900364e-02
9.999989709417628214e-01 -1.237621658920108310e-03 7.255398298697715142e-04 -5.137756240256764056e-02 1.236832217022573949e-03 9.999986437765814307e-01 1.087516006640001226e-03 -6.428779130681443882e-03 -7.268847792399031962e-04 -1.086617516486380365e-03 9.999991454500801735e-01 2.069625565280849497e-02
9.999969973523665789e-01 -2.363393027969089375e-03 6.478114280058026560e-04 -7.681176497049405083e-02 2.362988436671524788e-03 9.999970130717183991e-01 6.246065077475770454e-04 -9.011157908332014313e-03 -6.492856837051619182e-04 -6.230738613608034597e-04 9.999995951034501562e-01 1.821469103491928435e-02
9.999992987380507126e-01 -7.820737816923823641e-04 8.893165953947248636e-04 -7.300191658822582919e-02 7.815511266462023265e-04 9.999995217756748600e-01 5.878998708082669835e-04 -1.016322244388339832e-02 -8.897759511771155712e-04 -5.872044121493815967e-04 9.999994317447060688e-01 2.720694972730306263e-02
9.999998838535600898e-01 8.173426530224977388e-05 4.749867115210978951e-04 -3.517510944766929354e-02 -8.195687278463551103e-05 9.999998868204886815e-01 4.686598774901887601e-04 3.871479725546767350e-03 -4.749483521915707682e-04 -4.686987514825029927e-04 9.999997773727468120e-01 1.113071694224525982e-02
9.999999867228857031e-01 -1.528565020278512443e-04 5.647227892966067705e-05 -1.033982939370903242e-02 1.528298676836399952e-04 9.999998772411033965e-01 4.713393785383606315e-04 6.369431590693053549e-03 -5.654431928585738242e-05 -4.713307416294171682e-04 9.999998873250296461e-01 -4.279422908966937049e-03
9.999997224881302937e-01 -7.367661277135553613e-04 1.104506016888194970e-04 -1.004350040721018952e-02 7.367331956675493782e-04 9.999996842381684292e-01 2.979056255696787420e-04 4.517203352920066452e-03 -1.106700535869102820e-04 -2.978241702725859886e-04 9.999999495264501048e-01 -5.940226464997496944e-03
9.999997071259365544e-01 -7.650888619573485185e-04 1.967420903604950546e-05 -9.212272409719899149e-03 7.650846414889605519e-04 9.999996845021066338e-01 2.136379614490932467e-04 -6.100719361606853942e-03 -1.983765485367397252e-05 -2.136228464449084496e-04 9.999999769858731735e-01 -3.890221385652480567e-03
9.999999651835381753e-01 7.328608529795851848e-05 2.534996491152039910e-04 -1.405336226589935442e-02 -7.326993783090583550e-05 9.999999952864745412e-01 -6.370688351336930687e-05 -1.502195569294051056e-02 -2.535043167484261981e-04 6.368830739179019446e-05 9.999999658396798718e-01 4.882933500385313805e-03
9.999999276234389223e-01 -3.656951176170247634e-04 1.049771299071665615e-04 1.357233809108399428e-02 3.657067952676415468e-04 9.999999269418409220e-01 -1.112423157217470892e-04 -3.339237637739871090e-02 -1.049364414659988479e-04 1.112806985201655701e-04 9.999999883024746072e-01 1.687987181536319131e-03
9.999996412750520314e-01 -8.094664958344888151e-04 -2.494268616239785118e-04 3.843176846651676082e-02 8.094981237313688674e-04 9.999996643264161822e-01 1.267274343328056777e-04 -3.870251258600488492e-02 2.493241962857745131e-04 -1.269292994490062176e-04 9.999999608631983117e-01 -1.055995834706169485e-02
9.999998143635875358e-01 -4.735178927068419471e-04 -3.834756782170123195e-04 2.927022803605568158e-02 4.733928319536377053e-04 9.999998347628611395e-01 -3.261494705244428376e-04 -5.929356498903150252e-02 3.836300524625786451e-04 3.259678753419287473e-04 9.999998732864555651e-01 -2.831128376123616397e-02
9.999888788580484356e-01 4.714212353932996369e-03 -1.355068459624615674e-04 1.119869396576478326e-02 -4.714289762328380956e-03 9.999887213674328867e-01 -5.767234722686531267e-04 -7.113588587415699271e-02 1.327865207127636236e-04 5.773558769816974304e-04 9.999998245139501973e-01 -1.980448789195932841e-02
9.999816809823465213e-01 6.052393835842698536e-03 -7.892133002528905106e-05 -9.968342540345159070e-03 -6.052431247052422400e-03 9.999815673504713898e-01 -4.827372934056408304e-04 -6.633044126828543940e-02 7.599815907713267831e-05 4.832061160565449300e-04 9.999998803680574255e-01 -1.386760566068308276e-02
9.999848287110345568e-01 5.508347195518903394e-03 2.142280447912637726e-05 -1.265693572975883432e-02 -5.508342560728327758e-03 9.999848067678202002e-01 -2.107030114480709713e-04 -7.780991014231497527e-02 -2.258310433968135203e-05 2.105818106661158824e-04 9.999999775726519102e-01 -7.027187133766468231e-03
9.999901328642624154e-01 4.437559043774023243e-03 -2.055330821338603807e-04 2.390073061023375439e-02 -4.437550278877152449e-03 9.999901530972890029e-01 4.308112127258029210e-05 -8.430978544151528087e-02 2.057222332889157527e-04 -4.216863279936736988e-05 9.999999779500843289e-01 -1.258468008621467515e-02
9.999875756178594477e-01 4.974899689310975995e-03 -3.146156337853450290e-04 3.638407026016224344e-02 -4.974936191206662597e-03 9.999876182761021637e-01 -1.153446230855038863e-04 -7.190294382148661179e-02 3.140379103718818040e-04 1.169083827026669466e-04 9.999999438563088594e-01 -1.821090666680872175e-02
9.999815419450955867e-01 6.059535943448264399e-03 -4.447395406499097007e-04 6.959824224497125622e-02 -6.059699350429786739e-03 9.999815725081363516e-01 -3.669985521526609399e-04 -6.924326194484609065e-02 4.425075042976804075e-04 3.696867659788221835e-04 9.999998337593880571e-01 -2.459735880139767711e-02
9.999312388743472058e-01 1.171991659683446416e-02 -4.013454577529054594e-04 1.055811647073879866e-01 -1.171995270446048870e-02 9.999313151469598759e-01 -8.773298385518335095e-05 -7.541274487959589989e-02 4.002896681455472058e-04 9.243070101947068395e-05 9.999999156123700050e-01 -3.259136356260403794e-02
9.999078648378603162e-01 1.356577787190538578e-02 -4.811508302137657489e-04 8.025430539951730613e-02 -1.356571439347228902e-02 9.999079723562444011e-01 1.349496892488739701e-04 -3.106300760050538512e-02 4.829372485448030260e-04 -1.284101008945123074e-04 9.999998751412222386e-01 -4.970978249441791036e-02
9.999327974260726615e-01 1.157583198095149708e-02 -6.330447199093643595e-04 7.349194088210693476e-02 -1.157591299666233843e-02 9.999329891282991989e-01 -1.244638034786293371e-04 -1.898692638120533238e-02 6.315615269540788895e-04 1.317835097913420701e-04 9.999997918815504150e-01 -5.886210140862983831e-02
9.999548850749874207e-01 9.462453994414614031e-03 -8.305293928409233006e-04 9.456656529918189280e-02 -9.462606425041998268e-03 9.999552123733735920e-01 -1.797970136310202084e-04 -1.368973772335508460e-02 8.287908744307577675e-04 1.876478748711155086e-04 9.999996389469155700e-01 -6.110917399056429999e-02
9.999984318913186510e-01 -1.590956681354987546e-03 -7.778635753478601233e-04 1.226703780486798206e-01 1.591546290169843772e-03 9.999984462416182662e-01 7.579543229245001021e-04 -6.871012424136612243e-03 7.766564942415914727e-04 -7.591911402573494521e-04 9.999994102165773446e-01 -4.794788839275202635e-02
9.997196233632434925e-01 -2.367066480094783334e-02 -6.117927229492123222e-04 1.619359308132737318e-01 2.367119534722883153e-02 9.997194150654586942e-01 8.750154344409624089e-04 4.496588542904737806e-02 5.909088660837830478e-04 -8.892519656132876534e-04 9.999994300286644267e-01 -2.670317665827618564e-02
9.985985487634413404e-01 -5.291868270026751225e-02 -7.425825323128065585e-04 1.876117628877961296e-01 5.291985482401701663e-02 9.985973843256915616e-01 1.659211647761353733e-03 7.117167888627323746e-02 6.537376796930459248e-04 -1.696183703350730718e-03 9.999983477925804554e-01 -2.613005747696542369e-02
9.978389157469168547e-01 -6.569314332752433649e-02 -1.381716601425792912e-03 2.167675439789322200e-01 6.569677528515290021e-02 9.978357834269652171e-01 2.771827885477418530e-03 2.812188352361794097e-02 1.196636180897852958e-03 -2.856612056953492396e-03 9.999952039032020679e-01 -5.782491434323593082e-02
9.974865261089325141e-01 -7.084296804985583396e-02 -1.379894568821780692e-03 2.594274671331969206e-01 7.084502953766462496e-02 9.974861955179080697e-01 1.507163235052619244e-03 -2.808423605827026215e-02 1.269653866763111949e-03 -1.601133691098779793e-03 9.999979121728014286e-01 -4.426369281108064047e-02
9.969370977112413934e-01 -7.819991632041684015e-02 -1.093752516134978642e-03 2.782273281627368755e-01 7.819893095546548434e-02 9.969373537572722155e-01 -9.164501458952052822e-04 -7.181804143217704328e-02 1.162069063821802610e-03 8.281128711542038844e-04 9.999989819117635070e-01 -7.783235268176483951e-03
9.968476911142695185e-01 -7.930836430351752286e-02 -2.205464044228828795e-03 3.173625764383875558e-01 7.930077475414608335e-02 9.968451432744852569e-01 -3.338780235839681945e-03 -1.863553571325871072e-01 2.463299320429370061e-03 3.153360361834985168e-03 9.999919942053968613e-01 -4.431054662050006726e-02
9.960477560245835082e-01 -8.863866619940011238e-02 -5.661675792831486788e-03 3.812594171680931954e-01 8.842331923094653989e-02 9.956029259159547840e-01 -3.092136031567747564e-02 -1.817644027022919939e-01 8.377609120383273933e-03 3.029852738964649780e-02 9.995057853276512194e-01 -6.696471162547316947e-02
9.957119150665859619e-01 -9.194759611213237926e-02 -1.016964914007153185e-02 3.822515372091790375e-01 9.117153032841646132e-02 9.939969812268131255e-01 -6.047936317089616653e-02 -8.122439943412611274e-02 1.566953260332349523e-02 5.929284004989718304e-02 9.981176407953176177e-01 -8.940182375195934728e-03
9.987822001012125472e-01 -4.789047786737384710e-02 -1.185828362858242294e-02 4.614380122134988937e-01 4.703468772366362766e-02 9.968286240682457944e-01 -6.419059424047456053e-02 -5.784211701375809728e-02 1.489479478605784321e-02 6.355467227389639817e-02 9.978671999421760974e-01 9.427836398367937798e-03
9.992319304330066210e-01 -3.808691847439667905e-02 -9.216064466548670731e-03 7.013641730368095351e-01 3.754005527868953945e-02 9.978562142806105539e-01 -5.360708788249179263e-02 -7.410596836619171013e-02 1.123803598498659614e-02 5.321994234018790487e-02 9.985195763151102355e-01 -2.861258769610513022e-02
9.982994920012623341e-01 -5.785888839555829860e-02 -7.104456604964556193e-03 7.796523979063573195e-01 5.748025461083259430e-02 9.973212086050038394e-01 -4.523745347086119417e-02 -2.629333277824483922e-02 9.702814019414873065e-03 4.475216084486649537e-02 9.989509995489367356e-01 -6.887991956023724327e-02
9.981628688798440674e-01 -6.058735874674843480e-02 2.432070146500942389e-04 7.290098342471489357e-01 6.056512393637442093e-02 9.976705507929127803e-01 -3.139009148023825385e-02 -6.347001766391819483e-03 1.659202257343787151e-03 3.134715362929984400e-02 9.995071800678624330e-01 -9.545001076582806943e-03
9.977179802467509573e-01 -6.750194328929778886e-02 1.523005092697751620e-03 7.421557488825556437e-01 6.750926655935418630e-02 9.977039224287921337e-01 -5.420525695988233882e-03 -2.188754362267905304e-02 -1.153612136734793884e-03 5.510972906051180530e-03 9.999841490527071608e-01 -2.228621207664283760e-02
9.955428537877596407e-01 -9.429495959718710296e-02 -1.699078187787408370e-03 8.521866631423006266e-01 9.430570117320673240e-02 9.955103544498850043e-01 8.097463139407226271e-03 1.887257770350321551e-02 9.278999693921950297e-04 -8.221604322094054965e-03 9.999657715262146862e-01 5.576960383956938022e-02
9.855124644908503928e-01 -1.689276853450490667e-01 -1.512016723235912879e-02 9.433784285473372222e-01 1.690700469232992165e-01 9.855657874145498099e-01 8.683197066283745991e-03 1.104857502358859989e-01 1.343508714239746368e-02 -1.111376632391610636e-02 9.998479797607101593e-01 1.432092687911476758e-01
9.731797499410997920e-01 -2.279467735038808729e-01 -3.100714036716253896e-02 9.886459886282871201e-01 2.283163987435367082e-01 9.735462461580733917e-01 8.906663590047181681e-03 1.211210826636079374e-01 2.815663988051180650e-02 -1.574722326933750832e-02 9.994794788238249295e-01 1.143359925061929322e-01
9.629248003395446398e-01 -2.669340173459833765e-01 -3.901357807971994607e-02 1.151314209939233724e+00 2.678718017487662917e-01 9.632234222961604253e-01 2.110299902720447901e-02 8.999504870394169076e-02 3.194568388558624572e-02 -3.077123857771723453e-02 9.990158177714081322e-01 -5.031196091253894997e-03
9.574257069684499744e-01 -2.865379364133560647e-01 -3.510023692141117646e-02 1.347788987433171215e+00 2.875878974412124367e-01 9.572928986299462650e-01 2.972385368719884444e-02 1.184148903288326643e-01 2.508419584731308785e-02 -3.855278496621018097e-02 9.989416729169140474e-01 -1.383491499390874790e-01
9.530355420511932296e-01 -3.018277293705206588e-01 -2.496552363208237590e-02 1.435509923164275836e+00 3.023083513692824131e-01 9.530330066130180411e-01 1.837794870320300436e-02 1.552977062743100545e-01 1.824599352117615286e-02 -2.506212459443178317e-02 9.995193713136520941e-01 -1.424328234915082370e-01
9.494195102031119937e-01 -3.138206773718533737e-01 -1.091678064056026722e-02 1.376277800585767208e+00 3.137482817340142560e-01 9.494737103754000707e-01 -7.854235476770355176e-03 2.103809941508875958e-01 1.283001771770520862e-02 4.031843231332280821e-03 9.999095633533671146e-01 5.974068783267841298e-02
9.550035054385102029e-01 -2.958537665920700221e-01 -2.094882797300233121e-02 1.371086282999876893e+00 2.955142113088098932e-01 9.551715260432250831e-01 -1.785235981008363726e-02 2.271300130136825468e-01 2.529141187615977296e-02 1.085838982269373386e-02 9.996211481635274287e-01 2.121528751681766023e-01
9.601492004700469263e-01 -2.775724396940531524e-01 -3.266578575544798468e-02 1.603702430576109172e+00 2.775452752964736036e-01 9.606970774574413729e-01 -5.453945850079794724e-03 2.518725437647266197e-01 3.289578996367570340e-02 -3.829632752910389765e-03 9.994514500042728233e-01 1.979215247058775107e-01
9.549827043155644235e-01 -2.932240983104629217e-01 -4.502957503849264187e-02 1.901703917387479681e+00 2.942806641087700736e-01 9.555337378194606046e-01 1.881931509039223155e-02 3.100276569088401546e-01 3.750900145075200531e-02 -3.122345366525279553e-02 9.988083753910863560e-01 -3.078027646666650630e-02
9.453607142800036778e-01 -3.234600838268152367e-01 -4.082516462613374614e-02 2.025104842424125806e+00 3.247124946034265491e-01 9.453703836779974168e-01 2.892461776645646049e-02 3.563574879947433161e-01 2.923894225892887527e-02 -4.060063836032081624e-02 9.987475518970314603e-01 -1.638365529788677055e-01
9.233900119462256084e-01 -3.824717937692245218e-01 -3.265291424821224753e-02 2.022523227597428086e+00 3.833239536733130115e-01 9.232578177469662473e-01 2.564660814551315143e-02 3.999190429549086545e-01 2.033795413037244038e-02 -3.619846599044592578e-02 9.991376475149604808e-01 -1.058878939877620495e-01
8.982560139221359430e-01 -4.388973634452280614e-01 -2.247749571333164734e-02 2.001158986398374307e+00 4.393411850035822686e-01 8.980626924230539210e-01 2.151101200555973272e-02 4.358721974179967651e-01 1.074507386496345931e-02 -2.919768550215336503e-02 9.995159020990880272e-01 5.429662782816758321e-02
8.577517908890794907e-01 -5.138617205038825686e-01 -1.442211591156354611e-02 2.103502658671603687e+00 5.140542793344194950e-01 8.572247104102935777e-01 3.023232971438025510e-02 5.001331639339658963e-01 -3.172242826078340745e-03 -3.334558535665505669e-02 9.994388469599700953e-01 1.250394632853398247e-01
8.329996741119480852e-01 -5.532597740820148768e-01 -3.894266568461274974e-03 2.198202156740537205e+00 5.528013601570067603e-01 8.319775295400388959e-01 4.715979801713415104e-02 5.162753724874524774e-01 -2.285167691771431905e-02 -4.143685223531739376e-02 9.988797666080121429e-01 4.188903975446606198e-02
8.108509326740923617e-01 -5.852000054397561435e-01 7.856119580558418997e-03 2.314470406535789060e+00 5.838777425912229369e-01 8.097926421092533911e-01 5.764250595083682260e-02 5.360035580074913319e-01 -4.009422262785752866e-02 -4.215246634568479978e-02 9.983063772674417580e-01 -4.625127941248217966e-03
8.085002456179906094e-01 -5.884408721943804599e-01 8.043181383369865309e-03 2.391726382279601992e+00 5.874211391298701512e-01 8.077740057710109944e-01 4.937166094046972764e-02 6.185691546029331578e-01 -3.554937607068272415e-02 -3.519226522649064604e-02 9.987480895246876322e-01 2.220007110214988408e-02
8.048199898055298229e-01 -5.934484818477474555e-01 -9.147863249455082460e-03 2.545110336816270191e+00 5.934865442284613657e-01 8.045192613441377594e-01 2.285782023819385445e-02 7.059126435264557742e-01 -6.205306534376068411e-03 -2.382556439807344967e-02 9.996968723827877046e-01 6.105940670427982553e-02
8.073123507058933557e-01 -5.892034490003060787e-01 -3.295548640011894403e-02 2.567382107545819192e+00 5.894797620493895662e-01 8.077815223352180496e-01 -1.619354189981219924e-03 7.545421044504835306e-01 2.757496204747568805e-02 -1.811926764362482845e-02 9.994555085686100959e-01 8.577255249138823756e-02
8.324106387296890119e-01 -5.507122719431553071e-01 -6.171322435944562312e-02 2.671588062141923903e+00 5.505487297084440401e-01 8.345347807005645269e-01 -2.116119130576543661e-02 8.186108547732736662e-01 6.315555989815652138e-02 -1.636133650619164825e-02 9.978695715982532910e-01 1.085995241865986977e-01
8.327387399855472605e-01 -5.484858793239021368e-01 -7.556077758711295111e-02 2.905299670129089407e+00 5.492585522510103901e-01 8.355661778707916820e-01 -1.200854602025248387e-02 9.096990418705068748e-01 6.972254804872866918e-02 -3.150242182249474165e-02 9.970688861422315474e-01 1.484221684219035886e-01
8.334580287420891853e-01 -5.473449966923186194e-01 -7.590236439819625369e-02 3.002575329126782488e+00 5.492524839188913655e-01 8.356402166786476293e-01 5.209335676529647241e-03 9.508762326921945673e-01 6.057576441349108581e-02 -4.603132482504235928e-02 9.971016467244313564e-01 5.138146928756844034e-02
8.161882198749395023e-01 -5.726172835491235569e-01 -7.711184291793284074e-02 3.101890343590007149e+00 5.745458382002385234e-01 8.184648945239607620e-01 3.506599302328380213e-03 9.996145919609623620e-01 6.110539701337960178e-02 -4.716633346683095362e-02 9.970162824363165699e-01 6.346061867468947432e-03
7.934555739670221541e-01 -6.028452690326496777e-01 -8.370085869102930620e-02 3.054833305604335969e+00 6.044228532609751126e-01 7.966247939956876412e-01 -7.870962278524417516e-03 1.029523149680637406e+00 7.142315168434626438e-02 -4.434545293804624533e-02 9.964598407398034263e-01 5.588503137819079980e-02
7.699963606994608689e-01 -6.315977089554254409e-01 -9.049827927559454810e-02 3.103341110719931795e+00 6.331865214207315073e-01 7.738799958669055901e-01 -1.358606227542752051e-02 1.096431033415678158e+00 7.861573379864493505e-02 -4.684107214076013714e-02 9.958039367064205338e-01 1.921687341135696614e-01
7.460925209686599668e-01 -6.573704963262607670e-01 -1.058771963852242898e-01 3.169493618895668163e+00 6.610396252565367003e-01 7.503507672071384471e-01 -5.830886350140368490e-04 1.177250561425714270e+00 7.982834080279528621e-02 -6.955398415205560347e-02 9.943790420625568949e-01 1.947700262224279777e-01
7.414717457214083929e-01 -6.614219621590420317e-01 -1.128744358591887709e-01 3.386885561908163034e+00 6.678930450075670766e-01 7.436665277370282379e-01 2.964752863346186568e-02 1.217475705486004145e+00 6.433141322376809135e-02 -9.737085548168331051e-02 9.931668468970347163e-01 8.064946616596058160e-02
7.223836008642436912e-01 -6.843674807910729019e-01 -9.901052690542412604e-02 3.559705613167651883e+00 6.903887874379679435e-01 7.218858814843494009e-01 4.737189349705493713e-02 1.294440611487324588e+00 3.905451807846950507e-02 -1.025764366179900550e-01 9.939581577050484729e-01 -5.643836892201048450e-03
7.163239571207684619e-01 -6.933534614404508467e-01 -7.836431562509083015e-02 3.620518100798268968e+00 6.973144692391757271e-01 7.153775913208642034e-01 4.458063285379842977e-02 1.355151916743178919e+00 2.514993925499842131e-02 -8.657874649418248469e-02 9.959275080099786459e-01 -2.271320669623701216e-02
7.150313331879102341e-01 -6.962060886237085855e-01 -6.346081249713650396e-02 3.640493687689120961e+00 6.985673056977464990e-01 7.150620509268676983e-01 2.626752242700401349e-02 1.454963396161368383e+00 2.709080969094781327e-02 -6.311375038403851945e-02 9.976385831265499604e-01 7.707399019926138017e-02
7.140076967752673198e-01 -6.978194159529690355e-01 -5.693041071988896862e-02 3.704823870715294287e+00 6.993442390590404178e-01 7.147071605221413382e-01 1.055035512719332616e-02 1.540652665931658838e+00 3.332632954001667203e-02 -4.734698952874781541e-02 9.983224020034584534e-01 1.469222316678414075e-01
7.228495710824426324e-01 -6.883990895604542581e-01 -5.995991226033096921e-02 3.783359452821653868e+00 6.901004008107424204e-01 7.236195431967376024e-01 1.167019728185745078e-02 1.628809937478776115e+00 3.535441113611560715e-02 -4.981415658306949379e-02 9.981325640500543495e-01 1.609085281345284946e-01
7.301543672347976521e-01 -6.810470788601421521e-01 -5.522206428611339812e-02 3.998194348000403409e+00 6.830198697679095154e-01 7.297258542299724926e-01 3.136933487603740800e-02 1.709483169865360752e+00 1.893297415041569898e-02 -6.062222401400585436e-02 9.979812064590271037e-01 1.127531045848452901e-01
7.190188258520386899e-01 -6.940213636764698268e-01 -3.669161799388232642e-02 4.108847284478374995e+00 6.949292360785510603e-01 7.172511635094505067e-01 5.122621679980932791e-02 1.815109137153336549e+00 -9.234983142233759920e-03 -6.233069231921554293e-02 9.980128255094570244e-01 1.818949799049898730e-02
7.101436288267468644e-01 -7.038572455643332670e-01 -1.676318297249991540e-02 4.127986621473668016e+00 7.034828329676616754e-01 7.084022828033890162e-01 5.725477655829400159e-02 1.863364352845703786e+00 -2.842411223895233846e-02 -5.245172623982097271e-02 9.982188568935623785e-01 2.750905694095497761e-02
6.926033657814438804e-01 -7.211394568413294071e-01 -1.607673769170630748e-02 4.180173125083152641e+00 7.207002281507637331e-01 6.909149591924614864e-01 5.681285336538220015e-02 1.951185378908517620e+00 -2.986233165130464454e-02 -5.093528198284406200e-02 9.982553972795116248e-01 9.539048811003257577e-02
6.644830752732989732e-01 -7.465855607191468346e-01 -3.274512484350099173e-02 4.342418729218507245e+00 7.469959193161611610e-01 6.623151376502789400e-01 5.775599505069017175e-02 2.051809542680604892e+00 -2.143220008171286758e-02 -6.283835584234552518e-02 9.977935667434864042e-01 1.129764198798619140e-01
6.478285444210130084e-01 -7.609066662587697927e-01 -3.659538599764645961e-02 4.396969996620429200e+00 7.612578381686645468e-01 6.448429782383191533e-01 6.829375698778024362e-02 2.109662132278290247e+00 -2.836689725935520601e-02 -7.210116961395222901e-02 9.969938517765178920e-01 7.707143053219955853e-02
6.396661485347834297e-01 -7.684198342606893828e-01 -1.892555767872782305e-02 4.504172064225369532e+00 7.671069986675196350e-01 6.366254090818705969e-01 7.908818563256368728e-02 2.185820816978223391e+00 -4.872443959643059375e-02 -6.510796284722393523e-02 9.966879562630915901e-01 8.111533522939964880e-02
6.355854901335638019e-01 -7.720276814833444412e-01 -2.084167730563701165e-03 4.564826942282816269e+00 7.701805213449484100e-01 6.338733869818169442e-01 7.089777018371652695e-02 2.296718528848390672e+00 -5.341394267886304115e-02 -4.666677940089010435e-02 9.974814095650343937e-01 8.703302577632626713e-02
6.424407011440551596e-01 -7.663004439302313342e-01 7.319504482236189463e-03 4.642601215859178510e+00 7.650797138826478383e-01 6.419053182812359815e-01 5.109396997211270580e-02 2.395091048481013285e+00 -4.385176072611861320e-02 -2.722484149808537118e-02 9.986670271349822325e-01 8.672863635370631208e-02
6.490707247214229092e-01 -7.605312434605543404e-01 1.730381547376364307e-02 4.726368442848457363e+00 7.596555109977835007e-01 6.491953469588374048e-01 3.832631077590396840e-02 2.495966114028643545e+00 -4.038191328185557205e-02 -1.173154752528119023e-02 9.991154447171551878e-01 1.174369149844001342e-01
6.730799168649646003e-01 -7.391397575639505613e-01 2.521595331048807551e-02 4.794381411421333894e+00 7.376418201635336347e-01 6.733952690379605421e-01 4.922760184207419093e-02 2.568793917983007713e+00 -5.336638135457016929e-02 -1.453376845821776481e-02 9.984692278260364207e-01 1.231181307571942302e-01
6.901726117374318292e-01 -7.231377545403850915e-01 2.708420140639412194e-02 4.913630779464047471e+00 7.207408125095152718e-01 6.902710107864926670e-01 6.370724331594923573e-02 2.675953317673592124e+00 -6.476455196059008323e-02 -2.444830517814489818e-02 9.976010390848940590e-01 1.095072978304441891e-01
6.820600302257715519e-01 -7.309007067513340061e-01 2.404728755639630108e-02 5.035017912604100587e+00 7.286578831805887724e-01 6.820225205678197566e-01 6.247376022860541556e-02 2.797142678266655746e+00 -6.206290717653364930e-02 -2.508860914276156776e-02 9.977568627897673847e-01 8.179029113396157902e-02
6.608898386962203109e-01 -7.502563757927770416e-01 1.843886358676330439e-02 5.085786437432895823e+00 7.484562343905544202e-01 6.607105529429946333e-01 5.722613416677493903e-02 2.855991640460009418e+00 -5.511702377664660923e-02 -2.401948817209817802e-02 9.981909526127528132e-01 6.882679471780014935e-02
6.402749318138822865e-01 -7.679365579311728807e-01 1.792915735752273476e-02 5.094463120392831001e+00 7.662986372501324750e-01 6.401789466906602222e-01 5.438119861336993682e-02 2.943395795354982525e+00 -5.323917955151277748e-02 -2.107982938401977563e-02 9.983592692782605749e-01 1.139050654674000351e-01
6.121943934818450117e-01 -7.906143627699312448e-01 1.212245731242077296e-02 5.189695944883275125e+00 7.886522344409699903e-01 6.116361453238645662e-01 6.268076933661329009e-02 3.044184816283528772e+00 -5.697084956941769751e-02 -2.881241252064747904e-02 9.979600027977467702e-01 1.231877109262976694e-01
5.938746131073364687e-01 -8.044918888014378489e-01 1.028322708620885845e-02 5.247068767043573168e+00 8.010506714342569001e-01 5.924297739429935650e-01 8.570171958939762358e-02 3.109654041785493650e+00 -7.503842816409284078e-02 -4.265868960186841585e-02 9.962677704814673074e-01 1.108587313770813543e-01
5.952166877518190180e-01 -8.035543181022896109e-01 4.189568106364005562e-03 5.335066306934844071e+00 7.996444704662085678e-01 5.928188538872909419e-01 9.557472117969148528e-02 3.204941049706429457e+00 -7.928313486846091940e-02 -5.353750400348400440e-02 9.954134418373635773e-01 9.693657041609353431e-02
6.014721300567162920e-01 -7.988289077491016466e-01 -1.018100728876537159e-02 5.445772998358403783e+00 7.962098035840426968e-01 5.983589823068045099e-01 8.953478078057418299e-02 3.297072398172276930e+00 -6.543107397633751710e-02 -6.195889312392867387e-02 9.959316593628102510e-01 9.682342819597861139e-02
6.123166568854304659e-01 -7.903934872840597814e-01 -1.861308570852573951e-02 5.512394669871116371e+00 7.893465171899586297e-01 6.098348135183082608e-01 7.094769919576301986e-02 3.408308505616322481e+00 -4.472569173006052390e-02 -5.813463236344574431e-02 9.973063606631789035e-01 9.454540542441923490e-02
6.369593433046084607e-01 -7.706217064544188533e-01 -2.061505562062520766e-02 5.600573055051564886e+00 7.703448917444936095e-01 6.352629400264825366e-01 5.486114100229761564e-02 3.487066935919952648e+00 -2.918120525485923614e-02 -5.082501913614225625e-02 9.982811601396094359e-01 1.166525095762337427e-01
6.520512394151214419e-01 -7.579990369662624738e-01 -1.632914986833641086e-02 5.681854382883376964e+00 7.576145668661474764e-01 6.505903187789292552e-01 5.246336991988607285e-02 3.593334796981398682e+00 -2.914359705704853282e-02 -4.658000718494780673e-02 9.984893357874317088e-01 1.214717044285699571e-01
6.797499283015095983e-01 -7.334024086991262070e-01 -7.806528576295476696e-03 5.731963457717725419e+00 7.321865432344352165e-01 6.779231492770703138e-01 6.575005384536100617e-02 3.656036957854397862e+00 -4.292902142492131812e-02 -5.040942956014315968e-02 9.978055865402436497e-01 1.434030851943168816e-01
6.860013601973073971e-01 -7.275961662873990932e-01 -2.439797393943479026e-03 5.850308269901316471e+00 7.255614022809242503e-01 6.838243742358078858e-01 7.710302666656278225e-02 3.771414641717359739e+00 -5.443147368557063603e-02 -5.466300398702229890e-02 9.970201455675465896e-01 9.889985715826282719e-02
6.840600516445889401e-01 -7.294229684643713796e-01 1.994698129341564846e-03 5.914130983235708960e+00 7.274073317296747554e-01 6.823679580254403687e-01 7.247443415512604126e-02 3.866945035851733881e+00 -5.422563498860361042e-02 -4.812590712719735930e-02 9.973682758005024684e-01 6.778436534436835248e-02
6.748900457980553380e-01 -7.379178511647935812e-01 8.191550722999041412e-04 5.983152169219005501e+00 7.367520525026204359e-01 6.738853781001754584e-01 5.545187387239160215e-02 3.929226770973667460e+00 -4.147094423659586360e-02 -3.682040351649146226e-02 9.984610251126520009e-01 9.869611553002155535e-02
6.658228431233290667e-01 -7.460911724331330541e-01 -5.282422978099493051e-03 6.050663916347174265e+00 7.458965637528492953e-01 6.654465208286390876e-01 2.862244047510990180e-02 4.009158337576300468e+00 -1.783978017965074520e-02 -2.299761584191942904e-02 9.995763362088606607e-01 1.509138201883776786e-01
6.274985328471902601e-01 -7.785219523657612717e-01 -1.221314698294597226e-02 6.103445838536217138e+00 7.786174199056875578e-01 6.274353836763381098e-01 8.930438417936127291e-03 4.123119527598778866e+00 7.104182105263827721e-04 -1.511320599772742780e-02 9.998855366042836978e-01 1.716142104913087607e-01
6.305418284788257832e-01 -7.761504489604664769e-01 -2.735528659207075303e-03 6.132626994688414435e+00 7.760431624849113419e-01 6.303869369093912933e-01 1.921769326461224975e-02 4.145937578589616201e+00 -1.319137972300792744e-02 -1.424044776197298974e-02 9.998115808233779545e-01 1.664242561994788705e-01
6.353334329362549937e-01 -7.722209910285189327e-01 5.115663042597527396e-03 6.288066232501869024e+00 7.716376972696392667e-01 6.350868135184830621e-01 3.521368267233598859e-02 4.272029894292960428e+00 -3.044163507175260547e-02 -1.842499144834578578e-02 9.993667127457701582e-01 1.431239137904240510e-01
6.466040483716084530e-01 -7.628226553874097871e-01 2.191131476611027362e-03 6.367669297767531766e+00 7.623745764086733434e-01 6.463176860668076174e-01 3.253388883830750367e-02 4.385783471730369421e+00 -2.623375449954792882e-02 -1.936608130078447745e-02 9.994682311208840098e-01 1.042011579808152788e-01
6.639428929732442697e-01 -7.477791637823095749e-01 -2.481347083517111262e-03 6.436137911569258740e+00 7.477175942343871062e-01 6.638369349775994355e-01 1.545713530661126968e-02 4.496938599374118439e+00 -9.911313871510183185e-03 -1.211800200429828840e-02 9.998774524334290703e-01 8.939715476422105400e-02
6.761847042412900688e-01 -7.367250447239278577e-01 -3.233299652894710760e-03 6.487635098503863773e+00 7.367077871539525757e-01 6.761915246580366690e-01 -5.163170282520791396e-03 4.587132960995575104e+00 5.990166679274560105e-03 1.109259737944034031e-03 9.999814435508231902e-01 1.227017521927123295e-01
6.981635915166448658e-01 -7.159371218083183663e-01 -1.279491071060998020e-03 6.548112354694095139e+00 7.159076581735652756e-01 6.981491546585938401e-01 -7.998926048705447614e-03 4.668865705136528099e+00 6.620003702522215053e-03 4.668561482102974620e-03 9.999671895040689318e-01 1.832471003169544310e-01
7.027424099663844848e-01 -7.114353523757326325e-01 3.583939823031951580e-03 6.701149609852478761e+00 7.114443794022549117e-01 7.027336053130512905e-01 -3.517809071133247509e-03 4.776479995242530308e+00 -1.586121695203168702e-05 5.021887467661781748e-03 9.999873901178374380e-01 1.783934915625924600e-01
6.981608013707660820e-01 -7.158672353529621502e-01 1.027602926409974630e-02 6.767805418709238907e+00 7.159253184007311477e-01 6.981685615739701145e-01 -3.405598705837053868e-03 4.847954374370145203e+00 -4.736444039739346606e-03 9.734525044410281824e-03 9.999414008430784762e-01 1.288276167871976741e-01
6.925449430641245074e-01 -7.213379967713968721e-01 7.279852343070911808e-03 6.837928654494358049e+00 7.213638960366723918e-01 6.924439670559137117e-01 -1.246924146296641937e-02 4.943399381548138294e+00 3.953647822137727058e-03 1.388693276779223197e-02 9.998957554501375355e-01 1.251612666991223088e-01
6.866230376521346157e-01 -7.270060241541012047e-01 -3.323403225896745267e-03 6.894045657751125766e+00 7.269727964325665148e-01 6.866257515120373078e-01 -7.458592866245578740e-03 5.031086475393459878e+00 7.704376183032221950e-03 2.705217953628911293e-03 9.999666616360035620e-01 1.743251775623577693e-01
6.759350869383116134e-01 -7.369199495764506835e-01 -7.793982418416845089e-03 7.002977462699603528e+00 7.368888599930270011e-01 6.756828285309793847e-01 2.115474524905219117e-02 5.128258144937719365e+00 -1.032309371623757986e-02 -2.004253338818881569e-02 9.997458329953213818e-01 1.587735539695180331e-01
6.698418708512881015e-01 -7.424387467289379483e-01 -9.827278871094481325e-03 7.078945232595672543e+00 7.417727353137868462e-01 6.685365763740201972e-01 5.321705737079778648e-02 5.236721414612803827e+00 -3.294051000742283936e-02 -4.293662079935866432e-02 9.985346110149527776e-01 1.470783163748122235e-01
6.733231052070561828e-01 -7.391933679148036118e-01 -1.513805882857872237e-02 7.168824893411134269e+00 7.381071428823445801e-01 6.708659058298400701e-01 7.167134728167487423e-02 5.308200276586458877e+00 -4.282337703159286302e-02 -5.943148345681772970e-02 9.973134197200657081e-01 1.440055834335042806e-01
6.660826725655158986e-01 -7.454827090275786272e-01 -2.427764092498019624e-02 7.276020329914630658e+00 7.452329523609224626e-01 6.638007732212563017e-01 6.321692958603371271e-02 5.417210978767918128e+00 -3.101161110621221753e-02 -6.020019943293271336e-02 9.977044732609111621e-01 1.121571724813337501e-01
6.711761781923133441e-01 -7.409659398927603835e-01 -2.218138286938504608e-02 7.304693324004319699e+00 7.411120790057375007e-01 6.700376072489721002e-01 4.245575607459742273e-02 5.502106024707575926e+00 -1.659590850039575557e-02 -4.493418287796559218e-02 9.988520886648513120e-01 1.198712799285842484e-01
6.874642875699698008e-01 -7.260110739743161901e-01 -1.734283086966836168e-02 7.378941432330719863e+00 7.261828667113237046e-01 6.869992802838413848e-01 2.627609149793422305e-02 5.592247424940581801e+00 -7.162221082716069970e-03 -3.065794115957610338e-02 9.995042737442487724e-01 1.818865330519899848e-01
7.168654386583617200e-01 -6.968657576634680328e-01 -2.195583415121066945e-02 7.463437229564969577e+00 6.971945039819218426e-01 7.162721918390541065e-01 2.956299740349912358e-02 5.676626637615093784e+00 -4.875087133250124646e-03 -3.650017800227806780e-02 9.993217552576573182e-01 2.414029865510873285e-01
7.236055102308074360e-01 -6.896150432139062092e-01 -2.874295977618541997e-02 7.641387329153876529e+00 6.901215690709295858e-01 7.222005171898409071e-01 4.646108989041015935e-02 5.794462156642278927e+00 -1.128208609661247343e-02 -5.345563715651334424e-02 9.985064894078053976e-01 2.322729839375507477e-01
7.157687846171348900e-01 -6.978819639593595303e-01 -2.521529987798833833e-02 7.668535357757309434e+00 6.980391854786044403e-01 7.139416187808290681e-01 5.503326729330167144e-02 5.892911212448206371e+00 -2.040447264881471018e-02 -5.699236223246618993e-02 9.981660824447438074e-01 1.665308766781982419e-01
7.129371426015580493e-01 -7.008455102944212145e-01 -2.315602295900699714e-02 7.756588553250182372e+00 7.009734435579523248e-01 7.114001101029069352e-01 5.045904053862213662e-02 5.953847504878085672e+00 -1.889079473267448600e-02 -5.220588133270358949e-02 9.984576524964109412e-01 1.474331751167001769e-01
7.018249235767883842e-01 -7.118970551885227538e-01 -2.538423645384291910e-02 7.795620380804001215e+00 7.122636615215939271e-01 7.007415877891739475e-01 4.051794193391271975e-02 6.054192974826128726e+00 -1.105681338757029397e-02 -4.651677070280112875e-02 9.988563144522316639e-01 1.943968573476758943e-01
6.953352140839541562e-01 -7.177550493446651636e-01 -3.655993975732140661e-02 7.895082386156046184e+00 7.186648576826890622e-01 6.940287694912179450e-01 4.295217631769264466e-02 6.155125770239769700e+00 -5.455491429919405444e-03 -5.614050461781763812e-02 9.984079734029145392e-01 2.665134675603975656e-01
6.860310002694981479e-01 -7.264611670926114373e-01 -4.019501680149754202e-02 7.988113552274894502e+00 7.274309471473695554e-01 6.837612302833728783e-01 5.757427458204866094e-02 6.227768479797110679e+00 -1.434168056793274498e-02 -6.873683632383137398e-02 9.975317356007668002e-01 2.400511449710895917e-01
6.872194773331141704e-01 -7.258419646171481165e-01 -2.971249526243400357e-02 8.094822939429583641e+00 7.259795337024650408e-01 6.847283268359245501e-01 6.403776287181460469e-02 6.301291760099677397e+00 -2.613630844539820142e-02 -6.557866138610886353e-02 9.975050538978000869e-01 1.765430657969866979e-01
6.871899009594347740e-01 -7.262037149007213310e-01 -1.995506160737239160e-02 8.207637921504751688e+00 7.260876088115922888e-01 6.856614412659387536e-01 5.162530669526057409e-02 6.392306934399914375e+00 -2.380807320272575189e-02 -4.996551236110158972e-02 9.984671367776037920e-01 1.556584790879990132e-01
6.968479084194010298e-01 -7.170592551262118253e-01 -1.513331323101812717e-02 8.261261242561394269e+00 7.172020288405194233e-01 6.965315028511813722e-01 2.156653340056255072e-02 6.458038181621018836e+00 -4.923652967943230492e-03 -2.588223664440444591e-02 9.996528734854586151e-01 1.987435089811752653e-01
7.069194821441681098e-01 -7.071604035967601343e-01 -1.374806713281608375e-02 8.354104646836665538e+00 7.071446299912799160e-01 7.070361262698668936e-01 -6.810904770789331236e-03 6.554445344352879843e+00 1.453678229585484219e-02 -4.907110572230867843e-03 9.998822941858280799e-01 2.522402652532413359e-01
7.345323431040504669e-01 -6.784278002096859606e-01 -1.406971345550892330e-02 8.406881448869176765e+00 6.785050759547890387e-01 7.345950157516412116e-01 1.012292661289013705e-03 6.621963711810933795e+00 9.648773894103939569e-03 -1.028993369719585077e-02 9.999005042637231222e-01 2.647957361922820829e-01
